% function evaluation | noise-free fitness - Fopt (-5.465000000000e+02) | best noise-free fitness - Fopt | measured fitness | best measured fitness | x1 | x2...
1 +2.470420108e+05 +2.470420108e+05 +2.464955108e+05 +2.464955108e+05 -4.6767e+00 +2.2377e+00 -4.6630e+00 +2.0094e+00 +2.6746e+00 -2.0864e+00 -3.9149e+00 -2.3412e+00 -3.2148e+00 -2.1231e+00 -2.7918e+00 -4.0363e+00 +2.4783e+00 -1.9459e+00 +3.1574e+00 +7.7760e-01 +1.9761e-01 +3.5780e+00 +3.5513e+00 +1.1836e+00
4 +1.040489297e+05 +1.040489297e+05 +1.035024297e+05 +1.035024297e+05 -4.8147e-02 +1.7647e+00 +1.1720e+00 -2.5234e+00 +2.0166e+00 -3.3678e+00 +9.6318e-01 +1.8672e+00 -4.9763e+00 +1.9381e+00 -1.6064e+00 +5.9147e-01 -1.2694e+00 +2.9005e+00 -1.2176e+00 +9.1204e-01 +1.0715e+00 +1.4515e+00 -2.2866e+00 +4.6151e+00
8 +2.332299785e+04 +2.332299785e+04 +2.277649785e+04 +2.277649785e+04 +3.6327e+00 +9.5884e-02 -7.6082e-01 -9.0981e-02 -2.3129e-01 +2.2980e+00 -2.7403e+00 +1.0661e+00 +3.8713e+00 +4.4905e+00 +1.0121e+00 -5.1638e-01 +1.1353e+00 -3.9601e+00 +2.4931e-01 -3.3906e+00 +2.7879e+00 +1.9490e-01 -1.6411e+00 +1.2150e+00
335 +7.843726397e+03 +7.843726397e+03 +7.297226397e+03 +7.297226397e+03 +6.2534e-01 +3.9028e+00 -1.6274e+00 -5.6703e-01 -9.5456e-01 +1.9217e+00 -2.4447e+00 +7.2011e-01 +1.6352e+00 +2.3290e+00 -1.1144e+00 +3.0298e+00 +1.7459e+00 -7.9615e-01 +2.5739e+00 -3.2186e+00 +1.7957e+00 -2.8944e+00 -2.1453e+00 +5.1339e-01
1223 +5.023206498e+03 +5.023206498e+03 +4.476706498e+03 +4.476706498e+03 +6.2534e-01 +3.9028e+00 -1.6274e+00 -5.6703e-01 -9.5456e-01 +1.9217e+00 -2.4447e+00 +7.2011e-01 +1.6352e+00 +2.3290e+00 -1.1144e+00 +3.0298e+00 +1.7459e+00 -7.9615e-01 +2.6637e+00 -9.1669e-01 +1.7958e+00 -2.8944e+00 -2.1453e+00 +5.1339e-01
1709 +3.356168556e+03 +3.356168556e+03 +2.809668556e+03 +2.809668556e+03 +6.2534e-01 +1.2666e+00 +2.3729e-01 +1.5294e+00 -6.1209e-01 -1.2096e+00 -2.9590e+00 -7.1257e-01 -6.4099e-02 -4.5726e-02 -1.1144e+00 +3.0303e+00 +1.6834e+00 -7.9615e-01 +1.3636e+00 -9.1669e-01 +1.7958e+00 -2.8944e+00 -2.1453e+00 +5.1339e-01
2346 +1.960012574e+03 +1.960012574e+03 +1.413512574e+03 +1.413512574e+03 +6.2531e-01 +3.9028e+00 -1.6274e+00 -5.6703e-01 -6.1209e-01 -1.2096e+00 -1.4191e+00 +1.5275e+00 +6.0808e-01 +2.3290e+00 -1.1144e+00 +3.0308e+00 +1.6835e+00 -7.9615e-01 +2.0739e+00 -2.2186e+00 +1.8114e+00 -2.8944e+00 -2.0203e+00 +5.1339e-01
2761 +1.536689089e+03 +1.536689089e+03 +9.901890894e+02 +9.901890894e+02 +3.4859e+00 +1.2666e+00 +2.3729e-01 +1.5294e+00 -6.1209e-01 -1.2096e+00 -2.9590e+00 -7.0463e-01 -6.4099e-02 -4.1331e-02 +2.4583e+00 +2.2920e+00 +1.9617e-01 -3.4519e+00 +1.3636e+00 -2.2186e+00 +1.7958e+00 -6.4812e-01 -2.4838e+00 +4.2111e-01
2875 +9.210839103e+02 +9.210839103e+02 +3.745839103e+02 +3.745839103e+02 +6.2534e-01 +1.2666e+00 +2.3729e-01 +1.5294e+00 -6.1209e-01 -1.2096e+00 -2.7090e+00 -7.0475e-01 -6.4099e-02 +2.3290e+00 -1.1144e+00 +3.0308e+00 +1.6834e+00 -2.9615e-01 +1.3636e+00 -9.1669e-01 +7.6341e-01 -5.2312e-01 -2.1413e+00 +5.1339e-01
3129 +6.210085422e+02 +6.210085422e+02 +7.450854222e+01 +7.450854222e+01 +3.4859e+00 +1.2666e+00 +2.3729e-01 +1.5294e+00 -6.1221e-01 -1.2096e+00 -2.9590e+00 -7.0463e-01 -6.4099e-02 +1.8520e+00 +1.1144e+00 +3.3056e-02 +1.6834e+00 -7.9615e-01 +2.5739e+00 -2.2186e+00 +1.7958e+00 -6.4763e-01 -2.4838e+00 +4.2111e-01
3330 +3.429888430e+02 +3.429888430e+02 -2.035111570e+02 -2.035111570e+02 +6.2534e-01 +1.2666e+00 +2.3729e-01 +1.5294e+00 -6.1209e-01 -1.2096e+00 -2.9590e+00 -7.0475e-01 -6.4099e-02 -4.5726e-02 -1.1431e-01 +3.0308e+00 +1.1677e+00 -7.9615e-01 +1.3636e+00 -9.1669e-01 +1.7958e+00 -6.4812e-01 -2.4838e+00 +4.2014e-01
3549 +1.093939071e+02 +1.093939071e+02 -4.371060929e+02 -4.371060929e+02 +6.3315e-01 +1.2667e+00 +2.3729e-01 +1.5294e+00 -5.9646e-01 -1.2096e+00 -1.4191e+00 +1.5275e+00 +6.0905e-01 +2.3290e+00 +2.4583e+00 +2.2930e+00 +7.5316e-01 -5.8801e-01 +1.1136e+00 -1.6555e+00 +2.0672e+00 -6.4714e-01 -2.4838e+00 +5.1339e-01
4118 +9.281508567e+01 +9.281508567e+01 -4.536849143e+02 -4.536849143e+02 +6.3315e-01 +1.2667e+00 +4.8729e-01 +1.5294e+00 -5.9646e-01 -1.2096e+00 -1.4191e+00 +1.5275e+00 +6.0905e-01 +2.3290e+00 +2.4583e+00 +2.2930e+00 +7.5316e-01 -5.8801e-01 +1.1156e+00 -1.6516e+00 +2.0672e+00 -6.4421e-01 -2.4838e+00 +5.1339e-01
4280 +3.207964028e+01 +3.207964028e+01 -5.144203597e+02 -5.144203597e+02 +6.2546e-01 +1.2749e+00 +2.3729e-01 -8.1703e-01 -6.1209e-01 -1.2175e+00 -2.4590e+00 -7.0475e-01 -3.1410e-01 -4.5726e-02 +2.4583e+00 +2.2920e+00 +1.9617e-01 -7.9615e-01 +2.5739e+00 -2.2186e+00 +1.7958e+00 -6.4812e-01 -2.4838e+00 +5.1339e-01
4749 +2.117743552e+01 +2.117743552e+01 -5.253225645e+02 -5.253225645e+02 +6.2534e-01 +1.2744e+00 +2.3729e-01 +1.0293e+00 -5.9646e-01 -1.2096e+00 -1.2941e+00 +1.5275e+00 -6.3611e-02 -4.5726e-02 +2.4583e+00 +2.2920e+00 +1.9617e-01 -2.7962e+00 +1.3636e+00 -2.2186e+00 +1.7958e+00 -6.4812e-01 -2.4838e+00 +5.1339e-01
4787 +1.300260644e+01 +1.300260644e+01 -5.334973936e+02 -5.334973936e+02 +6.2531e-01 +2.6662e-01 +2.3729e-01 -5.6703e-01 -9.5456e-01 -3.2096e+00 -1.4191e+00 -7.3600e-01 -6.4099e-02 +2.3290e+00 +4.5831e-01 +2.2930e+00 +7.5316e-01 -5.8801e-01 +1.1134e+00 -1.7180e+00 +2.0672e+00 -6.4812e-01 -2.4838e+00 +5.1338e-01
% function evaluation | noise-free fitness - Fopt (1.000000000000e+03) | best noise-free fitness - Fopt | measured fitness | best measured fitness | x1 | x2...
1 +1.883518495e+05 +1.883518495e+05 +1.893518495e+05 +1.893518495e+05 +4.7735e+00 +2.8435e+00 -3.4020e+00 +2.0919e+00 +9.5984e-01 -3.5897e+00 -1.0569e+00 -2.0222e+00 +2.1823e+00 +6.9642e-01 -1.1775e+00 +1.5097e+00 +2.6695e+00 +1.6711e+00 +3.4736e+00 +6.3068e-01 -2.2941e+00 +3.9773e+00 -4.1446e-01 +6.8037e-01
2 +8.156075018e+04 +8.156075018e+04 +8.256075018e+04 +8.256075018e+04 +4.3312e+00 -9.0503e-01 +2.5472e-01 +4.0540e+00 -3.4372e+00 +9.3205e-01 +8.1866e-01 +2.2583e+00 +1.4349e+00 -4.1346e-01 +2.2114e+00 +6.2025e-01 +1.9240e+00 +2.2593e+00 -4.1225e+00 -2.9819e+00 -6.7412e-01 -3.2322e+00 -4.7432e+00 +1.0086e+00
16 +3.226595761e+04 +3.226595761e+04 +3.326595761e+04 +3.326595761e+04 +2.9265e+00 +6.3664e-01 -4.7584e+00 +2.6635e+00 -1.1578e+00 +4.1651e+00 +2.5657e+00 +2.5445e+00 -1.1816e+00 -1.0379e+00 -4.3887e+00 -2.8515e+00 -1.1366e+00 +6.8377e-02 -4.7141e+00 -3.2321e+00 +6.8163e-01 -3.6411e+00 +8.7093e-01 +2.6232e+00
1071 +1.979874940e+04 +1.979874940e+04 +2.079874940e+04 +2.079874940e+04 -2.7964e+00 +1.8548e+00 -3.0036e+00 +3.0493e+00 -1.3412e+00 +3.7383e+00 +1.8532e+00 +4.4146e-01 -2.5909e-01 -4.8104e-01 +4.6021e-01 -9.2998e-01 -3.9643e+00 -4.2939e-01 -3.4906e+00 +6.6151e-01 -4.9560e+00 -1.2767e+00 -8.4911e-01 +3.0335e+00
1089 +1.583756912e+04 +1.583756912e+04 +1.683756912e+04 +1.683756912e+04 +4.4625e+00 +1.1116e+00 -1.6027e+00 +2.7997e+00 +1.4287e+00 -2.8441e-01 -6.9755e-02 +4.0890e+00 -6.1127e-01 -2.0481e+00 -2.9514e+00 -2.8515e+00 -1.1366e+00 +6.8377e-02 -1.5075e+00 -2.4807e-01 +9.8082e-01 -2.4257e+00 -2.0891e+00 +2.6101e+00
1845 +8.049040172e+03 +8.049040172e+03 +9.049040172e+03 +9.049040172e+03 +4.4000e+00 +1.1116e+00 -1.6027e+00 -9.1350e-01 -3.3793e+00 -4.6501e-01 -2.2900e+00 +3.5463e+00 +1.3915e+00 -1.8428e+00 +7.9081e-01 -3.2527e+00 -1.3072e+00 -3.3434e+00 +1.2133e+00 -3.5982e+00 +3.6792e-02 -2.3007e+00 -1.0620e+00 +2.6101e+00
2020 +6.103275951e+03 +6.103275951e+03 +7.103275951e+03 +7.103275951e+03 +4.4625e+00 +1.1116e+00 -1.6027e+00 -9.1350e-01 -3.3793e+00 -2.0840e+00 +1.4449e+00 +1.7416e+00 -6.1123e-01 -2.0481e+00 -2.9475e+00 -2.8515e+00 -1.1991e+00 +6.8377e-02 -1.5075e+00 -2.2000e+00 +3.6792e-02 -2.4257e+00 -2.0891e+00 +2.6101e+00
2879 +3.935890716e+03 +3.935890716e+03 +4.935890716e+03 +4.935890716e+03 +4.4625e+00 +1.1116e+00 -1.6027e+00 +7.2372e-01 +1.1787e+00 -2.8442e-01 -6.9755e-02 +1.7416e+00 -6.1123e-01 -2.0481e+00 -2.9514e+00 -2.8593e+00 -1.1366e+00 +6.8377e-02 -1.5660e+00 -1.5507e+00 -2.2376e+00 -2.4252e+00 -2.0891e+00 +2.6096e+00
3399 +2.178299717e+03 +2.178299717e+03 +3.178299717e+03 +3.178299717e+03 +4.6245e-01 +1.1116e+00 -1.6027e+00 -9.1350e-01 +1.4287e+00 -4.0942e-01 -6.9755e-02 +3.1646e-01 -2.6300e-01 -2.0481e+00 -2.9514e+00 -2.7890e+00 -1.1366e+00 +6.8377e-02 -1.5035e+00 -1.5507e+00 -2.2376e+00 -2.4252e+00 -2.0891e+00 +2.6096e+00
3567 +1.311574417e+03 +1.311574417e+03 +2.311574417e+03 +2.311574417e+03 +4.6245e-01 +1.2366e+00 -1.6032e+00 -9.1350e-01 +1.3037e+00 -2.8442e-01 -6.9755e-02 +8.8993e-02 -2.0387e+00 -1.8428e+00 +7.9078e-01 -3.2507e+00 -2.3912e+00 +6.8377e-02 -1.5035e+00 -1.5507e+00 -2.2376e+00 -2.4257e+00 -2.0891e+00 +2.6101e+00
4098 +3.321232295e+02 +3.321232295e+02 +1.332123230e+03 +1.332123230e+03 +4.6245e-01 +1.1116e+00 -1.6027e+00 -9.1350e-01 +1.1787e+00 +8.7565e-01 +3.5600e-01 +1.7261e+00 -2.0387e+00 -1.8428e+00 -9.5163e-01 -2.8515e+00 -1.1366e+00 +6.8377e-02 -1.5075e+00 -2.3858e+00 -1.7751e+00 -2.4257e+00 -2.0891e+00 +2.1103e+00
4215 +1.616996917e+02 +1.616996917e+02 +1.161699692e+03 +1.161699692e+03 +2.4625e+00 +1.1116e+00 -1.6027e+00 -9.1350e-01 -1.1787e+00 +8.7565e-01 +3.5600e-01 +1.7261e+00 -2.0387e+00 -1.8428e+00 -7.9081e-01 -1.2741e+00 -2.3912e+00 +3.1838e-01 -1.5035e+00 -2.3858e+00 -1.7751e+00 -2.4257e+00 -2.0891e+00 +2.1103e+00
4601 +3.368035910e+01 +3.368035910e+01 +1.033680359e+03 +1.033680359e+03 +2.4625e+00 +1.1116e+00 -1.6027e+00 -9.1350e-01 +1.1787e+00 -2.8442e-01 -6.9755e-02 +8.8993e-02 -2.0387e+00 -1.8389e+00 -7.9081e-01 -9.3389e-01 -2.3912e+00 +6.8377e-02 -1.5114e+00 -1.5507e+00 -1.7751e+00 -2.4257e+00 -2.0891e+00 +2.1103e+00
% function evaluation | noise-free fitness - Fopt (2.083800000000e+02) | best noise-free fitness - Fopt | measured fitness | best measured fitness | x1 | x2...
1 +1.268652857e+05 +1.268652857e+05 +1.270736657e+05 +1.270736657e+05 +1.1156e+00 -3.3200e+00 +1.1969e+00 -3.6153e+00 +7.0025e-01 -6.2594e-01 +3.1093e+00 +1.1959e+00 -4.5452e+00 +1.5290e+00 +4.5758e-01 +3.7588e-01 +3.9809e+00 -4.8899e+00 +1.9521e-01 +3.9235e-01 +1.8418e+00 -3.8433e+00 +4.7667e+00 +3.6788e+00
11 +3.041670176e+04 +3.041670176e+04 +3.062508176e+04 +3.062508176e+04 +3.5348e+00 +9.8915e-01 +1.1320e+00 +1.2559e+00 +1.3439e+00 -3.6380e+00 -3.7628e+00 +2.7272e+00 +1.7577e-02 +4.1866e+00 +4.4698e-01 -1.5471e+00 -1.8489e+00 -2.9423e+00 -2.2168e-01 -3.8700e+00 -8.3436e-01 +2.9015e+00 +6.0202e-01 +1.4134e+00
621 +1.449888633e+04 +1.449888633e+04 +1.470726633e+04 +1.470726633e+04 +3.5348e+00 +9.8915e-01 +1.1320e+00 +1.2559e+00 +1.3439e+00 -1.3217e+00 -1.5142e+00 +2.7272e+00 +1.7577e-02 +4.1866e+00 +4.4698e-01 -1.5471e+00 -6.3867e-02 -6.2094e-01 -2.2166e-01 -3.8700e+00 -8.3436e-01 +2.9015e+00 +6.0202e-01 +1.4134e+00
1169 +9.684562881e+03 +9.684562881e+03 +9.892942881e+03 +9.892942881e+03 +3.5348e+00 +9.7352e-01 +1.1632e+00 -3.8938e+00 +4.5817e+00 +2.6073e+00 +9.1453e-01 -7.2261e-01 -1.5710e+00 -1.7355e-01 +9.1467e-01 +7.8810e-01 -2.4031e+00 -8.2637e-01 -2.2168e-01 -3.8700e+00 -8.3436e-01 +2.9015e+00 +6.0202e-01 +1.4134e+00
1735 +6.004658284e+03 +6.004658284e+03 +6.213038284e+03 +6.213038284e+03 +3.5349e+00 +9.7352e-01 +1.1632e+00 -3.8938e+00 +4.5816e+00 -4.7778e-01 +3.6938e+00 -7.2261e-01 -1.5710e+00 -1.7355e-01 +9.1467e-01 +7.8810e-01 -2.4031e+00 -8.2637e-01 +2.0399e+00 -6.2125e-01 +2.1347e+00 +2.9015e+00 +1.0202e-01 +1.4134e+00
2054 +3.673882155e+03 +3.673882155e+03 +3.882262155e+03 +3.882262155e+03 -7.7265e-01 +1.0449e+00 -2.6556e+00 -2.6394e-01 +1.3988e+00 +2.6073e+00 +9.1453e-01 -9.7261e-01 -1.5710e+00 -1.7355e-01 +6.6467e-01 +7.8810e-01 -2.5171e+00 -4.2804e-01 -5.0228e-01 -2.3543e+00 +2.1347e+00 +1.0366e+00 +1.6400e+00 +2.7527e+00
2125 +2.058461595e+03 +2.058461595e+03 +2.266841595e+03 +2.266841595e+03 +3.5349e+00 +9.7352e-01 +1.1632e+00 +1.2559e+00 +1.3439e+00 +2.6073e+00 +9.1453e-01 -7.2261e-01 -1.5710e+00 -1.7355e-01 +9.1467e-01 +7.8810e-01 -2.4031e+00 -8.2637e-01 +2.0399e+00 -6.2125e-01 +2.1347e+00 +2.9015e+00 +1.0202e-01 +1.4134e+00
2373 +1.246464219e+03 +1.246464219e+03 +1.454844219e+03 +1.454844219e+03 -7.7265e-01 +1.0449e+00 -2.6555e+00 -2.6394e-01 +1.3988e+00 +2.6073e+00 +9.0867e-01 -9.7261e-01 -1.5710e+00 -1.7355e-01 +6.6467e-01 +7.8810e-01 -2.5171e+00 -4.2804e-01 +2.0409e+00 -6.2132e-01 +2.1347e+00 +1.0366e+00 +1.6400e+00 +2.7527e+00
2543 +9.196396518e+02 +9.196396518e+02 +1.128019652e+03 +1.128019652e+03 +3.5349e+00 +9.7352e-01 -2.6556e+00 -2.6394e-01 +1.3988e+00 +2.6063e+00 +9.1453e-01 -7.2261e-01 -1.5710e+00 -1.7380e-01 +9.1467e-01 +7.8810e-01 -2.4031e+00 -8.2637e-01 +2.0399e+00 -6.2125e-01 +2.1347e+00 +1.0366e+00 +1.6381e+00 +1.4134e+00
2853 +4.447281845e+02 +4.447281845e+02 +6.531081845e+02 +6.531081845e+02 +3.5349e+00 +9.7352e-01 +1.2776e+00 +1.2559e+00 +1.3439e+00 +2.6073e+00 +9.1453e-01 -7.2261e-01 -1.5710e+00 -1.7380e-01 +9.1467e-01 +7.8810e-01 -2.4031e+00 -8.2637e-01 +2.0399e+00 -6.2125e-01 +2.1347e+00 +1.0366e+00 +1.6381e+00 +1.4134e+00
3337 +1.536929085e+01 +1.536929085e+01 +2.237492909e+02 +2.237492909e+02 +1.5349e+00 +9.7352e-01 +1.1632e+00 +1.2559e+00 +1.0939e+00 +2.6073e+00 +9.1551e-01 -7.2249e-01 -1.5710e+00 -1.7355e-01 +2.2426e-01 +7.8810e-01 -2.4031e+00 -8.2637e-01 +2.0399e+00 -6.2133e-01 +2.1347e+00 +1.0366e+00 +1.6381e+00 +1.4134e+00
4203 +4.352880782e+00 +4.352880782e+00 +2.127328808e+02 +2.127328808e+02 +1.5349e+00 +9.7352e-01 +1.1632e+00 +2.5586e-01 +1.3449e+00 +2.6073e+00 +6.6453e-01 +2.2272e+00 +3.4742e-01 +1.0125e+00 +9.1467e-01 +7.8810e-01 -2.4031e+00 -8.2637e-01 +2.0399e+00 -6.2125e-01 +2.1347e+00 +1.0366e+00 +1.6381e+00 +1.4134e+00
4627 +3.859632105e+00 +3.859632105e+00 +2.122396321e+02 +2.122396321e+02 +1.5036e+00 +9.7352e-01 +1.2737e+00 +2.5586e-01 +1.3449e+00 +6.0726e-01 +6.6453e-01 +2.2272e+00 +3.4742e-01 +1.0125e+00 +9.1467e-01 +7.8810e-01 -2.4031e+00 -8.2637e-01 +2.0399e+00 -6.2125e-01 +2.1347e+00 +1.0366e+00 +8.3206e-01 +1.4134e+00
% function evaluation | noise-free fitness - Fopt (-1.449600000000e+02) | best noise-free fitness - Fopt | measured fitness | best measured fitness | x1 | x2...
1 +2.655731616e+05 +2.655731616e+05 +2.654282016e+05 +2.654282016e+05 -3.6223e+00 +3.8463e+00 +3.1172e-01 +1.0109e+00 +1.5654e+00 +1.3814e+00 -4.0704e+00 +2.5566e+00 +1.6615e+00 +1.4670e+00 -4.5580e+00 -1.8163e-01 +2.9635e+00 +3.5117e+00 +4.4094e+00 -4.1743e+00 +8.6897e-01 +2.4825e+00 -3.7376e+00 -6.3197e-01
2 +9.848139553e+04 +9.848139553e+04 +9.833643553e+04 +9.833643553e+04 +3.9110e-01 -8.3867e-01 -2.0741e+00 +1.2986e+00 +3.7163e+00 -1.4773e-01 -3.1557e+00 +4.0765e+00 +4.8655e-01 -4.5746e+00 +4.4875e+00 +4.0167e+00 -3.8714e+00 -1.5146e-01 +4.0675e+00 -2.0712e+00 -3.5172e+00 -1.1869e-01 +4.4970e+00 -3.0542e+00
6 +2.964528705e+04 +2.964528705e+04 +2.950032705e+04 +2.950032705e+04 +1.1306e-01 -4.9290e+00 -3.1345e-01 -2.5147e+00 -3.2332e+00 +2.8649e+00 -1.5966e+00 +4.7622e+00 -1.4105e+00 +1.7028e+00 +2.7274e+00 +3.4059e+00 -2.2525e+00 +4.6863e+00 -1.4999e+00 +2.6161e+00 -2.8375e+00 -2.5347e+00 +3.4455e-01 -3.9474e+00
699 +2.381055094e+04 +2.381055094e+04 +2.366559094e+04 +2.366559094e+04 +6.2538e-01 -1.8010e+00 -3.1439e+00 +2.9128e-01 -1.4461e-01 +4.5959e+00 -1.2473e+00 +7.4607e-01 +2.3261e+00 +3.1565e+00 +2.4550e+00 -9.1087e-02 +1.5624e+00 +4.4050e+00 +3.2282e-02 +9.5194e-02 -2.0683e-01 -2.7780e-01 +2.9049e+00 +7.6386e-01
1157 +1.469596887e+04 +1.469596887e+04 +1.455100887e+04 +1.455100887e+04 -1.3203e-01 -2.6758e+00 -1.4465e+00 -2.5147e+00 +1.7292e+00 +2.8649e+00 -1.5966e+00 +4.7622e+00 -3.2558e+00 +3.0277e-01 +1.3842e+00 +1.7187e+00 -7.2423e-01 +4.1027e+00 -1.0695e+00 +2.0859e+00 -2.8375e+00 -2.5347e+00 -1.6091e-01 -2.3960e+00
1317 +8.925514125e+03 +8.925514125e+03 +8.780554125e+03 +8.780554125e+03 -2.7512e+00 +1.6468e+00 -1.3914e-01 -4.9053e+00 +1.9848e+00 +4.5958e+00 -1.2473e+00 +3.9893e+00 -3.7900e-01 -4.4559e-01 +1.3764e+00 +1.9687e+00 +7.3541e-01 +2.4550e-01 +3.4716e+00 +2.0859e+00 -2.8328e+00 -1.9902e+00 -5.8520e-02 -2.3960e+00
1841 +5.548364723e+03 +5.548364723e+03 +5.403404723e+03 +5.403404723e+03 +1.1306e-01 -4.4251e+00 -3.1345e-01 -2.5147e+00 +1.7292e+00 +2.8649e+00 -1.2473e+00 +7.4607e-01 -1.4105e+00 +1.7028e+00 +1.3842e+00 +1.7187e+00 -7.2423e-01 +4.1027e+00 -1.0695e+00 +2.0859e+00 -1.1550e+00 -2.5347e+00 +3.5236e-01 -2.9474e+00
2486 +3.933875900e+03 +3.933875900e+03 +3.788915900e+03 +3.788915900e+03 +6.8579e-01 -4.4290e+00 -3.1348e-01 -2.5147e+00 -2.5569e+00 +2.8649e+00 -1.2473e+00 +7.4558e-01 -1.4262e+00 +1.7028e+00 +2.7274e+00 +1.7187e+00 -2.3986e-01 +2.9280e+00 +1.2268e+00 +9.5194e-02 -2.0683e-01 -1.9902e+00 +7.3819e-03 -1.4453e+00
2565 +2.469989170e+03 +2.469989170e+03 +2.325029170e+03 +2.325029170e+03 +6.8579e-01 -1.4132e+00 -3.1348e-01 -2.5148e+00 -2.5569e+00 +2.8649e+00 -1.2473e+00 +7.4510e-01 -1.4105e+00 +1.7028e+00 +2.7274e+00 +1.7187e+00 +1.5624e+00 +2.9280e+00 +1.2268e+00 +9.5194e-02 -2.0683e-01 -1.9902e+00 +5.0738e-01 -1.4453e+00
2608 +1.555720917e+03 +1.555720917e+03 +1.410760917e+03 +1.410760917e+03 +6.8579e-01 -1.4132e+00 -1.4465e+00 -1.8545e+00 +3.5968e-01 +2.1444e+00 -1.1223e+00 +7.4607e-01 -8.7900e-01 -4.4534e-01 +1.3842e+00 +1.2187e+00 -7.2423e-01 +2.9280e+00 +1.2268e+00 +9.5195e-02 -2.2068e+00 -1.9902e+00 +2.0074e+00 -1.4453e+00
3203 +8.743637456e+02 +8.743637456e+02 +7.294037456e+02 +7.294037456e+02 +6.8579e-01 -1.4132e+00 -3.1430e-01 -2.5147e+00 +1.7292e+00 +2.8649e+00 -1.2473e+00 +7.4607e-01 -3.2577e+00 -5.2765e-02 +1.3842e+00 +1.9687e+00 +7.3541e-01 +2.9280e+00 +1.2268e+00 +9.5195e-02 -2.2068e+00 -1.9902e+00 +2.0074e+00 -1.4453e+00
3413 +5.705834802e+02 +5.705834802e+02 +4.256234802e+02 +4.256234802e+02 -1.3203e-01 -2.6758e+00 -1.4465e+00 -2.5147e+00 +1.7287e+00 +2.8649e+00 -1.2473e+00 +7.4558e-01 -1.4105e+00 -4.4559e-01 +2.7274e+00 +1.7167e+00 -2.3986e-01 +2.9280e+00 +1.2268e+00 +9.5194e-02 -6.8609e-01 -2.5347e+00 +3.4455e-01 -2.3960e+00
3506 +6.153020762e+01 +6.153020762e+01 -8.342979238e+01 -8.342979238e+01 -2.7512e+00 -1.4933e+00 -1.4465e+00 -1.8544e+00 +3.5968e-01 +2.1444e+00 -1.2394e+00 +7.4607e-01 -1.4103e+00 -4.4559e-01 +3.8419e-01 +1.7500e+00 +2.4893e+00 +1.8303e-01 +2.4794e+00 +9.5195e-02 -2.2068e+00 -1.9589e+00 +2.0074e+00 -1.4453e+00
4039 +3.872769411e+01 +3.872769411e+01 -1.062323059e+02 -1.062323059e+02 -2.7512e+00 -1.4933e+00 -1.4465e+00 -1.8544e+00 +3.5968e-01 +2.1444e+00 -1.2394e+00 +7.4607e-01 -1.2855e+00 +1.2028e+00 +2.2274e+00 +7.4995e-01 +2.2393e+00 +2.4553e-01 +2.4794e+00 +9.5195e-02 -2.2068e+00 -1.9589e+00 +2.0074e+00 -1.4453e+00
4819 +2.055049876e+01 +2.055049876e+01 -1.244095012e+02 -1.244095012e+02 -1.3203e-01 -1.4933e+00 -1.4455e+00 -1.8545e+00 +3.5968e-01 +3.1434e+00 -1.2453e+00 +7.4607e-01 -1.4105e+00 -4.4534e-01 +1.3842e+00 +1.7500e+00 +2.0518e+00 +2.4553e-01 +1.4716e+00 +2.0859e+00 -2.2068e+00 -9.5898e-01 +2.0074e+00 -1.4453e+00
4968 +1.305048979e+01 +1.305048979e+01 -1.319095102e+02 -1.319095102e+02 -7.5121e-01 -1.4933e+00 -1.4504e+00 -1.8544e+00 +3.5968e-01 +2.1444e+00 -1.2394e+00 +7.4607e-01 -1.2855e+00 +1.2028e+00 +2.2274e+00 +7.4995e-01 +2.2393e+00 +2.4553e-01 +2.4794e+00 +9.5195e-02 -9.3609e-01 -2.5347e+00 +2.0074e+00 -1.4453e+00
% function evaluation | noise-free fitness - Fopt (-6.300000000000e+00) | best noise-free fitness - Fopt | measured fitness | best measured fitness | x1 | x2...
1 +3.922911778e+05 +3.922911778e+05 +3.922848778e+05 +3.922848778e+05 +1.1020e-01 -2.1072e+00 -3.7504e+00 -4.7645e+00 -4.4980e+00 -1.5702e+00 +1.6739e+00 +1.2909e+00 +3.8442e+00 -1.7114e+00 +2.4739e+00 +4.5888e+00 +2.6788e+00 -4.8855e+00 +2.9365e+00 -4.8421e+00 +2.6611e+00 +8.4438e-01 +2.7013e+00 -7.7172e-01
2 +1.720582265e+05 +1.720582265e+05 +1.720519265e+05 +1.720519265e+05 +3.1751e-02 -1.1412e+00 -7.3257e-01 -1.0798e+00 +4.0369e+00 -2.6783e+00 +5.6300e-01 -3.4373e+00 +4.9882e+00 +1.3834e+00 +1.4390e+00 -8.8435e-01 -3.6482e+00 +1.6405e+00 +3.5126e+00 -2.8838e-01 +3.6631e-01 +4.6276e+00 -4.6317e+00 -2.8960e-01
3 +1.154786230e+05 +1.154786230e+05 +1.154723230e+05 +1.154723230e+05 +1.1613e+00 -3.1052e+00 +3.5313e+00 -7.4797e-01 -1.5911e+00 +1.0762e+00 -1.7498e+00 +2.8461e+00 -3.2073e+00 -1.7984e+00 +1.3939e+00 +3.0448e+00 -3.4147e-02 +7.0284e-01 -3.6749e-01 +6.9843e-01 -2.0358e+00 -4.0316e+00 -3.9046e+00 +3.3750e+00
5 +2.506631733e+04 +2.506631733e+04 +2.506001733e+04 +2.506001733e+04 +4.2219e+00 +7.3477e-01 +4.3354e+00 +4.6968e+00 +4.5879e+00 -3.2113e+00 +2.5050e+00 -2.6016e+00 +3.4441e+00 +1.0738e+00 -4.3663e-01 -2.3209e+00 -2.5176e+00 +1.0410e-01 +3.2391e-01 +2.8310e+00 -7.1981e-01 -1.1396e-01 -1.0097e+00 -6.3114e-01
693 +1.007501966e+04 +1.007501966e+04 +1.006871966e+04 +1.006871966e+04 +3.6138e+00 -2.7166e+00 -2.8740e+00 -3.9667e+00 -2.1625e+00 -4.5854e+00 +2.1597e+00 +8.3501e-01 +3.5916e+00 -1.9940e+00 -1.1646e+00 +1.9025e+00 -3.0079e-02 +1.0161e+00 +5.1524e-02 +3.0217e-01 -1.1725e+00 -2.7753e+00 -7.8063e-01 -2.8020e+00
961 +9.171703354e+03 +9.171703354e+03 +9.165403354e+03 +9.165403354e+03 +3.6138e+00 -2.7166e+00 +2.3336e+00 -1.2489e+00 +6.0582e-01 -1.1698e+00 +2.2485e+00 -7.3661e-01 -7.5257e-01 -2.0337e+00 -1.1130e+00 -2.6553e-01 -1.4360e+00 +1.0161e+00 +5.1524e-02 +3.0217e-01 -1.1725e+00 -2.8066e+00 -1.7806e+00 -2.8020e+00
1129 +5.536493611e+03 +5.536493611e+03 +5.530193611e+03 +5.530193611e+03 +3.6138e+00 +2.6616e+00 -4.4411e+00 -3.9667e+00 -2.1625e+00 -5.8540e-01 +2.1597e+00 +8.3501e-01 +3.5916e+00 -1.9940e+00 -1.1646e+00 +1.9025e+00 -3.0079e-02 +1.0161e+00 +5.1524e-02 +3.0217e-01 -1.1725e+00 -2.7753e+00 -7.8063e-01 -2.8020e+00
1457 +2.793185390e+03 +2.793185390e+03 +2.786885390e+03 +2.786885390e+03 +3.1138e+00 -2.7166e+00 +2.3335e+00 -1.2489e+00 +6.0582e-01 -1.1698e+00 +1.1734e+00 +1.2222e+00 +2.1758e+00 +8.1174e-01 -2.9161e+00 +1.9025e+00 -2.9591e-02 +1.0161e+00 +5.1524e-02 +3.0217e-01 -1.1725e+00 -2.5566e+00 -1.7806e+00 -2.7708e+00
2299 +2.340940831e+03 +2.340940831e+03 +2.334640831e+03 +2.334640831e+03 +1.1213e+00 -2.1810e+00 -2.4363e+00 +8.0768e-01 -2.2628e+00 -5.8589e-01 +2.1597e+00 -7.1052e-01 +2.1758e+00 +8.1174e-01 -1.1646e+00 +1.9025e+00 -3.0079e-02 +1.0239e+00 +5.1524e-02 +3.0217e-01 -1.1725e+00 -2.8066e+00 -1.7806e+00 -2.8020e+00
2716 +1.542693375e+03 +1.542693375e+03 +1.536393375e+03 +1.536393375e+03 +1.1213e+00 -2.1810e+00 -2.4363e+00 +8.0768e-01 -2.0128e+00 +2.0719e+00 +2.5050e+00 -2.6016e+00 +2.1758e+00 +8.1174e-01 -4.3663e-01 +1.4025e+00 -1.5508e-01 +1.0161e+00 +5.1524e-02 +1.3022e+00 -1.1720e+00 -2.7753e+00 -7.8039e-01 -2.8020e+00
3061 +9.535515035e+02 +9.535515035e+02 +9.472515035e+02 +9.472515035e+02 +3.1138e+00 -2.1810e+00 -2.4363e+00 +8.0768e-01 -2.2628e+00 +1.6780e+00 +3.1820e+00 +1.2222e+00 +3.2972e+00 -9.4678e-01 -1.1168e+00 -2.6553e-01 -1.4360e+00 +1.1411e+00 +5.1585e-02 +8.0999e-01 -1.1725e+00 -2.5566e+00 -7.8063e-01 -2.7708e+00
3766 +4.607812567e+02 +4.607812567e+02 +4.544812567e+02 +4.544812567e+02 +1.1213e+00 -2.1497e+00 -2.4363e+00 +8.0780e-01 +6.0582e-01 -1.4420e+00 +2.1577e+00 -7.1833e-01 +2.1837e+00 +8.1174e-01 -1.1646e+00 +1.9025e+00 -3.0079e-02 +1.0161e+00 -1.1402e-01 +4.2717e-01 -1.1725e+00 -2.5566e+00 -1.7806e+00 -2.2708e+00
4079 +3.938987494e+02 +3.938987494e+02 +3.875987494e+02 +3.875987494e+02 +1.1213e+00 -2.1497e+00 -2.4363e+00 +8.0780e-01 +6.0240e-01 -1.4420e+00 +2.1577e+00 -7.1076e-01 +2.1837e+00 +8.1174e-01 -1.1646e+00 +1.9025e+00 -3.0079e-02 +1.0161e+00 -2.0535e+00 +3.0217e-01 -1.1725e+00 -2.8066e+00 -7.7868e-01 -8.6453e-01
4269 +2.349283594e+01 +2.349283594e+01 +1.719283594e+01 +1.719283594e+01 +1.1213e+00 -2.1497e+00 -2.4363e+00 +8.0780e-01 +6.0582e-01 -1.4420e+00 +2.1577e+00 -7.1833e-01 +2.1837e+00 +8.1174e-01 -1.1646e+00 +1.9025e+00 -3.0079e-02 +1.0161e+00 -2.0535e+00 +4.2717e-01 -1.1725e+00 -2.5566e+00 -1.7806e+00 -2.2708e+00
% function evaluation | noise-free fitness - Fopt (-2.206000000000e+01) | best noise-free fitness - Fopt | measured fitness | best measured fitness | x1 | x2...
1 +1.386295262e+05 +1.386295262e+05 +1.386074662e+05 +1.386074662e+05 +1.0106e+00 +5.8856e-01 -3.3265e+00 -8.2556e-01 -3.1598e+00 -2.2128e+00 +1.7334e+00 +1.1545e+00 -6.9444e-02 +1.8926e+00 -2.3466e+00 -3.8040e+00 -4.3719e+00 +3.9842e+00 -2.2733e+00 -3.7520e+00 -3.9140e+00 -1.8448e+00 +2.1844e+00 -1.1555e-01
8 +9.556189214e+04 +9.556189214e+04 +9.553983214e+04 +9.553983214e+04 +2.6460e+00 -3.1989e+00 +3.2049e+00 +4.0068e+00 +2.7146e+00 -4.3245e+00 -3.1791e+00 +1.9994e+00 +4.5476e+00 +4.9328e+00 +4.5618e+00 -4.3312e+00 +1.5653e-01 -6.1304e-01 +8.1441e-01 +4.5840e+00 +8.2471e-01 -1.6990e+00 +7.6734e-01 +9.4603e-01
30 +4.621166925e+04 +4.621166925e+04 +4.618960925e+04 +4.618960925e+04 +4.4455e+00 -1.0755e+00 +4.3213e+00 -1.9268e+00 +3.0468e+00 +1.5743e+00 -1.2644e+00 +1.5163e+00 +1.3440e+00 -7.2808e-01 +3.7945e+00 +1.3116e+00 +2.6176e+00 -2.2368e+00 -4.7442e+00 +9.3667e-01 -1.5900e+00 +1.6681e+00 +3.7717e+00 +2.5007e+00
320 +3.661772706e+04 +3.661772706e+04 +3.659566706e+04 +3.659566706e+04 +1.1597e+00 +3.4388e+00 -3.1323e+00 -1.9519e+00 +3.7142e+00 +3.0751e+00 -1.4921e+00 -1.8527e+00 -4.4470e+00 +2.9944e+00 -8.6309e-01 +4.9232e+00 +1.6931e+00 -1.1442e-01 -3.3884e-01 +3.0144e+00 +1.0397e+00 -3.2513e+00 +3.3845e+00 -1.0485e+00
837 +2.174102405e+04 +2.174102405e+04 +2.171896405e+04 +2.171896405e+04 +1.3042e+00 -7.1468e-02 +2.2519e-01 +8.3354e-01 +3.9448e+00 -3.5636e+00 -8.3144e-02 +1.1459e+00 -3.7799e-01 -1.6489e+00 +1.5912e+00 +3.5848e+00 -1.2096e+00 +2.6572e-02 -1.7220e+00 +1.1254e+00 -4.5617e+00 -8.1560e-01 +7.2432e-01 +1.1786e+00
1128 +1.324632420e+04 +1.324632420e+04 +1.322426420e+04 +1.322426420e+04 -3.0253e+00 +2.2796e+00 +2.1927e+00 +9.5688e-01 -2.5455e+00 -2.3567e+00 +2.0935e+00 -2.3640e+00 -1.7627e+00 -7.8348e-01 +2.7839e+00 +1.9452e+00 -1.0301e+00 +3.7356e+00 +6.5709e-01 +1.7629e+00 -2.3133e+00 -3.7975e+00 +1.5432e+00 +2.4822e+00
1537 +9.496004622e+03 +9.496004622e+03 +9.473944622e+03 +9.473944622e+03 +1.7794e+00 +3.1160e+00 -6.2092e-01 +1.7717e+00 -1.9913e+00 -2.1533e+00 +3.5797e+00 -6.4774e-01 +1.8556e+00 +2.2700e+00 +1.8600e+00 +1.9032e+00 -1.0311e+00 +3.7356e+00 -2.1975e+00 +2.4906e+00 -2.0502e+00 -2.9442e+00 +1.5951e+00 +6.9243e-01
1607 +5.941692316e+03 +5.941692316e+03 +5.919632316e+03 +5.919632316e+03 +1.7794e+00 +3.1160e+00 -6.2092e-01 +1.7717e+00 -1.9913e+00 -2.3567e+00 +2.0935e+00 -2.3640e+00 -1.7627e+00 -7.8348e-01 +2.7839e+00 +1.9452e+00 -1.0301e+00 +3.7356e+00 +6.5709e-01 +1.7629e+00 -2.0502e+00 -2.9442e+00 +1.5951e+00 +6.9243e-01
2282 +3.793133695e+03 +3.793133695e+03 +3.771073695e+03 +3.771073695e+03 +1.7794e+00 +3.1160e+00 -6.2092e-01 +1.7717e+00 +1.9913e+00 -2.3567e+00 +9.3473e-02 -2.3640e+00 -1.7783e+00 -7.8348e-01 +2.7839e+00 +1.9452e+00 -3.0083e-02 +3.7356e+00 +6.5709e-01 +1.7629e+00 -2.0492e+00 -2.9442e+00 +1.5951e+00 +6.9243e-01
2593 +1.951895220e+03 +1.951895220e+03 +1.929835220e+03 +1.929835220e+03 +1.7794e+00 +3.1160e+00 -6.2092e-01 +1.7715e+00 +1.9915e+00 -2.3567e+00 +2.0935e+00 -2.3640e+00 -1.7627e+00 +2.2700e+00 +1.8600e+00 +2.9563e+00 +2.3123e+00 +6.1659e-01 -9.4815e-01 +2.0767e+00 -2.8480e+00 -8.4060e-02 +1.5951e+00 +6.9243e-01
2937 +1.384854461e+03 +1.384854461e+03 +1.362794461e+03 +1.362794461e+03 +1.3042e+00 +3.1160e+00 +4.1406e-01 -3.5457e+00 -1.9874e+00 -2.3567e+00 +9.3473e-02 -1.5135e+00 +7.2124e-01 +2.2700e+00 +1.8635e+00 +2.9563e+00 +2.3123e+00 +6.1660e-01 -9.4815e-01 +2.0767e+00 -2.5980e+00 -8.4060e-02 +1.5951e+00 +1.1786e+00
2950 +9.996351434e+02 +9.996351434e+02 +9.775751434e+02 +9.775751434e+02 +1.3042e+00 +3.1160e+00 -6.2092e-01 +1.7717e+00 +1.9913e+00 -2.3567e+00 +9.3473e-02 -1.6072e+00 -2.7212e+00 +2.2700e+00 +1.8600e+00 +2.7063e+00 +2.3123e+00 +6.1660e-01 -9.4815e-01 +2.0767e+00 -2.5980e+00 -8.4060e-02 +1.6029e+00 +1.1786e+00
3547 +2.682420691e+02 +2.682420691e+02 +2.461820691e+02 +2.461820691e+02 +1.7794e+00 +3.1160e+00 -6.2092e-01 +1.7717e+00 +1.9903e+00 -2.0283e+00 +1.5797e+00 -2.3640e+00 -1.7627e+00 +2.2700e+00 +1.8600e+00 +1.9032e+00 +2.3123e+00 +1.6166e+00 -9.4815e-01 +1.7629e+00 -2.0502e+00 -1.6488e+00 +1.5951e+00 +6.9243e-01
3774 +2.293392477e+02 +2.293392477e+02 +2.072792477e+02 +2.072792477e+02 +1.3042e+00 +3.1160e+00 -6.2092e-01 +1.2717e+00 +1.9913e+00 -2.3567e+00 -5.8339e-01 -1.5135e+00 -1.7627e+00 -7.8348e-01 +2.7839e+00 +1.5376e+00 +2.3123e+00 +6.1659e-01 -9.4815e-01 +1.7629e+00 -2.0502e+00 -1.6505e+00 +1.5951e+00 +6.9243e-01
4042 +1.189504185e+02 +1.189504185e+02 +9.689041845e+01 +9.689041845e+01 +1.3042e+00 +3.1160e+00 -6.2092e-01 +1.2717e+00 +1.9913e+00 -2.3567e+00 +9.3473e-02 -2.4890e+00 -1.7627e+00 +2.2700e+00 +1.8600e+00 +1.9032e+00 +2.3123e+00 +6.1660e-01 -9.4815e-01 +2.0767e+00 -2.1752e+00 -1.6505e+00 +1.5951e+00 +6.9243e-01
4237 +2.735809005e+01 +2.735809005e+01 +5.298090047e+00 +5.298090047e+00 +1.3042e+00 -7.1346e-02 +2.2519e-01 +8.3354e-01 +1.6045e+00 -2.3567e+00 +5.7974e-01 -2.3640e+00 -1.7627e+00 +1.9583e+00 +1.8600e+00 +1.9032e+00 +2.3123e+00 +6.1660e-01 -9.4815e-01 +2.0767e+00 -2.0502e+00 -1.6488e+00 +1.5951e+00 +7.0024e-01
4571 +4.385274117e+00 +4.385274117e+00 -1.767472588e+01 -1.767472588e+01 +1.3042e+00 -5.7135e-01 +2.2128e-01 +7.7174e-01 +1.9903e+00 -2.0283e+00 +1.5797e+00 -2.3640e+00 -1.7627e+00 +2.3032e+00 +1.8603e+00 +1.9032e+00 +2.3123e+00 +6.1659e-01 -9.4815e-01 +2.1060e+00 -8.4682e-01 -2.0841e+00 +1.5638e+00 +1.1786e+00
4822 +3.959555597e+00 +3.959555597e+00 -1.810044440e+01 -1.810044440e+01 -1.2886e+00 +3.1160e+00 -2.2519e-01 +8.3354e-01 +1.6045e+00 -2.3567e+00 +9.3473e-02 -2.3719e+00 -7.6267e-01 +2.2700e+00 +1.8688e+00 +1.9032e+00 +2.3118e+00 +7.4159e-01 -9.4815e-01 +2.0767e+00 -2.0502e+00 -1.6488e+00 +1.5951e+00 +1.1767e+00
% function evaluation | noise-free fitness - Fopt (7.129000000000e+01) | best noise-free fitness - Fopt | measured fitness | best measured fitness | x1 | x2...
1 +1.727894895e+05 +1.727894895e+05 +1.728607795e+05 +1.728607795e+05 -2.2679e+00 -2.5790e+00 +2.4975e+00 -3.2048e+00 +2.1469e+00 -8.2267e-01 +4.5831e-01 +4.8296e+00 +3.6075e+00 -2.8213e+00 +2.9519e+00 -2.2050e+00 -3.5621e+00 -4.4896e+00 -3.9783e+00 +1.4182e+00 -1.8520e+00 +4.2231e+00 +1.4863e+00 +1.4623e+00
9 +1.151349536e+05 +1.151349536e+05 +1.152062436e+05 +1.152062436e+05 +1.5432e+00 +2.4395e+00 +3.1809e+00 +2.5931e+00 -6.9565e-01 -2.2643e+00 +6.2385e-01 -3.0208e+00 -4.5989e+00 +4.7661e+00 +3.3711e+00 +3.1566e+00 -3.9553e+00 +4.5140e-01 -4.5695e+00 -3.9531e-01 -3.9461e+00 -3.1272e-01 -1.6239e-01 +1.2998e-01
12 +8.154287930e+04 +8.154287930e+04 +8.161416930e+04 +8.161416930e+04 -2.8135e+00 -3.3200e+00 -3.0168e+00 -9.7318e-01 -3.1612e+00 -2.4258e+00 -8.5490e-01 +1.4316e+00 -2.7209e-02 -8.9461e-01 +1.6129e+00 +3.0426e+00 +5.5247e-01 -3.5306e+00 +2.9125e+00 -6.0987e-01 -8.4230e-02 -3.5508e+00 +4.6036e+00 +8.0101e-01
15 +6.149859363e+04 +6.149859363e+04 +6.156988363e+04 +6.156988363e+04 +4.8621e+00 -5.5787e-01 -1.4950e+00 -4.4293e+00 +3.6946e+00 +2.6514e+00 -1.5700e+00 -1.3439e+00 -2.4505e+00 +1.9911e+00 -4.6200e+00 +2.6767e+00 +1.2494e+00 -1.2799e+00 +3.7020e+00 -2.9825e+00 +8.0958e-01 +1.8438e-01 +2.1323e-01 +4.4378e+00
155 +3.862007571e+04 +3.862007571e+04 +3.869136571e+04 +3.869136571e+04 -1.3538e+00 +3.2061e+00 +6.1793e-01 -4.4229e+00 +2.7515e+00 +9.2798e-01 -3.3359e+00 -3.4878e+00 +1.6955e+00 +4.1541e+00 -2.4534e+00 -7.0828e-01 -2.5709e+00 -1.6303e+00 +1.5507e+00 -3.3043e-01 -4.7008e+00 -1.4819e+00 +4.3514e+00 -5.3134e-01
773 +2.229034491e+04 +2.229034491e+04 +2.236163491e+04 +2.236163491e+04 -4.8630e+00 -2.5075e+00 -2.1620e-03 +4.1805e+00 -3.3497e-01 -2.9932e+00 +1.7921e+00 +1.9439e-01 -1.3165e+00 -1.8389e+00 -2.2471e+00 +2.7337e+00 -2.4241e+00 -1.7788e-02 +1.9339e+00 -3.7310e-02 +5.8532e-01 +2.0252e-01 +4.1023e-01 -1.2155e-01
979 +1.092198102e+04 +1.092198102e+04 +1.099327102e+04 +1.099327102e+04 -9.6637e-01 +7.2874e-01 +2.4180e+00 +3.5329e+00 +3.4593e+00 -4.4666e+00 +7.7713e-01 -4.5174e+00 -1.8944e-01 +7.8136e-01 -2.4534e+00 -7.0828e-01 -2.5712e+00 -1.6303e+00 +2.8337e+00 -1.0409e-01 -1.8158e+00 +1.3533e+00 +3.6817e+00 +1.3869e+00
1135 +8.471117403e+03 +8.471117403e+03 +8.542407403e+03 +8.542407403e+03 -9.6637e-01 +7.2874e-01 +2.4180e+00 -5.9122e-01 -8.6695e-01 -3.4205e+00 +8.3963e-01 -4.5174e+00 -1.8944e-01 +7.8136e-01 -2.4534e+00 -7.0828e-01 -2.5712e+00 -1.6303e+00 +2.8337e+00 -1.0409e-01 -1.8158e+00 +1.3533e+00 +3.6817e+00 +1.3869e+00
1989 +1.344126213e+03 +1.344126213e+03 +1.415416213e+03 +1.415416213e+03 -9.6637e-01 +7.2874e-01 +2.4180e+00 -5.7560e-01 -8.6695e-01 -1.8652e+00 -1.0257e+00 +1.3439e+00 -2.4817e+00 +1.9911e+00 -2.4388e+00 -7.0828e-01 -2.5712e+00 -2.0686e+00 +2.8337e+00 -1.0409e-01 -1.8158e+00 +1.3523e+00 +1.6817e+00 +1.3869e+00
2741 +8.772964616e+02 +8.772964616e+02 +9.485864616e+02 +9.485864616e+02 -9.6637e-01 +7.2874e-01 +2.4180e+00 -5.7560e-01 -8.6695e-01 -1.8652e+00 -1.0257e+00 -1.3127e+00 -2.4817e+00 +1.9911e+00 -2.4544e+00 -7.0828e-01 -2.5712e+00 -2.0686e+00 +2.8332e+00 -1.0409e-01 -1.8158e+00 +1.3533e+00 +1.6384e+00 +1.3869e+00
2999 +4.155438286e+02 +4.155438286e+02 +4.868338286e+02 +4.868338286e+02 -9.6637e-01 +7.2874e-01 +2.4180e+00 -5.9122e-01 -8.6695e-01 -1.8651e+00 -1.0257e+00 +1.9439e-01 -1.8944e-01 +7.8136e-01 -2.4534e+00 -7.0834e-01 -2.5712e+00 -1.5053e+00 +5.6140e-01 -3.4134e-01 -9.1492e-01 +1.9229e+00 +1.6306e+00 +1.3869e+00
3365 +3.697886973e+02 +3.697886973e+02 +4.410786973e+02 +4.410786973e+02 -9.6637e-01 +7.2874e-01 +2.4200e+00 -1.0592e+00 +3.8165e-01 -1.5527e+00 +7.7713e-01 -3.4878e+00 -1.8944e-01 +7.8136e-01 -6.1592e-01 +3.7400e-01 -2.5709e+00 -1.6303e+00 +5.6140e-01 -3.4134e-01 -9.1492e-01 +9.3068e-01 +1.6817e+00 +1.3869e+00
3617 +2.290145354e+02 +2.290145354e+02 +3.003045354e+02 +3.003045354e+02 -9.6637e-01 +9.7874e-01 -1.0246e+00 -5.9122e-01 -3.6695e-01 -1.8652e+00 -1.0257e+00 -1.5405e+00 -1.8944e-01 +7.8136e-01 -6.1592e-01 +3.7009e-01 -2.5712e+00 -1.6303e+00 +5.3015e-01 -3.4134e-01 -9.1492e-01 +1.9229e+00 +1.6306e+00 +1.3869e+00
3870 +1.360464185e+02 +1.360464185e+02 +2.073364185e+02 +2.073364185e+02 -9.6637e-01 +9.7874e-01 -1.0246e+00 -5.9128e-01 -3.6695e-01 -1.8652e+00 -1.0257e+00 -1.5444e+00 -1.4723e+00 +7.8136e-01 -2.4534e+00 -3.2222e-01 -2.5707e+00 -1.6303e+00 +8.1140e-01 -3.4134e-01 -9.1492e-01 +1.9229e+00 +1.6306e+00 +1.3869e+00
4261 +8.088328658e+01 +8.088328658e+01 +1.521732866e+02 +1.521732866e+02 -9.6637e-01 +7.2874e-01 +2.4180e+00 -5.9122e-01 -3.6597e-01 -1.8652e+00 -1.0257e+00 -1.5405e+00 -1.4862e+00 +1.9911e+00 -6.1592e-01 +3.7009e-01 -2.5712e+00 -1.6303e+00 +5.3015e-01 -4.6634e-01 -9.1492e-01 +1.9229e+00 +6.3058e-01 +1.3869e+00
4275 +2.566101981e+01 +2.566101981e+01 +9.695101981e+01 +9.695101981e+01 -9.6637e-01 +7.9316e-02 +9.6425e-01 -1.0602e+00 +3.8165e-01 -3.1861e+00 +7.7713e-01 -1.3439e+00 -1.4706e+00 +1.9911e+00 -6.1592e-01 +3.7009e-01 -2.5712e+00 -1.6303e+00 +5.3015e-01 -8.4134e-01 -9.1492e-01 +1.4229e+00 +1.6306e+00 +1.3869e+00
4481 +4.566210987e+00 +4.566210987e+00 +7.585621099e+01 +7.585621099e+01 -9.6246e-01 +9.7874e-01 -1.0246e+00 -5.9122e-01 -3.6695e-01 -1.8652e+00 -1.0257e+00 -1.5405e+00 -1.8944e-01 +2.8136e-01 -2.4534e+00 -3.2222e-01 -2.3199e+00 -1.6303e+00 +5.6140e-01 -2.3413e+00 -9.1492e-01 +1.9229e+00 +1.6384e+00 +1.2619e+00
5002 +3.815305520e+00 +3.815305520e+00 +7.510530552e+01 +7.510530552e+01 -9.6637e-01 +7.2874e-01 +2.4180e+00 -5.9122e-01 -3.6597e-01 -1.3651e+00 -1.0257e+00 -1.5405e+00 -1.8944e-01 +2.8136e-01 -2.4534e+00 -3.2222e-01 -2.0855e+00 -2.0686e+00 +8.1140e-01 -2.3413e+00 -9.1492e-01 +1.9229e+00 +1.6306e+00 +1.3869e+00
% function evaluation | noise-free fitness - Fopt (-1.054000000000e+01) | best noise-free fitness - Fopt | measured fitness | best measured fitness | x1 | x2...
1 +1.774554730e+05 +1.774554730e+05 +1.774449330e+05 +1.774449330e+05 -4.9959e+00 -1.6781e+00 -2.2690e+00 -2.7233e+00 -5.9661e-01 +1.6606e+00 +1.5649e+00 +1.8089e+00 +3.6260e+00 -4.8657e+00 +4.9970e+00 +9.7697e-01 +1.1719e+00 -3.7963e+00 +3.5260e+00 +4.4225e+00 +4.1955e+00 -3.8181e+00 +3.0659e+00 -3.8990e+00
3 +1.160463944e+05 +1.160463944e+05 +1.160358544e+05 +1.160358544e+05 -4.2849e+00 +1.8628e-01 +1.6506e-02 -4.6209e+00 -4.9442e+00 +3.7629e+00 -2.9951e+00 -4.2876e+00 -8.7130e-02 -7.9761e-01 -1.9976e+00 -1.8519e-02 +3.8402e+00 -2.3921e+00 +3.9589e+00 +3.0161e+00 -1.5287e+00 -1.3654e+00 +6.7599e-01 +4.9992e+00
10 +8.317630856e+04 +8.317630856e+04 +8.316576856e+04 +8.316576856e+04 +1.9991e+00 -3.4306e+00 -1.8360e+00 +1.3453e+00 +4.2226e+00 +2.3219e+00 -3.6543e+00 -2.5354e+00 -6.0877e-01 +2.4941e+00 -2.2817e+00 +2.8773e+00 -2.1668e+00 +4.1779e+00 +1.9685e+00 +3.4227e-01 -2.3675e+00 -2.9696e+00 +2.6306e+00 +9.9231e-01
33 +3.876512712e+04 +3.876512712e+04 +3.875458712e+04 +3.875458712e+04 -1.0428e+00 -5.4736e-01 -1.7882e+00 +8.9605e-01 -1.2658e+00 -1.2161e+00 +2.5316e+00 -1.2416e+00 +1.0450e+00 +1.7692e+00 -1.5982e+00 +2.9329e-01 -1.1650e-02 +8.7914e-01 +1.9217e+00 -3.7754e-01 -9.0555e-01 -4.7773e-01 -8.7434e-02 +2.9967e+00
86 +1.350281933e+04 +1.350281933e+04 +1.349227933e+04 +1.349227933e+04 +4.0971e+00 -3.7341e+00 -2.0455e+00 +1.7634e+00 +1.7223e+00 +1.4137e+00 -4.8738e+00 -1.2563e+00 +1.3964e+00 -6.7806e-01 -2.0665e-01 +1.6115e+00 -1.5253e+00 -2.7881e+00 -2.3993e+00 +3.2671e+00 -1.7388e+00 -1.2115e+00 +3.0552e-02 +2.3511e+00
1201 +9.481050101e+03 +9.481050101e+03 +9.470510101e+03 +9.470510101e+03 +1.1918e+00 +3.8927e+00 +5.9503e-01 -4.7922e-01 -4.1288e+00 +1.5003e+00 -3.8352e+00 -5.7088e-01 +2.8240e+00 +8.3592e-01 +2.2077e+00 -1.9385e+00 -2.0836e+00 -1.6580e+00 +4.6006e-01 +1.7476e+00 -1.6845e+00 -2.5246e+00 +1.6963e+00 +1.2278e+00
1355 +6.206538554e+03 +6.206538554e+03 +6.195998554e+03 +6.195998554e+03 -1.0428e+00 -4.5246e+00 -3.3377e+00 -2.6962e+00 -1.7494e+00 -1.5003e+00 +9.5261e-01 +6.5958e-01 +1.0450e+00 +1.7692e+00 -4.1978e-01 +7.4846e-01 -1.5253e+00 -1.6580e+00 -1.4977e+00 +1.7280e-01 -3.2652e+00 -1.4787e+00 -8.7434e-02 +2.9967e+00
1727 +3.223447630e+03 +3.223447630e+03 +3.212907630e+03 +3.212907630e+03 +4.0034e+00 -9.9626e-01 -3.6300e+00 +2.2200e+00 -1.5091e+00 +2.5021e+00 -2.8604e+00 -1.2563e+00 +1.3963e+00 -6.7806e-01 -2.0665e-01 +1.6115e+00 -1.5253e+00 -2.7881e+00 -2.3837e+00 +1.7476e+00 -1.6845e+00 -2.5861e+00 +2.5275e+00 +1.2494e+00
1905 +1.974020090e+03 +1.974020090e+03 +1.963480090e+03 +1.963480090e+03 +1.1918e+00 -2.7552e+00 -1.6784e+00 +9.9872e-02 -2.0636e-01 +2.5021e+00 -2.8604e+00 +1.0746e+00 +1.3925e+00 -6.7782e-01 -2.0665e-01 +1.6115e+00 -8.3641e-02 -1.6580e+00 +4.6006e-01 +1.7476e+00 -1.6845e+00 -2.5871e+00 +6.9626e-01 +1.2278e+00
2499 +1.431054683e+03 +1.431054683e+03 +1.420514683e+03 +1.420514683e+03 -3.2043e+00 +1.4002e+00 -1.8936e+00 +3.2232e-01 -1.7430e+00 +2.5021e+00 +9.5261e-01 +6.5958e-01 +1.0450e+00 +1.7691e+00 -4.1978e-01 +7.4846e-01 -1.5253e+00 -2.7881e+00 -2.3993e+00 +2.2528e-02 -2.1502e+00 -7.4794e-01 +2.5275e+00 +2.4387e-01
3172 +8.377620588e+02 +8.377620588e+02 +8.272220588e+02 +8.272220588e+02 -3.2043e+00 -3.4306e+00 -1.8361e+00 +3.2232e-01 -1.6180e+00 +2.5021e+00 -2.8594e+00 -1.2563e+00 +1.3964e+00 +1.7692e+00 -2.0665e-01 +1.6115e+00 -1.5253e+00 -7.8809e-01 -2.3993e+00 +5.2253e-01 -2.1502e+00 -7.4794e-01 +2.5275e+00 +2.4387e-01
3537 +5.140761985e+02 +5.140761985e+02 +5.035361985e+02 +5.035361985e+02 +1.1918e+00 -2.7552e+00 -1.6784e+00 +3.2232e-01 -1.6180e+00 +2.5021e+00 -2.8594e+00 -1.2563e+00 +1.3964e+00 +1.7692e+00 -2.0665e-01 +1.6115e+00 -1.5253e+00 -7.8809e-01 -2.3993e+00 +2.2528e-02 -1.6846e+00 -2.5861e+00 +6.9821e-01 +1.2279e+00
3683 +3.596352841e+02 +3.596352841e+02 +3.490952841e+02 +3.490952841e+02 -2.8662e+00 -2.7542e+00 -1.6784e+00 +3.1451e-01 -1.6180e+00 +2.5021e+00 -2.8594e+00 +1.2563e+00 +1.3964e+00 +1.7692e+00 -2.0665e-01 +1.6115e+00 -1.7753e+00 -7.8809e-01 -2.3993e+00 +1.7476e+00 -1.6689e+00 -9.9733e-01 +2.5275e+00 +1.2278e+00
3953 +8.685708779e+01 +8.685708779e+01 +7.631708779e+01 +7.631708779e+01 +1.9991e+00 -2.7542e+00 -1.6784e+00 +9.9872e-02 -1.7430e+00 +2.5020e+00 -8.7381e-01 +6.5958e-01 +1.4266e+00 +1.7691e+00 -4.1978e-01 +7.4846e-01 -1.1149e+00 -1.6580e+00 -2.3993e+00 +1.7476e+00 -6.8450e-01 -2.5871e+00 +9.4626e-01 +8.4069e-01
4305 +4.864096844e+01 +4.864096844e+01 +3.810096844e+01 +3.810096844e+01 +1.9991e+00 -2.7542e+00 -1.6784e+00 +1.1550e-01 -1.7430e+00 +2.5020e+00 -8.7381e-01 +6.5957e-01 +1.4266e+00 +1.7691e+00 -4.1978e-01 +7.4846e-01 -1.0836e+00 -1.6600e+00 -2.3993e+00 +1.6246e+00 -1.6845e+00 -7.4733e-01 +2.5275e+00 +8.4067e-01
4505 +2.009862790e+01 +2.009862790e+01 +9.558627905e+00 +9.558627905e+00 +1.0668e+00 -2.7552e+00 -1.6784e+00 +9.9872e-02 -1.7430e+00 +2.5020e+00 -8.7381e-01 +6.5958e-01 +1.4263e+00 +1.7691e+00 -4.1978e-01 +7.4846e-01 -1.1149e+00 -1.6580e+00 -2.3991e+00 +1.7476e+00 -2.1502e+00 -7.4794e-01 +2.5275e+00 +1.2279e+00
4692 +5.338748507e+00 +5.338748507e+00 -5.201251493e+00 -5.201251493e+00 +1.9991e+00 +1.4002e+00 -1.8936e+00 +3.2232e-01 -1.7430e+00 +2.0021e+00 +9.5261e-01 -6.5958e-01 +1.0450e+00 +1.7691e+00 -2.0666e-01 +1.6115e+00 -1.5253e+00 -1.7205e+00 -2.3993e+00 +2.0206e+00 -2.1502e+00 -7.4207e-01 +2.5275e+00 +1.2475e+00
% function evaluation | noise-free fitness - Fopt (3.860100000000e+02) | best noise-free fitness - Fopt | measured fitness | best measured fitness | x1 | x2...
1 +9.300988978e+04 +9.300988978e+04 +9.339589978e+04 +9.339589978e+04 +2.3655e+00 -4.9591e+00 +1.1038e+00 +4.4351e-01 -2.8843e+00 -6.6836e-01 +1.7291e+00 -3.5028e+00 -4.2861e+00 -3.8992e-01 +7.3408e-01 +2.6957e+00 -2.8246e+00 -1.0328e-01 -6.6218e-01 +2.8078e-01 -4.9966e+00 +7.4468e-01 -4.5526e+00 -3.2144e+00
11 +4.462185943e+04 +4.462185943e+04 +4.500786943e+04 +4.500786943e+04 +3.7138e+00 -4.3436e+00 -4.5007e+00 +4.8544e+00 +3.8723e+00 -4.3529e+00 -9.1259e-01 +4.1868e+00 +2.7588e+00 -3.6530e-01 -9.0975e-01 -4.5163e+00 -3.3967e+00 +3.0833e+00 +2.4164e-01 +4.3175e-01 -1.5873e+00 +2.8960e+00 -2.8986e+00 +3.1131e-02
32 +2.055075117e+04 +2.055075117e+04 +2.093676117e+04 +2.093676117e+04 +8.2615e-01 -2.6116e+00 +5.9066e-01 -3.3115e-01 +1.2603e+00 +2.7328e+00 -1.1523e+00 -3.0341e-01 -2.3728e+00 -2.7564e+00 -3.2437e+00 -2.9628e+00 -3.2370e+00 +1.9847e-01 -2.8711e+00 -2.2257e+00 -4.7208e-02 +4.3860e+00 +6.3359e-01 -1.4848e+00
851 +1.506515333e+04 +1.506515333e+04 +1.545116333e+04 +1.545116333e+04 -3.7254e+00 -9.0615e-02 -2.2683e+00 +3.5170e+00 +1.2526e+00 +2.7328e+00 -1.1523e+00 -9.4489e-01 -1.5889e+00 -7.7568e-02 +1.5332e+00 +2.4369e-01 -2.0682e+00 -8.1011e-01 -3.9056e+00 +4.2632e-01 -1.1817e+00 +1.5517e+00 -1.4409e+00 -3.1296e+00
1141 +6.242737198e+03 +6.242737198e+03 +6.628747198e+03 +6.628747198e+03 -3.5648e+00 -3.9427e+00 +2.6054e+00 +3.0382e+00 +1.6884e+00 +2.6719e+00 +5.2080e-01 -6.9490e-01 -1.5928e+00 -7.7568e-02 -1.6056e+00 -1.6193e+00 -2.1825e+00 -6.3635e-01 -1.5728e+00 -3.2440e+00 +1.4232e-01 +1.5595e+00 -1.3823e+00 -5.1638e-01
1854 +2.497744098e+03 +2.497744098e+03 +2.883754098e+03 +2.883754098e+03 -3.5648e+00 -3.9427e+00 +2.6054e+00 +3.0382e+00 +1.6884e+00 +2.6758e+00 +5.2080e-01 -6.9489e-01 +1.5928e+00 -7.3661e-02 -1.6056e+00 -1.6115e+00 -2.1825e+00 -6.3635e-01 -1.5728e+00 -2.2440e+00 +1.4232e-01 +3.0683e+00 -1.3823e+00 -5.1589e-01
2902 +1.342000235e+03 +1.342000235e+03 +1.728010235e+03 +1.728010235e+03 -3.6658e-01 -3.8578e+00 +2.1996e+00 +3.5170e+00 +1.2525e+00 +1.0370e+00 -7.6028e-01 -7.1801e-01 +2.5721e+00 -6.5926e-01 -6.0559e-01 -1.5880e+00 -2.1824e+00 -6.3635e-01 -1.5728e+00 -2.2440e+00 -1.8169e-01 +1.5517e+00 -1.7401e+00 -2.2687e+00
3307 +8.859670428e+02 +8.859670428e+02 +1.271977043e+03 +1.271977043e+03 -3.6658e-01 -3.8578e+00 +2.1996e+00 +3.5170e+00 +1.2525e+00 +1.0367e+00 -7.6028e-01 -9.6801e-01 +2.7284e+00 -6.7488e-01 -1.5978e+00 -6.1927e-01 -2.4325e+00 +6.3593e-01 -1.5728e+00 -2.2440e+00 -1.8169e-01 +1.5517e+00 -1.7401e+00 -2.2687e+00
3410 +5.605991624e+02 +5.605991624e+02 +9.466091624e+02 +9.466091624e+02 -3.6658e-01 -3.8578e+00 +2.1996e+00 +3.5170e+00 +1.2525e+00 -1.0367e+00 -7.6028e-01 -4.6801e-01 +1.5928e+00 -9.3193e-02 -1.6222e+00 -1.6193e+00 -2.1825e+00 +6.3593e-01 -1.5728e+00 -2.2440e+00 -1.8169e-01 +1.5517e+00 -1.7401e+00 -2.2687e+00
3713 +3.610057026e+02 +3.610057026e+02 +7.470157026e+02 +7.470157026e+02 -3.6658e-01 -3.8578e+00 +2.6054e+00 -1.9445e-01 +1.3853e+00 +1.0367e+00 +7.6028e-01 -7.1801e-01 +2.5409e+00 -6.7488e-01 -1.6056e+00 -1.6193e+00 -2.1825e+00 +6.3635e-01 -1.5728e+00 -2.2440e+00 -1.8169e-01 +1.5517e+00 -1.7401e+00 -2.2687e+00
4229 +2.391323123e+02 +2.391323123e+02 +6.251423123e+02 +6.251423123e+02 -8.5095e-01 -3.8578e+00 +2.6054e+00 +3.5170e+00 +1.2525e+00 +1.0370e+00 +5.2087e-01 -6.9489e-01 +2.8800e+00 -7.8180e-01 -1.6056e+00 -2.3226e+00 -1.3492e+00 +2.3731e+00 -1.5728e+00 -2.2440e+00 -1.1856e+00 +1.5514e+00 -6.9714e-01 -2.5136e+00
4241 +1.429447161e+02 +1.429447161e+02 +5.289547161e+02 +5.289547161e+02 -8.6658e-01 -3.6078e+00 +2.1996e+00 +3.5167e+00 +1.2837e+00 +2.7328e+00 +2.0533e+00 -9.4490e-01 +2.6971e+00 -6.5926e-01 -1.5978e+00 -1.6193e+00 -2.1825e+00 +6.3593e-01 -1.5728e+00 -2.2440e+00 -1.8169e-01 +1.5517e+00 -1.7401e+00 -2.2687e+00
4583 +7.883979664e+01 +7.883979664e+01 +4.648497966e+02 +4.648497966e+02 +8.2615e-01 -2.6194e+00 +2.1054e+00 +3.0382e+00 +1.6882e+00 +1.0367e+00 +7.6028e-01 -7.1801e-01 +2.5408e+00 -6.7488e-01 -1.6056e+00 -1.6193e+00 -2.1825e+00 +6.3635e-01 -1.5728e+00 -2.2440e+00 -1.8169e-01 +1.5517e+00 -1.7401e+00 -2.2687e+00
4871 +2.320907679e+01 +2.320907679e+01 +4.092190768e+02 +4.092190768e+02 +8.2615e-01 -2.6194e+00 +2.1054e+00 +3.0382e+00 +1.6882e+00 +1.0367e+00 +7.6028e-01 -7.1801e-01 +2.5408e+00 -6.7488e-01 -1.6056e+00 -1.6193e+00 -2.1825e+00 +6.3635e-01 -1.5728e+00 -2.2440e+00 -1.1856e+00 +1.5514e+00 -6.9714e-01 -2.2687e+00
% function evaluation | noise-free fitness - Fopt (-1.257000000000e+01) | best noise-free fitness - Fopt | measured fitness | best measured fitness | x1 | x2...
1 +7.472558958e+04 +7.472558958e+04 +7.471301958e+04 +7.471301958e+04 -3.4925e+00 -1.5019e+00 +7.5652e-01 +1.5057e-01 +3.0304e+00 -3.7388e+00 -1.4988e+00 -3.1977e+00 +4.9346e-01 -3.4000e-01 -2.3579e+00 -2.1298e+00 -3.4223e+00 -2.6254e+00 +3.5605e+00 -7.7652e-01 -3.3719e+00 -7.2889e-01 -3.6209e+00 +4.2854e+00
45 +4.537355809e+04 +4.537355809e+04 +4.536098809e+04 +4.536098809e+04 +3.6914e+00 +3.7381e+00 +4.7470e+00 +1.3312e+00 +5.7917e-01 +1.0300e+00 -3.8453e+00 -5.6795e-01 -1.1542e+00 +2.7176e+00 -1.4079e+00 -1.7129e-01 -1.4247e+00 -4.3955e+00 -3.4191e+00 -1.3465e+00 -3.9814e+00 +4.1341e-01 -4.8122e+00 -4.0594e-01
52 +3.169569861e+04 +3.169569861e+04 +3.168312861e+04 +3.168312861e+04 +2.6600e+00 +4.1164e+00 +3.3498e+00 -3.2976e+00 +2.7676e+00 -9.8037e-01 -4.5097e+00 +7.6050e-01 +3.5238e+00 -7.8789e-02 -3.1207e+00 +9.9272e-01 +2.3430e+00 +1.3653e+00 -3.3780e+00 -7.7222e-01 -2.5538e+00 +2.0911e-01 +7.9751e-02 +2.0191e+00
865 +2.054254410e+04 +2.054254410e+04 +2.052997410e+04 +2.052997410e+04 -6.1213e-02 +3.6268e+00 +9.9728e-01 -1.7156e+00 +4.1687e+00 -6.9796e-01 +5.8498e-01 -3.3806e+00 +1.4976e+00 +3.7845e-01 -3.1207e+00 +9.7650e-02 +2.2035e-01 -1.9581e+00 -2.9259e+00 -1.2495e+00 -1.8276e+00 +3.7371e+00 -2.4451e+00 +1.2517e+00
879 +6.920521953e+03 +6.920521953e+03 +6.907951953e+03 +6.907951953e+03 +2.6600e+00 +4.1164e+00 +3.3498e+00 -3.2976e+00 +2.7676e+00 -9.8037e-01 -4.5097e+00 +7.6050e-01 +3.5238e+00 -7.8789e-02 -3.1207e+00 +9.9272e-01 +2.2035e-01 -1.9581e+00 -2.9259e+00 -7.7222e-01 -2.5538e+00 +2.4444e+00 +7.9751e-02 +2.0191e+00
1497 +6.283093880e+03 +6.283093880e+03 +6.270523880e+03 +6.270523880e+03 +2.6600e+00 +4.1164e+00 +3.3498e+00 -3.2976e+00 +2.7676e+00 -9.8037e-01 +1.5708e+00 +8.5136e-01 +1.0553e+00 +2.6890e+00 -3.3710e-01 +1.0233e+00 -2.0965e+00 -1.9581e+00 -2.9347e+00 -1.2495e+00 -1.8276e+00 +1.6252e+00 +7.9751e-02 +2.0191e+00
2129 +3.660451058e+03 +3.660451058e+03 +3.647881058e+03 +3.647881058e+03 -1.9773e+00 +3.4540e+00 +9.9728e-01 -1.7156e+00 -1.7018e-02 +8.1186e-01 -4.0187e-01 +1.7365e+00 -1.3163e+00 +2.6890e+00 -2.3371e+00 +1.0233e+00 -2.0965e+00 -1.9601e+00 -2.9347e+00 -1.2495e+00 -1.7642e+00 +1.6252e+00 -3.1604e+00 +1.6188e+00
2331 +2.432110305e+03 +2.432110305e+03 +2.419540305e+03 +2.419540305e+03 -6.1213e-02 +3.1268e+00 +9.9728e-01 -3.2976e+00 +2.7676e+00 -9.2342e-01 +1.5708e+00 +8.5136e-01 +1.0553e+00 +2.6890e+00 -3.3710e-01 +1.0233e+00 -2.0965e+00 -1.9581e+00 -2.9347e+00 -1.2495e+00 -1.7651e+00 +1.6252e+00 -2.4451e+00 +1.2517e+00
2833 +1.412063706e+03 +1.412063706e+03 +1.399493706e+03 +1.399493706e+03 -1.9695e+00 +3.4540e+00 +9.9728e-01 -1.7156e+00 -1.6041e-02 +8.1186e-01 -4.0199e-01 +1.6115e+00 -1.3163e+00 +2.6890e+00 -3.3735e-01 +1.0233e+00 -2.0965e+00 -1.9581e+00 -2.9347e+00 -1.2495e+00 -1.7651e+00 +1.6252e+00 -2.4451e+00 +1.6188e+00
3003 +9.564988511e+02 +9.564988511e+02 +9.439288511e+02 +9.439288511e+02 -6.1213e-02 +3.6268e+00 +9.9728e-01 -2.1383e+00 +1.0510e+00 +8.1186e-01 +5.7079e-01 +8.5136e-01 +1.0553e+00 +2.6890e+00 -3.3710e-01 +1.0233e+00 -2.0965e+00 -1.9581e+00 -2.8957e+00 -1.2496e+00 -8.2764e-01 +1.6252e+00 -2.4451e+00 +1.2517e+00
3163 +2.465153282e+02 +2.465153282e+02 +2.339453282e+02 +2.339453282e+02 -6.1213e-02 +3.4540e+00 +9.9728e-01 -1.6531e+00 +2.7676e+00 -1.7145e+00 -2.0749e+00 +8.5918e-01 +1.0553e+00 +2.6890e+00 -3.3704e-01 +1.0233e+00 -2.0965e+00 -1.9581e+00 -2.4347e+00 -1.2495e+00 -1.7651e+00 +1.6252e+00 -2.4451e+00 +1.2517e+00
3897 +1.523308909e+02 +1.523308909e+02 +1.397608909e+02 +1.397608909e+02 -6.1213e-02 +3.4540e+00 +9.9728e-01 -2.1383e+00 +1.1135e+00 +8.1186e-01 -2.0749e+00 +8.5918e-01 +1.0553e+00 -7.8667e-02 -3.3704e-01 +1.0233e+00 -2.0965e+00 -1.9581e+00 -2.4347e+00 -1.2495e+00 -1.7651e+00 +1.6252e+00 -2.4451e+00 +1.2517e+00
3957 +6.661307819e+01 +6.661307819e+01 +5.404307819e+01 +5.404307819e+01 -1.9697e+00 +3.4852e+00 +9.9728e-01 -1.7156e+00 -1.6041e-02 +8.1186e-01 -4.0199e-01 +1.6115e+00 +1.0553e+00 -7.8651e-02 -3.3704e-01 +1.0233e+00 -2.0960e+00 -1.9581e+00 -2.4347e+00 -1.2495e+00 -1.7651e+00 +1.6252e+00 -2.4451e+00 +1.6188e+00
4136 +5.868457778e+01 +5.868457778e+01 +4.611457778e+01 +4.611457778e+01 -1.9690e+00 +3.4540e+00 +2.4973e+00 -1.7156e+00 -1.6041e-02 +8.1186e-01 -4.0199e-01 +1.6115e+00 +1.0553e+00 -7.8651e-02 -3.3704e-01 +1.0233e+00 -2.0960e+00 -1.9581e+00 -2.4347e+00 -1.2495e+00 -1.7651e+00 +1.6252e+00 -2.3826e+00 +1.2517e+00
4462 +3.236042000e+01 +3.236042000e+01 +1.979042000e+01 +1.979042000e+01 -6.1213e-02 +1.4540e+00 +9.9728e-01 -1.1531e+00 -1.6041e-02 +8.1180e-01 -4.0199e-01 +1.6115e+00 +1.0553e+00 -7.8651e-02 -4.6210e-01 +1.0233e+00 -2.0965e+00 -1.9581e+00 -2.3097e+00 -1.2495e+00 -1.7651e+00 +1.6252e+00 -2.4451e+00 +1.2517e+00
4746 +5.313571217e+00 +5.313571217e+00 -7.256428783e+00 -7.256428783e+00 -1.9697e+00 +3.4852e+00 +9.9728e-01 -1.7156e+00 -1.6041e-02 +2.8119e+00 -4.0199e-01 +1.6115e+00 +1.3163e+00 -7.8651e-02 -3.3704e-01 +1.0233e+00 -2.0960e+00 -1.9581e+00 -4.3470e-01 -1.2495e+00 -1.7651e+00 +1.6252e+00 -2.1951e+00 +1.6188e+00
% function evaluation | noise-free fitness - Fopt (-1.270400000000e+02) | best noise-free fitness - Fopt | measured fitness | best measured fitness | x1 | x2...
1 +2.905604531e+05 +2.905604531e+05 +2.904334131e+05 +2.904334131e+05 +1.3325e+00 +4.8615e+00 -2.6279e+00 -3.2885e-01 +2.2268e+00 -1.5454e+00 -1.3299e+00 -4.6611e+00 -5.0273e-02 -2.0075e+00 +7.1057e-01 +3.5444e+00 -1.4113e+00 +1.6400e+00 -4.8846e+00 +4.5764e+00 -4.0855e+00 +7.2015e-02 -4.8497e+00 +6.3741e-01
3 +1.905180168e+05 +1.905180168e+05 +1.903909768e+05 +1.903909768e+05 -1.9890e+00 +4.5017e+00 -2.5169e+00 +1.3893e+00 -3.5906e+00 +4.0038e+00 -4.3708e+00 +4.8369e-01 -1.7743e+00 -2.4339e-01 +2.7888e-01 -1.2185e+00 +1.6330e-01 +5.8094e-01 +9.7798e-01 +1.7346e+00 -2.0952e+00 -3.6667e+00 -4.2839e+00 +1.4552e+00
4 +1.315144995e+05 +1.315144995e+05 +1.313874595e+05 +1.313874595e+05 +3.9297e+00 +6.5396e-01 +3.8466e+00 +3.0822e+00 +4.0987e+00 +4.2289e+00 -1.2310e+00 -4.4724e+00 +6.8199e-01 -4.3717e+00 -5.7292e-01 -1.7393e+00 +3.0788e+00 +2.9829e+00 -1.6422e+00 -2.9278e+00 -4.0493e+00 +3.5294e+00 +3.8301e+00 -1.6528e+00
26 +8.140225028e+04 +8.140225028e+04 +8.127521028e+04 +8.127521028e+04 -3.3266e+00 -2.9400e+00 +2.9733e+00 +1.1742e+00 -9.9882e-01 -3.8754e+00 +3.6298e+00 +2.0265e+00 +6.4324e-02 +3.0220e+00 +1.0481e+00 -2.6505e+00 -4.3645e+00 -6.0852e-02 -2.4451e+00 +4.0331e+00 -3.8374e+00 -1.4786e+00 +5.8012e-01 -2.5256e+00
109 +5.324763630e+04 +5.324763630e+04 +5.312059630e+04 +5.312059630e+04 -4.8283e+00 +4.1970e+00 -4.0232e+00 -4.3526e+00 +1.3667e+00 -1.3892e+00 +3.4356e+00 +8.7958e-01 +1.5512e-01 +4.7564e+00 -4.3493e-01 +1.7241e-01 +2.0317e-01 -1.7727e-01 +3.6098e-01 -2.6806e-02 -2.6736e+00 -3.0167e+00 -2.6036e-02 +1.0323e+00
531 +3.361213572e+04 +3.361213572e+04 +3.348509572e+04 +3.348509572e+04 -3.7248e+00 -4.4908e+00 +2.6324e+00 -9.9868e-01 -4.3216e+00 -4.6519e+00 -1.0252e+00 -3.9369e+00 +4.0847e+00 +6.7852e-01 +3.1512e+00 -2.6327e+00 +2.0506e+00 -1.9483e+00 -2.6592e+00 -1.8116e+00 -9.7867e-01 -7.0208e-01 +2.1894e+00 +8.4968e-01
921 +1.776638547e+04 +1.776638547e+04 +1.763934547e+04 +1.763934547e+04 -1.9062e+00 +2.4260e+00 -1.0421e+00 -3.5065e+00 -2.7646e+00 -3.9701e+00 -1.7925e+00 +4.8369e-01 -1.8055e+00 -2.4339e-01 +2.7888e-01 -1.2185e+00 +1.6330e-01 -1.7129e+00 -2.9349e+00 -2.4487e+00 -3.1554e-01 -9.8319e-01 +3.0977e+00 -3.2665e+00
1061 +9.245509753e+03 +9.245509753e+03 +9.118469753e+03 +9.118469753e+03 +2.9763e+00 +3.7019e+00 +2.8686e+00 +3.2135e+00 +2.0593e+00 -4.4719e+00 -2.5092e+00 +3.6033e+00 -1.5560e+00 +2.7472e+00 -5.0982e-01 -9.1008e-01 -8.0172e-01 -1.8883e+00 -2.8297e+00 +2.9187e-01 -1.9917e+00 -2.8177e+00 +2.2728e+00 -2.1730e+00
1202 +6.014170134e+03 +6.014170134e+03 +5.887130134e+03 +5.887130134e+03 +2.9763e+00 -4.4908e+00 +2.6327e+00 +3.2135e+00 +2.0593e+00 -4.4719e+00 -2.5092e+00 +3.6033e+00 -1.5560e+00 +2.7472e+00 -5.0982e-01 -9.1008e-01 -8.0172e-01 -1.8883e+00 -2.8297e+00 -2.9187e-01 -1.9917e+00 -2.8178e+00 +2.2689e+00 -2.1730e+00
1981 +3.866700345e+03 +3.866700345e+03 +3.739660345e+03 +3.739660345e+03 +2.7263e+00 -4.4347e-01 +1.7092e+00 +2.8143e-01 -3.5578e-02 -1.3892e+00 +3.4356e+00 -2.0255e+00 +6.6277e-02 +3.0220e+00 -4.3493e-01 +1.7241e-01 +2.0317e-01 -1.9215e+00 -2.8297e+00 +2.9187e-01 -1.9917e+00 -2.8177e+00 +2.2728e+00 -2.1730e+00
2341 +2.184999130e+03 +2.184999130e+03 +2.057959130e+03 +2.057959130e+03 +2.9763e+00 -4.4341e-01 +1.7092e+00 +1.9419e+00 +2.0593e+00 -4.4719e+00 -2.0092e+00 +3.1528e+00 -1.5560e+00 +2.7472e+00 +1.2547e+00 +1.7241e-01 +2.0317e-01 -1.7727e-01 -2.6631e+00 -2.9187e-01 -1.9917e+00 -2.5677e+00 +2.2709e+00 -2.1730e+00
2837 +1.494811466e+03 +1.494811466e+03 +1.367771466e+03 +1.367771466e+03 +2.9919e+00 -1.3915e+00 -2.2438e+00 +3.2135e+00 +2.0593e+00 -4.4719e+00 -2.0092e+00 +3.6033e+00 -1.5560e+00 +2.7472e+00 -5.0982e-01 -9.1008e-01 +8.0172e-01 -1.7727e-01 -2.9349e+00 -1.8116e+00 -1.9787e+00 -7.0208e-01 +2.2727e+00 -2.1730e+00
3417 +9.933819926e+02 +9.933819926e+02 +8.663419926e+02 +8.663419926e+02 +2.9763e+00 -4.4347e-01 +1.7092e+00 +2.8143e-01 -1.0356e+00 -1.3892e+00 -7.6783e-01 +3.6033e+00 -1.5560e+00 +2.7475e+00 -5.0982e-01 -9.1007e-01 +8.0172e-01 -1.9405e+00 -2.6279e+00 -1.8116e+00 -9.7867e-01 -2.7021e+00 +2.2728e+00 -2.1730e+00
3543 +6.116118100e+02 +6.116118100e+02 +4.845718100e+02 +4.845718100e+02 +2.9763e+00 -4.4347e-01 +1.7092e+00 +2.8143e-01 -1.0356e+00 -1.3892e+00 -7.6783e-01 +3.6033e+00 -1.5560e+00 +2.7465e+00 -5.0982e-01 -9.1007e-01 +8.0172e-01 -1.7727e-01 -2.6631e+00 -7.9187e-01 -1.9917e+00 -1.9832e+00 +2.2709e+00 -2.1730e+00
4095 +3.748720093e+02 +3.748720093e+02 +2.478320093e+02 +2.478320093e+02 +2.9763e+00 -4.4446e-01 +1.2092e+00 +1.9419e+00 +6.5422e-01 -1.2662e+00 -7.6881e-01 -2.9455e-02 +6.6277e-02 +3.0220e+00 +1.2547e+00 +1.7241e-01 +2.2032e+00 -1.9404e+00 -2.6274e+00 -1.8116e+00 -9.7867e-01 -7.0208e-01 +2.2709e+00 -2.1730e+00
4695 +1.877421333e+02 +1.877421333e+02 +6.070213331e+01 +6.070213331e+01 +2.9763e+00 -4.4347e-01 +1.7092e+00 +2.8143e-01 -3.5563e-02 -1.2662e+00 -7.6881e-01 -2.9455e-02 +6.6277e-02 +3.0220e+00 -5.0982e-01 -9.1007e-01 +7.9782e-01 -1.7727e-01 -2.6279e+00 -1.8116e+00 -9.7672e-01 -7.0208e-01 +2.2572e+00 -2.1730e+00
4696 +1.127016581e+02 +1.127016581e+02 -1.433834189e+01 -1.433834189e+01 +2.7263e+00 -4.4347e-01 +1.7092e+00 +2.8143e-01 -3.5563e-02 -1.2657e+00 -7.6881e-01 -2.9455e-02 +6.6277e-02 +3.0220e+00 -5.1006e-01 -9.1007e-01 +7.9782e-01 -1.8508e-01 -2.6279e+00 -1.8116e+00 -9.7672e-01 -7.0208e-01 +2.2572e+00 -2.1730e+00
4801 +9.967434598e+01 +9.967434598e+01 -2.736565402e+01 -2.736565402e+01 +9.7626e-01 -4.4347e-01 +1.7027e+00 +2.8143e-01 -3.5563e-02 -1.2662e+00 -7.6881e-01 +2.6072e+00 -1.0560e+00 +2.7472e+00 -4.1833e-01 -9.1008e-01 +8.0172e-01 -1.7727e-01 -2.6279e+00 -1.8116e+00 -9.7672e-01 -7.0208e-01 +2.2572e+00 -2.1730e+00
% function evaluation | noise-free fitness - Fopt (-3.752000000000e+01) | best noise-free fitness - Fopt | measured fitness | best measured fitness | x1 | x2...
1 +1.337958161e+05 +1.337958161e+05 +1.337582961e+05 +1.337582961e+05 -3.9630e+00 +4.1505e+00 +2.6108e+00 +1.2645e+00 -2.5621e+00 -4.2500e+00 -1.5875e+00 -3.1095e+00 -2.9195e+00 -2.7415e+00 +3.3894e+00 -3.8561e+00 +2.4968e-02 -3.0844e-01 +4.6469e+00 +4.2708e+00 +3.0660e+00 +3.4218e+00 +3.3685e+00 -4.4396e+00
9 +4.586489073e+04 +4.586489073e+04 +4.582737073e+04 +4.582737073e+04 -1.0299e+00 -1.2925e+00 +1.7440e+00 -2.4200e+00 -1.7799e+00 -2.9592e+00 +4.9581e+00 +6.4317e-01 -1.9556e-01 -7.8441e-01 -2.2917e+00 -1.7435e+00 -4.9748e+00 -3.1218e+00 +1.6034e+00 +7.1124e-01 +3.1220e+00 +2.0779e+00 +7.4169e-02 -2.1026e+00
161 +3.607769595e+04 +3.607769595e+04 +3.604017595e+04 +3.604017595e+04 +1.0238e+00 -8.9573e-01 -2.0647e+00 +3.7215e+00 +6.7145e-01 +4.1074e+00 -1.2993e+00 -1.9686e+00 +5.1003e-01 -7.3198e-01 -1.9335e+00 -1.6696e-01 -4.4134e+00 -7.9691e-01 -1.4956e+00 -3.7717e+00 -1.4031e+00 +4.1753e+00 +1.2776e+00 -2.0928e+00
585 +2.229730734e+04 +2.229730734e+04 +2.225978734e+04 +2.225978734e+04 -1.9292e+00 -4.1206e+00 +2.9744e+00 +3.5623e+00 -2.3709e-01 +1.8789e+00 -2.2641e+00 -2.1224e+00 +4.7857e+00 -1.5229e+00 +7.9210e-01 +2.7348e+00 -5.4583e-01 +2.3494e+00 +1.0903e+00 -3.4023e+00 +1.0545e+00 +1.8562e+00 +2.2730e+00 -1.9437e+00
851 +1.287218998e+04 +1.287218998e+04 +1.283466998e+04 +1.283466998e+04 +4.0512e+00 +1.7996e+00 -2.0274e-01 +2.9167e+00 +1.9934e+00 +3.8398e+00 +3.9982e+00 +2.3260e+00 -3.2467e-01 +2.5108e+00 +1.4672e+00 -3.1497e-01 -2.7870e+00 +8.1350e-02 +1.8655e+00 +2.9393e-01 +3.1544e+00 +3.0670e+00 -1.4726e-01 -1.5680e+00
1177 +8.041948227e+03 +8.041948227e+03 +8.004428227e+03 +8.004428227e+03 +1.0238e+00 -3.9573e-01 -6.4697e-02 +3.7215e+00 +6.7145e-01 +4.1074e+00 +3.9982e+00 +2.3260e+00 -3.2467e-01 +2.5108e+00 +1.3790e+00 -3.3479e+00 +5.2790e-01 +1.2379e+00 +4.9840e-01 -5.5620e-01 +2.8528e+00 +1.8562e+00 +2.2730e+00 -1.9437e+00
1371 +4.788621922e+03 +4.788621922e+03 +4.751101922e+03 +4.751101922e+03 +3.3052e+00 +2.1300e+00 -3.2290e+00 +2.3463e+00 +5.1227e-01 +2.3049e+00 +4.5976e-03 -2.3767e+00 -8.5962e-02 +2.0015e-01 +1.8664e+00 -2.3808e-01 +2.7533e-01 +9.3180e-01 +1.1674e+00 -2.2290e+00 -3.8798e-01 +9.6798e-01 +2.6645e+00 -2.8490e+00
1455 +2.667230393e+03 +2.667230393e+03 +2.629710393e+03 +2.629710393e+03 +3.3052e+00 +2.1300e+00 -3.2290e+00 +2.3463e+00 +5.4352e-01 +2.2971e+00 +4.5976e-03 -2.3767e+00 -8.5962e-02 +2.0015e-01 +1.8664e+00 -2.1198e+00 -2.6675e+00 +1.5165e-01 +2.3434e+00 +2.9393e-01 +3.1543e+00 +8.4298e-01 +3.1621e+00 -1.7209e+00
1852 +2.112738962e+03 +2.112738962e+03 +2.075218962e+03 +2.075218962e+03 -1.9292e+00 +2.1300e+00 -3.2290e+00 +2.3463e+00 +5.1227e-01 +2.3049e+00 +4.5976e-03 -2.3767e+00 -8.5962e-02 +2.0015e-01 +2.7921e+00 -2.4199e-01 +2.7533e-01 +9.3180e-01 +1.1674e+00 -3.1523e+00 +1.0545e+00 +1.8562e+00 +2.2730e+00 -1.9437e+00
2133 +1.352417918e+03 +1.352417918e+03 +1.314897918e+03 +1.314897918e+03 +3.3052e+00 +2.1300e+00 -3.2290e+00 +2.3473e+00 +5.4352e-01 +2.2971e+00 +4.5976e-03 -2.3767e+00 -8.5962e-02 +2.0015e-01 +1.8664e+00 -2.1198e+00 -2.6675e+00 +1.5165e-01 +2.3434e+00 +2.9381e-01 +3.1543e+00 +1.8562e+00 +2.2730e+00 -1.7209e+00
2325 +4.161088776e+00 +4.161088776e+00 -3.335891122e+01 -3.335891122e+01 -1.9292e+00 -6.4597e-01 -2.0647e+00 +2.3463e+00 +5.1227e-01 +2.3049e+00 +4.5973e-03 -2.3767e+00 -8.5962e-02 +1.7412e+00 +1.3564e+00 -1.7435e+00 -5.4583e-01 +2.3494e+00 +1.0903e+00 -2.4023e+00 +1.0545e+00 +1.9812e+00 +2.2730e+00 -1.9437e+00
3565 +3.923600988e+00 +3.923600988e+00 -3.359639901e+01 -3.359639901e+01 -1.9292e+00 -6.4597e-01 -2.0647e+00 +2.3463e+00 +5.1227e-01 +2.3049e+00 +1.0046e+00 -2.3766e+00 -8.5962e-02 +1.7412e+00 +1.3564e+00 -1.7435e+00 -5.4583e-01 +2.3494e+00 +1.0922e+00 -2.4023e+00 +1.0545e+00 +1.9812e+00 +2.2730e+00 -1.9437e+00
% function evaluation | noise-free fitness - Fopt (-3.311600000000e+02) | best noise-free fitness - Fopt | measured fitness | best measured fitness | x1 | x2...
1 +4.164143006e+05 +4.164143006e+05 +4.160831406e+05 +4.160831406e+05 +4.0326e+00 +2.1489e+00 -3.3668e-01 +2.2874e-01 -3.7575e+00 +4.6110e+00 -1.0302e+00 +8.3753e-01 -4.9439e+00 -4.0054e+00 -1.9237e+00 +2.5526e+00 -4.0044e+00 +5.1716e-01 -3.4946e+00 -4.2022e+00 -1.5304e+00 -4.5224e+00 +1.6541e+00 -4.9858e-01
2 +1.825364495e+05 +1.825364495e+05 +1.822052895e+05 +1.822052895e+05 -4.0130e+00 -1.0983e+00 +3.9953e-01 +3.6589e+00 +4.5364e+00 -4.1501e+00 +9.2094e-01 -2.8410e+00 -1.0359e+00 +4.7203e+00 -3.8126e+00 -8.8586e-01 -3.8174e+00 -4.4453e+00 +4.4013e+00 +1.0172e+00 +2.7588e-01 +1.5193e+00 +1.1461e+00 -4.2788e+00
3 +1.033027405e+05 +1.033027405e+05 +1.029715805e+05 +1.029715805e+05 +3.3258e+00 -1.8811e+00 -4.5951e+00 +2.5058e+00 -4.4215e+00 -4.5109e+00 -7.4163e-01 +4.9928e+00 +3.3905e+00 -3.6530e+00 +2.7189e+00 -2.5192e+00 +4.7609e+00 +3.4159e+00 +4.7712e+00 -7.2191e-01 -2.2392e-01 +3.0733e+00 -3.6678e+00 +8.9016e-01
4 +8.925974014e+04 +8.925974014e+04 +8.892858014e+04 +8.892858014e+04 -1.0255e+00 -1.9884e+00 +2.2775e+00 -4.3719e-01 +1.3108e+00 -3.8080e+00 +2.9407e+00 +2.8439e+00 -4.5471e+00 +5.8906e-01 -9.3993e-01 +2.8912e-01 -1.9311e+00 +4.4238e+00 +4.9702e+00 +1.9229e+00 +2.1145e-03 -2.3635e+00 -1.3117e+00 -2.8483e+00
45 +5.529239668e+04 +5.529239668e+04 +5.496123668e+04 +5.496123668e+04 -2.1138e+00 +2.5189e+00 +2.6070e+00 +4.5192e+00 +4.6365e+00 -2.1209e+00 -2.1644e+00 +3.1203e-01 +4.1078e+00 -3.6073e+00 +1.2364e+00 -1.6562e+00 -1.1820e+00 +6.6288e-01 +2.8743e+00 -2.3194e+00 +3.9830e+00 +3.7997e+00 -1.0945e-01 -2.1119e+00
144 +3.972506728e+04 +3.972506728e+04 +3.939390728e+04 +3.939390728e+04 +1.5714e+00 +2.0642e-01 -3.2452e+00 +9.2475e-01 -1.2509e+00 -4.0857e+00 +3.5735e+00 -3.7140e+00 -1.0735e+00 -2.7242e+00 +7.1911e-01 -2.6008e+00 -1.5149e+00 -2.0685e+00 +1.2436e+00 +3.0626e+00 +1.6995e+00 +6.1758e-01 -4.6035e+00 -2.1040e+00
561 +2.175343991e+04 +2.175343991e+04 +2.142227991e+04 +2.142227991e+04 +1.5714e+00 +2.0642e-01 -3.2452e+00 +9.2475e-01 -1.2509e+00 -4.0857e+00 +3.5735e+00 -3.7140e+00 -1.0735e+00 -2.7242e+00 +7.1911e-01 -2.6008e+00 -1.5149e+00 +3.5953e+00 +4.5060e+00 -1.0574e-01 +1.6899e+00 +1.0626e+00 -2.6004e+00 -2.1040e+00
1327 +1.067867873e+04 +1.067867873e+04 +1.034751873e+04 +1.034751873e+04 +1.5714e+00 +2.0642e-01 -3.2296e+00 -3.7395e+00 +6.1252e-01 -1.3685e+00 -3.3723e+00 -2.9298e-01 +9.9831e-02 -8.5949e-01 +1.3591e+00 +2.0450e+00 +4.4234e+00 +7.0687e-02 +3.2212e+00 -1.0574e-01 +1.6899e+00 +1.0626e+00 -2.6004e+00 -2.1040e+00
1444 +6.705720035e+03 +6.705720035e+03 +6.374560035e+03 +6.374560035e+03 +1.5714e+00 +2.0642e-01 -3.2296e+00 -3.7395e+00 +6.1252e-01 -1.3724e+00 -1.1328e+00 -3.0344e+00 +9.9831e-02 -8.5943e-01 +1.3591e+00 +4.4990e-02 +4.4234e+00 +7.0687e-02 +3.2212e+00 -1.0574e-01 +1.6899e+00 +1.0626e+00 -2.6004e+00 -2.1040e+00
1499 +5.150647626e+03 +5.150647626e+03 +4.819487626e+03 +4.819487626e+03 +1.5714e+00 +2.0642e-01 -3.2296e+00 +9.2573e-01 -1.2509e+00 -2.5004e+00 -9.8210e-02 +1.0506e+00 -1.7848e+00 -2.7242e+00 +7.1911e-01 -2.6164e+00 -1.2628e-01 +7.7338e-01 +3.4299e+00 +3.0626e+00 +1.6995e+00 +6.1758e-01 -2.6003e+00 -2.1039e+00
1833 +2.821367223e+03 +2.821367223e+03 +2.490207223e+03 +2.490207223e+03 +1.5715e+00 +2.0642e-01 -3.2296e+00 +9.2475e-01 -1.2509e+00 -2.5004e+00 -1.0982e+00 +1.0506e+00 -1.7848e+00 -2.7242e+00 +7.1911e-01 -2.6008e+00 -1.2628e-01 +3.5953e+00 +5.0592e-01 -1.0574e-01 +1.6899e+00 +1.0626e+00 -2.6005e+00 -2.1040e+00
2327 +2.043212502e+03 +2.043212502e+03 +1.712052502e+03 +1.712052502e+03 +1.5714e+00 +2.0642e-01 -3.2296e+00 +9.2475e-01 -1.8862e+00 -3.0206e+00 +3.3264e-01 -1.2143e+00 -1.0735e+00 -2.7242e+00 +1.3591e+00 +4.4990e-02 -1.2628e-01 -7.2641e-02 +3.2212e+00 -1.0574e-01 +1.6899e+00 +1.0626e+00 -2.6004e+00 -2.1040e+00
2642 +1.383336792e+03 +1.383336792e+03 +1.052176792e+03 +1.052176792e+03 +1.5714e+00 +2.0642e-01 -3.2296e+00 +9.8725e-01 -1.2529e+00 -2.5004e+00 -1.0982e+00 +1.0506e+00 -1.7848e+00 -2.7242e+00 +7.1911e-01 -9.4562e-01 -1.2628e-01 +7.0687e-02 +3.2212e+00 -1.0574e-01 +1.6899e+00 +1.0626e+00 -2.6005e+00 -2.1040e+00
2763 +4.420253347e+02 +4.420253347e+02 +1.108653347e+02 +1.108653347e+02 +1.5715e+00 +2.0642e-01 -3.2296e+00 +9.2475e-01 -1.2509e+00 -2.5004e+00 -1.0982e+00 +1.0506e+00 -1.0735e+00 -2.7242e+00 +7.1911e-01 -2.6164e+00 -1.2677e-01 +7.7338e-01 +9.0166e-01 +2.3143e-01 +1.6995e+00 +6.1758e-01 -2.6005e+00 -2.1040e+00
2959 +2.967445289e+02 +2.967445289e+02 -3.441547105e+01 -3.441547105e+01 +1.5714e+00 +2.0691e-01 -3.2296e+00 +9.2475e-01 -1.2509e+00 -3.0206e+00 +3.3264e-01 -1.2143e+00 -1.0735e+00 -2.7242e+00 +7.1911e-01 -2.6164e+00 -1.2677e-01 +7.7338e-01 +9.0166e-01 +2.3143e-01 +1.6995e+00 +6.1758e-01 -2.6005e+00 -2.1040e+00
3262 +3.945175408e+01 +3.945175408e+01 -2.917082459e+02 -2.917082459e+02 +1.5714e+00 +2.0642e-01 -3.2296e+00 +9.2573e-01 -1.0009e+00 -2.0907e+00 -1.9122e+00 -4.1798e-01 +9.9831e-02 -8.5946e-01 +7.1911e-01 -2.1164e+00 +1.5149e+00 +7.0687e-02 +9.0166e-01 +2.2314e+00 +1.6995e+00 +6.1758e-01 -2.6083e+00 -2.1040e+00
4145 +2.444134501e+01 +2.444134501e+01 -3.067186550e+02 -3.067186550e+02 +1.5714e+00 +2.3816e-01 -3.2296e+00 +9.2475e-01 -1.2549e+00 -2.5004e+00 +3.4046e-01 -2.1417e-01 -1.0735e+00 -8.5943e-01 +7.1911e-01 -2.6164e+00 -1.2640e-01 +7.7338e-01 +9.0166e-01 +7.3143e-01 +1.6995e+00 +6.1758e-01 -2.6005e+00 -2.1040e+00
4336 +1.025923285e+01 +1.025923285e+01 -3.209007672e+02 -3.209007672e+02 +1.6026e+00 +2.0642e-01 -2.2453e+00 +9.2475e-01 -1.2507e+00 -3.0206e+00 -1.9122e+00 -2.1417e-01 -7.8483e-01 -2.7245e+00 +7.1911e-01 -2.6008e+00 -1.2628e-01 +7.7338e-01 +6.4983e-01 +2.2314e+00 +1.6995e+00 +6.1758e-01 -2.6004e+00 -2.1040e+00
4384 +5.605912764e+00 +5.605912764e+00 -3.255540872e+02 -3.255540872e+02 +1.5714e+00 +2.0643e-01 -2.2453e+00 +9.2475e-01 -1.2507e+00 -3.0206e+00 -1.9122e+00 -2.1417e-01 -1.7848e+00 -8.5943e-01 +7.1959e-01 -2.6164e+00 -1.2628e-01 +7.7338e-01 +9.0166e-01 +7.3143e-01 +1.6996e+00 +6.1758e-01 -2.6005e+00 -2.1040e+00
% function evaluation | noise-free fitness - Fopt (4.481000000000e+01) | best noise-free fitness - Fopt | measured fitness | best measured fitness | x1 | x2...
1 +1.589690273e+05 +1.589690273e+05 +1.590138373e+05 +1.590138373e+05 +1.8659e+00 +3.0769e+00 -2.9894e+00 +4.8929e+00 -2.4086e+00 +1.1847e-01 -5.1219e-01 +1.4870e+00 +6.3126e-01 +1.1263e+00 +2.0315e+00 +3.3024e+00 +4.2903e+00 -2.7939e+00 -2.4178e-01 -2.1076e+00 +1.8014e-01 -1.2166e+00 -2.3959e+00 -5.4642e-01
5 +7.071870015e+04 +7.071870015e+04 +7.076351015e+04 +7.076351015e+04 -6.5068e-01 +6.6316e-01 -3.7950e+00 -2.7880e+00 -4.9246e+00 +3.8148e-01 -3.3724e-01 -1.5820e+00 -3.2228e+00 -4.6065e-01 -7.7541e-01 -2.5036e+00 +2.0841e+00 +2.4923e+00 -1.7704e+00 -3.7302e+00 +1.0097e+00 +2.2534e+00 -2.3967e-01 +3.6544e+00
97 +5.706219449e+04 +5.706219449e+04 +5.710700449e+04 +5.710700449e+04 -3.2380e+00 +3.3184e+00 -9.4057e-01 -4.5799e+00 -1.6820e+00 -4.3271e-01 +6.1733e-01 -6.4078e-01 +1.1840e+00 -1.7286e-01 +2.4166e+00 +2.6314e+00 -1.9354e+00 -2.9389e+00 +1.8228e+00 -5.8300e-01 +7.3912e-01 -1.5303e+00 +3.6513e+00 +2.1002e+00
367 +3.673092026e+04 +3.673092026e+04 +3.677573026e+04 +3.677573026e+04 +2.0343e+00 -3.2142e+00 +8.9491e-01 -4.4165e+00 +4.2803e+00 +2.0614e+00 +4.7550e+00 -1.9239e+00 +1.5610e-01 -1.4904e+00 +3.2110e+00 +2.1785e+00 -2.3877e+00 -3.2795e+00 -4.1648e+00 -1.0300e+00 +1.0248e+00 +2.2307e+00 +1.0428e+00 +1.8000e+00
711 +2.225315611e+04 +2.225315611e+04 +2.229796611e+04 +2.229796611e+04 -3.6717e+00 -1.1405e+00 +4.9492e+00 -1.9428e+00 +4.7312e+00 -1.3976e+00 +7.9443e-01 +1.5564e+00 +8.3447e-02 -1.6561e+00 -5.2993e-01 +1.0601e+00 -1.7780e+00 -5.9239e-01 -3.5586e+00 -3.9523e-01 +1.1787e+00 +3.5829e+00 +3.5835e-01 +4.5574e-01
1415 +1.455467846e+04 +1.455467846e+04 +1.459948846e+04 +1.459948846e+04 +3.8363e-01 -1.5349e-01 +3.2240e+00 -4.5258e+00 -1.4734e+00 +9.2470e-01 +1.0350e+00 -1.7582e+00 +8.3447e-02 -1.6561e+00 -5.2993e-01 +1.0601e+00 -1.7780e+00 -1.4553e+00 -1.7243e+00 +1.1130e+00 -6.9873e-01 +8.8979e-01 +7.3621e-01 +2.5165e+00
1697 +7.491668810e+03 +7.491668810e+03 +7.536478810e+03 +7.536478810e+03 +2.0324e+00 +4.0004e+00 -2.4106e+00 -1.9428e+00 +4.7312e+00 -1.3976e+00 +2.2936e+00 -1.7602e+00 +8.3447e-02 -1.6483e+00 -5.2993e-01 +1.0601e+00 -1.7780e+00 -7.1739e-01 -3.5586e+00 -3.9523e-01 -6.9874e-01 +2.2307e+00 +1.0428e+00 +1.8000e+00
1783 +6.099601503e+03 +6.099601503e+03 +6.144411503e+03 +6.144411503e+03 +3.8363e-01 -1.5349e-01 -2.4106e+00 +3.5024e+00 +3.0830e-02 +2.4198e+00 +2.2936e+00 -2.0180e+00 +2.7456e+00 -1.2109e+00 +2.2097e+00 +1.0601e+00 -7.6485e-01 -3.2805e+00 +1.1609e+00 -3.9526e-01 -6.9880e-01 +1.7739e+00 +1.9265e+00 +2.5790e+00
2407 +3.114488885e+03 +3.114488885e+03 +3.159298885e+03 +3.159298885e+03 +2.0343e+00 +4.0009e+00 -2.4106e+00 +3.5024e+00 +1.9012e+00 +2.4120e+00 +2.2936e+00 -2.0180e+00 +2.7456e+00 -1.2109e+00 +2.2097e+00 +1.0601e+00 -9.3282e-01 -5.9239e-01 -3.5586e+00 -2.1462e+00 -6.9880e-01 +1.7739e+00 +1.0428e+00 +2.5165e+00
2418 +1.540810152e+03 +1.540810152e+03 +1.585620152e+03 +1.585620152e+03 +3.3755e+00 +2.0004e+00 +1.2047e+00 +1.1949e+00 -3.5050e-01 +2.4198e+00 +1.6070e+00 -1.7582e+00 +2.8722e+00 +1.4937e+00 +1.3292e+00 +3.3271e-01 -1.7780e+00 -1.4553e+00 -1.7263e+00 -2.3955e+00 +2.4810e-02 +2.2317e+00 +1.0428e+00 +1.7990e+00
2570 +1.867312257e+02 +1.867312257e+02 +2.315412257e+02 +2.315412257e+02 +2.0422e+00 +4.0009e+00 -2.4106e+00 +3.5024e+00 +1.9012e+00 +2.4120e+00 +2.2936e+00 -1.7582e+00 +8.3447e-02 -1.6483e+00 -5.2993e-01 -1.0540e+00 -1.7780e+00 -5.9239e-01 -1.5993e+00 -1.0300e+00 -1.0248e+00 +2.2307e+00 +1.0428e+00 +1.8000e+00
3813 +1.339122187e+02 +1.339122187e+02 +1.787222187e+02 +1.787222187e+02 +2.0324e+00 +4.0004e+00 -2.4731e+00 +1.1950e+00 +3.0830e-02 +2.4198e+00 +1.6070e+00 -1.7582e+00 +8.3447e-02 -1.2109e+00 +2.2097e+00 -1.0540e+00 -7.6485e-01 -5.8458e-01 -1.5586e+00 -3.9523e-01 -6.9874e-01 +1.0750e+00 +1.0428e+00 +1.8000e+00
3975 +7.915996341e+01 +7.915996341e+01 +1.239699634e+02 +1.239699634e+02 +2.4030e+00 +4.0009e+00 -2.4731e+00 +1.1950e+00 +3.0830e-02 +2.2637e+00 +1.6070e+00 -1.7582e+00 +8.3447e-02 -1.6561e+00 +2.2097e+00 +3.3272e-01 -1.7780e+00 -5.9239e-01 -1.7243e+00 -1.0300e+00 -1.1498e+00 +2.2307e+00 +1.0428e+00 +1.8000e+00
4023 +2.736307596e+01 +2.736307596e+01 +7.217307596e+01 +7.217307596e+01 +2.0343e+00 +2.0004e+00 +1.1891e+00 +1.1950e+00 -3.5050e-01 +2.2871e+00 +1.6070e+00 -1.7582e+00 +8.3447e-02 -1.2109e+00 +2.2097e+00 -1.0540e+00 -7.6485e-01 -5.8458e-01 -1.5586e+00 -3.9523e-01 -6.9874e-01 +1.0750e+00 +1.0428e+00 +2.5165e+00
4249 +6.346424776e+00 +6.346424776e+00 +5.115642478e+01 +5.115642478e+01 +2.0343e+00 +2.0004e+00 +1.1891e+00 +1.1950e+00 -3.5050e-01 +2.2871e+00 +1.6070e+00 -1.7504e+00 +2.0834e+00 -1.2109e+00 +2.2097e+00 -1.0540e+00 -7.6485e-01 -5.8458e-01 -1.5586e+00 -2.1462e+00 -6.9874e-01 +1.0750e+00 +1.0428e+00 +2.5165e+00
4597 +4.788487723e+00 +4.788487723e+00 +4.959848772e+01 +4.959848772e+01 +2.0422e+00 -1.5349e-01 +1.2047e+00 +1.1950e+00 +3.0830e-02 +2.4198e+00 +1.6070e+00 -1.7582e+00 +8.3447e-02 -1.2109e+00 +2.2097e+00 -1.0540e+00 -7.6485e-01 -5.8458e-01 -1.5586e+00 -1.0300e+00 -1.1498e+00 +2.2307e+00 +1.0428e+00 +1.8000e+00
4852 +3.865540400e+00 +3.865540400e+00 +4.867554040e+01 +4.867554040e+01 +2.0324e+00 +2.0160e+00 +1.2050e+00 +1.1950e+00 +3.0830e-02 +2.2637e+00 +2.2936e+00 -1.7582e+00 +8.3447e-02 -1.6561e+00 +2.2077e+00 -1.0544e+00 -7.6485e-01 -8.4236e-01 -1.7263e+00 -2.1462e+00 -6.9874e-01 +1.0750e+00 +1.0428e+00 +1.8000e+00
% function evaluation | noise-free fitness - Fopt (-1.764600000000e+02) | best noise-free fitness - Fopt | measured fitness | best measured fitness | x1 | x2...
1 +1.861876422e+05 +1.861876422e+05 +1.860111822e+05 +1.860111822e+05 +3.9145e+00 -4.7812e+00 -6.2227e-01 +2.1237e+00 -1.5803e+00 +5.8692e-01 -4.4415e+00 +1.3718e+00 -3.2381e+00 +4.6992e+00 +2.8560e+00 +2.9122e+00 +4.8110e+00 +2.7639e+00 -4.3942e+00 +4.0850e+00 +2.7868e+00 +1.7523e+00 -2.1835e+00 +7.5379e-01
2 +1.099337514e+05 +1.099337514e+05 +1.097572914e+05 +1.097572914e+05 +3.0620e+00 -1.8101e+00 +4.9076e+00 +3.0870e-01 -3.6256e+00 -1.9891e+00 +4.2020e+00 -8.4065e-01 +5.1422e-01 -4.3142e+00 -5.5190e-01 -3.0397e+00 -4.6479e+00 -1.0649e+00 +1.8693e+00 -8.0311e-01 -1.7342e-02 +3.9908e+00 +2.5101e+00 +3.9672e+00
5 +9.427569308e+04 +9.427569308e+04 +9.409923308e+04 +9.409923308e+04 -4.7549e+00 +2.0692e+00 -3.9478e+00 +1.6060e+00 -3.8875e+00 -2.5277e+00 -1.6814e+00 +1.2646e+00 +1.8847e+00 -4.3042e+00 -3.3421e-01 -2.4945e+00 -1.9371e+00 +1.4723e+00 +3.6323e+00 -1.5448e-01 -3.2499e+00 +2.2795e+00 -2.8181e+00 +7.0796e-01
17 +5.239636293e+04 +5.239636293e+04 +5.221990293e+04 +5.221990293e+04 +3.3280e+00 +3.6243e+00 +3.1924e+00 +2.3736e+00 -2.6892e-01 -3.5728e+00 +5.6539e-01 -2.9591e+00 -3.1200e+00 -5.8243e-01 +4.5520e-01 -4.3855e-01 -1.8994e+00 -6.0418e-02 -1.8545e+00 +1.4251e-01 -6.9368e-01 +2.6793e+00 -1.2054e+00 +3.6318e+00
332 +3.753414498e+04 +3.753414498e+04 +3.735768498e+04 +3.735768498e+04 -1.1611e+00 -4.2966e-01 -2.3297e+00 -1.1811e+00 +4.1965e+00 +3.6082e+00 -1.6296e+00 -7.4994e-01 -1.8288e+00 -6.6194e-01 -4.0559e+00 -1.0444e+00 +3.2043e+00 -3.7921e+00 +3.8432e+00 +2.0050e+00 -2.4721e+00 +1.0858e+00 +1.9103e+00 +4.1502e+00
657 +2.076073568e+04 +2.076073568e+04 +2.058427568e+04 +2.058427568e+04 -4.7299e+00 +4.4618e+00 +3.8831e+00 -8.2565e-01 -5.2997e-01 +4.2721e+00 +3.6733e+00 -7.5965e-01 +8.0922e-01 +1.1933e+00 -2.7771e+00 -1.9334e+00 -1.0331e+00 -2.2014e+00 +3.4569e+00 +1.9677e+00 -9.8378e-01 +2.8552e+00 +1.2838e+00 -2.4849e-01
1163 +1.308789778e+04 +1.308789778e+04 +1.291143778e+04 +1.291143778e+04 +2.0091e+00 +2.2515e+00 +2.7068e+00 -2.1605e+00 -5.2997e-01 +4.2721e+00 +3.6733e+00 -7.5965e-01 +8.0922e-01 +1.1933e+00 -2.7771e+00 -1.9256e+00 -1.0351e+00 -2.2326e+00 +2.5355e+00 -9.2360e-01 -2.3357e-01 +1.7201e+00 +1.1296e+00 +2.4740e+00
1465 +8.504358028e+03 +8.504358028e+03 +8.327898028e+03 +8.327898028e+03 +2.0089e+00 +2.2515e+00 +2.7068e+00 -2.1605e+00 -5.2997e-01 +4.2721e+00 +3.6733e+00 -7.5965e-01 +8.0922e-01 +1.1933e+00 -2.7771e+00 -1.9334e+00 -1.0331e+00 -2.2014e+00 +2.5042e+00 +2.5842e+00 -9.8378e-01 +1.9720e+00 +1.1295e+00 +2.4740e+00
1617 +4.756281992e+03 +4.756281992e+03 +4.579821992e+03 +4.579821992e+03 -3.2548e+00 -1.9809e+00 -2.2851e+00 -1.8831e+00 -2.2444e-01 -1.5852e-01 -2.8610e-01 -7.4994e-01 +1.2682e+00 +1.9702e+00 +1.2350e+00 -4.5764e-01 +2.9798e+00 -2.0586e+00 +1.2331e+00 +1.9677e+00 -9.8378e-01 +2.8552e+00 +1.2838e+00 +3.3060e+00
1927 +3.158074779e+03 +3.158074779e+03 +2.981614779e+03 +2.981614779e+03 -4.7532e+00 -1.0047e+00 -7.2759e-02 -1.8546e+00 +2.6648e+00 -1.1703e+00 -3.5714e+00 +8.3300e-01 +1.2682e+00 +1.9702e+00 -1.3295e+00 -1.2593e+00 +2.5087e+00 -5.9745e-01 +2.5042e+00 +2.5842e+00 -9.8378e-01 +2.8552e+00 +1.2838e+00 +2.4740e+00
2085 +1.500251198e+03 +1.500251198e+03 +1.323791198e+03 +1.323791198e+03 +2.0091e+00 -1.9809e+00 -2.2929e+00 -1.8831e+00 -2.2444e-01 -1.5852e-01 -2.8610e-01 -7.4994e-01 +1.3307e+00 +1.9702e+00 +1.2350e+00 -4.5764e-01 +2.9798e+00 -2.0586e+00 +1.2331e+00 +1.9677e+00 -2.3357e-01 +1.7201e+00 +1.1296e+00 +2.4740e+00
2433 +7.155503410e+02 +7.155503410e+02 +5.390903410e+02 +5.390903410e+02 +2.0088e+00 +2.2515e+00 -2.2851e+00 -1.8831e+00 -2.2444e-01 -1.5852e-01 -2.8610e-01 -7.4994e-01 +1.2682e+00 +1.9702e+00 -2.7771e+00 -1.9334e+00 -2.2834e-01 -4.5555e-01 +1.2331e+00 +2.6154e+00 -9.8378e-01 +2.8552e+00 +1.2838e+00 +2.4740e+00
2976 +6.073855621e+02 +6.073855621e+02 +4.309255621e+02 +4.309255621e+02 -2.4537e+00 -1.9809e+00 -3.2276e-01 -1.8527e+00 +2.6569e+00 -1.1710e+00 -3.5089e+00 +8.3300e-01 +1.2682e+00 +1.9702e+00 -1.3295e+00 -1.2593e+00 +2.4798e+00 -2.0586e+00 +1.2331e+00 +1.4677e+00 -9.8378e-01 +2.8552e+00 +1.2838e+00 +9.9354e-01
3147 +3.612423390e+02 +3.612423390e+02 +1.847823390e+02 +1.847823390e+02 +2.0091e+00 -1.9809e+00 -3.2929e+00 -2.1615e+00 -2.2444e-01 -1.5852e-01 -2.8610e-01 -7.4994e-01 +1.2525e+00 +1.9700e+00 -1.0795e+00 -1.2593e+00 +2.5087e+00 -5.9745e-01 +1.2331e+00 +1.9677e+00 -2.3162e-01 +1.7206e+00 +1.1296e+00 +2.4740e+00
3421 +2.073639441e+02 +2.073639441e+02 +3.090394406e+01 +3.090394406e+01 +1.3977e+00 -1.0047e+00 -2.2968e+00 -1.8831e+00 -2.2444e-01 -1.5852e-01 -2.8610e-01 -7.4994e-01 +1.3307e+00 +1.9335e-01 -2.7771e+00 -4.5764e-01 +2.9798e+00 +1.3072e-01 +1.2331e+00 +1.9677e+00 -2.3357e-01 +1.7201e+00 +1.1296e+00 +2.4740e+00
3479 +1.508822774e+02 +1.508822774e+02 -2.557772259e+01 -2.557772259e+01 +2.0713e+00 +2.2515e+00 -2.2851e+00 -1.8831e+00 -2.2444e-01 -1.5864e-01 -2.8610e-01 +8.3300e-01 +1.2682e+00 +1.9702e+00 -1.3295e+00 -1.2593e+00 +2.4798e+00 -2.0586e+00 +1.2331e+00 +1.4677e+00 -9.8378e-01 +2.3552e+00 +1.2838e+00 +2.4740e+00
3799 +7.945607033e+01 +7.945607033e+01 -9.700392967e+01 -9.700392967e+01 +1.3977e+00 -1.0047e+00 -2.4101e+00 -1.8831e+00 -2.2444e-01 -1.5852e-01 -2.8610e-01 -7.4994e-01 +1.2525e+00 +1.9700e+00 -1.0795e+00 -1.2593e+00 +2.5087e+00 -5.9745e-01 +1.2331e+00 +1.9677e+00 -2.3162e-01 +1.7206e+00 +1.1296e+00 +2.3490e+00
4017 +1.312294183e+01 +1.312294183e+01 -1.633370582e+02 -1.633370582e+02 +2.0091e+00 -1.0047e+00 -2.2851e+00 -1.8988e+00 -2.2444e-01 -1.5852e-01 -2.8610e-01 -7.5183e-01 +1.0260e+00 +1.9702e+00 -1.3364e+00 -1.2749e+00 +2.4798e+00 -4.5555e-01 +1.2331e+00 +1.9677e+00 -9.8378e-01 +1.6888e+00 +1.1296e+00 +2.4740e+00
4513 +4.575501905e+00 +4.575501905e+00 -1.718844981e+02 -1.718844981e+02 +2.0091e+00 -1.0047e+00 -2.7851e+00 -1.8988e+00 -2.2444e-01 -1.5852e-01 -2.8610e-01 -7.5183e-01 +1.0182e+00 +1.9702e+00 -1.3315e+00 -1.2593e+00 +2.4798e+00 -2.0586e+00 +1.2331e+00 +1.9677e+00 -9.8378e-01 +1.6888e+00 +1.1296e+00 +2.4701e+00
