% function evaluation | noise-free fitness - Fopt (-1.694000000000e+01) | best noise-free fitness - Fopt | measured fitness | best measured fitness | x1 | x2...
1 +1.380535432e+02 +1.380535432e+02 +1.211135432e+02 +1.211135432e+02 +4.3273e-01 -3.1911e+00 +6.1608e-01
6 +5.248432882e+01 +5.248432882e+01 +3.554432882e+01 +3.554432882e+01 -1.4140e+00 -1.6196e+00 -3.0174e-01
18 +3.112924485e+01 +3.112924485e+01 +1.418924485e+01 +1.418924485e+01 +3.2354e+00 +4.6470e+00 -1.3173e+00
66 +2.381260857e+01 +2.381260857e+01 +6.872608565e+00 +6.872608565e+00 +5.0000e+00 +1.8942e+00 -2.3936e+00
74 +6.122813808e+00 +6.122813808e+00 -1.081718619e+01 -1.081718619e+01 +4.2366e+00 +2.8723e+00 -1.3484e+00
219 +2.259105584e+00 +2.259105584e+00 -1.468089442e+01 -1.468089442e+01 +3.9184e+00 +3.0479e+00 -1.8764e+00
759 +1.467395288e+00 +1.467395288e+00 -1.547260471e+01 -1.547260471e+01 +4.0318e+00 +3.0082e+00 -1.9473e+00
1013 +3.567867813e-01 +3.567867813e-01 -1.658321322e+01 -1.658321322e+01 +3.6729e+00 +2.6217e+00 -1.5402e+00
2170 +1.242115085e-01 +1.242115085e-01 -1.681578849e+01 -1.681578849e+01 +3.7293e+00 +2.6483e+00 -1.5987e+00
2635 +8.894045323e-02 +8.894045323e-02 -1.685105955e+01 -1.685105955e+01 +3.6788e+00 +2.5782e+00 -1.5528e+00
2677 +6.092163459e-02 +6.092163459e-02 -1.687907837e+01 -1.687907837e+01 +3.6630e+00 +2.5719e+00 -1.5364e+00
3248 +2.987026406e-02 +2.987026406e-02 -1.691012974e+01 -1.691012974e+01 +3.6705e+00 +2.5718e+00 -1.5436e+00
3368 +1.990953060e-02 +1.990953060e-02 -1.692009047e+01 -1.692009047e+01 +3.6727e+00 +2.5718e+00 -1.5454e+00
3688 +1.535612786e-02 +1.535612786e-02 -1.692464387e+01 -1.692464387e+01 +3.6727e+00 +2.5712e+00 -1.5455e+00
4738 +9.540533992e-03 +9.540533992e-03 -1.693045947e+01 -1.693045947e+01 +3.6727e+00 +2.5706e+00 -1.5456e+00
% function evaluation | noise-free fitness - Fopt (1.881000000000e+01) | best noise-free fitness - Fopt | measured fitness | best measured fitness | x1 | x2...
1 +3.970636142e+01 +3.970636142e+01 +5.851636142e+01 +5.851636142e+01 +3.1548e+00 +6.8755e-01 -1.8626e+00
43 +1.494851602e+01 +1.494851602e+01 +3.375851602e+01 +3.375851602e+01 -1.0355e+00 +1.4337e+00 -9.1415e-01
139 +5.092680367e+00 +5.092680367e+00 +2.390268037e+01 +2.390268037e+01 -3.2721e-01 +7.3873e-01 -8.5357e-01
417 +2.722577833e+00 +2.722577833e+00 +2.153257783e+01 +2.153257783e+01 +3.0469e-01 +1.8660e+00 -1.1152e+00
978 +2.205758342e+00 +2.205758342e+00 +2.101575834e+01 +2.101575834e+01 +8.8982e-02 +2.1083e+00 -9.8959e-01
1019 +1.490799111e+00 +1.490799111e+00 +2.030079911e+01 +2.030079911e+01 +3.7008e-02 +1.8629e+00 -9.8368e-01
1459 +7.023656205e-01 +7.023656205e-01 +1.951236562e+01 +1.951236562e+01 -8.9428e-02 +1.7474e+00 -8.9399e-01
1499 +5.959930339e-01 +5.959930339e-01 +1.940599303e+01 +1.940599303e+01 -1.8547e-01 +1.7716e+00 -8.4938e-01
1688 +2.203831557e-01 +2.203831557e-01 +1.903038316e+01 +1.903038316e+01 -2.7069e-01 +1.7506e+00 -7.5322e-01
2024 +1.367809900e-01 +1.367809900e-01 +1.894678099e+01 +1.894678099e+01 -2.6296e-01 +1.7346e+00 -7.6477e-01
2281 +8.196918929e-02 +8.196918929e-02 +1.889196919e+01 +1.889196919e+01 -2.7277e-01 +1.7354e+00 -7.5213e-01
2940 +5.044414638e-02 +5.044414638e-02 +1.886044415e+01 +1.886044415e+01 -2.7518e-01 +1.7360e+00 -7.4950e-01
3059 +3.870660415e-02 +3.870660415e-02 +1.884870660e+01 +1.884870660e+01 -2.7439e-01 +1.7357e+00 -7.4949e-01
% function evaluation | noise-free fitness - Fopt (2.731500000000e+02) | best noise-free fitness - Fopt | measured fitness | best measured fitness | x1 | x2...
1 +6.833322191e+01 +6.833322191e+01 +3.414832219e+02 +3.414832219e+02 -1.0068e+00 +3.1722e+00 +2.6235e-01
6 +2.166072840e+01 +2.166072840e+01 +2.948107284e+02 +2.948107284e+02 -2.1405e+00 +4.1439e+00 -1.2137e+00
14 +1.378834384e+01 +1.378834384e+01 +2.869383438e+02 +2.869383438e+02 -3.4567e+00 +3.5893e+00 +1.9815e-01
79 +9.178448778e+00 +9.178448778e+00 +2.823284488e+02 +2.823284488e+02 -4.1303e+00 +3.8504e+00 -1.7281e-01
174 +2.560699916e+00 +2.560699916e+00 +2.757106999e+02 +2.757106999e+02 -3.7599e+00 +3.4239e+00 -6.6927e-01
284 +2.248384573e+00 +2.248384573e+00 +2.753983846e+02 +2.753983846e+02 -3.5564e+00 +3.4639e+00 -7.7930e-01
1280 +1.246630454e+00 +1.246630454e+00 +2.743966305e+02 +2.743966305e+02 -3.7494e+00 +3.2697e+00 -5.7537e-01
1502 +5.542779865e-01 +5.542779865e-01 +2.737042780e+02 +2.737042780e+02 -4.0539e+00 +2.8622e+00 -5.6481e-01
3123 +2.833792704e-01 +2.833792704e-01 +2.734333793e+02 +2.734333793e+02 -3.4967e+00 +3.8781e+00 -4.4923e-01
3175 +2.171088481e-01 +2.171088481e-01 +2.733671088e+02 +2.733671088e+02 -3.6578e+00 +3.6015e+00 -4.8801e-01
3492 +5.212457082e-02 +5.212457082e-02 +2.732021246e+02 +2.732021246e+02 -3.6536e+00 +3.6077e+00 -4.9359e-01
% function evaluation | noise-free fitness - Fopt (3.718000000000e+01) | best noise-free fitness - Fopt | measured fitness | best measured fitness | x1 | x2...
1 +9.310190887e+01 +9.310190887e+01 +1.302819089e+02 +1.302819089e+02 -4.3180e+00 -3.1847e-01 +1.2759e+00
15 +4.060222252e+01 +4.060222252e+01 +7.778222252e+01 +7.778222252e+01 +7.6879e-01 +3.5631e+00 +8.7440e-01
23 +3.677397406e+01 +3.677397406e+01 +7.395397406e+01 +7.395397406e+01 -4.8576e+00 -1.3784e+00 +2.6800e+00
41 +1.105483421e+01 +1.105483421e+01 +4.823483421e+01 +4.823483421e+01 -5.0000e+00 +2.4626e+00 +2.0559e+00
104 +8.447770721e+00 +8.447770721e+00 +4.562777072e+01 +4.562777072e+01 -2.2483e+00 +2.2497e+00 +1.2911e+00
228 +3.752257233e+00 +3.752257233e+00 +4.093225723e+01 +4.093225723e+01 -5.0000e+00 +1.8390e+00 +2.1935e+00
506 +2.183197756e+00 +2.183197756e+00 +3.936319776e+01 +3.936319776e+01 -4.3664e+00 +1.8249e+00 +2.0433e+00
574 +7.948274520e-01 +7.948274520e-01 +3.797482745e+01 +3.797482745e+01 -3.4527e+00 +2.1874e+00 +2.0142e+00
1429 +4.916121319e-01 +4.916121319e-01 +3.767161213e+01 +3.767161213e+01 -3.6007e+00 +2.1800e+00 +2.0897e+00
1925 +2.659711344e-01 +2.659711344e-01 +3.744597113e+01 +3.744597113e+01 -3.8024e+00 +2.0713e+00 +2.0010e+00
2005 +2.449965991e-01 +2.449965991e-01 +3.742499660e+01 +3.742499660e+01 -3.8113e+00 +2.0754e+00 +2.0182e+00
2410 +6.939395905e-02 +6.939395905e-02 +3.724939396e+01 +3.724939396e+01 -3.8862e+00 +2.0678e+00 +2.0455e+00
2450 +5.730911430e-02 +5.730911430e-02 +3.723730911e+01 +3.723730911e+01 -3.8924e+00 +2.0646e+00 +2.0404e+00
2610 +2.890184915e-02 +2.890184915e-02 +3.720890185e+01 +3.720890185e+01 -3.8926e+00 +2.0643e+00 +2.0404e+00
2777 +9.286584343e-03 +9.286584343e-03 +3.718928658e+01 +3.718928658e+01 -3.8917e+00 +2.0623e+00 +2.0411e+00
3410 +5.247206459e-03 +5.247206459e-03 +3.718524721e+01 +3.718524721e+01 -3.8925e+00 +2.0620e+00 +2.0407e+00
3650 +3.808052187e-03 +3.808052187e-03 +3.718380805e+01 +3.718380805e+01 -3.8922e+00 +2.0620e+00 +2.0404e+00
3791 +2.245407214e-03 +2.245407214e-03 +3.718224541e+01 +3.718224541e+01 -3.8920e+00 +2.0620e+00 +2.0403e+00
% function evaluation | noise-free fitness - Fopt (-1.479000000000e+02) | best noise-free fitness - Fopt | measured fitness | best measured fitness | x1 | x2...
1 +6.424088165e+01 +6.424088165e+01 -8.365911835e+01 -8.365911835e+01 +4.1879e+00 +2.7249e+00 +2.7345e+00
2 +5.994704449e+01 +5.994704449e+01 -8.795295551e+01 -8.795295551e+01 -1.4037e+00 -2.6591e+00 +9.7550e-02
3 +3.577442718e+01 +3.577442718e+01 -1.121255728e+02 -1.121255728e+02 -9.9360e-01 -2.3924e+00 -3.8084e+00
10 +1.338098050e+01 +1.338098050e+01 -1.345190195e+02 -1.345190195e+02 -2.4501e+00 -3.7056e+00 -3.7419e+00
54 +7.875513670e+00 +7.875513670e+00 -1.400244863e+02 -1.400244863e+02 -2.1103e+00 -1.1628e+00 -5.6369e-01
154 +3.348359001e+00 +3.348359001e+00 -1.445516410e+02 -1.445516410e+02 -1.3873e+00 -6.7424e-01 -5.0658e-01
685 +6.128787699e-01 +6.128787699e-01 -1.472871212e+02 -1.472871212e+02 -1.6514e+00 +4.2883e-01 +1.6232e+00
2943 +3.272538138e-01 +3.272538138e-01 -1.475727462e+02 -1.475727462e+02 -1.7030e+00 +3.6064e-01 +1.5069e+00
2983 +2.169456218e-01 +2.169456218e-01 -1.476830544e+02 -1.476830544e+02 -1.7101e+00 +3.6666e-01 +1.5177e+00
4759 +1.378368676e-01 +1.378368676e-01 -1.477621631e+02 -1.477621631e+02 -1.7010e+00 +2.9549e-01 +1.3962e+00
4960 +8.825084448e-02 +8.825084448e-02 -1.478117492e+02 -1.478117492e+02 -1.6895e+00 +3.0085e-01 +1.4013e+00
% function evaluation | noise-free fitness - Fopt (-2.218900000000e+02) | best noise-free fitness - Fopt | measured fitness | best measured fitness | x1 | x2...
1 +4.559948829e+01 +4.559948829e+01 -1.762905117e+02 -1.762905117e+02 +1.2982e+00 -2.1073e+00 -3.0453e+00
23 +3.309186127e+01 +3.309186127e+01 -1.887981387e+02 -1.887981387e+02 -1.4469e+00 -2.4249e+00 -4.0077e+00
37 +1.601632102e+01 +1.601632102e+01 -2.058736790e+02 -2.058736790e+02 -4.2104e+00 -1.6271e-03 -1.2739e+00
48 +9.481060120e+00 +9.481060120e+00 -2.124089399e+02 -2.124089399e+02 -3.9911e+00 -4.7043e-01 +2.4950e-02
123 +5.190692908e+00 +5.190692908e+00 -2.166993071e+02 -2.166993071e+02 -3.0478e+00 -5.1511e-01 -8.2815e-01
714 +3.928866741e+00 +3.928866741e+00 -2.179611333e+02 -2.179611333e+02 -2.5582e+00 -6.9545e-01 -5.0592e-01
739 +2.401026221e+00 +2.401026221e+00 -2.194889738e+02 -2.194889738e+02 -2.6576e+00 -4.8393e-01 -6.4224e-01
829 +1.292887107e+00 +1.292887107e+00 -2.205971129e+02 -2.205971129e+02 -2.3030e+00 -7.3504e-01 -1.0512e+00
2785 +9.695797219e-01 +9.695797219e-01 -2.209204203e+02 -2.209204203e+02 -2.2986e+00 -7.3963e-01 -1.0628e+00
% function evaluation | noise-free fitness - Fopt (1.195400000000e+02) | best noise-free fitness - Fopt | measured fitness | best measured fitness | x1 | x2...
1 +1.038141083e+02 +1.038141083e+02 +2.233541083e+02 +2.233541083e+02 +8.3902e-02 +3.5364e-01 -7.6327e-01
3 +3.851465639e+01 +3.851465639e+01 +1.580546564e+02 +1.580546564e+02 +1.7877e+00 -2.4580e+00 +8.0241e-01
45 +1.891801240e+01 +1.891801240e+01 +1.384580124e+02 +1.384580124e+02 +7.9260e-01 +4.2181e-01 -2.0912e+00
102 +6.751254186e+00 +6.751254186e+00 +1.262912542e+02 +1.262912542e+02 +6.4760e-01 +0.0000e+00 -3.8557e+00
263 +2.120670364e+00 +2.120670364e+00 +1.216606704e+02 +1.216606704e+02 +2.2052e+00 +1.8789e+00 -2.4608e+00
1477 +1.518835350e+00 +1.518835350e+00 +1.210588354e+02 +1.210588354e+02 +1.2481e+00 +7.4873e-01 -3.0080e+00
1893 +4.202003089e-01 +4.202003089e-01 +1.199602003e+02 +1.199602003e+02 +1.4332e+00 +1.0938e+00 -2.9822e+00
2213 +3.846633974e-01 +3.846633974e-01 +1.199246634e+02 +1.199246634e+02 +1.4325e+00 +1.0668e+00 -2.9831e+00
3006 +1.361645759e-01 +1.361645759e-01 +1.196761646e+02 +1.196761646e+02 +1.3808e+00 +9.8632e-01 -3.0264e+00
3309 +7.071778144e-02 +7.071778144e-02 +1.196107178e+02 +1.196107178e+02 +1.3846e+00 +9.9440e-01 -3.0232e+00
3633 +5.797364887e-02 +5.797364887e-02 +1.195979736e+02 +1.195979736e+02 +1.3832e+00 +9.9415e-01 -3.0256e+00
3883 +3.633060636e-02 +3.633060636e-02 +1.195763306e+02 +1.195763306e+02 +1.3807e+00 +9.9214e-01 -3.0274e+00
% function evaluation | noise-free fitness - Fopt (6.983000000000e+01) | best noise-free fitness - Fopt | measured fitness | best measured fitness | x1 | x2...
1 +2.096107029e+02 +2.096107029e+02 +2.794407029e+02 +2.794407029e+02 -2.6417e+00 +4.6617e+00 +3.2015e+00
4 +3.844726437e+01 +3.844726437e+01 +1.082772644e+02 +1.082772644e+02 +9.8088e-01 -2.7181e+00 -4.1057e+00
41 +1.226492857e+01 +1.226492857e+01 +8.209492857e+01 +8.209492857e+01 -4.9098e+00 -3.3829e-01 -1.7985e+00
253 +8.577395381e+00 +8.577395381e+00 +7.840739538e+01 +7.840739538e+01 -2.9802e+00 -1.6482e+00 -2.0839e+00
260 +2.812899006e+00 +2.812899006e+00 +7.264289901e+01 +7.264289901e+01 -3.4857e+00 -8.9369e-01 -2.9869e+00
546 +2.252204451e+00 +2.252204451e+00 +7.208220445e+01 +7.208220445e+01 -4.4723e+00 +1.4304e-01 -3.2029e+00
2153 +1.555688572e+00 +1.555688572e+00 +7.138568857e+01 +7.138568857e+01 -4.4821e+00 +2.1603e-01 -3.2086e+00
3330 +9.198335114e-01 +9.198335114e-01 +7.074983351e+01 +7.074983351e+01 -4.0640e+00 -1.5995e-01 -3.1410e+00
3610 +5.919849340e-01 +5.919849340e-01 +7.042198493e+01 +7.042198493e+01 -4.0735e+00 -1.5319e-01 -3.1507e+00
% function evaluation | noise-free fitness - Fopt (7.000000000000e-02) | best noise-free fitness - Fopt | measured fitness | best measured fitness | x1 | x2...
1 +5.597951629e+01 +5.597951629e+01 +5.604951629e+01 +5.604951629e+01 +4.6240e+00 -2.8171e+00 -4.4250e-01
15 +2.620585219e+01 +2.620585219e+01 +2.627585219e+01 +2.627585219e+01 +4.5591e+00 +2.6729e+00 +1.1906e+00
22 +5.793194141e+00 +5.793194141e+00 +5.863194141e+00 +5.863194141e+00 +2.5174e+00 -2.8007e+00 +2.5123e+00
209 +3.599424100e+00 +3.599424100e+00 +3.669424100e+00 +3.669424100e+00 +4.9755e+00 +2.3826e-01 +1.9001e+00
1406 +2.475789514e+00 +2.475789514e+00 +2.545789514e+00 +2.545789514e+00 +4.9601e+00 +8.8825e-01 +1.9006e+00
3088 +1.400027882e+00 +1.400027882e+00 +1.470027882e+00 +1.470027882e+00 +4.8905e+00 +9.3949e-01 +1.8919e+00
% function evaluation | noise-free fitness - Fopt (4.960000000000e+00) | best noise-free fitness - Fopt | measured fitness | best measured fitness | x1 | x2...
1 +1.001114588e+02 +1.001114588e+02 +1.050714588e+02 +1.050714588e+02 +4.9275e+00 -3.0609e+00 +4.6192e+00
2 +6.735737228e+01 +6.735737228e+01 +7.231737228e+01 +7.231737228e+01 +3.8484e+00 -3.0634e+00 +3.1988e+00
13 +3.717963237e+01 +3.717963237e+01 +4.213963237e+01 +4.213963237e+01 +2.1255e+00 +3.6094e+00 -2.4135e-01
20 +1.494011018e+01 +1.494011018e+01 +1.990011018e+01 +1.990011018e+01 +2.6409e+00 +3.8792e+00 -1.0363e+00
114 +9.819967065e+00 +9.819967065e+00 +1.477996706e+01 +1.477996706e+01 +4.1418e+00 +2.7886e+00 -1.2074e+00
228 +4.896264967e+00 +4.896264967e+00 +9.856264967e+00 +9.856264967e+00 +3.0722e+00 +4.0858e+00 -1.3537e+00
391 +3.573970859e+00 +3.573970859e+00 +8.533970859e+00 +8.533970859e+00 +3.5789e+00 +1.5873e+00 -1.2415e+00
528 +2.284360807e+00 +2.284360807e+00 +7.244360807e+00 +7.244360807e+00 +3.2046e+00 +3.4783e+00 -1.1290e+00
728 +1.489962430e+00 +1.489962430e+00 +6.449962430e+00 +6.449962430e+00 +3.2077e+00 +2.1137e+00 -1.0711e+00
1433 +8.269972547e-01 +8.269972547e-01 +5.786997255e+00 +5.786997255e+00 +3.2820e+00 +2.2171e+00 -1.3058e+00
1492 +5.062489817e-01 +5.062489817e-01 +5.466248982e+00 +5.466248982e+00 +3.2808e+00 +2.0486e+00 -1.2466e+00
1525 +2.239383919e-01 +2.239383919e-01 +5.183938392e+00 +5.183938392e+00 +3.2588e+00 +1.8933e+00 -1.2414e+00
2323 +1.161471328e-01 +1.161471328e-01 +5.076147133e+00 +5.076147133e+00 +3.2540e+00 +1.7897e+00 -1.2018e+00
2395 +7.558024807e-02 +7.558024807e-02 +5.035580248e+00 +5.035580248e+00 +3.2579e+00 +1.8571e+00 -1.2137e+00
2545 +1.866341402e-02 +1.866341402e-02 +4.978663414e+00 +4.978663414e+00 +3.2613e+00 +1.8190e+00 -1.2197e+00
2924 +1.376186778e-02 +1.376186778e-02 +4.973761868e+00 +4.973761868e+00 +3.2602e+00 +1.8181e+00 -1.2182e+00
3004 +5.423674395e-03 +5.423674395e-03 +4.965423674e+00 +4.965423674e+00 +3.2601e+00 +1.8183e+00 -1.2168e+00
3084 +1.792490900e-03 +1.792490900e-03 +4.961792491e+00 +4.961792491e+00 +3.2600e+00 +1.8176e+00 -1.2167e+00
3124 +1.152637579e-03 +1.152637579e-03 +4.961152638e+00 +4.961152638e+00 +3.2599e+00 +1.8176e+00 -1.2166e+00
3778 +9.894102574e-04 +9.894102574e-04 +4.960989410e+00 +4.960989410e+00 +3.2599e+00 +1.8175e+00 -1.2166e+00
4127 +3.755572773e-04 +3.755572773e-04 +4.960375557e+00 +4.960375557e+00 +3.2600e+00 +1.8175e+00 -1.2168e+00
4288 +2.392438231e-04 +2.392438231e-04 +4.960239244e+00 +4.960239244e+00 +3.2600e+00 +1.8175e+00 -1.2168e+00
4700 +1.485904709e-04 +1.485904709e-04 +4.960148590e+00 +4.960148590e+00 +3.2600e+00 +1.8175e+00 -1.2168e+00
4778 +9.993719617e-05 +9.993719617e-05 +4.960099937e+00 +4.960099937e+00 +3.2600e+00 +1.8176e+00 -1.2168e+00
4840 +4.332322857e-05 +4.332322857e-05 +4.960043323e+00 +4.960043323e+00 +3.2600e+00 +1.8176e+00 -1.2168e+00
4843 +3.608976936e-05 +3.608976936e-05 +4.960036090e+00 +4.960036090e+00 +3.2600e+00 +1.8176e+00 -1.2168e+00
4931 +2.169935634e-05 +2.169935634e-05 +4.960021699e+00 +4.960021699e+00 +3.2600e+00 +1.8176e+00 -1.2168e+00
4971 +1.039986414e-05 +1.039986414e-05 +4.960010400e+00 +4.960010400e+00 +3.2600e+00 +1.8176e+00 -1.2168e+00
% function evaluation | noise-free fitness - Fopt (1.923000000000e+02) | best noise-free fitness - Fopt | measured fitness | best measured fitness | x1 | x2...
1 +3.792543336e+03 +3.792543336e+03 +3.984843336e+03 +3.984843336e+03 +4.1824e+00 -4.3542e+00 -1.6618e+00
2 +1.233103114e+03 +1.233103114e+03 +1.425403114e+03 +1.425403114e+03 +3.1798e+00 -2.4105e+00 -1.4691e+00
4 +1.724259727e+02 +1.724259727e+02 +3.647259727e+02 +3.647259727e+02 -1.7602e+00 +1.5466e+00 -1.4755e+00
8 +1.028241361e+02 +1.028241361e+02 +2.951241361e+02 +2.951241361e+02 -1.9879e+00 +3.5831e+00 -8.1702e-01
9 +4.678181532e+01 +4.678181532e+01 +2.390818153e+02 +2.390818153e+02 -1.4518e+00 +3.3285e+00 -2.0587e+00
56 +3.163817422e+01 +3.163817422e+01 +2.239381742e+02 +2.239381742e+02 +4.9761e+00 +2.5991e+00 -5.0000e+00
77 +1.430119483e+01 +1.430119483e+01 +2.066011948e+02 +2.066011948e+02 +3.5300e-01 +2.2038e+00 -4.7232e+00
195 +6.437695603e+00 +6.437695603e+00 +1.987376956e+02 +1.987376956e+02 -2.5448e+00 +3.8200e+00 -2.9432e+00
233 +6.047191460e+00 +6.047191460e+00 +1.983471915e+02 +1.983471915e+02 -3.3245e+00 +3.6476e+00 -2.3595e+00
313 +3.232537530e+00 +3.232537530e+00 +1.955325375e+02 +1.955325375e+02 -3.0267e+00 +3.6282e+00 -3.0308e+00
527 +2.468983995e+00 +2.468983995e+00 +1.947689840e+02 +1.947689840e+02 -2.2732e+00 +3.6467e+00 -2.9917e+00
806 +2.482154017e-01 +2.482154017e-01 +1.925482154e+02 +1.925482154e+02 -2.9643e+00 +3.9234e+00 -2.8330e+00
2344 +1.254366183e-01 +1.254366183e-01 +1.924254366e+02 +1.924254366e+02 -2.9405e+00 +3.9066e+00 -2.8322e+00
2869 +6.689642740e-02 +6.689642740e-02 +1.923668964e+02 +1.923668964e+02 -2.9405e+00 +3.9087e+00 -2.8295e+00
3052 +5.083743176e-02 +5.083743176e-02 +1.923508374e+02 +1.923508374e+02 -2.9407e+00 +3.9098e+00 -2.8276e+00
3372 +3.753858478e-02 +3.753858478e-02 +1.923375386e+02 +1.923375386e+02 -2.9425e+00 +3.9101e+00 -2.8277e+00
% function evaluation | noise-free fitness - Fopt (4.971000000000e+01) | best noise-free fitness - Fopt | measured fitness | best measured fitness | x1 | x2...
1 +1.657047081e+02 +1.657047081e+02 +2.154147081e+02 +2.154147081e+02 -2.1441e+00 -4.6394e+00 +3.5943e-01
2 +8.840837526e+01 +8.840837526e+01 +1.381183753e+02 +1.381183753e+02 +3.3199e+00 -2.8715e+00 +4.0618e+00
7 +4.578524574e+01 +4.578524574e+01 +9.549524574e+01 +9.549524574e+01 +2.4734e+00 -3.4847e+00 -4.6804e+00
12 +2.781627192e+01 +2.781627192e+01 +7.752627192e+01 +7.752627192e+01 -2.3234e+00 -4.5736e+00 -1.5924e+00
49 +2.098430965e+01 +2.098430965e+01 +7.069430965e+01 +7.069430965e+01 -2.4141e-01 -5.0000e+00 -2.3138e+00
105 +1.116985524e+01 +1.116985524e+01 +6.087985524e+01 +6.087985524e+01 +1.7415e+00 -5.0000e+00 -2.0912e+00
191 +9.464081550e+00 +9.464081550e+00 +5.917408155e+01 +5.917408155e+01 +2.2996e+00 -4.8101e+00 -1.3797e+00
206 +3.987220090e+00 +3.987220090e+00 +5.369722009e+01 +5.369722009e+01 +2.7796e+00 -4.9720e+00 -1.7544e+00
226 +2.776334681e+00 +2.776334681e+00 +5.248633468e+01 +5.248633468e+01 +2.8816e+00 -4.9147e+00 -1.6933e+00
754 +1.215960691e+00 +1.215960691e+00 +5.092596069e+01 +5.092596069e+01 +2.3401e+00 -4.9009e+00 -1.7189e+00
1296 +9.541976358e-01 +9.541976358e-01 +5.066419764e+01 +5.066419764e+01 +2.4116e+00 -4.9222e+00 -1.7012e+00
2337 +6.207026773e-01 +6.207026773e-01 +5.033070268e+01 +5.033070268e+01 +2.3965e+00 -4.8839e+00 -1.7015e+00
% function evaluation | noise-free fitness - Fopt (2.051200000000e+02) | best noise-free fitness - Fopt | measured fitness | best measured fitness | x1 | x2...
1 +2.801938557e+02 +2.801938557e+02 +4.853138557e+02 +4.853138557e+02 +2.3467e+00 +4.3506e+00 +2.2141e+00
3 +1.641685803e+02 +1.641685803e+02 +3.692885803e+02 +3.692885803e+02 -2.5164e+00 -2.4104e+00 +2.9067e+00
5 +9.977580152e+01 +9.977580152e+01 +3.048958015e+02 +3.048958015e+02 -2.0244e+00 -4.0038e+00 +3.0912e+00
8 +5.141783789e+01 +5.141783789e+01 +2.565378379e+02 +2.565378379e+02 -3.9735e-01 -2.0740e-01 -2.7105e+00
32 +3.748705666e+01 +3.748705666e+01 +2.426070567e+02 +2.426070567e+02 -1.5077e+00 +1.4686e+00 -3.9380e+00
35 +1.283783915e+01 +1.283783915e+01 +2.179578391e+02 +2.179578391e+02 -1.3434e+00 +2.6450e+00 -4.0480e+00
91 +9.111699768e+00 +9.111699768e+00 +2.142316998e+02 +2.142316998e+02 -1.5465e-01 +3.8585e+00 -4.2596e+00
181 +6.269814116e+00 +6.269814116e+00 +2.113898141e+02 +2.113898141e+02 +1.5388e+00 +5.0000e+00 -3.6834e+00
410 +3.817164704e+00 +3.817164704e+00 +2.089371647e+02 +2.089371647e+02 +1.7275e+00 +5.0000e+00 -3.7899e+00
871 +2.107058502e+00 +2.107058502e+00 +2.072270585e+02 +2.072270585e+02 +4.9882e-02 +4.5524e+00 -3.5679e+00
892 +5.959037347e-01 +5.959037347e-01 +2.057159037e+02 +2.057159037e+02 -1.0753e+00 +3.9957e+00 -3.3477e+00
1819 +3.217770230e-01 +3.217770230e-01 +2.054417770e+02 +2.054417770e+02 -1.1046e+00 +3.9538e+00 -3.3897e+00
2311 +1.206271988e-01 +1.206271988e-01 +2.052406272e+02 +2.052406272e+02 -1.1224e+00 +3.9449e+00 -3.3788e+00
2551 +8.008876443e-02 +8.008876443e-02 +2.052000888e+02 +2.052000888e+02 -1.1152e+00 +3.9458e+00 -3.3809e+00
2801 +4.000551513e-02 +4.000551513e-02 +2.051600055e+02 +2.051600055e+02 -1.1016e+00 +3.9626e+00 -3.3788e+00
3281 +3.801583717e-02 +3.801583717e-02 +2.051580158e+02 +2.051580158e+02 -1.1018e+00 +3.9630e+00 -3.3788e+00
% function evaluation | noise-free fitness - Fopt (-1.729000000000e+02) | best noise-free fitness - Fopt | measured fitness | best measured fitness | x1 | x2...
1 +1.116458460e+02 +1.116458460e+02 -6.125415400e+01 -6.125415400e+01 +3.4573e+00 -3.5236e+00 -4.3552e+00
17 +5.069654134e+01 +5.069654134e+01 -1.222034587e+02 -1.222034587e+02 +7.5693e-01 -2.6241e+00 +2.6379e+00
35 +2.972519659e+01 +2.972519659e+01 -1.431748034e+02 -1.431748034e+02 +3.2075e-01 -2.7281e+00 +2.4522e-01
38 +2.456514774e+01 +2.456514774e+01 -1.483348523e+02 -1.483348523e+02 +2.2895e-01 -2.9264e+00 +1.8481e+00
86 +6.788279275e+00 +6.788279275e+00 -1.661117207e+02 -1.661117207e+02 -4.2357e+00 +5.5340e-01 +5.0000e+00
131 +6.001493767e+00 +6.001493767e+00 -1.668985062e+02 -1.668985062e+02 -5.0000e+00 +1.4145e+00 +5.0000e+00
489 +3.871400014e+00 +3.871400014e+00 -1.690286000e+02 -1.690286000e+02 -4.3997e+00 +1.1060e+00 +3.8762e+00
513 +1.754895042e+00 +1.754895042e+00 -1.711451050e+02 -1.711451050e+02 -3.5765e+00 -2.0224e-01 +4.1574e+00
980 +1.578455022e+00 +1.578455022e+00 -1.713215450e+02 -1.713215450e+02 -3.7100e+00 +7.0867e-02 +4.0369e+00
1289 +6.275869292e-01 +6.275869292e-01 -1.722724131e+02 -1.722724131e+02 -3.3041e+00 -4.1003e-01 +3.9233e+00
2342 +3.047664351e-01 +3.047664351e-01 -1.725952336e+02 -1.725952336e+02 -3.2427e+00 -5.4845e-01 +3.9356e+00
2895 +2.397826534e-01 +2.397826534e-01 -1.726602173e+02 -1.726602173e+02 -3.2376e+00 -5.5620e-01 +3.9312e+00
% function evaluation | noise-free fitness - Fopt (-3.506200000000e+02) | best noise-free fitness - Fopt | measured fitness | best measured fitness | x1 | x2...
1 +1.014113959e+03 +1.014113959e+03 +6.634939593e+02 +6.634939593e+02 -5.0108e-01 +1.6247e+00 -3.3095e+00
2 +3.314988917e+01 +3.314988917e+01 -3.174701108e+02 -3.174701108e+02 -2.8002e+00 -2.9902e+00 +2.2795e+00
35 +1.900816154e+01 +1.900816154e+01 -3.316118385e+02 -3.316118385e+02 +1.0284e+00 -6.1934e-01 +4.3878e+00
98 +1.048379755e+01 +1.048379755e+01 -3.401362025e+02 -3.401362025e+02 -1.2436e+00 -2.1036e+00 +2.8217e+00
143 +8.153622646e+00 +8.153622646e+00 -3.424663774e+02 -3.424663774e+02 -2.5787e+00 -2.8204e+00 +5.7098e-02
438 +5.334976814e+00 +5.334976814e+00 -3.452850232e+02 -3.452850232e+02 -2.1073e+00 -3.0610e+00 +9.5414e-01
541 +3.771248422e+00 +3.771248422e+00 -3.468487516e+02 -3.468487516e+02 -3.0611e+00 -3.4150e+00 +0.0000e+00
1213 +2.171466771e+00 +2.171466771e+00 -3.484485332e+02 -3.484485332e+02 -3.0243e+00 -3.2031e+00 +1.6831e-01
1426 +1.115893213e+00 +1.115893213e+00 -3.495041068e+02 -3.495041068e+02 -4.1326e+00 -3.8362e+00 -6.2341e-01
1928 +8.948153052e-01 +8.948153052e-01 -3.497251847e+02 -3.497251847e+02 -4.1262e+00 -3.9323e+00 -4.5466e-01
2134 +6.271951366e-01 +6.271951366e-01 -3.499928049e+02 -3.499928049e+02 -3.8240e+00 -3.7433e+00 -3.2326e-01
2487 +3.475503130e-01 +3.475503130e-01 -3.502724497e+02 -3.502724497e+02 -4.0491e+00 -3.8290e+00 -4.6273e-01
2527 +2.329391447e-01 +2.329391447e-01 -3.503870609e+02 -3.503870609e+02 -4.0421e+00 -3.8216e+00 -4.5779e-01
2777 +1.163931020e-01 +1.163931020e-01 -3.505036069e+02 -3.505036069e+02 -4.0157e+00 -3.7863e+00 -4.6198e-01
3132 +9.898165956e-02 +9.898165956e-02 -3.505210183e+02 -3.505210183e+02 -4.0203e+00 -3.7886e+00 -4.6392e-01
3315 +5.775958372e-02 +5.775958372e-02 -3.505622404e+02 -3.505622404e+02 -4.0151e+00 -3.7901e+00 -4.5485e-01
