% function evaluation | noise-free fitness - Fopt (-5.494000000000e+01) | best noise-free fitness - Fopt | measured fitness | best measured fitness | x1 | x2...
1 +7.125994258e+07 +7.125994258e+07 +7.125988764e+07 +7.125988764e+07 +2.4554e+00 +3.5305e+00 +1.2167e+00 -4.0829e+00 -3.7695e+00 -8.2640e-01 -4.8455e+00 +4.6676e+00 +4.0352e+00 -4.5073e+00 -4.2866e+00 -2.0676e+00 -3.9255e+00 -1.1686e+00 -1.1533e+00 -2.6871e+00 -2.8199e+00 -4.3061e+00 -5.6285e-01 +1.4957e+00
2 +1.264307734e+07 +1.264307734e+07 +1.264302240e+07 +1.264302240e+07 +8.2437e-02 -1.1064e-01 -1.4972e-02 +3.5945e+00 +2.0821e+00 -4.8505e+00 -9.5390e-01 +2.2167e+00 +4.3380e-01 -1.6128e-01 -1.5471e+00 +2.5119e+00 -4.3609e+00 -1.0279e+00 +1.8807e+00 -3.0379e+00 +3.7028e-01 +3.0797e+00 -4.9021e+00 +3.2706e+00
19 +3.917078605e+06 +3.917078605e+06 +3.917023665e+06 +3.917023665e+06 -4.6723e+00 +1.9468e+00 +4.6455e+00 +4.9608e+00 +4.4232e+00 +2.2548e+00 +2.2175e+00 -7.4513e-01 -2.6321e+00 -7.3034e-02 -2.9683e+00 +1.3772e+00 +9.6984e-01 -3.7718e+00 +4.4294e+00 +2.3835e+00 +1.8600e+00 -2.6773e+00 -2.8829e+00 -7.2259e-01
57 +2.099095310e+06 +2.099095310e+06 +2.099040370e+06 +2.099040370e+06 +6.8166e-01 +1.2885e+00 -9.1865e-01 +4.2889e+00 +1.1079e+00 -1.4148e+00 -2.4225e-01 +8.7337e-01 -4.8118e+00 +2.5177e+00 -4.1253e+00 -4.7250e+00 -2.2626e+00 -3.9935e+00 +1.9667e+00 +3.7236e+00 +1.0285e+00 -3.4700e+00 -2.2122e+00 -9.8141e-01
363 +1.018451780e+06 +1.018451780e+06 +1.018396840e+06 +1.018396840e+06 -2.5295e+00 -1.7846e+00 -3.2266e+00 +4.4714e-01 +4.9908e-01 +1.8746e+00 -5.0463e-01 -6.0190e-01 +9.1217e-01 -2.9148e-01 +3.5082e+00 -2.2410e+00 -2.9010e+00 -3.0597e+00 -3.1376e+00 -3.9516e+00 +4.2394e+00 +1.7191e+00 -2.3879e+00 +4.6264e+00
1008 +9.829731614e+05 +9.829731614e+05 +9.829182214e+05 +9.829182214e+05 -2.5275e+00 -1.7846e+00 -3.2266e+00 +4.4714e-01 +4.3658e-01 +1.8746e+00 -5.0463e-01 -6.1753e-01 +9.1217e-01 -2.9148e-01 +3.5082e+00 -2.2410e+00 -2.9010e+00 -3.0597e+00 -3.1376e+00 -3.9516e+00 +4.2395e+00 +1.7191e+00 -2.3879e+00 +4.6264e+00
1128 +5.436851815e+05 +5.436851815e+05 +5.436302415e+05 +5.436302415e+05 +5.1087e-01 -2.5413e+00 -1.5790e+00 -7.1077e-02 +3.9008e+00 -2.3391e+00 +7.6542e-01 +2.4922e+00 -1.6110e+00 +3.3700e+00 -1.3566e+00 +3.5945e+00 -2.2626e+00 -1.7885e+00 -2.3718e+00 +2.2045e+00 +1.9537e+00 +1.7920e+00 -7.4020e-01 +2.0626e+00
2155 +3.931797125e+05 +3.931797125e+05 +3.931247725e+05 +3.931247725e+05 +1.5109e+00 -2.5413e+00 -3.2266e+00 -7.1077e-02 +3.9008e+00 -2.3391e+00 +7.6542e-01 +2.4922e+00 -1.6110e+00 +3.3700e+00 -1.3566e+00 +3.5945e+00 -2.2626e+00 -1.7885e+00 -2.3718e+00 +2.2045e+00 +1.9537e+00 +1.9184e+00 -1.7770e-01 +2.0626e+00
3207 +2.503555614e+05 +2.503555614e+05 +2.503006214e+05 +2.503006214e+05 +5.1090e-01 -2.5413e+00 -2.5960e+00 +7.6839e-01 +5.8906e-01 -1.0352e+00 +7.5760e-01 +2.2422e+00 -1.6129e+00 +3.3700e+00 -1.3566e+00 +1.5945e+00 -2.2626e+00 -1.7885e+00 -2.3718e+00 +2.2045e+00 +1.9537e+00 +1.9184e+00 -1.7770e-01 +2.0626e+00
% function evaluation | noise-free fitness - Fopt (5.913000000000e+01) | best noise-free fitness - Fopt | measured fitness | best measured fitness | x1 | x2...
1 +1.490648708e+07 +1.490648708e+07 +1.490654621e+07 +1.490654621e+07 -3.2204e+00 -3.9303e+00 -3.2242e+00 -1.2573e-01 -7.9420e-01 +2.2212e+00 +1.2549e+00 +4.6975e+00 +3.8120e+00 +1.5852e+00 +4.2371e+00 +2.4061e-01 -3.0854e+00 +2.1134e-01 -2.1709e+00 +4.1824e+00 +1.5616e+00 +3.0593e+00 +4.9810e+00 -3.5437e+00
9 +8.799896475e+06 +8.799896475e+06 +8.799955605e+06 +8.799955605e+06 +3.9069e+00 -4.8252e+00 -2.9088e+00 +3.9923e+00 -3.2267e+00 -3.5416e+00 -1.4110e+00 +3.6191e+00 -3.3936e+00 +4.7568e+00 -1.7326e+00 +3.2379e+00 +1.4324e+00 +4.8324e+00 -1.2655e+00 +2.0315e+00 +2.1601e+00 -2.3937e+00 -4.9232e+00 -3.8883e+00
40 +2.309119662e+06 +2.309119662e+06 +2.309178792e+06 +2.309178792e+06 -2.9236e+00 +3.2170e+00 -1.4960e+00 -1.4577e+00 -2.1514e+00 +2.7227e-01 -2.3766e-01 +1.9938e+00 -4.5388e+00 +1.4436e+00 -3.7293e+00 +1.7762e+00 -1.4681e+00 +2.8254e+00 -4.4873e+00 -1.1312e+00 +1.5828e+00 +4.2625e+00 -6.1612e-02 -4.3292e+00
197 +1.232373766e+06 +1.232373766e+06 +1.232432896e+06 +1.232432896e+06 -5.0187e-01 -1.7089e+00 -3.6069e+00 +4.8532e-01 -2.7911e+00 -1.2795e+00 +1.0629e+00 -1.5094e+00 -1.9517e+00 -1.3336e+00 +1.1055e+00 +8.3443e-01 +3.2793e+00 +2.3013e+00 +3.0144e+00 -5.9155e-01 +3.4331e+00 -1.4138e-01 +1.0454e+00 +4.8803e+00
945 +8.241489568e+05 +8.241489568e+05 +8.242080868e+05 +8.242080868e+05 -1.9490e+00 +4.4778e-01 -2.3105e+00 +2.5551e+00 -3.6920e+00 +1.5608e-01 +1.4964e-01 +3.2838e+00 -1.4610e+00 +2.7269e+00 +4.3115e+00 -2.2555e+00 +9.4218e-01 -4.8079e+00 -3.7125e+00 +4.8765e+00 +1.2150e-01 -2.5799e+00 +4.6184e+00 -3.2593e+00
1421 +5.478354339e+05 +5.478354339e+05 +5.478945639e+05 +5.478945639e+05 -4.9212e-01 +1.4289e+00 -4.0701e+00 +2.3734e+00 -4.6967e+00 -2.6944e+00 -1.4905e+00 -2.8477e+00 -3.1879e+00 +3.4690e+00 +4.4918e+00 -4.5495e+00 +2.2664e+00 -9.6754e-01 -4.1118e+00 +2.4465e+00 +1.0931e+00 +1.5495e-01 +6.7862e-01 -2.4025e+00
2307 +3.764371366e+05 +3.764371366e+05 +3.764962666e+05 +3.764962666e+05 -9.9210e-01 +3.3879e-01 -4.0701e+00 +2.3719e+00 -4.6967e+00 -2.6944e+00 -1.4905e+00 -2.8477e+00 -3.1879e+00 +3.4690e+00 +4.4918e+00 -4.5495e+00 +2.3914e+00 -9.6754e-01 -4.1118e+00 +2.4465e+00 -5.3641e-01 -3.2669e+00 +2.9435e+00 -2.4025e+00
3869 +1.237649165e+05 +1.237649165e+05 +1.238240465e+05 +1.238240465e+05 -4.9210e-01 +4.4778e-01 -2.3105e+00 +2.5551e+00 -3.6920e+00 -2.6944e+00 -1.4905e+00 -2.8477e+00 -3.2921e-01 +3.4377e+00 +4.4918e+00 -4.5185e+00 +2.2664e+00 -9.6754e-01 -4.1120e+00 +1.1366e+00 -5.3836e-01 -3.2669e+00 +2.9435e+00 -2.4025e+00
% function evaluation | noise-free fitness - Fopt (-4.915300000000e+02) | best noise-free fitness - Fopt | measured fitness | best measured fitness | x1 | x2...
1 +8.360408529e+06 +8.360408529e+06 +8.359916999e+06 +8.359916999e+06 +2.3380e+00 -1.8941e+00 -4.6740e+00 +3.3204e-01 -2.8364e+00 +9.6205e-01 -6.3384e-01 -5.3039e-01 -2.9763e+00 -2.3433e+00 -4.8984e+00 -1.6116e+00 +3.1799e+00 -7.5575e-01 +1.2546e+00 -3.6927e+00 +2.0058e+00 -3.7573e+00 +1.8120e+00 +9.6868e-01
5 +5.514918321e+06 +5.514918321e+06 +5.514426791e+06 +5.514426791e+06 +3.9729e+00 -4.7949e+00 -2.2662e+00 -2.0600e+00 +3.0710e+00 -3.2628e+00 -3.6269e+00 -1.0380e+00 -3.4300e-01 -1.2329e+00 -3.5521e+00 -2.9968e-01 +9.4357e-01 -1.6329e+00 -2.6699e+00 -2.6744e-01 -9.5657e-01 +2.1324e+00 +3.2889e+00 -1.8206e+00
10 +2.557014105e+06 +2.557014105e+06 +2.556522575e+06 +2.556522575e+06 +2.5099e+00 -3.1259e+00 +3.5381e-01 -3.6829e-02 -3.2412e+00 +1.7966e+00 -2.6368e+00 -3.3355e+00 -1.7141e+00 -2.6602e+00 +3.9970e+00 -1.9297e+00 +3.6465e+00 -2.5501e+00 -3.3779e+00 -3.9220e+00 -1.1746e+00 -2.1165e+00 +1.9173e+00 -3.0188e+00
39 +1.878631275e+06 +1.878631275e+06 +1.878139745e+06 +1.878139745e+06 -7.8526e-02 -4.9161e+00 +2.5380e+00 -8.6809e-01 -6.2234e-01 +3.2835e+00 -1.6542e+00 -2.1635e+00 +3.9579e-01 +3.6520e+00 +2.2719e+00 -5.8132e-01 +4.3262e+00 -2.9494e+00 -1.3259e+00 -1.4102e+00 -1.2470e-01 +3.9908e+00 -2.2385e+00 -6.5474e-01
727 +1.240850415e+06 +1.240850415e+06 +1.240358885e+06 +1.240358885e+06 -4.6549e+00 -1.2771e+00 +7.0185e-01 +1.9909e+00 -3.7613e+00 -2.8057e+00 +1.3664e+00 +1.8504e+00 -3.1841e+00 +2.9993e+00 +7.2840e-01 +1.1492e+00 -4.5456e+00 +3.8435e-01 +6.4583e-01 +1.7219e+00 +4.7536e+00 -2.9647e+00 -2.3191e+00 -2.5951e+00
1027 +8.870391028e+05 +8.870391028e+05 +8.865475728e+05 +8.865475728e+05 +4.3154e-01 -1.4695e+00 +2.5074e+00 +2.3477e+00 +1.1695e+00 +4.6319e+00 -2.9801e+00 -3.2037e+00 -3.5641e+00 +3.8608e+00 +4.8770e+00 -1.8960e+00 -3.7882e+00 -3.9273e+00 +1.5496e+00 -8.2499e-01 -1.5171e+00 +1.3295e+00 -2.1051e+00 -1.2831e+00
1081 +4.541744446e+05 +4.541744446e+05 +4.536829146e+05 +4.536829146e+05 +4.3056e-01 -1.4695e+00 +2.5074e+00 +1.1685e+00 +3.0554e+00 +3.3978e+00 -2.9801e+00 -3.2037e+00 -3.5641e+00 +3.8608e+00 +4.8770e+00 -1.8960e+00 -3.7882e+00 -3.9273e+00 -4.1991e+00 +1.7219e+00 -1.5171e+00 +1.3295e+00 -2.1051e+00 -1.2831e+00
2953 +3.801460090e+05 +3.801460090e+05 +3.796544790e+05 +3.796544790e+05 +4.3154e-01 -1.4695e+00 +2.5380e+00 -3.6829e-02 +3.1179e+00 +3.3978e+00 -2.9803e+00 -3.2037e+00 -3.5636e+00 +3.8608e+00 +4.8770e+00 -1.8960e+00 -3.7882e+00 -3.9273e+00 -4.1971e+00 +7.2186e-01 -1.5171e+00 +1.3295e+00 -2.1051e+00 -1.2831e+00
3389 +1.180589489e+05 +1.180589489e+05 +1.175674189e+05 +1.175674189e+05 -7.8526e-02 -4.9203e+00 +5.3801e-01 -8.6809e-01 -6.2234e-01 +3.7835e+00 -2.9801e+00 -3.2037e+00 -3.0641e+00 +3.8608e+00 +4.8770e+00 -1.8960e+00 +4.6655e+00 -2.8869e+00 -1.3259e+00 -3.3761e+00 -2.4970e-01 +3.9908e+00 -2.2385e+00 -6.5474e-01
4585 +6.541724998e+04 +6.541724998e+04 +6.492571998e+04 +6.492571998e+04 +8.7669e-01 -4.9161e+00 +3.5378e-01 -3.6814e-02 -1.7679e-01 +3.2835e+00 -2.7303e+00 -3.2037e+00 -3.5636e+00 +3.8607e+00 +4.6270e+00 -1.8960e+00 +3.6484e+00 -2.9494e+00 -1.3255e+00 -3.9220e+00 -1.1652e+00 +3.9908e+00 -2.2385e+00 -2.2765e+00
% function evaluation | noise-free fitness - Fopt (-1.702000000000e+02) | best noise-free fitness - Fopt | measured fitness | best measured fitness | x1 | x2...
1 +1.349529912e+07 +1.349529912e+07 +1.349512892e+07 +1.349512892e+07 +4.6523e+00 -4.5841e+00 +2.9869e+00 -1.2620e+00 +3.3895e+00 +1.2553e+00 -3.5616e+00 -1.9945e+00 -3.3570e+00 -1.5140e-01 +1.2482e+00 +3.7480e+00 -2.5121e+00 +1.1996e+00 -4.9751e+00 -1.0465e+00 -4.7732e+00 -3.8244e+00 +2.8004e+00 -1.0272e+00
2 +8.863239593e+06 +8.863239593e+06 +8.863069393e+06 +8.863069393e+06 -3.7337e+00 +2.3151e+00 -4.0636e+00 -4.1102e+00 +5.9891e-01 +1.6109e+00 +1.9249e+00 +2.3776e+00 +3.6062e+00 +1.9089e+00 +7.9996e-02 -2.3894e-01 +3.7055e+00 -2.3270e+00 +1.9211e+00 +3.2238e-01 -3.0041e+00 +2.5371e+00 -4.8768e+00 +2.1329e+00
23 +1.230862086e+06 +1.230862086e+06 +1.230691886e+06 +1.230691886e+06 -8.5806e-01 -3.9192e+00 -1.1821e+00 +1.1874e+00 +4.1316e+00 +1.4652e+00 +2.0376e+00 +4.6330e+00 +4.5781e+00 +2.2350e+00 +5.0363e-01 -1.3093e+00 -3.6314e+00 +9.4929e-01 +4.7059e+00 +1.4729e+00 -3.2746e+00 +2.2923e+00 +3.6647e+00 +1.1973e+00
643 +6.341843376e+05 +6.341843376e+05 +6.340141376e+05 +6.340141376e+05 -8.5806e-01 +1.8698e+00 -4.2556e+00 -7.7464e-01 +4.4291e+00 -7.9062e-01 -1.0774e+00 +3.3737e+00 +7.4230e-01 +2.2350e+00 +5.0363e-01 -1.3093e+00 -3.5065e+00 +9.4929e-01 -4.7059e+00 +1.4729e+00 -3.2746e+00 +2.2923e+00 +3.6647e+00 +1.1895e+00
644 +6.013206887e+05 +6.013206887e+05 +6.011504887e+05 +6.011504887e+05 -8.5806e-01 +1.8698e+00 -4.2556e+00 -7.7464e-01 +4.4291e+00 -7.9062e-01 -1.0774e+00 +3.3737e+00 +7.4230e-01 +2.2350e+00 +5.0363e-01 -1.3093e+00 -3.6314e+00 +9.4538e-01 -4.7059e+00 +1.4729e+00 -3.2746e+00 +2.2923e+00 +3.6647e+00 +1.1973e+00
1245 +3.335861444e+05 +3.335861444e+05 +3.334159444e+05 +3.334159444e+05 -8.5806e-01 +1.8698e+00 -4.2556e+00 -7.7464e-01 +4.4291e+00 -2.8934e+00 -2.3275e+00 +4.7641e+00 +6.1730e-01 +1.8180e+00 +5.0363e-01 -1.3093e+00 -3.5065e+00 +9.4929e-01 -4.7059e+00 +1.4729e+00 -3.2746e+00 +2.2923e+00 +3.6647e+00 +1.1895e+00
2669 +2.329904822e+05 +2.329904822e+05 +2.328202822e+05 +2.328202822e+05 -8.5806e-01 -2.5905e+00 -2.8096e-01 +1.9295e+00 +4.3288e+00 +3.1682e+00 -4.4609e-01 +3.3737e+00 +6.1730e-01 +1.8180e+00 -9.7394e-01 -6.1623e-01 -2.0795e+00 -1.6145e+00 +8.8884e-01 -1.4171e+00 -3.2746e+00 +2.2923e+00 +3.6647e+00 +1.1973e+00
2757 +1.297863227e+05 +1.297863227e+05 +1.296161227e+05 +1.296161227e+05 -3.4714e+00 +1.8698e+00 -4.2712e+00 +1.9295e+00 +4.5487e+00 -1.1849e+00 -2.3275e+00 +4.7641e+00 +9.9242e-01 +2.2350e+00 +5.0363e-01 -1.8093e+00 -3.6314e+00 +9.7663e-01 -4.7059e+00 +1.4729e+00 -3.2746e+00 +2.2923e+00 +3.6650e+00 +1.1973e+00
3401 +8.309878232e+04 +8.309878232e+04 +8.292858232e+04 +8.292858232e+04 -3.4714e+00 +1.8698e+00 -4.2556e+00 +1.9292e+00 +4.5487e+00 -1.1849e+00 -2.3275e+00 +4.7641e+00 +6.0948e-01 +2.2350e+00 +5.0363e-01 -1.3093e+00 -3.5065e+00 +9.4931e-01 -4.7059e+00 +1.4729e+00 -2.7269e+00 +2.2923e+00 +3.6647e+00 +1.1975e+00
4215 +5.936971234e+04 +5.936971234e+04 +5.919951234e+04 +5.919951234e+04 -3.4714e+00 +1.8698e+00 -4.2556e+00 +1.9295e+00 +4.5487e+00 -1.1849e+00 -2.3275e+00 +4.7641e+00 +9.9242e-01 +2.2350e+00 +5.0363e-01 -1.8093e+00 -3.6314e+00 +9.4538e-01 -4.7059e+00 +1.4729e+00 -2.7269e+00 +2.2918e+00 +3.6647e+00 +1.1975e+00
% function evaluation | noise-free fitness - Fopt (-4.697500000000e+02) | best noise-free fitness - Fopt | measured fitness | best measured fitness | x1 | x2...
1 +3.814468561e+07 +3.814468561e+07 +3.814421586e+07 +3.814421586e+07 +3.5263e+00 +1.3507e-01 -4.6054e+00 -1.1188e+00 +2.3076e+00 -3.4394e+00 +4.3903e+00 -3.0340e+00 -1.7134e+00 -4.8141e-01 +2.7528e+00 +4.3735e+00 -2.5045e+00 -3.1557e+00 +8.6206e-01 +4.5251e+00 +2.2308e+00 -2.0670e+00 +2.1654e+00 -3.0700e+00
2 +1.850724518e+07 +1.850724518e+07 +1.850677543e+07 +1.850677543e+07 +1.9687e+00 -4.9850e-01 -3.6291e+00 +4.6129e+00 -4.1310e+00 -6.1169e-01 +4.6979e+00 +1.8173e-01 +3.0961e+00 -1.5562e+00 -2.3546e+00 -1.2535e+00 +7.6265e-01 +2.2904e+00 +1.4181e+00 -1.0530e+00 +4.6422e-01 +1.0992e+00 -2.1944e+00 -2.3120e+00
3 +1.306080146e+07 +1.306080146e+07 +1.306033171e+07 +1.306033171e+07 +7.6514e-01 +5.6714e-01 +2.0445e+00 -3.4515e-01 -3.3483e+00 +5.3908e-01 +3.8355e+00 -1.5848e-01 -6.3292e-01 +2.8205e+00 +1.3617e+00 -9.8487e-01 +3.7706e-01 +2.3555e+00 -9.7037e-02 -2.4197e+00 +3.7077e+00 -1.9933e+00 -8.5754e-01 +3.1695e+00
6 +8.853357323e+06 +8.853357323e+06 +8.852887573e+06 +8.852887573e+06 +3.4765e+00 +1.2562e+00 +3.1009e+00 -2.3348e+00 -3.2072e+00 -4.1271e+00 +4.9184e+00 -2.2138e+00 +1.8229e+00 +4.2972e+00 +1.0529e+00 +2.2445e+00 -1.1584e+00 +3.1816e+00 -1.2367e+00 +4.7892e+00 +1.7366e+00 +3.9690e+00 +4.4353e+00 -4.0965e-01
18 +5.550726473e+06 +5.550726473e+06 +5.550256723e+06 +5.550256723e+06 -4.8452e+00 -6.0458e-02 +2.2221e+00 -8.0805e-01 -1.9276e+00 -1.9809e-01 +3.0903e+00 -1.1003e+00 -1.4106e+00 +5.5207e-01 +8.4083e-01 +2.6716e+00 +4.9099e+00 -8.9625e-01 -2.5083e+00 -3.3616e+00 +4.8267e+00 +6.1603e-01 -2.9131e+00 +4.5190e+00
78 +1.193564604e+06 +1.193564604e+06 +1.193094854e+06 +1.193094854e+06 -4.8790e+00 -1.6524e+00 -3.8883e-02 +2.1017e+00 -1.3373e-01 +3.9095e+00 +1.8543e+00 -1.6092e+00 +3.7710e+00 +3.0331e+00 -1.7598e+00 +8.1594e-01 +3.4396e+00 +2.6830e+00 +1.8608e+00 +3.5498e+00 -8.2329e-01 +4.2250e+00 -9.6266e-02 -3.4521e+00
369 +9.381925314e+05 +9.381925314e+05 +9.377227814e+05 +9.377227814e+05 +8.3575e-02 +7.7198e-01 +1.5992e+00 +4.6478e+00 +6.6120e-02 +9.9944e-01 -1.8934e+00 -1.5183e+00 +4.7543e+00 +4.1095e+00 -1.3906e+00 +1.7547e+00 +3.2285e+00 -4.2144e+00 +1.1886e+00 -8.9909e-01 -4.8625e+00 +4.3455e-01 -3.4302e+00 +3.8199e-01
897 +5.835127715e+05 +5.835127715e+05 +5.830430215e+05 +5.830430215e+05 +8.3575e-02 +7.7198e-01 +1.5992e+00 +4.6791e+00 +6.6120e-02 +9.9944e-01 -1.8934e+00 -1.5183e+00 +4.7543e+00 +4.1095e+00 -1.3906e+00 +1.7547e+00 +3.2285e+00 -4.2144e+00 +1.1886e+00 -8.9909e-01 +7.8130e-01 +4.3455e-01 -3.4302e+00 +3.8199e-01
1781 +3.484534115e+05 +3.484534115e+05 +3.479836615e+05 +3.479836615e+05 -1.1471e+00 -1.9248e+00 +3.3047e+00 -2.3097e-01 +6.6120e-02 +9.9944e-01 -1.8934e+00 -1.5183e+00 +4.7543e+00 +4.1095e+00 -1.3906e+00 +1.7547e+00 +3.4160e+00 -4.2144e+00 +1.1886e+00 -3.3242e+00 +7.8130e-01 +4.3455e-01 -3.4302e+00 +1.4345e+00
3391 +2.447329882e+05 +2.447329882e+05 +2.442632382e+05 +2.442632382e+05 -1.1471e+00 -9.2478e-01 +3.3047e+00 -2.3097e-01 +6.6120e-02 +9.9944e-01 -1.8934e+00 -1.5183e+00 +4.7543e+00 +4.1095e+00 -1.3906e+00 +1.7547e+00 +3.4160e+00 -4.2144e+00 +1.1886e+00 -3.3242e+00 +7.8130e-01 +4.3455e-01 -3.4302e+00 +1.4345e+00
% function evaluation | noise-free fitness - Fopt (-1.280000000000e+01) | best noise-free fitness - Fopt | measured fitness | best measured fitness | x1 | x2...
1 +2.980042419e+07 +2.980042419e+07 +2.980041139e+07 +2.980041139e+07 +4.3358e+00 -1.7530e+00 -2.2664e+00 +6.7612e-01 +2.2559e+00 +2.1331e+00 -2.7219e+00 -1.6446e+00 +1.5243e+00 +3.8629e+00 +1.1521e-01 -2.5906e+00 +3.7278e+00 +1.6592e+00 -1.4084e+00 -3.2187e+00 -9.4658e-01 -4.8597e+00 +2.2541e+00 -4.6614e-01
2 +5.569596697e+06 +5.569596697e+06 +5.569583897e+06 +5.569583897e+06 +1.6078e+00 +3.8848e+00 -2.7393e+00 +1.2512e+00 -3.0202e+00 -1.4890e+00 -1.5551e+00 +3.4338e+00 +3.1704e+00 +2.5593e+00 +3.6067e+00 +1.2386e+00 +2.9094e+00 +2.5516e+00 +3.2809e+00 +3.4995e+00 -1.2783e+00 +3.1333e+00 -4.3888e+00 +5.1785e-02
7 +3.599239173e+06 +3.599239173e+06 +3.599226373e+06 +3.599226373e+06 -4.4884e+00 -4.5916e+00 -7.3157e-01 +4.2645e+00 +2.7840e+00 +1.2755e+00 -7.4328e-01 +4.7365e+00 +3.0092e+00 +1.3766e+00 -2.4871e+00 +3.1936e+00 +3.4755e+00 +3.0877e-01 +3.4248e+00 -1.2312e+00 +3.7417e+00 +1.6954e+00 -1.8975e+00 +2.6188e+00
49 +1.854603921e+06 +1.854603921e+06 +1.854591121e+06 +1.854591121e+06 +3.4773e+00 -4.4953e+00 +3.4973e+00 -2.4412e+00 +1.7025e-01 -3.4536e+00 +2.9802e+00 -9.8899e-01 -3.9931e-01 +4.7480e+00 -4.0941e+00 +2.1839e+00 +9.3117e-01 -1.4916e-01 -3.0594e+00 +4.9611e+00 -3.8276e+00 +1.5331e-01 +4.2796e+00 -2.3800e+00
709 +1.058758128e+06 +1.058758128e+06 +1.058745328e+06 +1.058745328e+06 -4.4884e+00 -4.5916e+00 +7.3157e-01 +4.2645e+00 +2.7840e+00 -4.6448e-01 -4.2571e-01 +2.0097e+00 -3.9088e+00 -3.9333e-01 +1.3111e+00 +2.6643e+00 +4.6577e-01 -1.3348e-02 +4.2391e+00 -2.8321e+00 +1.4295e+00 +3.9095e+00 -1.8325e+00 +2.6188e+00
1221 +9.457605943e+05 +9.457605943e+05 +9.457477943e+05 +9.457477943e+05 -2.3773e+00 -1.9630e+00 -3.1259e+00 +4.2645e+00 +2.8465e+00 -4.6448e-01 -1.8969e-01 -5.1882e-02 +5.3679e-01 -1.8334e+00 -1.6497e+00 +7.7806e+00 +4.6077e+00 +1.7085e+00 +3.0721e+00 +1.8421e+00 +3.5122e+00 +3.4628e+00 -9.6196e-01 -9.7196e-01
1506 +6.169676668e+05 +6.169676668e+05 +6.169548668e+05 +6.169548668e+05 +1.8248e+00 -4.9269e+00 -2.5058e-01 -1.8358e+00 +1.2226e+00 -1.1936e+00 -4.9139e+00 -3.2555e+00 +4.7233e+00 -7.1843e-01 -1.4453e+00 +3.0489e+00 +4.2168e+00 -1.6831e+00 +3.9071e+00 -3.6615e+00 -4.3668e+00 +1.4075e+00 -4.1024e+00 +2.2035e+00
2697 +3.622841270e+05 +3.622841270e+05 +3.622713270e+05 +3.622713270e+05 -1.8448e+00 -3.2477e+00 +3.3884e+00 +3.8785e+00 +4.7118e+00 -1.9467e+00 -2.8656e+00 +2.2597e+00 -3.8775e+00 -3.9333e-01 +1.6017e+00 +6.2922e-01 +4.6577e-01 -5.5360e-03 +4.2391e+00 -1.3754e+00 +1.5015e+00 +7.9747e-01 -9.3103e-02 -3.0874e+00
4639 +2.479073031e+05 +2.479073031e+05 +2.478945031e+05 +2.478945031e+05 -2.3778e+00 -1.9630e+00 -3.1259e+00 +3.1455e+00 +2.8465e+00 -4.6448e-01 -1.8969e-01 -5.1882e-02 -2.6488e+00 -1.8295e+00 -1.6497e+00 +7.7806e+00 +4.6077e+00 +1.7085e+00 +3.0721e+00 +1.8421e+00 +3.5747e+00 +1.4003e+00 -9.6197e-01 -9.7196e-01
% function evaluation | noise-free fitness - Fopt (-3.856900000000e+02) | best noise-free fitness - Fopt | measured fitness | best measured fitness | x1 | x2...
1 +1.000075559e+07 +1.000075559e+07 +1.000036990e+07 +1.000036990e+07 -2.1808e+00 -3.8655e+00 -3.4958e+00 -1.3792e+00 -2.0700e+00 -6.5779e-01 -4.3189e+00 +2.7599e+00 -8.4188e-01 -2.8972e+00 -1.9549e+00 +2.0582e+00 -3.6868e+00 -2.9641e+00 +1.5696e+00 +4.4168e+00 +9.4516e-01 -3.9531e+00 -2.3180e+00 +1.8065e+00
4 +5.631898632e+06 +5.631898632e+06 +5.631512942e+06 +5.631512942e+06 -2.3142e+00 -7.5281e-01 -9.8496e-01 -3.2514e-01 -4.1055e+00 +1.3754e+00 +8.5503e-01 -1.5680e+00 -1.6029e+00 +9.3624e-02 -3.3418e-02 +7.1420e-01 -8.9414e-01 -4.5081e+00 -1.7770e+00 +3.5241e+00 +1.2540e+00 -1.4427e+00 -3.7542e+00 -2.6727e+00
48 +2.619990062e+06 +2.619990062e+06 +2.619604372e+06 +2.619604372e+06 -3.2101e+00 -1.7069e+00 -8.5767e-01 -3.3557e+00 +3.7131e+00 -2.8547e+00 -2.8382e-01 +1.6672e+00 -2.4635e+00 -8.6440e-01 -6.3801e-01 +4.3134e+00 -4.8173e+00 -3.1287e+00 -3.4079e+00 -3.7624e+00 -1.5519e+00 +4.6472e-01 +2.8817e+00 -4.4526e+00
216 +2.388533256e+06 +2.388533256e+06 +2.388147566e+06 +2.388147566e+06 +3.9612e+00 +1.4971e+00 -1.2445e-02 -4.3521e+00 +1.1222e+00 +3.9808e+00 -6.8994e-01 +4.7805e+00 +1.1814e+00 +3.1998e+00 +3.2862e+00 +1.9768e+00 -1.9902e+00 +3.4056e+00 -4.5521e+00 +4.5246e+00 +4.2423e+00 -3.4672e+00 -4.3812e+00 -3.6503e-01
605 +1.529064514e+06 +1.529064514e+06 +1.528678824e+06 +1.528678824e+06 +1.5270e-01 -1.3516e+00 +3.6786e+00 -3.3358e+00 +3.9071e+00 +3.9869e+00 +2.3817e+00 -3.4503e+00 -2.8311e+00 -2.9768e+00 +2.7446e+00 -4.9779e+00 +9.2328e-01 +1.0749e+00 +5.6341e-01 +2.8396e+00 -3.1550e+00 -3.3044e+00 -2.7134e+00 +3.1617e-02
1121 +7.694268282e+05 +7.694268282e+05 +7.690411382e+05 +7.690411382e+05 +1.5610e+00 -4.3813e+00 +3.9035e+00 -2.6025e+00 +2.8629e+00 +2.5834e-01 +4.2929e+00 +3.6701e+00 -8.4187e-01 -2.8972e+00 -9.5487e-01 +2.0621e+00 +3.6363e+00 -1.7338e+00 +6.2943e-01 +1.6826e+00 -3.1411e+00 +4.0120e+00 -3.6152e+00 -3.7578e+00
1329 +5.145431277e+05 +5.145431277e+05 +5.141574377e+05 +5.141574377e+05 +1.4869e+00 -3.7524e+00 +2.3856e+00 -3.2330e-01 +6.4882e+00 +1.2894e+00 +1.5326e+00 +4.2740e+00 +4.1870e-01 +2.6407e+00 +1.3848e+00 +3.2530e+00 +5.5609e-01 -2.5616e+00 -4.5077e+00 +4.4225e+00 -4.8589e+00 +3.1627e+00 -2.6592e+00 -1.4953e+00
2843 +2.657702904e+05 +2.657702904e+05 +2.653846004e+05 +2.653846004e+05 -3.4872e-01 -3.8358e-01 +8.4058e-01 -5.1741e-01 +3.6142e+00 -2.0940e+00 -1.3481e+00 +1.6672e+00 -2.8790e+00 -2.3288e+00 +3.9106e+00 +2.0582e+00 +4.8173e+00 +2.1166e+00 +2.7948e+00 +2.8360e+00 +3.1855e+00 +2.5080e+00 +3.0335e+00 +5.0862e-01
3357 +2.107726986e+05 +2.107726986e+05 +2.103870086e+05 +2.103870086e+05 -3.4872e-01 -3.7524e+00 +2.3856e+00 +1.8256e+00 +1.3648e+00 -2.0940e+00 -4.0882e-01 +1.6672e+00 -2.4635e+00 -8.6342e-01 -6.3801e-01 +4.3134e+00 +4.8173e+00 +3.2875e-01 -3.4098e+00 +1.5452e+00 +4.6010e+00 -5.4780e-01 +2.8817e+00 -4.4526e+00
3702 +1.350694175e+05 +1.350694175e+05 +1.346837275e+05 +1.346837275e+05 -3.4872e-01 -3.8309e-01 +8.4058e-01 -5.1741e-01 +3.6142e+00 -2.0940e+00 -1.3481e+00 +1.6672e+00 -2.8790e+00 -3.3288e+00 +3.9106e+00 +2.0582e+00 +5.5609e-01 +2.7416e+00 +2.5448e+00 +2.8360e+00 +3.1855e+00 +2.5080e+00 +3.0335e+00 +5.0862e-01
4877 +8.728465246e+04 +8.728465246e+04 +8.689896246e+04 +8.689896246e+04 -3.4872e-01 -3.8358e-01 +8.4058e-01 -5.1741e-01 +3.6142e+00 -2.0959e+00 -1.3481e+00 +1.6672e+00 -2.8790e+00 -3.3288e+00 +3.9104e+00 +2.0621e+00 +5.5609e-01 +2.7416e+00 +8.7944e-01 +2.8360e+00 +3.1875e+00 +2.5431e+00 +3.0335e+00 +5.0862e-01
% function evaluation | noise-free fitness - Fopt (4.000000000000e+01) | best noise-free fitness - Fopt | measured fitness | best measured fitness | x1 | x2...
1 +1.589419981e+07 +1.589419981e+07 +1.589423981e+07 +1.589423981e+07 -4.5534e+00 -1.1577e+00 -6.3215e-01 +6.9155e-01 +2.9486e+00 -2.8613e+00 -3.0820e+00 +4.7885e+00 +2.7756e+00 -2.2204e+00 +1.3621e+00 +5.4103e-01 -3.9380e+00 +3.2697e+00 -3.5619e+00 +3.8905e+00 +4.4204e+00 -1.9031e+00 -8.0733e-01 -3.4906e+00
3 +1.487290245e+07 +1.487290245e+07 +1.487294245e+07 +1.487294245e+07 +3.3834e+00 +1.7265e-01 -4.9619e+00 +4.9956e+00 -1.0658e+00 +1.0590e+00 +4.0124e+00 +3.5321e+00 -1.7923e+00 +2.2157e+00 -3.7313e+00 +1.4505e+00 +3.2872e-01 +1.3257e+00 -1.2991e+00 +4.0297e-02 -2.4443e+00 -4.6605e+00 -4.0666e+00 +1.9209e+00
5 +6.496785251e+06 +6.496785251e+06 +6.496825251e+06 +6.496825251e+06 -4.4800e+00 +4.4956e+00 +3.8490e+00 +3.5021e-01 +3.4772e+00 +2.6363e-01 -1.9120e+00 -2.4884e+00 -2.2616e+00 -4.5831e+00 -5.4952e-01 +6.3446e-01 -4.7437e+00 +1.1671e-01 -8.1459e-01 -3.8062e+00 -2.0572e+00 -2.3841e+00 -2.0521e+00 +7.4823e-02
15 +6.014943470e+06 +6.014943470e+06 +6.014983470e+06 +6.014983470e+06 -3.3430e+00 +3.4444e+00 -3.2426e+00 -4.7628e-01 +4.4449e-01 +2.9762e+00 +3.6144e+00 +2.0565e+00 -3.3477e-01 -3.0182e+00 +2.1169e+00 -2.6421e+00 -1.0333e+00 -3.7504e+00 -1.1631e+00 +1.8385e+00 -4.9460e+00 +2.9782e+00 +3.7501e+00 -4.0065e+00
26 +3.421498431e+06 +3.421498431e+06 +3.421538431e+06 +3.421538431e+06 +1.2775e+00 -4.5566e-01 +2.2441e+00 -1.1510e+00 -2.4506e-01 +4.6902e+00 -1.7447e+00 +1.4748e+00 -3.2200e+00 -4.2713e+00 +4.1874e+00 +1.6832e+00 -3.2550e+00 +6.2038e-01 -4.7393e+00 -1.7263e+00 -2.0695e+00 +3.2764e+00 -1.1070e+00 +1.5285e+00
43 +1.623442565e+06 +1.623442565e+06 +1.623482565e+06 +1.623482565e+06 -4.1182e+00 +2.5147e+00 -1.3890e+00 +2.1213e-01 -9.2578e-01 +4.6455e+00 -1.0297e+00 -2.3156e+00 -4.3671e+00 +2.2234e+00 -4.1895e+00 -2.2363e+00 -1.0315e+00 +3.6421e+00 +4.9038e+00 +3.3877e+00 -2.5302e+00 +3.5386e+00 +2.7605e+00 -3.3912e+00
93 +1.492485250e+06 +1.492485250e+06 +1.492525250e+06 +1.492525250e+06 +1.0672e+00 -2.8471e+00 +1.9011e+00 +1.4581e+00 -2.8494e+00 -4.0108e-01 -1.1878e+00 +2.1609e+00 -4.2098e-01 +2.4002e+00 -3.4138e+00 +1.2904e+00 +4.4750e+00 +4.0578e+00 -1.7231e+00 -2.2691e+00 -1.8688e+00 -1.6252e+00 -2.3337e+00 -2.1495e+00
172 +9.574474861e+05 +9.574474861e+05 +9.574874861e+05 +9.574874861e+05 +2.5497e+00 -1.3749e-01 -4.0590e+00 -2.6866e+00 +9.9505e-01 +1.7103e+00 -4.9418e+00 +5.2086e-01 +1.0586e+00 +4.2835e+00 -1.3912e+00 -2.5063e+00 +3.1712e-01 +1.9014e+00 +4.5815e+00 +2.6290e+00 -1.4993e+00 -4.8025e+00 -2.1287e+00 -6.7639e-01
649 +4.659585217e+05 +4.659585217e+05 +4.659985217e+05 +4.659985217e+05 +2.5448e-01 +8.3059e-01 -1.0902e-01 +8.7658e-01 +1.3752e+00 -2.6783e+00 +3.1528e+00 -4.2171e+00 -7.7510e-01 -2.7564e+00 +5.8914e-01 -1.5170e+00 +2.6350e+00 -3.5408e+00 -7.1071e-01 -3.9628e+00 -2.0637e+00 +9.8335e-01 +4.9845e-01 +7.9490e-01
1489 +3.270808753e+05 +3.270808753e+05 +3.271208753e+05 +3.271208753e+05 +2.5058e-01 +8.3059e-01 -1.0902e-01 +8.7658e-01 +1.3752e+00 +7.9036e-02 +3.1528e+00 -4.2171e+00 -7.7510e-01 -2.7564e+00 -5.8914e-01 -1.5170e+00 +2.6350e+00 -3.5408e+00 -7.1853e-01 -3.9628e+00 -2.0637e+00 +9.8335e-01 +4.9845e-01 +7.9490e-01
2899 +2.466219170e+05 +2.466219170e+05 +2.466619170e+05 +2.466619170e+05 +2.5448e-01 +8.3059e-01 -1.0902e-01 +8.7659e-01 +1.3752e+00 -2.6783e+00 +3.1528e+00 -4.2171e+00 -7.7510e-01 -2.7564e+00 +8.9141e-02 -2.5106e+00 +5.2314e-02 -3.1219e+00 -7.1071e-01 -3.9628e+00 -2.0637e+00 +9.8335e-01 +9.8283e-01 +7.9490e-01
3887 +1.577985668e+05 +1.577985668e+05 +1.578385668e+05 +1.578385668e+05 +2.5058e-01 +8.3065e-01 -1.0902e-01 +8.7658e-01 +1.3752e+00 +7.9036e-02 +3.1528e+00 -4.2171e+00 -5.2510e-01 -2.7564e+00 -1.5891e+00 -1.5170e+00 +5.2436e-02 -3.5408e+00 -7.1071e-01 -3.9628e+00 -2.0637e+00 +9.8335e-01 +4.9845e-01 +7.9490e-01
% function evaluation | noise-free fitness - Fopt (1.142600000000e+02) | best noise-free fitness - Fopt | measured fitness | best measured fitness | x1 | x2...
1 +8.392681871e+06 +8.392681871e+06 +8.392796131e+06 +8.392796131e+06 +1.3070e+00 +2.1227e+00 +3.6037e+00 +2.6951e+00 +2.3883e+00 +4.7772e-01 +2.8142e+00 -3.1097e+00 -1.3660e-01 +2.4213e+00 +8.0629e-02 -3.8780e+00 +4.9791e+00 +6.2525e-01 -4.9075e+00 -1.9455e+00 +1.2997e+00 +2.8533e+00 +3.7430e-01 -3.9274e+00
11 +2.306283862e+06 +2.306283862e+06 +2.306398122e+06 +2.306398122e+06 +4.0742e+00 +2.8040e+00 -2.9819e+00 +2.4195e+00 -1.9315e+00 -1.9430e+00 -2.0809e-02 -4.0092e+00 -4.7669e+00 +3.8305e+00 -4.0927e+00 +1.2263e+00 +5.8340e-01 -3.3603e+00 -3.0513e-01 +2.8211e-01 +2.5411e+00 -5.1241e-02 +8.3927e-01 -4.9847e+00
110 +1.423034797e+06 +1.423034797e+06 +1.423149057e+06 +1.423149057e+06 +4.0182e+00 +1.3992e+00 +7.4661e-01 -1.9241e+00 -2.3456e+00 +2.4489e-01 +1.3235e+00 +2.7962e+00 -3.8450e+00 -4.4915e+00 -3.1005e+00 +1.3101e+00 +3.4769e+00 +2.2001e+00 -3.9900e+00 -2.8708e+00 +1.2152e+00 +3.8432e+00 -3.7251e+00 +1.1328e+00
735 +9.582764766e+05 +9.582764766e+05 +9.583907366e+05 +9.583907366e+05 -4.9399e+00 -3.6072e+00 +1.9302e-01 -8.9186e-01 +2.5491e+00 -4.1962e+00 +3.7424e+00 +2.7962e+00 -2.3507e+00 +1.6996e+00 +3.6599e+00 -1.7582e+00 +3.7084e+00 -3.3652e+00 -4.4132e-01 +4.2538e+00 -1.3625e+00 +1.2056e-01 +1.0249e+00 +4.5055e+00
779 +5.182515528e+05 +5.182515528e+05 +5.183658128e+05 +5.183658128e+05 +1.3829e+00 -8.2043e-01 +4.3286e+00 -8.0702e-01 +2.6445e+00 +2.6277e+00 +3.3885e+00 -2.2421e+00 -1.0761e+00 -3.8312e+00 -9.5759e-01 -2.9804e-01 +1.5525e+00 -4.4756e+00 -4.7503e+00 -3.5586e+00 +3.3443e+00 +1.5477e+00 +3.4109e+00 +3.1566e+00
1821 +3.398053468e+05 +3.398053468e+05 +3.399196068e+05 +3.399196068e+05 -4.5677e+00 -2.1932e+00 +2.5294e+00 +2.3564e+00 +2.0495e+00 -2.1416e+00 +5.0543e-01 +3.5715e+00 -1.0573e+00 -3.2380e+00 +3.1335e-01 -1.7293e+00 +3.2110e+00 -1.7109e+00 -3.1708e+00 -1.1011e+00 +1.2834e-01 -4.6193e+00 +2.0047e+00 +1.2093e-01
4062 +2.268294274e+05 +2.268294274e+05 +2.269436874e+05 +2.269436874e+05 -4.5677e+00 -2.1932e+00 +3.8628e+00 +2.3564e+00 +3.5442e+00 -3.8759e+00 +1.3235e+00 +2.7962e+00 -1.0573e+00 -3.2380e+00 -2.6491e-01 -1.7293e+00 +3.2111e+00 -1.7109e+00 -3.1708e+00 -1.1011e+00 +1.2840e-01 -4.6193e+00 +2.0047e+00 +2.4593e-01
% function evaluation | noise-free fitness - Fopt (1.393000000000e+01) | best noise-free fitness - Fopt | measured fitness | best measured fitness | x1 | x2...
1 +3.077159728e+07 +3.077159728e+07 +3.077161121e+07 +3.077161121e+07 -3.6674e+00 -3.2999e+00 +1.6051e+00 -3.7064e+00 +2.8742e+00 -4.2500e-01 -4.6165e+00 -1.1064e+00 +2.4927e+00 +4.6614e+00 +2.3366e+00 -1.3879e+00 -9.3644e-01 +3.4121e+00 -2.7580e+00 +4.2622e+00 -5.3387e-01 -1.7616e+00 -1.9170e+00 -4.6064e+00
2 +1.031351937e+07 +1.031351937e+07 +1.031353330e+07 +1.031353330e+07 -1.2626e+00 -1.8392e+00 -3.9241e+00 -2.8609e+00 +2.1632e+00 -2.3744e+00 -3.0082e+00 +2.7172e+00 -5.4499e-01 +1.1671e-01 -2.9432e+00 -2.6242e+00 -3.8583e+00 -2.8842e+00 +3.2925e+00 +2.7857e+00 -3.5370e+00 +1.2609e+00 +4.9541e+00 -1.6368e+00
13 +6.279652054e+06 +6.279652054e+06 +6.279665984e+06 +6.279665984e+06 +3.1083e+00 -6.1705e-01 +1.2882e+00 +2.2564e+00 -3.4846e+00 +3.5697e+00 -4.4115e+00 -3.7270e+00 -8.1433e-01 -1.3257e+00 -4.0162e-01 -3.0918e+00 +7.6311e-01 +9.7633e-01 -3.0776e+00 +9.7438e-01 +2.4787e+00 +1.6719e+00 +2.9377e+00 -3.0796e+00
92 +2.574562685e+06 +2.574562685e+06 +2.574576615e+06 +2.574576615e+06 -4.8071e+00 +9.1373e-01 -4.6919e+00 +4.5998e+00 -1.3302e+00 +3.4580e+00 -2.1286e+00 +4.3626e+00 +2.7971e+00 -1.9920e+00 -2.2855e+00 -2.2784e-01 +3.7518e+00 -3.0599e+00 -1.6801e+00 -2.4667e+00 -1.5452e+00 +3.4705e+00 +2.5266e+00 +1.9804e+00
113 +5.288965409e+05 +5.288965409e+05 +5.289104709e+05 +5.289104709e+05 +2.0477e+00 +3.0364e+00 +7.1216e-03 +3.4024e+00 +1.5110e+00 -1.4797e+00 -3.3217e+00 +3.6744e+00 +7.7771e-03 +4.4616e+00 -4.7884e+00 +3.8321e-01 +4.1138e+00 +2.6328e+00 +1.4702e+00 -1.4442e+00 -4.1832e+00 +1.7345e+00 +1.7601e+00 -2.5704e+00
397 +3.012793562e+05 +3.012793562e+05 +3.012932862e+05 +3.012932862e+05 +2.0477e+00 +3.0364e+00 +7.1216e-03 +3.4024e+00 +1.5110e+00 -1.4797e+00 -3.3217e+00 +3.6744e+00 +7.7771e-03 +4.4616e+00 -4.7884e+00 +3.8321e-01 +4.1138e+00 +4.2719e-01 +1.4702e+00 -1.4442e+00 -4.1832e+00 +1.7345e+00 +1.7601e+00 -2.5704e+00
3140 +1.881770459e+05 +1.881770459e+05 +1.881909759e+05 +1.881909759e+05 +2.0477e+00 +3.0364e+00 +2.8221e+00 +3.4024e+00 +1.5110e+00 -1.4796e+00 -1.7316e+00 +3.6744e+00 +7.7771e-03 +4.4616e+00 -4.7884e+00 +3.8321e-01 +4.1138e+00 +2.6328e+00 +1.4702e+00 -1.4442e+00 -4.1832e+00 +1.7033e+00 +1.7601e+00 -2.5704e+00
3621 +1.118531203e+05 +1.118531203e+05 +1.118670503e+05 +1.118670503e+05 +2.0477e+00 +3.0364e+00 +2.8221e+00 +3.4024e+00 +1.5110e+00 -1.4796e+00 -1.7316e+00 +3.6744e+00 +7.7771e-03 +4.4616e+00 -5.7884e+00 +3.8321e-01 +4.1138e+00 +2.6328e+00 +1.4702e+00 -1.4442e+00 -4.1832e+00 +1.7033e+00 +1.7601e+00 -2.5704e+00
4661 +8.783119445e+04 +8.783119445e+04 +8.784512445e+04 +8.784512445e+04 +2.0477e+00 +3.0364e+00 +1.0071e+00 +3.4025e+00 +1.5149e+00 -3.1343e+00 +2.5159e+00 +1.0509e+00 +5.0753e-01 +4.4616e+00 -4.7884e+00 +3.8321e-01 +4.1138e+00 +7.3095e-01 +1.4702e+00 -1.4442e+00 -4.1832e+00 +1.7355e+00 +1.7601e+00 -2.5704e+00
% function evaluation | noise-free fitness - Fopt (-3.175000000000e+01) | best noise-free fitness - Fopt | measured fitness | best measured fitness | x1 | x2...
1 +1.363923625e+07 +1.363923625e+07 +1.363920450e+07 +1.363920450e+07 +1.9774e+00 -2.9377e+00 +4.2858e+00 -2.3479e+00 +1.5156e+00 +1.3446e+00 +4.3177e+00 +3.2544e+00 +2.5660e+00 +3.8450e+00 -4.5641e+00 +4.8367e+00 +3.8158e+00 -1.5787e-02 -4.0480e-01 -3.5604e+00 +3.7169e+00 +4.4706e+00 +4.1511e+00 +4.6720e+00
10 +8.101649962e+06 +8.101649962e+06 +8.101618212e+06 +8.101618212e+06 +3.3803e-02 +1.8923e+00 +4.6894e-01 +2.9511e-01 +2.1482e+00 +1.0403e+00 +6.5045e-01 +4.9447e+00 -3.7954e+00 +1.8612e+00 +1.4134e+00 +4.6760e+00 +1.5164e+00 +6.6539e-01 -1.9783e+00 +2.6579e+00 -4.0712e+00 -1.3492e+00 -1.3553e+00 +1.0927e+00
23 +3.037721915e+06 +3.037721915e+06 +3.037690165e+06 +3.037690165e+06 +1.0941e+00 +4.6370e+00 +4.9550e+00 -3.2471e+00 -7.7279e-01 -2.3451e+00 +1.5018e+00 -2.1240e-01 +1.5587e+00 +9.1205e-01 +1.2302e+00 +3.7931e-01 -6.6191e-01 +1.2473e+00 +3.5147e+00 +7.7898e-01 -4.9921e+00 -2.9411e+00 -2.0759e+00 +3.2500e+00
104 +1.995350412e+06 +1.995350412e+06 +1.995318662e+06 +1.995318662e+06 -2.7762e+00 +2.7162e+00 -2.5264e+00 +1.7201e-01 -2.3829e+00 +1.0634e+00 -3.2652e-02 +3.9370e+00 -4.0194e+00 +1.5142e+00 +1.2664e-01 +1.6129e+00 -5.6098e-01 +1.0481e+00 +1.3758e-02 -1.6685e-01 -3.2891e+00 +4.6268e+00 +3.6291e+00 +1.3292e+00
657 +1.037722021e+06 +1.037722021e+06 +1.037690271e+06 +1.037690271e+06 +9.0645e-01 +2.5987e+00 -9.8490e-01 +6.7629e-01 -2.5438e+00 -5.6088e-01 -1.4121e+00 +4.1417e+00 -4.9377e+00 -1.1412e+00 +3.8980e+00 -3.4157e+00 -1.8883e+00 -2.9434e+00 -1.6000e+00 +1.2279e+00 +2.1020e+00 -2.0153e+00 +8.3640e-01 +2.5085e+00
839 +6.194614657e+05 +6.194614657e+05 +6.194297157e+05 +6.194297157e+05 -2.7762e+00 +2.7162e+00 -2.5264e+00 +1.7201e-01 -2.3829e+00 +1.0634e+00 -3.2652e-02 +3.9370e+00 -4.0194e+00 +1.5142e+00 +1.2664e-01 +1.6129e+00 -5.6101e-01 -4.0877e+00 -2.4107e+00 +3.0461e-01 -3.2891e+00 +4.6268e+00 +3.6291e+00 +1.3292e+00
2725 +3.863120000e+05 +3.863120000e+05 +3.862802500e+05 +3.862802500e+05 +9.0645e-01 +2.5987e+00 -1.9844e+00 +6.7629e-01 -2.5438e+00 -5.6088e-01 -1.4121e+00 +4.1417e+00 -4.9377e+00 -1.1407e+00 +3.8960e+00 -3.4079e+00 -1.8883e+00 -2.9590e+00 -1.6000e+00 +1.2279e+00 +3.0916e-01 -6.3114e-01 +3.0417e+00 +1.3292e+00
% function evaluation | noise-free fitness - Fopt (5.432000000000e+01) | best noise-free fitness - Fopt | measured fitness | best measured fitness | x1 | x2...
1 +1.084218387e+07 +1.084218387e+07 +1.084223819e+07 +1.084223819e+07 +4.0184e+00 -3.6903e-01 -2.8580e+00 -8.3754e-01 +3.2823e+00 +3.3930e+00 -4.5363e+00 +8.6300e-01 -3.9504e+00 +4.1172e+00 +1.4310e+00 +3.5250e+00 -4.9794e+00 -3.3535e+00 +4.4363e+00 -1.5040e+00 +1.2715e+00 -4.0760e+00 -4.8551e+00 -2.5099e+00
3 +2.441378503e+06 +2.441378503e+06 +2.441432823e+06 +2.441432823e+06 -7.0299e-01 -4.4383e+00 -3.8527e+00 -2.2367e+00 -3.8234e+00 +3.8108e+00 +1.9583e+00 +2.9379e+00 -4.8250e+00 -2.2116e+00 +4.1040e-01 -1.8356e-01 -9.3997e-01 -1.0678e+00 -3.0785e+00 +5.8785e-01 -3.6038e+00 -1.8944e+00 +4.7799e+00 +3.4157e+00
307 +1.507008512e+06 +1.507008512e+06 +1.507062832e+06 +1.507062832e+06 -7.0299e-01 -4.4383e+00 -3.8527e+00 -2.2367e+00 -3.8234e+00 +3.8108e+00 +1.9583e+00 +2.9379e+00 -4.8250e+00 -2.2116e+00 -1.1346e+00 -4.9928e+00 -9.3997e-01 -1.0678e+00 -3.0785e+00 +5.8785e-01 -3.6038e+00 -1.8944e+00 +4.7799e+00 +3.4157e+00
769 +7.248968910e+05 +7.248968910e+05 +7.249512110e+05 +7.249512110e+05 -1.8247e+00 +1.8800e+00 -7.4697e-02 +1.9458e+00 -9.0469e-01 +2.6959e+00 +1.1189e+00 -3.7858e+00 +4.1368e+00 -4.9280e-01 +9.1947e-01 +4.6694e+00 +4.0942e-01 -6.9129e-01 +7.3472e-01 +4.5880e-02 -1.4110e+00 +4.8892e-02 +3.0483e+00 +2.2332e-01
1721 +5.910437508e+05 +5.910437508e+05 +5.910980708e+05 +5.910980708e+05 -1.8247e+00 +1.8800e+00 +2.0416e+00 +1.6397e+00 -9.0469e-01 +2.6961e+00 +1.1189e+00 -3.7858e+00 +4.1368e+00 -4.9280e-01 +9.1947e-01 +4.6694e+00 +4.0942e-01 -6.9129e-01 +7.3472e-01 +4.5880e-02 -1.4110e+00 +4.9014e-02 +3.0483e+00 +2.2332e-01
2705 +3.683545838e+05 +3.683545838e+05 +3.684089038e+05 +3.684089038e+05 +2.5542e-01 +1.1950e-01 +2.5706e+00 -8.3103e-01 -3.2122e-01 +3.0593e+00 -1.8852e+00 -9.6030e-01 -1.0058e+00 +2.9734e+00 -4.1893e+00 -2.9005e+00 -1.0853e+00 +4.3613e+00 -7.1759e+00 +2.8072e+00 -1.1774e+00 +2.5180e+00 +3.0483e+00 +2.1451e+00
3591 +2.220937727e+05 +2.220937727e+05 +2.221480927e+05 +2.221480927e+05 +1.2710e+00 +1.8800e+00 -7.4697e-02 +1.9477e+00 +2.1824e+00 +2.6959e+00 +1.1189e+00 -1.5594e+00 +8.8188e-01 +1.3514e+00 +1.9931e+00 -2.1288e+00 -1.0853e+00 +3.9071e-01 -3.0785e+00 +5.8785e-01 -1.1774e+00 +3.1060e+00 +1.4772e+00 +2.1451e+00
% function evaluation | noise-free fitness - Fopt (4.052000000000e+01) | best noise-free fitness - Fopt | measured fitness | best measured fitness | x1 | x2...
1 +9.850751782e+06 +9.850751782e+06 +9.850792302e+06 +9.850792302e+06 -2.6092e+00 -1.1626e+00 -3.0993e+00 -4.3134e+00 -2.4475e+00 +5.0509e-01 +2.9258e+00 -3.8627e+00 -1.4053e-01 -3.2056e+00 +3.0365e+00 +2.4258e+00 +2.9797e+00 +4.9956e+00 +8.7718e-01 -2.9190e+00 -1.5687e+00 -9.6381e-01 -3.5970e+00 +2.7474e+00
13 +1.566433078e+06 +1.566433078e+06 +1.566473598e+06 +1.566473598e+06 +5.3256e-01 -2.2729e+00 +1.9045e+00 -2.6922e+00 -2.6629e+00 +1.6523e+00 -8.6459e-01 +4.9753e+00 +3.6660e+00 +2.2858e+00 +2.0597e+00 +4.5997e+00 -2.0563e+00 -3.2267e+00 -1.0665e+00 -3.7110e+00 +2.6849e+00 +2.6384e-01 +1.3962e+00 -3.0717e+00
973 +6.177212419e+05 +6.177212419e+05 +6.177617619e+05 +6.177617619e+05 +2.0768e+00 +1.6385e+00 +4.2574e+00 +4.8036e+00 -1.7495e+00 -3.5821e-01 -4.0699e-01 -3.8071e+00 -4.6451e+00 +1.7650e+00 +3.8155e-01 -1.1245e+00 -8.6660e-01 -7.3307e-01 +3.8090e+00 +6.7313e-01 -3.5220e+00 +3.9592e-01 +8.4982e-01 +6.6371e-01
2987 +3.256227690e+05 +3.256227690e+05 +3.256632890e+05 +3.256632890e+05 +2.0768e+00 +1.6385e+00 +4.2574e+00 +4.8036e+00 -1.7495e+00 +2.4530e+00 -2.0431e+00 -2.0823e+00 -2.7990e+00 -2.5821e+00 +1.7230e+00 +1.1657e-01 +9.3754e-01 -3.2269e+00 -3.0329e+00 -1.8906e+00 -1.2310e+00 +3.9592e-01 +8.4982e-01 +6.6371e-01
3699 +2.487353619e+05 +2.487353619e+05 +2.487758819e+05 +2.487758819e+05 +2.0768e+00 +1.6385e+00 +4.2574e+00 +4.8036e+00 -1.7495e+00 -3.5821e-01 -4.1480e-01 -2.0823e+00 -2.7990e+00 -2.5821e+00 +1.7230e+00 +1.1657e-01 +9.3950e-01 -3.2269e+00 -1.0954e+00 -1.8906e+00 -2.0802e+00 +3.9592e-01 +8.4982e-01 +6.6371e-01
% function evaluation | noise-free fitness - Fopt (-1.184900000000e+02) | best noise-free fitness - Fopt | measured fitness | best measured fitness | x1 | x2...
1 +5.551165605e+07 +5.551165605e+07 +5.551153756e+07 +5.551153756e+07 -4.6411e+00 +5.6135e-01 -2.4268e+00 +7.8027e-01 +3.1017e+00 -2.0480e+00 +3.0735e+00 +4.3019e+00 -8.1890e-01 -2.0669e+00 +4.5290e+00 -4.5574e+00 +1.2295e-01 -3.0297e+00 +2.1857e+00 -4.0014e+00 +4.7429e+00 -2.5872e+00 -2.9747e+00 +4.0676e+00
2 +2.873696836e+07 +2.873696836e+07 +2.873684987e+07 +2.873684987e+07 -3.6941e+00 +6.4673e-01 +3.3249e+00 -1.9072e+00 +1.1351e+00 +4.9352e+00 -3.6549e+00 -4.8986e+00 -8.3877e-01 +4.6548e+00 -2.3132e-02 -1.5197e-01 +4.6062e+00 -3.7372e+00 -2.3519e+00 +2.1776e+00 +1.8484e+00 -3.7126e+00 -4.1990e+00 -1.5745e+00
6 +1.684960723e+07 +1.684960723e+07 +1.684948874e+07 +1.684948874e+07 -1.6110e+00 +1.2965e-01 +6.7935e-01 +4.6178e+00 -1.2403e+00 -3.3381e+00 -5.1994e-01 +2.9230e+00 +1.1040e+00 -2.4421e+00 -2.5591e+00 +2.8450e+00 -3.3231e+00 +8.4177e-01 -4.8918e+00 -2.6813e+00 -2.1399e+00 +8.9074e-01 +5.0606e-01 -6.9093e-01
8 +5.817150743e+06 +5.817150743e+06 +5.817032253e+06 +5.817032253e+06 +2.3469e+00 +5.6985e-01 +1.4923e+00 +1.2814e+00 -3.1196e+00 -8.6674e-02 +4.9438e+00 -5.6245e-01 -4.7404e+00 -2.8001e+00 +3.8615e+00 +3.9598e+00 +3.2099e+00 -2.3875e+00 +2.5448e+00 -7.7763e-01 -1.8559e+00 +3.2336e+00 +6.6684e-01 -2.1469e+00
17 +3.213718121e+06 +3.213718121e+06 +3.213599631e+06 +3.213599631e+06 -3.6377e+00 +3.6919e+00 +8.0742e-01 -1.3677e-01 +4.4055e+00 -2.2144e+00 +8.0786e-01 -4.5473e+00 -3.4353e+00 -3.1858e+00 +2.8743e+00 +4.0405e-01 +3.8919e+00 +2.9911e+00 +2.1860e+00 -6.1695e-03 -6.5354e-01 -3.5563e+00 +3.9056e+00 -2.8973e+00
481 +8.883190335e+05 +8.883190335e+05 +8.882005435e+05 +8.882005435e+05 +1.4892e-01 -2.0188e-01 -4.2079e-01 +2.2422e+00 +4.0049e-01 -1.0247e+00 -1.1388e-01 -2.5623e+00 -3.7607e+00 -1.8893e+00 -2.1524e+00 +2.5732e-01 -3.6682e+00 +4.4547e-01 +6.0678e-01 +2.5664e+00 -3.8836e+00 -2.6537e+00 +4.3503e+00 +2.9117e+00
1907 +4.574111950e+05 +4.574111950e+05 +4.572927050e+05 +4.572927050e+05 -4.2340e+00 +3.7273e-01 -2.9996e-01 +3.7244e+00 +4.0049e-01 -1.0247e+00 -1.1388e-01 -2.5623e+00 -3.7588e+00 -1.8893e+00 -2.1524e+00 +2.5732e-01 -3.6682e+00 +4.4547e-01 -2.3030e+00 +1.9484e+00 -3.2172e+00 +2.4323e-01 +2.9820e+00 +2.2197e+00
2345 +3.534158273e+05 +3.534158273e+05 +3.532973373e+05 +3.532973373e+05 -4.2340e+00 +3.7224e-01 -2.9996e-01 +2.2422e+00 +4.0049e-01 -1.0247e+00 -1.1388e-01 -2.5623e+00 -3.7588e+00 -1.8893e+00 -2.1524e+00 +2.5732e-01 -3.6682e+00 +4.4547e-01 -2.3030e+00 +1.9489e+00 -3.2172e+00 +2.4323e-01 +2.9820e+00 +2.2197e+00
3793 +2.494891459e+05 +2.494891459e+05 +2.493706559e+05 +2.493706559e+05 -4.2340e+00 +3.7224e-01 -2.9996e-01 +2.2422e+00 +4.0049e-01 -1.0247e+00 -1.1388e-01 -2.5623e+00 -3.7588e+00 -1.3893e+00 -2.1524e+00 +3.8232e-01 -3.6682e+00 +4.4547e-01 -3.3030e+00 +2.5664e+00 -3.8836e+00 +2.2760e-01 +2.9820e+00 +2.2197e+00
% function evaluation | noise-free fitness - Fopt (2.810000000000e+01) | best noise-free fitness - Fopt | measured fitness | best measured fitness | x1 | x2...
1 +1.241390940e+07 +1.241390940e+07 +1.241393750e+07 +1.241393750e+07 -2.9321e+00 +4.3423e+00 -1.2929e+00 -1.4135e-01 +2.1218e+00 -2.8423e+00 +7.8926e-01 +3.0269e+00 -7.7751e-01 +2.8900e+00 +4.4898e+00 -4.6342e+00 +1.7755e+00 +3.1746e+00 +1.8352e+00 +4.6723e+00 +4.0287e+00 -3.1534e-01 -1.8813e+00 +1.5807e+00
2 +7.884498893e+06 +7.884498893e+06 +7.884526993e+06 +7.884526993e+06 +4.2046e+00 +4.9342e+00 -2.1001e+00 +1.6694e+00 +3.7210e-01 +4.7178e+00 +3.7359e+00 +4.3305e+00 +1.6360e+00 -3.8151e+00 +2.5829e+00 -4.2911e+00 -1.7289e+00 +1.6951e+00 +5.8238e-01 -1.4906e+00 -4.3578e+00 -2.9591e+00 +4.0627e+00 -4.9108e+00
4 +3.533154461e+06 +3.533154461e+06 +3.533182561e+06 +3.533182561e+06 -1.9806e+00 +1.6914e+00 -4.9818e+00 -2.7656e+00 +1.0228e+00 -1.5924e+00 -1.4488e+00 +3.8313e+00 +2.4898e+00 +4.7728e+00 -1.9517e+00 -4.0043e+00 +3.0853e+00 +4.1177e-01 -1.8722e+00 +2.4239e+00 -3.4403e+00 -2.6715e+00 -2.8049e+00 +6.9750e-01
25 +2.179433716e+06 +2.179433716e+06 +2.179461816e+06 +2.179461816e+06 +1.3721e+00 -2.1800e+00 +3.2461e+00 -1.1222e+00 -3.3443e+00 +2.4555e+00 -1.3256e-01 -8.9424e-01 +4.3050e+00 +4.8832e+00 +3.3005e+00 +4.3921e+00 +4.6315e+00 -1.7092e+00 -3.1105e+00 +2.0569e+00 -2.3845e+00 -4.6230e+00 -4.6588e-01 +1.2660e+00
53 +1.492741774e+06 +1.492741774e+06 +1.492769874e+06 +1.492769874e+06 -1.6553e+00 +2.6786e+00 -2.1913e+00 +4.5491e+00 -4.4698e-01 -2.1411e+00 -1.7162e+00 +2.5602e+00 +2.0347e+00 -1.7270e+00 -4.7723e+00 -2.0151e+00 -1.7496e+00 +1.1937e-01 -9.2205e-01 -1.3018e+00 +2.0121e-01 +4.3050e-02 -3.9707e+00 +9.8026e-01
349 +7.751802456e+05 +7.751802456e+05 +7.752083456e+05 +7.752083456e+05 +1.2568e+00 -4.5147e+00 +5.3240e-01 -3.2309e+00 -3.5939e-01 -9.5178e-01 -2.6670e+00 -4.2344e+00 -4.9808e+00 -2.4338e+00 -4.7156e+00 -5.9828e-02 -3.4038e-01 -2.9492e+00 -3.2854e+00 -3.7844e+00 +2.1228e-02 +2.6807e+00 +3.1726e+00 +9.6694e-01
783 +6.214898791e+05 +6.214898791e+05 +6.215179791e+05 +6.215179791e+05 +1.2568e+00 -4.5147e+00 +5.3240e-01 -3.2309e+00 -1.7209e+00 -9.5178e-01 -2.6670e+00 -4.2344e+00 -4.9808e+00 -2.4338e+00 -4.7156e+00 -5.9828e-02 -3.4038e-01 -2.9492e+00 -3.2854e+00 -3.7844e+00 +2.1228e-02 +2.6807e+00 +3.1726e+00 +9.6694e-01
1746 +3.728452799e+05 +3.728452799e+05 +3.728733799e+05 +3.728733799e+05 +1.2568e+00 -4.1093e+00 +1.4995e+00 +6.3171e-01 -1.7209e+00 -9.5178e-01 -2.6670e+00 -4.2344e+00 -4.9808e+00 -2.4338e+00 -4.7156e+00 -5.9828e-02 -3.2914e-01 -2.9492e+00 -3.2854e+00 -3.7844e+00 +2.1166e-02 +2.6807e+00 +3.1726e+00 +7.1694e-01
2544 +2.351944160e+05 +2.351944160e+05 +2.352225160e+05 +2.352225160e+05 +1.2568e+00 -4.5147e+00 +5.3240e-01 +6.3171e-01 -1.7209e+00 -9.5178e-01 -2.6670e+00 -4.2344e+00 -4.9808e+00 -2.4347e+00 -4.7156e+00 -5.9828e-02 -3.4038e-01 -2.9492e+00 -3.3479e+00 -3.7922e+00 +2.1166e-02 +2.6807e+00 +1.1726e+00 +9.6719e-01
3872 +1.536073912e+05 +1.536073912e+05 +1.536354912e+05 +1.536354912e+05 +1.2566e+00 -4.5147e+00 +5.3240e-01 -1.2309e+00 -4.5639e+00 -4.9479e+00 -2.6670e+00 -4.2344e+00 -4.9808e+00 -2.4338e+00 -5.7156e+00 -5.9828e-02 -3.4038e-01 -2.9492e+00 -3.2854e+00 -3.7844e+00 +2.1228e-02 +2.6807e+00 +3.1726e+00 +9.6697e-01
