% function evaluation | noise-free fitness - Fopt (-5.494000000000e+01) | best noise-free fitness - Fopt | measured fitness | best measured fitness | x1 | x2...
1 +2.476856676e+06 +2.476856676e+06 +2.476801736e+06 +2.476801736e+06 +1.9423e+00 +3.4141e+00 +5.2148e-01 -4.3991e+00 +3.1194e+00
3 +1.054116888e+06 +1.054116888e+06 +1.054061948e+06 +1.054061948e+06 -1.1253e+00 +3.6625e+00 -2.9593e+00 -2.5845e+00 -4.1609e+00
6 +7.410336921e+05 +7.410336921e+05 +7.409787521e+05 +7.409787521e+05 -2.7805e-01 -4.2622e+00 -2.2436e+00 -1.1071e+00 +4.6156e+00
17 +1.837039778e+05 +1.837039778e+05 +1.836490378e+05 +1.836490378e+05 -1.8575e+00 +2.1534e+00 -2.0698e+00 +7.8134e-01 -1.8848e+00
27 +1.233329049e+05 +1.233329049e+05 +1.232779649e+05 +1.232779649e+05 +1.3380e+00 +2.4401e+00 -4.2987e+00 +7.4730e-02 +2.5507e+00
32 +8.471475389e+04 +8.471475389e+04 +8.465981389e+04 +8.465981389e+04 +1.6362e+00 +8.5417e-01 -3.8271e+00 -9.2382e-01 +4.2214e+00
67 +2.244604769e+04 +2.244604769e+04 +2.239110769e+04 +2.239110769e+04 -3.6444e+00 +8.1192e-01 +1.7134e+00 +3.7250e+00 +9.2548e-01
79 +1.081738151e+04 +1.081738151e+04 +1.076244151e+04 +1.076244151e+04 -2.9063e+00 -2.6663e+00 -6.0600e-01 +4.9895e+00 +2.6181e+00
873 +3.363702154e+03 +3.363702154e+03 +3.308762154e+03 +3.308762154e+03 -2.9063e+00 -2.7288e+00 -6.0600e-01 +4.6121e+00 +2.6181e+00
1535 +1.135468747e+03 +1.135468747e+03 +1.080528747e+03 +1.080528747e+03 -2.6444e+00 -1.1709e+00 -2.1457e+00 +4.0252e+00 +2.4008e-01
% function evaluation | noise-free fitness - Fopt (5.913000000000e+01) | best noise-free fitness - Fopt | measured fitness | best measured fitness | x1 | x2...
1 +3.591609976e+06 +3.591609976e+06 +3.591669106e+06 +3.591669106e+06 +9.4048e-01 -2.9143e+00 +4.1741e+00 +5.5369e-01 -1.9170e+00
3 +6.708830209e+05 +6.708830209e+05 +6.709421509e+05 +6.709421509e+05 -1.9305e+00 +4.2496e+00 -1.1832e+00 +2.6061e+00 -1.2327e+00
6 +2.279087910e+05 +2.279087910e+05 +2.279679210e+05 +2.279679210e+05 -4.9993e+00 +1.4051e+00 -8.5548e-01 +3.7737e+00 -3.8703e+00
34 +1.391876993e+05 +1.391876993e+05 +1.392468293e+05 +1.392468293e+05 +1.2671e+00 +3.9441e-01 -4.3727e-01 -1.2228e+00 -4.5351e+00
108 +3.604454182e+04 +3.604454182e+04 +3.610367182e+04 +3.610367182e+04 -1.1377e+00 +1.7818e+00 -1.0346e+00 +2.2506e-01 -3.4523e+00
466 +2.508322802e+04 +2.508322802e+04 +2.514235802e+04 +2.514235802e+04 -2.7555e+00 +9.2923e-01 -2.9355e+00 +3.2207e+00 -3.8681e+00
539 +1.066554137e+04 +1.066554137e+04 +1.072467137e+04 +1.072467137e+04 +2.0604e+00 +4.8700e+00 +2.3389e-01 -4.2209e+00 -9.2376e-01
1253 +8.331847239e+03 +8.331847239e+03 +8.390977239e+03 +8.390977239e+03 -1.5178e+00 +1.1840e+00 -4.9883e+00 +3.8827e+00 -3.4691e+00
1379 +4.675200715e+03 +4.675200715e+03 +4.734330715e+03 +4.734330715e+03 -1.3032e+00 +1.0317e+00 -2.6548e+00 +1.2792e+00 -4.0702e+00
2055 +3.219612599e+03 +3.219612599e+03 +3.278742599e+03 +3.278742599e+03 -1.5021e+00 +1.1532e+00 -3.8942e-01 -1.2384e+00 -4.5671e+00
3712 +2.308514432e+03 +2.308514432e+03 +2.367644432e+03 +2.367644432e+03 -2.7852e+00 +2.5577e+00 -3.8942e-01 -1.1769e+00 -3.8363e+00
4402 +9.173333244e+02 +9.173333244e+02 +9.764633244e+02 +9.764633244e+02 -1.3032e+00 +1.2504e+00 -3.8942e-01 -1.4962e+00 -4.5672e+00
4720 +5.126573633e+02 +5.126573633e+02 +5.717873633e+02 +5.717873633e+02 -1.3029e+00 +2.0577e+00 -8.8945e-01 -1.1769e+00 -3.8363e+00
% function evaluation | noise-free fitness - Fopt (-4.915300000000e+02) | best noise-free fitness - Fopt | measured fitness | best measured fitness | x1 | x2...
1 +5.559677045e+05 +5.559677045e+05 +5.554761745e+05 +5.554761745e+05 +1.7975e+00 +1.0930e+00 -2.8524e+00 -1.1972e-01 +2.9281e+00
4 +1.118581236e+05 +1.118581236e+05 +1.113665936e+05 +1.113665936e+05 -1.1504e+00 -4.0784e+00 -2.4112e+00 -4.4884e+00 +2.0372e+00
40 +3.256459422e+04 +3.256459422e+04 +3.207306422e+04 +3.207306422e+04 +3.8232e-01 +3.0637e+00 -3.0817e+00 -1.0800e+00 -3.0629e+00
171 +2.242565896e+04 +2.242565896e+04 +2.193412896e+04 +2.193412896e+04 +1.7745e+00 +2.1260e+00 +4.0956e+00 +3.6551e+00 +3.5240e+00
440 +5.193428142e+03 +5.193428142e+03 +4.701898142e+03 +4.701898142e+03 +1.7975e+00 +1.0930e+00 +5.4314e-01 +3.9061e+00 +2.9286e+00
889 +2.069951040e+03 +2.069951040e+03 +1.578421040e+03 +1.578421040e+03 +1.7975e+00 +1.0305e+00 -2.8580e-02 +3.9325e+00 +2.9286e+00
1545 +1.419808608e+03 +1.419808608e+03 +9.282786084e+02 +9.282786084e+02 +6.2620e-01 +2.9984e+00 -3.3030e-02 +1.3050e-01 -1.0964e+00
2972 +3.601396739e+02 +3.601396739e+02 -1.313903261e+02 -1.313903261e+02 +6.4183e-01 +2.8422e+00 -2.0768e-02 +2.8301e-01 -1.1120e+00
% function evaluation | noise-free fitness - Fopt (-1.702000000000e+02) | best noise-free fitness - Fopt | measured fitness | best measured fitness | x1 | x2...
1 +3.510961003e+07 +3.510961003e+07 +3.510943983e+07 +3.510943983e+07 -2.3503e+00 +1.5690e+00 +9.7212e-01 -2.2271e+00 +5.5865e-01
2 +1.337371100e+07 +1.337371100e+07 +1.337354080e+07 +1.337354080e+07 -2.8853e+00 -3.6558e+00 -4.7703e+00 -1.0371e+00 -1.2858e+00
3 +1.530454813e+04 +1.530454813e+04 +1.513434813e+04 +1.513434813e+04 -2.7337e+00 -1.3925e+00 -2.8212e-01 +3.8350e+00 +4.3647e+00
1118 +7.521096653e+03 +7.521096653e+03 +7.350896653e+03 +7.350896653e+03 -1.5300e+00 -1.3925e+00 +3.9340e-01 +4.6406e+00 +3.2725e+00
1775 +5.381275611e+03 +5.381275611e+03 +5.211075611e+03 +5.211075611e+03 -2.7337e+00 -1.7120e+00 -8.2812e-01 +3.2868e+00 +4.2971e+00
1892 +2.397489363e+03 +2.397489363e+03 +2.227289363e+03 +2.227289363e+03 -2.7337e+00 -1.2120e+00 -8.2812e-01 +3.2868e+00 +4.2971e+00
2036 +1.021913518e+03 +1.021913518e+03 +8.517135183e+02 +8.517135183e+02 -2.7258e+00 -1.7120e+00 -8.2812e-01 +3.2867e+00 +4.4784e+00
2205 +3.929451066e+02 +3.929451066e+02 +2.227451066e+02 +2.227451066e+02 -1.4790e+00 -4.6590e-01 -2.8212e-01 +4.6719e+00 +2.0849e+00
4207 +2.452543892e+02 +2.452543892e+02 +7.505438924e+01 +7.505438924e+01 -2.6677e+00 -8.9196e-01 -8.4362e-01 +3.3025e+00 +4.2971e+00
% function evaluation | noise-free fitness - Fopt (-4.697500000000e+02) | best noise-free fitness - Fopt | measured fitness | best measured fitness | x1 | x2...
1 +2.406311459e+07 +2.406311459e+07 +2.406264484e+07 +2.406264484e+07 +1.3113e+00 +3.3967e+00 -1.8775e-01 -4.8841e+00 -1.8532e-01
4 +1.287097173e+07 +1.287097173e+07 +1.287050198e+07 +1.287050198e+07 +4.9938e+00 +2.8551e-01 -3.1959e+00 -3.5702e+00 -7.5726e-01
5 +9.265178119e+06 +9.265178119e+06 +9.264708369e+06 +9.264708369e+06 -2.2046e+00 +3.6944e+00 +4.4882e+00 -3.3516e+00 +3.4283e+00
6 +2.832860591e+06 +2.832860591e+06 +2.832390841e+06 +2.832390841e+06 -4.6187e+00 -4.9962e+00 +4.2982e+00 +1.3575e+00 +1.5729e+00
19 +4.649293517e+05 +4.649293517e+05 +4.644596017e+05 +4.644596017e+05 +5.1482e-01 +2.1751e+00 +3.4242e+00 +6.4093e-01 +3.4348e+00
43 +3.545428724e+05 +3.545428724e+05 +3.540731224e+05 +3.540731224e+05 +1.0079e+00 +2.1410e+00 +4.0086e+00 +2.7307e+00 +4.0019e+00
46 +2.798205382e+04 +2.798205382e+04 +2.751230382e+04 +2.751230382e+04 +4.2105e+00 +2.9809e+00 +2.4204e+00 +8.5487e-01 -9.8903e-02
53 +2.346261443e+04 +2.346261443e+04 +2.299286443e+04 +2.299286443e+04 -1.3940e-01 -3.1141e+00 +3.7121e+00 +1.6369e+00 +3.6359e-01
444 +1.346473410e+04 +1.346473410e+04 +1.299498410e+04 +1.299498410e+04 +7.3239e-01 +4.8778e-01 +3.7121e+00 +1.6369e+00 +1.8578e+00
1443 +5.484530146e+03 +5.484530146e+03 +5.014780146e+03 +5.014780146e+03 +6.0739e-01 +4.8778e-01 +4.0541e+00 +1.6369e+00 +1.8578e+00
1444 +7.907701067e+02 +7.907701067e+02 +3.210201067e+02 +3.210201067e+02 +7.3239e-01 +4.8778e-01 +4.0541e+00 +1.6369e+00 +1.3578e+00
3172 +1.183970886e+02 +1.183970886e+02 -3.513529114e+02 -3.513529114e+02 -1.2690e+00 +4.2820e-01 +4.9925e+00 +1.5959e+00 +3.9007e+00
3621 +9.210036428e+01 +9.210036428e+01 -3.776496357e+02 -3.776496357e+02 -1.2670e+00 +4.2820e-01 +4.9925e+00 +1.6369e+00 +3.9007e+00
% function evaluation | noise-free fitness - Fopt (-1.280000000000e+01) | best noise-free fitness - Fopt | measured fitness | best measured fitness | x1 | x2...
1 +8.665611686e+06 +8.665611686e+06 +8.665598886e+06 +8.665598886e+06 +2.4397e+00 -5.7122e-01 -2.5640e+00 -9.6893e-01 +3.0967e+00
5 +5.859326091e+05 +5.859326091e+05 +5.859198091e+05 +5.859198091e+05 -3.7556e+00 -3.6908e+00 -1.4178e+00 +3.6713e-01 +2.0957e+00
10 +2.432146215e+05 +2.432146215e+05 +2.432018215e+05 +2.432018215e+05 -2.1706e+00 +1.8973e+00 +3.7829e+00 -1.6713e+00 +2.4616e+00
47 +8.612214989e+04 +8.612214989e+04 +8.610934989e+04 +8.610934989e+04 -4.5060e+00 -1.3506e+00 -6.4634e-02 +5.6901e-01 +2.0614e+00
72 +4.772473952e+04 +4.772473952e+04 +4.771193952e+04 +4.771193952e+04 -4.7646e+00 +3.0754e+00 -4.5661e-01 +3.6623e+00 +2.9763e-01
180 +2.664287237e+04 +2.664287237e+04 +2.663007237e+04 +2.663007237e+04 -7.5548e-01 -4.3717e-02 +1.0097e+00 +2.6050e+00 -1.0427e+00
230 +1.566261095e+04 +1.566261095e+04 +1.564981095e+04 +1.564981095e+04 +2.7249e+00 +2.3690e-01 +8.6431e-01 +1.7101e+00 +9.7375e-01
1350 +9.103478162e+03 +9.103478162e+03 +9.090678162e+03 +9.090678162e+03 -7.5737e-01 +2.3690e-01 +8.6431e-01 +2.6050e+00 -1.0427e+00
2186 +6.329360767e+02 +6.329360767e+02 +6.201360767e+02 +6.201360767e+02 -1.7556e+00 -3.0037e+00 +1.2747e+00 +4.0722e-01 -3.3125e-01
% function evaluation | noise-free fitness - Fopt (-3.856900000000e+02) | best noise-free fitness - Fopt | measured fitness | best measured fitness | x1 | x2...
1 +3.061861104e+07 +3.061861104e+07 +3.061822535e+07 +3.061822535e+07 +3.0880e+00 +1.6674e-01 +2.5980e+00 +2.8841e+00 +3.2451e+00
4 +6.073692727e+04 +6.073692727e+04 +6.035123727e+04 +6.035123727e+04 -2.3165e+00 +4.5042e+00 +1.5114e+00 -4.1563e+00 +2.2964e-01
61 +1.922917365e+04 +1.922917365e+04 +1.884348365e+04 +1.884348365e+04 -1.9708e+00 -6.2369e-01 -4.1449e+00 -3.4270e+00 +3.7010e+00
872 +1.019631094e+04 +1.019631094e+04 +9.810620941e+03 +9.810620941e+03 -2.7941e+00 -4.0478e+00 -4.5321e-01 -2.5483e+00 +3.5377e+00
1163 +6.669303601e+03 +6.669303601e+03 +6.283613601e+03 +6.283613601e+03 +4.8884e+00 +4.4257e+00 +2.1098e+00 -2.5076e+00 +6.6317e+00
1164 +4.148889848e+03 +4.148889848e+03 +3.763199848e+03 +3.763199848e+03 +4.8884e+00 +4.1757e+00 +2.1098e+00 -2.5076e+00 +6.6312e+00
1764 +2.841633233e+03 +2.841633233e+03 +2.455943233e+03 +2.455943233e+03 -2.0133e+00 -2.2199e+00 -1.5880e+00 -2.7363e+00 +4.1440e+00
2001 +1.775008147e+03 +1.775008147e+03 +1.389318147e+03 +1.389318147e+03 -2.7945e+00 -3.1616e+00 -4.5321e-01 -2.5482e+00 +3.5377e+00
2012 +1.422182095e+03 +1.422182095e+03 +1.036492095e+03 +1.036492095e+03 -2.0153e+00 -2.2228e+00 -4.5321e-01 -2.5441e+00 +4.1437e+00
2182 +4.214457947e+02 +4.214457947e+02 +3.575579472e+01 +3.575579472e+01 -2.7941e+00 -2.7487e+00 -2.2366e-01 -2.5522e+00 +3.5377e+00
2387 +3.421705645e+02 +3.421705645e+02 -4.351943555e+01 -4.351943555e+01 -2.7862e+00 -2.2228e+00 -4.5322e-01 -2.6147e+00 +3.5378e+00
2454 +1.820103320e+02 +1.820103320e+02 -2.036796680e+02 -2.036796680e+02 -2.7941e+00 -2.7487e+00 -4.5315e-01 -2.5522e+00 +3.6627e+00
3017 +7.811190516e+01 +7.811190516e+01 -3.075780948e+02 -3.075780948e+02 -2.0151e+00 -2.2228e+00 -4.5322e-01 -2.5483e+00 +4.0268e+00
% function evaluation | noise-free fitness - Fopt (4.000000000000e+01) | best noise-free fitness - Fopt | measured fitness | best measured fitness | x1 | x2...
1 +6.640868996e+05 +6.640868996e+05 +6.641268996e+05 +6.641268996e+05 +1.8075e+00 +1.0555e+00 +3.5406e+00 -3.9470e+00 +1.7983e+00
13 +3.806524915e+05 +3.806524915e+05 +3.806924915e+05 +3.806924915e+05 -8.2483e-01 +1.2354e+00 +1.4664e+00 -3.6461e+00 +2.8137e+00
36 +7.145673417e+04 +7.145673417e+04 +7.149673417e+04 +7.149673417e+04 +5.7606e-01 -2.5782e+00 -1.5827e+00 -3.8941e+00 +1.6334e+00
421 +1.406973588e+04 +1.406973588e+04 +1.410973588e+04 +1.410973588e+04 -1.7174e+00 +3.3762e+00 +1.1448e+00 -2.3674e+00 +4.6880e+00
1759 +8.680555797e+03 +8.680555797e+03 +8.720555797e+03 +8.720555797e+03 -1.7174e+00 +3.3762e+00 +1.1448e+00 -3.1819e+00 +3.7501e+00
1887 +5.585562777e+03 +5.585562777e+03 +5.625562777e+03 +5.625562777e+03 +9.9078e-01 -2.4592e+00 -1.3258e+00 -3.2546e+00 +2.5936e+00
2394 +3.894232881e+03 +3.894232881e+03 +3.934232881e+03 +3.934232881e+03 -1.1458e-01 -8.7277e-01 -9.1040e-01 -3.2549e+00 +2.8751e+00
2980 +1.750577982e+03 +1.750577982e+03 +1.790577982e+03 +1.790577982e+03 -5.3466e-01 -2.7998e-01 -1.3257e+00 -3.2546e+00 +2.5936e+00
3781 +1.362179337e+03 +1.362179337e+03 +1.402179337e+03 +1.402179337e+03 +9.0202e-01 -2.4597e+00 -1.3258e+00 -3.1819e+00 +2.7147e+00
4012 +7.203133456e+02 +7.203133456e+02 +7.603133456e+02 +7.603133456e+02 +6.8321e-01 -2.4602e+00 -1.3258e+00 -3.2859e+00 +2.8750e+00
4248 +5.740979731e+02 +5.740979731e+02 +6.140979731e+02 +6.140979731e+02 +6.5190e-01 -2.3352e+00 -1.3258e+00 -3.2703e+00 +2.8436e+00
% function evaluation | noise-free fitness - Fopt (1.142600000000e+02) | best noise-free fitness - Fopt | measured fitness | best measured fitness | x1 | x2...
1 +7.481735910e+06 +7.481735910e+06 +7.481850170e+06 +7.481850170e+06 -1.8252e+00 +2.3017e+00 +1.5555e+00 +4.6657e+00 -6.1099e-01
3 +3.712107130e+06 +3.712107130e+06 +3.712221390e+06 +3.712221390e+06 +2.3929e+00 -3.5427e+00 -2.0403e-01 +2.0661e+00 +2.1540e+00
7 +3.065470118e+05 +3.065470118e+05 +3.066612718e+05 +3.066612718e+05 +7.9827e-01 +4.1401e+00 -1.8101e+00 +3.9810e+00 +2.1761e-01
28 +2.155964993e+05 +2.155964993e+05 +2.157107593e+05 +2.157107593e+05 -3.0408e+00 -3.8570e+00 +3.7935e+00 -3.9606e+00 +2.2950e+00
32 +1.378318717e+05 +1.378318717e+05 +1.379461317e+05 +1.379461317e+05 -1.5084e+00 -2.4990e+00 +6.5967e-01 -1.7545e+00 +1.6280e+00
75 +7.520394943e+04 +7.520394943e+04 +7.531820943e+04 +7.531820943e+04 -1.8743e+00 +1.3321e+00 +3.7711e+00 +4.5775e-01 +1.1126e+00
227 +1.378042360e+03 +1.378042360e+03 +1.492302360e+03 +1.492302360e+03 +1.0240e+00 -2.6615e+00 +4.0885e+00 -1.7213e+00 +2.0648e+00
5034 +9.908895335e+02 +9.908895335e+02 +1.105149534e+03 +1.105149534e+03 +1.1513e+00 -2.3435e+00 -1.4955e+00 -7.6815e-01 -2.8830e-02
% function evaluation | noise-free fitness - Fopt (1.393000000000e+01) | best noise-free fitness - Fopt | measured fitness | best measured fitness | x1 | x2...
1 +1.740066733e+07 +1.740066733e+07 +1.740068126e+07 +1.740068126e+07 +4.1141e+00 -4.0993e+00 -1.4066e+00 +2.6193e+00 -4.7576e+00
2 +1.104416326e+07 +1.104416326e+07 +1.104417719e+07 +1.104417719e+07 +4.5248e+00 -3.4500e+00 -4.7627e+00 +6.5753e-01 +2.9456e+00
3 +2.566885504e+06 +2.566885504e+06 +2.566899434e+06 +2.566899434e+06 +3.3960e+00 +2.3576e+00 +4.1330e+00 +1.0332e-01 +1.3011e+00
7 +1.797684078e+06 +1.797684078e+06 +1.797698008e+06 +1.797698008e+06 -2.1748e-01 +2.3955e+00 +4.5013e+00 -4.2840e+00 +2.3599e+00
13 +8.989924244e+05 +8.989924244e+05 +8.990063544e+05 +8.990063544e+05 +3.3124e+00 +2.4934e+00 -2.4882e+00 +4.9518e+00 +3.0847e+00
29 +4.853113145e+05 +4.853113145e+05 +4.853252445e+05 +4.853252445e+05 +4.8539e+00 -2.1034e+00 +3.9690e+00 -2.0115e+00 -1.5887e+00
48 +1.953242562e+05 +1.953242562e+05 +1.953381862e+05 +1.953381862e+05 +3.5502e+00 +1.9921e+00 -2.2341e+00 +1.1945e+00 +2.2338e+00
84 +2.617510590e+04 +2.617510590e+04 +2.618903590e+04 +2.618903590e+04 +2.2499e-01 +4.3102e+00 +4.8752e+00 +4.7300e+00 +2.3279e+00
325 +2.385464313e+04 +2.385464313e+04 +2.386857313e+04 +2.386857313e+04 +1.3231e+00 +2.4914e+00 +3.3495e+00 +1.3495e+00 -5.1940e-01
326 +1.084547387e+04 +1.084547387e+04 +1.085940387e+04 +1.085940387e+04 +1.3231e+00 +2.4914e+00 +3.3495e+00 +1.8495e+00 -5.1937e-01
938 +4.224684059e+03 +4.224684059e+03 +4.238614059e+03 +4.238614059e+03 +3.0045e+00 +1.7665e+00 +4.2117e+00 +3.7971e+00 +1.3843e+00
2723 +1.513014383e+03 +1.513014383e+03 +1.526944383e+03 +1.526944383e+03 +3.0045e+00 +1.3498e+00 +3.3598e+00 +2.2971e+00 -3.7026e-01
3274 +6.714035579e+02 +6.714035579e+02 +6.853335579e+02 +6.853335579e+02 +3.0670e+00 +1.3503e+00 +3.3598e+00 +2.3010e+00 -3.7026e-01
4361 +5.708065215e+02 +5.708065215e+02 +5.847365215e+02 +5.847365215e+02 +3.0138e+00 +1.3503e+00 +3.4853e+00 +2.2971e+00 -3.7026e-01
% function evaluation | noise-free fitness - Fopt (-3.175000000000e+01) | best noise-free fitness - Fopt | measured fitness | best measured fitness | x1 | x2...
1 +1.411166816e+07 +1.411166816e+07 +1.411163641e+07 +1.411163641e+07 -1.6391e+00 -3.4219e+00 +4.6152e-01 +4.4841e+00 +1.8675e+00
2 +2.600907931e+05 +2.600907931e+05 +2.600590431e+05 +2.600590431e+05 -3.1798e+00 -1.6511e+00 +1.5575e-03 -6.7102e-01 +3.3900e+00
10 +1.386575132e+05 +1.386575132e+05 +1.386257632e+05 +1.386257632e+05 -3.5558e+00 -2.6577e+00 -2.1935e-01 -6.3218e-02 +1.2683e+00
289 +8.686886860e+04 +8.686886860e+04 +8.683711860e+04 +8.683711860e+04 +1.9509e+00 -4.0587e+00 +2.6815e+00 +6.0085e-01 +8.7329e-01
298 +3.728799436e+04 +3.728799436e+04 +3.725624436e+04 +3.725624436e+04 -4.1234e+00 -2.6865e+00 +5.6964e-01 +1.3711e-01 +1.9131e+00
309 +1.140056797e+04 +1.140056797e+04 +1.136881797e+04 +1.136881797e+04 -2.3316e+00 -1.9332e+00 +1.3525e+00 +1.5470e+00 +1.8670e-01
1881 +8.828703611e+03 +8.828703611e+03 +8.796953611e+03 +8.796953611e+03 -4.0026e+00 -3.4170e+00 +1.2560e+00 +1.0090e+00 -7.1680e-01
2665 +5.467813822e+03 +5.467813822e+03 +5.436063822e+03 +5.436063822e+03 -6.0646e+00 +2.1986e+00 +1.0380e+00 +2.8851e+00 +1.2598e+00
2825 +3.729235549e+03 +3.729235549e+03 +3.697485549e+03 +3.697485549e+03 -6.0026e+00 -3.4170e+00 +1.2560e+00 +1.0090e+00 -7.1485e-01
4746 +2.067842749e+03 +2.067842749e+03 +2.036092749e+03 +2.036092749e+03 -5.0025e+00 -2.3132e+00 +1.3525e+00 +1.5480e+00 -5.7715e-01
% function evaluation | noise-free fitness - Fopt (5.432000000000e+01) | best noise-free fitness - Fopt | measured fitness | best measured fitness | x1 | x2...
1 +1.341956777e+06 +1.341956777e+06 +1.342011097e+06 +1.342011097e+06 +3.5292e+00 -3.0899e+00 +4.6634e+00 +3.0957e+00 -4.3347e+00
4 +2.629855038e+05 +2.629855038e+05 +2.630398238e+05 +2.630398238e+05 -2.6317e+00 +1.4617e+00 -4.0735e-01 -3.8787e+00 +6.1330e-01
21 +1.216482389e+05 +1.216482389e+05 +1.217025589e+05 +1.217025589e+05 -3.0926e-01 -3.5189e+00 +4.5164e+00 +1.2349e+00 +1.9426e+00
41 +6.777214428e+04 +6.777214428e+04 +6.782646428e+04 +6.782646428e+04 -1.0283e+00 +3.0118e+00 +2.0435e+00 -7.1187e-01 +4.1675e+00
60 +5.779074379e+04 +5.779074379e+04 +5.784506379e+04 +5.784506379e+04 +1.9906e+00 +1.6043e+00 -1.6564e+00 +1.2308e+00 -3.3888e+00
295 +1.893851367e+04 +1.893851367e+04 +1.899283367e+04 +1.899283367e+04 +6.9117e-01 -1.5072e+00 -8.2895e-01 +2.7077e+00 -1.2366e+00
1147 +5.157608443e+03 +5.157608443e+03 +5.211928443e+03 +5.211928443e+03 +1.4349e+00 +9.1351e-02 -8.2895e-01 +2.7077e+00 -1.2366e+00
1723 +2.372090154e+03 +2.372090154e+03 +2.426410154e+03 +2.426410154e+03 +2.6561e-01 +9.1366e-02 +4.5497e-01 +1.9172e-01 -4.8256e-01
3806 +1.279207418e+03 +1.279207418e+03 +1.333527418e+03 +1.333527418e+03 +2.6561e-01 +9.1366e-02 +4.5448e-01 -7.1187e-01 -1.2366e+00
4030 +7.892291870e+02 +7.892291870e+02 +8.435491870e+02 +8.435491870e+02 +2.6561e-01 +9.1610e-02 +3.2936e-01 -7.1187e-01 -1.2366e+00
4958 +5.274701398e+02 +5.274701398e+02 +5.817901398e+02 +5.817901398e+02 +2.6561e-01 +9.1352e-02 +3.9204e-01 -7.1187e-01 -1.2371e+00
% function evaluation | noise-free fitness - Fopt (4.052000000000e+01) | best noise-free fitness - Fopt | measured fitness | best measured fitness | x1 | x2...
1 +2.628204309e+07 +2.628204309e+07 +2.628208361e+07 +2.628208361e+07 -4.6913e+00 +6.4870e-01 -2.0111e+00 +2.8780e-01 +1.8168e+00
2 +4.133473706e+05 +4.133473706e+05 +4.133878906e+05 +4.133878906e+05 +3.7711e+00 +1.4092e+00 -4.3411e+00 +4.8205e+00 +3.4236e+00
6 +1.301218857e+05 +1.301218857e+05 +1.301624057e+05 +1.301624057e+05 +3.1076e-01 +2.4993e+00 +2.8469e+00 +3.2751e+00 -2.2062e+00
158 +4.949239218e+04 +4.949239218e+04 +4.953291218e+04 +4.953291218e+04 +2.4846e+00 -4.0511e+00 -2.7385e+00 +2.0781e+00 -3.3363e+00
241 +2.824510459e+04 +2.824510459e+04 +2.828562459e+04 +2.828562459e+04 +1.0216e-01 +1.5532e+00 +8.1936e-01 +4.6048e+00 -7.1513e-01
581 +7.684916745e+03 +7.684916745e+03 +7.725436745e+03 +7.725436745e+03 +1.5706e+00 -7.1138e-02 -1.4710e+00 +3.9783e+00 +6.1341e-01
722 +5.829482408e+03 +5.829482408e+03 +5.870002408e+03 +5.870002408e+03 +4.4467e+00 -2.0233e+00 -2.7655e+00 +1.6585e+00 -1.6513e+00
941 +3.566402012e+03 +3.566402012e+03 +3.606922012e+03 +3.606922012e+03 +1.5745e+00 +4.2087e+00 +1.3904e+00 +3.9779e+00 +7.4622e-01
942 +1.544113435e+03 +1.544113435e+03 +1.584633435e+03 +1.584633435e+03 +1.5745e+00 +4.2087e+00 +1.3903e+00 +3.9466e+00 +7.4622e-01
4669 +9.157808722e+02 +9.157808722e+02 +9.563008722e+02 +9.563008722e+02 +1.5091e+00 +4.2048e+00 +1.3903e+00 +3.9779e+00 +7.4623e-01
5058 +5.737833726e+02 +5.737833726e+02 +6.143033726e+02 +6.143033726e+02 +2.6359e+00 +1.6157e+00 +2.4514e-01 +2.8797e+00 -1.9013e+00
% function evaluation | noise-free fitness - Fopt (-1.184900000000e+02) | best noise-free fitness - Fopt | measured fitness | best measured fitness | x1 | x2...
1 +3.141635981e+05 +3.141635981e+05 +3.140451081e+05 +3.140451081e+05 -5.4169e-01 -2.7124e+00 +1.4352e+00 -9.3495e-01 -2.2627e+00
10 +6.644266608e+04 +6.644266608e+04 +6.632417608e+04 +6.632417608e+04 -5.1558e-02 +9.2381e-01 +1.8318e+00 +2.7903e+00 -7.8227e-01
293 +2.349142407e+04 +2.349142407e+04 +2.337293407e+04 +2.337293407e+04 -2.2572e+00 +4.8765e+00 +5.3933e-01 +1.2777e+00 -3.3886e+00
362 +8.310785817e+03 +8.310785817e+03 +8.192295817e+03 +8.192295817e+03 -1.4886e+00 -1.7342e+00 -2.1746e+00 -1.4105e-01 -2.1912e+00
1763 +5.300299132e+03 +5.300299132e+03 +5.181809132e+03 +5.181809132e+03 +2.3678e+00 +1.8167e+00 +2.0651e+00 -1.0648e+00 +7.3369e-01
3015 +3.080298884e+03 +3.080298884e+03 +2.961808884e+03 +2.961808884e+03 +2.3678e+00 +1.6492e+00 +2.1900e+00 -1.0629e+00 +7.3271e-01
3451 +2.495093766e+03 +2.495093766e+03 +2.376603766e+03 +2.376603766e+03 +2.3678e+00 +1.6492e+00 +2.1900e+00 -1.3129e+00 +7.3271e-01
3716 +1.369280131e+03 +1.369280131e+03 +1.250790131e+03 +1.250790131e+03 +1.9316e+00 +5.9919e-01 +1.3399e+00 -1.0629e+00 +5.4521e-01
% function evaluation | noise-free fitness - Fopt (2.810000000000e+01) | best noise-free fitness - Fopt | measured fitness | best measured fitness | x1 | x2...
1 +2.831892312e+06 +2.831892312e+06 +2.831920412e+06 +2.831920412e+06 -1.4372e+00 +2.7089e+00 +7.8205e-01 -2.0387e+00 -2.5272e-01
3 +6.970258236e+04 +6.970258236e+04 +6.973068236e+04 +6.973068236e+04 -2.7044e+00 -3.3427e+00 -4.0697e+00 +2.7964e+00 -4.8305e+00
561 +3.511315510e+04 +3.511315510e+04 +3.514125510e+04 +3.514125510e+04 +3.2937e+00 -3.8535e+00 -2.5091e+00 -1.3174e+00 -3.5331e+00
777 +1.316685962e+04 +1.316685962e+04 +1.319495962e+04 +1.319495962e+04 -2.7044e+00 -3.4674e+00 +4.2221e+00 +1.9657e+00 -4.8126e+00
778 +9.038473060e+03 +9.038473060e+03 +9.066573060e+03 +9.066573060e+03 -2.7044e+00 -3.4674e+00 +4.2221e+00 +1.9657e+00 -4.8438e+00
1113 +2.912715654e+03 +2.912715654e+03 +2.940815654e+03 +2.940815654e+03 -2.7044e+00 -3.4674e+00 +2.4048e+00 +1.9657e+00 -4.8438e+00
2671 +1.201083838e+03 +1.201083838e+03 +1.229183838e+03 +1.229183838e+03 -3.5651e+00 -4.1810e+00 +6.2201e+00 +1.9657e+00 -4.8127e+00
3091 +5.346565985e+02 +5.346565985e+02 +5.627565985e+02 +5.627565985e+02 -2.7044e+00 -4.1849e+00 +4.2200e+00 +1.7157e+00 -4.8148e+00
4818 +3.897593806e+02 +3.897593806e+02 +4.178593806e+02 +4.178593806e+02 -2.7044e+00 -4.1848e+00 +4.2200e+00 +1.7001e+00 -4.7813e+00
