% function evaluation | noise-free fitness - Fopt (1.491500000000e+02) | best noise-free fitness - Fopt | measured fitness | best measured fitness | x1 | x2...
1 +3.352190907e+05 +3.352190907e+05 +3.353682407e+05 +3.353682407e+05 +4.9470e+00 +2.1546e+00 +3.8731e+00 -1.8391e+00 +1.6323e+00 +3.5096e+00 +5.9015e-01 -4.6408e+00 -3.0673e-01 +1.1073e+00
2 +5.672125027e+04 +5.672125027e+04 +5.687040027e+04 +5.687040027e+04 +3.0390e-01 -2.0833e-01 +1.3648e+00 +7.4621e-01 -1.9448e+00 +2.5474e+00 +3.3506e-01 +1.3656e+00 +1.2951e-01 +2.3347e-01
82 +3.482685756e+04 +3.482685756e+04 +3.497600756e+04 +3.497600756e+04 +1.4447e+00 -1.5201e+00 -2.6799e+00 +7.5332e-02 -5.6863e-01 +1.8926e+00 +9.3624e-01 -7.7338e-02 +5.9623e-01 -2.5332e+00
125 +1.900785007e+04 +1.900785007e+04 +1.915700007e+04 +1.915700007e+04 +1.8304e+00 -2.9401e+00 -1.2502e+00 +2.2600e+00 -1.3111e+00 -1.0751e+00 +9.7951e-01 -1.8090e+00 -1.6727e+00 -3.1603e-01
161 +1.539315190e+04 +1.539315190e+04 +1.554230190e+04 +1.554230190e+04 +1.7114e+00 -2.5929e+00 -1.9913e+00 +1.5123e+00 -1.0285e+00 -1.6382e+00 -2.2204e+00 -3.0101e+00 -2.0833e+00 -2.4802e+00
183 +9.972614792e+03 +9.972614792e+03 +1.012176479e+04 +1.012176479e+04 +5.5158e-01 -2.9759e+00 -2.9861e+00 +2.9444e-01 -2.2743e+00 -1.4956e+00 -2.1551e+00 -1.7444e+00 +1.1486e+00 -1.9267e+00
193 +9.808812142e+02 +9.808812142e+02 +1.130031214e+03 +1.130031214e+03 -5.9828e-02 -1.8107e+00 -6.1833e-01 +2.0909e+00 -2.4076e+00 -1.7338e+00 -4.4979e-01 -1.8740e+00 -2.1810e-01 -4.8312e-01
321 +4.765955293e+02 +4.765955293e+02 +6.257455293e+02 +6.257455293e+02 +2.8458e-01 -6.4008e-01 +1.1602e-01 +1.6930e+00 -2.2868e+00 -1.2337e+00 -1.0726e+00 -2.5958e+00 -6.1882e-01 -7.5627e-01
526 +3.966021468e+02 +3.966021468e+02 +5.457521468e+02 +5.457521468e+02 -4.3486e-01 -8.4852e-01 -4.1999e-01 +1.5298e+00 -2.6653e+00 -1.9658e+00 -1.2117e+00 -2.7790e+00 +3.6766e-01 +4.8427e-01
585 +2.192629636e+02 +2.192629636e+02 +3.684129636e+02 +3.684129636e+02 -4.8628e-01 -9.7275e-01 -3.7326e-01 +1.8704e+00 -2.5873e+00 -1.6366e+00 -1.4914e+00 -2.8537e+00 -6.2122e-01 -5.5073e-01
707 +1.488117951e+02 +1.488117951e+02 +2.979617951e+02 +2.979617951e+02 -3.7067e-01 -5.5636e-01 -1.1805e-01 +1.7570e+00 -2.5898e+00 -1.4360e+00 -1.3658e+00 -2.7244e+00 -3.5932e-01 -4.9505e-01
1072 +9.079673341e+01 +9.079673341e+01 +2.399467334e+02 +2.399467334e+02 -2.6615e-01 -5.5575e-01 -2.7147e-02 +1.9338e+00 -2.6510e+00 -1.4314e+00 -1.3648e+00 -2.4566e+00 -4.3019e-01 -5.4574e-01
1186 +6.171658331e+01 +6.171658331e+01 +2.108665833e+02 +2.108665833e+02 -1.8872e-01 -5.6737e-01 -3.8951e-02 +1.9319e+00 -2.6638e+00 -1.5644e+00 -1.4864e+00 -2.2605e+00 -5.7858e-01 -3.6828e-01
1276 +3.772461029e+01 +3.772461029e+01 +1.868746103e+02 +1.868746103e+02 -7.6926e-02 -3.9788e-01 -8.6818e-02 +1.7723e+00 -2.7182e+00 -1.6049e+00 -1.5169e+00 -2.2084e+00 -7.2059e-01 -5.9116e-01
1355 +2.367905919e+01 +2.367905919e+01 +1.728290592e+02 +1.728290592e+02 -1.1458e-01 -4.7050e-01 -5.4055e-02 +1.8520e+00 -2.7358e+00 -1.4386e+00 -1.3470e+00 -1.9828e+00 -6.1744e-01 -2.7434e-01
1389 +1.381225374e+01 +1.381225374e+01 +1.629622537e+02 +1.629622537e+02 -4.4772e-02 -3.5236e-01 -1.4975e-02 +1.7924e+00 -2.7062e+00 -1.4020e+00 -1.2986e+00 -1.8386e+00 -7.6662e-01 -4.3458e-01
1403 +9.772999302e+00 +9.772999302e+00 +1.589229993e+02 +1.589229993e+02 -6.6543e-02 -4.2968e-01 -3.4134e-02 +1.8145e+00 -2.7005e+00 -1.2420e+00 -1.1326e+00 -1.6255e+00 -7.1891e-01 -4.0268e-01
1526 +5.872009903e+00 +5.872009903e+00 +1.550220099e+02 +1.550220099e+02 -9.0853e-02 -4.3673e-01 +1.2040e-02 +1.7961e+00 -2.7727e+00 -1.3342e+00 -1.1835e+00 -1.6301e+00 -7.6302e-01 -5.3809e-01
1585 +2.713968570e+00 +2.713968570e+00 +1.518639686e+02 +1.518639686e+02 -6.8707e-02 -3.8545e-01 -2.0690e-02 +1.7608e+00 -2.8434e+00 -1.4401e+00 -1.1654e+00 -1.6607e+00 -7.2085e-01 -4.7328e-01
1721 +2.197056661e+00 +2.197056661e+00 +1.513470567e+02 +1.513470567e+02 -6.6316e-02 -3.7406e-01 -2.5582e-02 +1.7867e+00 -2.8344e+00 -1.3950e+00 -1.1596e+00 -1.6907e+00 -7.4308e-01 -5.1953e-01
1788 +1.534790089e+00 +1.534790089e+00 +1.506847901e+02 +1.506847901e+02 -7.2438e-02 -4.1091e-01 -2.7168e-02 +1.7802e+00 -2.8541e+00 -1.3883e+00 -1.1801e+00 -1.6460e+00 -7.0544e-01 -4.4300e-01
2072 +9.757200638e-01 +9.757200638e-01 +1.501257201e+02 +1.501257201e+02 -5.9336e-02 -3.9234e-01 +5.3670e-03 +1.8110e+00 -2.8182e+00 -1.3338e+00 -1.0770e+00 -1.5344e+00 -6.2740e-01 -4.1664e-01
2382 +6.066868673e-01 +6.066868673e-01 +1.497566869e+02 +1.497566869e+02 -4.8954e-02 -3.7536e-01 +9.6093e-03 +1.8191e+00 -2.7930e+00 -1.2979e+00 -1.0154e+00 -1.4304e+00 -4.9853e-01 -3.3298e-01
2687 +3.954942163e-01 +3.954942163e-01 +1.495454942e+02 +1.495454942e+02 -5.1884e-02 -3.7118e-01 +1.1227e-02 +1.8335e+00 -2.7782e+00 -1.2671e+00 -9.5190e-01 -1.3442e+00 -3.8052e-01 -2.2933e-01
2846 +2.360962776e-01 +2.360962776e-01 +1.493860963e+02 +1.493860963e+02 -5.5039e-02 -3.7353e-01 +7.8407e-03 +1.8360e+00 -2.7699e+00 -1.2450e+00 -9.1295e-01 -1.2772e+00 -2.7938e-01 -9.2268e-02
2949 +1.579554222e-01 +1.579554222e-01 +1.493079554e+02 +1.493079554e+02 -5.4773e-02 -3.7848e-01 +1.1296e-02 +1.8403e+00 -2.7596e+00 -1.2289e+00 -8.8502e-01 -1.2273e+00 -2.0189e-01 +1.0540e-02
3128 +9.572231397e-02 +9.572231397e-02 +1.492457223e+02 +1.492457223e+02 -5.4547e-02 -3.7878e-01 +1.1941e-02 +1.8435e+00 -2.7525e+00 -1.2153e+00 -8.5608e-01 -1.1709e+00 -9.6259e-02 +1.6050e-01
3202 +6.275082599e-02 +6.275082599e-02 +1.492127508e+02 +1.492127508e+02 -5.2885e-02 -3.7607e-01 +1.7215e-02 +1.8460e+00 -2.7464e+00 -1.2092e+00 -8.4930e-01 -1.1574e+00 -6.8571e-02 +2.1500e-01
3471 +3.901335096e-02 +3.901335096e-02 +1.491890134e+02 +1.491890134e+02 -5.4777e-02 -3.7338e-01 +1.7186e-02 +1.8446e+00 -2.7459e+00 -1.2084e+00 -8.5050e-01 -1.1522e+00 -6.4363e-02 +2.1670e-01
3661 +2.488239682e-02 +2.488239682e-02 +1.491748824e+02 +1.491748824e+02 -5.4971e-02 -3.7018e-01 +1.7756e-02 +1.8459e+00 -2.7438e+00 -1.2044e+00 -8.4323e-01 -1.1381e+00 -3.8827e-02 +2.6492e-01
3807 +1.561656008e-02 +1.561656008e-02 +1.491656166e+02 +1.491656166e+02 -5.5693e-02 -3.7198e-01 +1.7790e-02 +1.8464e+00 -2.7401e+00 -1.1973e+00 -8.3178e-01 -1.1144e+00 +6.2485e-03 +3.4049e-01
3923 +9.715397686e-03 +9.715397686e-03 +1.491597154e+02 +1.491597154e+02 -5.5176e-02 -3.7052e-01 +1.9147e-02 +1.8483e+00 -2.7390e+00 -1.1971e+00 -8.2860e-01 -1.1061e+00 +2.2173e-02 +3.7390e-01
3999 +5.701884867e-03 +5.701884867e-03 +1.491557019e+02 +1.491557019e+02 -5.6630e-02 -3.7145e-01 +1.8636e-02 +1.8476e+00 -2.7374e+00 -1.1922e+00 -8.1866e-01 -1.0871e+00 +5.8437e-02 +4.4222e-01
4106 +3.923471396e-03 +3.923471396e-03 +1.491539235e+02 +1.491539235e+02 -5.7662e-02 -3.7346e-01 +1.8112e-02 +1.8488e+00 -2.7356e+00 -1.1880e+00 -8.1050e-01 -1.0728e+00 +8.9260e-02 +5.0342e-01
4233 +2.266764939e-03 +2.266764939e-03 +1.491522668e+02 +1.491522668e+02 -5.7203e-02 -3.7163e-01 +1.8708e-02 +1.8497e+00 -2.7359e+00 -1.1885e+00 -8.1043e-01 -1.0750e+00 +8.5052e-02 +4.9668e-01
4404 +1.459440919e-03 +1.459440919e-03 +1.491514594e+02 +1.491514594e+02 -5.6502e-02 -3.7105e-01 +1.9746e-02 +1.8505e+00 -2.7355e+00 -1.1885e+00 -8.1086e-01 -1.0741e+00 +8.5496e-02 +4.9624e-01
4509 +9.387706370e-04 +9.387706370e-04 +1.491509388e+02 +1.491509388e+02 -5.6131e-02 -3.7098e-01 +1.9337e-02 +1.8506e+00 -2.7358e+00 -1.1886e+00 -8.1228e-01 -1.0775e+00 +7.9776e-02 +4.8502e-01
4627 +5.949739508e-04 +5.949739508e-04 +1.491505950e+02 +1.491505950e+02 -5.5647e-02 -3.7101e-01 +1.8952e-02 +1.8504e+00 -2.7364e+00 -1.1890e+00 -8.1250e-01 -1.0781e+00 +7.7471e-02 +4.8119e-01
4769 +2.496235202e-04 +2.496235202e-04 +1.491502496e+02 +1.491502496e+02 -5.5447e-02 -3.7091e-01 +1.9101e-02 +1.8502e+00 -2.7362e+00 -1.1882e+00 -8.1067e-01 -1.0738e+00 +8.5658e-02 +4.9741e-01
4875 +1.104516550e-04 +1.104516550e-04 +1.491501105e+02 +1.491501105e+02 -5.5326e-02 -3.7056e-01 +1.9356e-02 +1.8505e+00 -2.7361e+00 -1.1879e+00 -8.1002e-01 -1.0725e+00 +8.9094e-02 +5.0380e-01
4901 +9.923502273e-05 +9.923502273e-05 +1.491500992e+02 +1.491500992e+02 -5.5303e-02 -3.7059e-01 +1.9375e-02 +1.8505e+00 -2.7360e+00 -1.1879e+00 -8.1005e-01 -1.0725e+00 +8.9093e-02 +5.0380e-01
4909 +5.982813596e-05 +5.982813596e-05 +1.491500598e+02 +1.491500598e+02 -5.5320e-02 -3.7059e-01 +1.9336e-02 +1.8504e+00 -2.7361e+00 -1.1876e+00 -8.0978e-01 -1.0719e+00 +9.0305e-02 +5.0611e-01
% function evaluation | noise-free fitness - Fopt (-1.000000000000e+03) | best noise-free fitness - Fopt | measured fitness | best measured fitness | x1 | x2...
1 +1.697826769e+05 +1.697826769e+05 +1.687826769e+05 +1.687826769e+05 -1.8613e+00 -2.3478e+00 -4.1087e+00 -1.0445e+00 -3.0136e+00 -2.0764e+00 +2.2749e+00 +1.9424e+00 -3.3883e+00 +2.8457e+00
3 +7.220866216e+04 +7.220866216e+04 +7.120866216e+04 +7.120866216e+04 -1.1565e-01 -2.7634e+00 -3.0051e+00 -3.3688e+00 +1.0711e-01 +1.6002e+00 -3.3294e+00 -3.2883e+00 -3.6688e-01 -1.3222e-01
53 +6.061944362e+04 +6.061944362e+04 +5.961944362e+04 +5.961944362e+04 -1.7815e+00 +5.6837e-01 +3.7702e+00 -4.3037e+00 -2.8168e+00 +2.6833e+00 -2.8990e+00 -1.0858e-01 -3.8186e+00 +4.5566e+00
75 +1.193101006e+04 +1.193101006e+04 +1.093101006e+04 +1.093101006e+04 -5.9662e+00 +9.7694e-01 -1.6565e-02 -3.8749e+00 -3.2538e+00 -3.3970e+00 -2.5172e-01 -3.2106e-01 -2.8240e+00 +1.2821e+01
151 +7.717907845e+03 +7.717907845e+03 +6.717907845e+03 +6.717907845e+03 -4.1458e+00 +1.0751e+00 -6.6224e-02 -3.6480e+00 -3.4351e+00 -2.5994e+00 -9.0874e-01 -2.5997e+00 -4.0857e+00 +1.5371e+01
188 +5.465517002e+03 +5.465517002e+03 +4.465517002e+03 +4.465517002e+03 -2.2978e+00 +1.8862e+00 -1.6368e-01 -2.0497e+00 -2.8271e+00 -1.7256e+00 -2.8433e+00 -3.0365e+00 -3.8716e+00 +1.4455e+01
206 +3.946138047e+03 +3.946138047e+03 +2.946138047e+03 +2.946138047e+03 -2.4151e+00 +9.7718e-01 -3.8402e-01 -2.5524e+00 -1.3539e+00 +8.7300e-01 -3.4530e+00 -2.9561e+00 -1.8622e+00 +9.4521e+00
346 +2.275140489e+03 +2.275140489e+03 +1.275140489e+03 +1.275140489e+03 -3.1884e+00 +1.5564e+00 -6.5470e-01 -3.6435e+00 -2.5990e+00 -1.2771e+00 -2.1210e+00 -2.3868e+00 -1.7191e+00 +5.4273e+00
385 +1.304504897e+03 +1.304504897e+03 +3.045048973e+02 +3.045048973e+02 -3.3918e+00 +2.2248e-01 +2.9728e-01 -3.9845e+00 -2.9142e+00 -3.2968e-01 -1.6311e+00 -1.5892e+00 -1.3630e+00 +3.6996e+00
421 +8.926315166e+02 +8.926315166e+02 -1.073684834e+02 -1.073684834e+02 -3.6955e+00 -7.1222e-02 +7.8586e-01 -3.6548e+00 -3.4325e+00 -6.2738e-02 -1.9736e+00 -1.2628e+00 -6.0959e-01 +1.4285e+00
471 +3.345558028e+02 +3.345558028e+02 -6.654441972e+02 -6.654441972e+02 -3.6688e+00 +6.5933e-01 +6.3466e-01 -3.2070e+00 -2.9931e+00 -4.6712e-02 -2.6042e+00 -1.8926e+00 -5.3228e-01 +3.4761e+00
601 +1.755224654e+02 +1.755224654e+02 -8.244775346e+02 -8.244775346e+02 -4.1629e+00 +6.5233e-01 +3.0027e-01 -3.2387e+00 -2.9595e+00 -2.2066e-01 -2.5169e+00 -1.7164e+00 +4.6164e-01 +1.6001e+00
624 +1.045354464e+02 +1.045354464e+02 -8.954645536e+02 -8.954645536e+02 -3.1243e+00 +4.1044e-01 -3.9805e-02 -2.5000e+00 -3.1399e+00 -3.2899e-01 -2.7170e+00 -2.0316e+00 -1.0845e-02 +1.6719e+00
723 +8.781776762e+01 +8.781776762e+01 -9.121822324e+02 -9.121822324e+02 -3.4552e+00 +5.9583e-01 +5.5199e-02 -2.7377e+00 -3.2060e+00 -6.5750e-01 -3.0132e+00 -2.1071e+00 +7.1228e-04 +2.0704e+00
803 +6.223161605e+01 +6.223161605e+01 -9.377683839e+02 -9.377683839e+02 -3.2414e+00 +4.2856e-01 +4.9997e-01 -2.8520e+00 -3.3546e+00 -3.9567e-01 -2.7777e+00 -2.1481e+00 -1.4879e-01 +2.1864e+00
1006 +3.902076080e+01 +3.902076080e+01 -9.609792392e+02 -9.609792392e+02 -3.4241e+00 +3.2113e-01 +2.6511e-01 -2.5005e+00 -3.4163e+00 -5.4989e-01 -2.8381e+00 -2.0352e+00 +2.7371e-01 +1.7526e+00
1262 +2.437040820e+01 +2.437040820e+01 -9.756295918e+02 -9.756295918e+02 -3.3050e+00 +3.5165e-01 +3.9545e-01 -2.5547e+00 -3.2692e+00 -6.1941e-01 -2.9344e+00 -2.0247e+00 +2.8396e-01 +2.0416e+00
1566 +1.579400159e+01 +1.579400159e+01 -9.842059984e+02 -9.842059984e+02 -3.3368e+00 +4.4310e-01 +5.2670e-01 -2.6103e+00 -3.2699e+00 -8.0371e-01 -3.0226e+00 -2.1286e+00 +2.6819e-01 +1.9760e+00
1813 +9.388137490e+00 +9.388137490e+00 -9.906118625e+02 -9.906118625e+02 -3.2268e+00 +5.4866e-01 +6.7362e-01 -2.5547e+00 -3.1644e+00 -8.3638e-01 -2.9874e+00 -2.1669e+00 +2.3037e-01 +1.9104e+00
2485 +6.279884471e+00 +6.279884471e+00 -9.937201155e+02 -9.937201155e+02 -3.0183e+00 +8.4536e-01 +9.8604e-01 -2.3461e+00 -2.9819e+00 -8.0811e-01 -2.9226e+00 -2.2234e+00 +2.2931e-01 +1.9526e+00
3721 +3.964486962e+00 +3.964486962e+00 -9.960355130e+02 -9.960355130e+02 -2.8819e+00 +1.0990e+00 +1.3666e+00 -1.8360e+00 -2.5417e+00 -5.9375e-01 -2.8971e+00 -2.2067e+00 +2.0201e-01 +1.8991e+00
4543 +2.498370673e+00 +2.498370673e+00 -9.975016293e+02 -9.975016293e+02 -2.8725e+00 +1.1293e+00 +1.4493e+00 -1.6709e+00 -2.2585e+00 -2.1649e-01 -2.5786e+00 -2.0696e+00 +2.4095e-01 +1.9584e+00
% function evaluation | noise-free fitness - Fopt (9.862000000000e+01) | best noise-free fitness - Fopt | measured fitness | best measured fitness | x1 | x2...
1 +7.310335565e+04 +7.310335565e+04 +7.320197565e+04 +7.320197565e+04 +2.2178e+00 -1.9465e+00 +1.2690e+00 +2.1538e-01 +1.7753e+00 -1.4832e+00 +2.8859e-01 +3.9434e-01 +2.6148e-01 +2.8067e+00
6 +2.988984787e+04 +2.988984787e+04 +2.998846787e+04 +2.998846787e+04 -1.2996e+00 -4.0929e+00 +4.5794e+00 -2.4549e+00 -2.3417e+00 +3.2576e+00 +7.0299e-01 -7.7115e-01 -1.0155e+00 -4.3202e+00
52 +2.297563034e+04 +2.297563034e+04 +2.307425034e+04 +2.307425034e+04 +4.0213e-01 -2.4714e+00 +4.3921e+00 -4.0645e+00 -2.7534e+00 +3.3824e+00 -2.0190e+00 -2.5606e+00 -3.7771e+00 -6.4147e+00
95 +6.264538293e+03 +6.264538293e+03 +6.363158293e+03 +6.363158293e+03 +1.1762e-01 -1.0133e-01 +2.9517e+00 -3.6179e+00 -1.9513e+00 +2.6918e+00 -2.4500e+00 -1.6147e+00 -2.9929e+00 -2.9463e+00
186 +1.332028860e+03 +1.332028860e+03 +1.430648860e+03 +1.430648860e+03 -2.8421e-01 -1.5768e+00 +1.2448e+00 -3.9390e+00 -1.1010e+00 +1.6167e+00 -2.1629e+00 -2.2531e+00 -3.4098e+00 -1.7230e+00
202 +7.961774427e+02 +7.961774427e+02 +8.947974427e+02 +8.947974427e+02 -5.8050e-01 -1.6473e+00 +6.8662e-01 -2.1966e+00 +4.6647e-01 +1.2424e+00 -1.3151e+00 -3.4938e+00 -4.0257e+00 -3.0010e+00
333 +1.787676987e+02 +1.787676987e+02 +2.773876987e+02 +2.773876987e+02 -6.3093e-01 -1.6597e+00 +1.0634e+00 -3.0911e+00 -6.3638e-01 +1.5403e+00 -1.6081e+00 -3.2282e+00 -3.4588e+00 -1.1004e+00
523 +1.538019799e+02 +1.538019799e+02 +2.524219799e+02 +2.524219799e+02 -8.0489e-01 -1.6441e+00 +9.2492e-01 -2.6969e+00 +5.7089e-01 +9.9162e-01 -1.8660e+00 -3.5014e+00 -3.2094e+00 -9.0932e-01
604 +9.573451973e+01 +9.573451973e+01 +1.943545197e+02 +1.943545197e+02 -9.2402e-01 -1.8116e+00 +1.1063e+00 -3.0617e+00 +1.5094e-01 +7.8907e-01 -1.9220e+00 -3.3980e+00 -3.2528e+00 -1.2925e+00
688 +6.087806807e+01 +6.087806807e+01 +1.594980681e+02 +1.594980681e+02 -8.7815e-01 -1.7581e+00 +1.7382e+00 -3.4051e+00 +2.5283e-01 +9.6699e-01 -2.4272e+00 -3.7417e+00 -3.3976e+00 -1.2116e+00
861 +2.794911963e+01 +2.794911963e+01 +1.265691196e+02 +1.265691196e+02 -1.2222e+00 -1.9514e+00 +1.2909e+00 -3.3344e+00 -4.0833e-02 +9.2055e-01 -2.1977e+00 -3.9811e+00 -3.4581e+00 -1.0327e+00
921 +2.470457266e+01 +2.470457266e+01 +1.233245727e+02 +1.233245727e+02 -1.2166e+00 -1.8969e+00 +1.3448e+00 -3.3245e+00 -2.2511e-02 +9.8134e-01 -2.1865e+00 -3.9546e+00 -3.4852e+00 -1.0918e+00
1123 +1.516490972e+01 +1.516490972e+01 +1.137849097e+02 +1.137849097e+02 -1.1341e+00 -1.8598e+00 +1.5289e+00 -3.2844e+00 -4.5300e-02 +9.3510e-01 -2.2686e+00 -3.9224e+00 -3.6554e+00 -1.0883e+00
1215 +9.594587227e+00 +9.594587227e+00 +1.082145872e+02 +1.082145872e+02 -1.2098e+00 -1.8073e+00 +1.5491e+00 -3.2998e+00 -9.7879e-02 +8.6576e-01 -2.2509e+00 -3.7358e+00 -3.6338e+00 -1.1161e+00
2063 +6.303569593e+00 +6.303569593e+00 +1.049235696e+02 +1.049235696e+02 -1.0079e+00 -1.4979e+00 +1.8476e+00 -3.0621e+00 -4.0670e-02 +8.3900e-01 -2.3450e+00 -3.7420e+00 -3.6851e+00 -1.1317e+00
4363 +3.962131125e+00 +3.962131125e+00 +1.025821311e+02 +1.025821311e+02 -8.6446e-01 -1.2332e+00 +2.2845e+00 -2.5168e+00 +3.9677e-01 +1.0384e+00 -2.2711e+00 -3.7550e+00 -3.6897e+00 -1.1172e+00
% function evaluation | noise-free fitness - Fopt (-4.715000000000e+01) | best noise-free fitness - Fopt | measured fitness | best measured fitness | x1 | x2...
1 +1.351994273e+05 +1.351994273e+05 +1.351522773e+05 +1.351522773e+05 +9.6478e-01 -2.1058e+00 -4.1386e-03 -4.2528e+00 +4.3919e+00 +3.1907e+00 +2.2671e+00 +2.0390e+00 +1.8321e+00 -2.6869e+00
3 +7.713920774e+04 +7.713920774e+04 +7.709205774e+04 +7.709205774e+04 +1.5008e+00 -3.6206e+00 -2.1789e+00 -3.8707e+00 +1.7592e+00 -2.8436e+00 +2.3263e+00 -1.2562e+00 -4.3940e+00 -1.3448e+00
50 +5.604333281e+04 +5.604333281e+04 +5.599618281e+04 +5.599618281e+04 -1.5869e-02 -1.2689e+00 -2.1789e+00 -2.7154e+00 +3.5674e+00 -2.8436e+00 -8.9745e-01 -4.5176e+00 -4.1103e+00 -1.3173e+00
125 +1.310894224e+04 +1.310894224e+04 +1.306179224e+04 +1.306179224e+04 -6.5798e-01 -4.0517e+00 +4.0330e-01 -2.6252e+00 +2.2547e+00 +4.2871e-01 -8.6401e-01 -1.1244e+00 -3.9215e+00 +2.1729e+00
145 +9.427450298e+03 +9.427450298e+03 +9.380300298e+03 +9.380300298e+03 -1.9854e+00 -2.0967e+00 -2.3688e+00 -4.5367e-01 +2.5932e+00 +2.3751e+00 -6.5561e-01 -7.4787e-01 +6.0162e-01 +1.3580e+00
305 +6.290308221e+03 +6.290308221e+03 +6.243158221e+03 +6.243158221e+03 -1.4402e+00 -2.0739e+00 -1.9313e+00 -1.6336e+00 +1.8991e+00 +8.4521e-01 -9.6362e-01 -1.6527e+00 -2.1333e+00 +2.6196e+00
332 +3.150297543e+03 +3.150297543e+03 +3.103147543e+03 +3.103147543e+03 -5.1152e-01 -7.2075e-01 -1.0022e+00 -2.6373e+00 +9.1361e-01 +1.9789e-01 -1.0824e+00 -9.2005e-01 -1.8784e+00 +9.0537e-01
342 +2.032307561e+03 +2.032307561e+03 +1.985157561e+03 +1.985157561e+03 -3.8334e-01 -8.6996e-01 -1.0890e+00 -2.2595e+00 +3.4470e-01 +1.5912e+00 -2.3342e+00 -1.5866e+00 -1.1119e+00 +1.9499e+00
397 +1.237749817e+03 +1.237749817e+03 +1.190599817e+03 +1.190599817e+03 -4.8981e-01 -8.1906e-01 -2.7106e+00 -2.1082e+00 +1.3701e+00 +1.6824e+00 -1.8261e+00 -2.3381e+00 -3.8418e+00 +1.6347e+00
651 +7.400889828e+02 +7.400889828e+02 +6.929389828e+02 +6.929389828e+02 -1.0730e+00 -1.5879e+00 -1.6336e+00 -1.9905e+00 +9.3230e-01 +1.5191e+00 -2.3325e+00 -2.7362e+00 -3.7772e+00 +1.9731e+00
721 +6.294656617e+02 +6.294656617e+02 +5.823156617e+02 +5.823156617e+02 -8.8741e-01 -9.0183e-01 -1.1637e+00 -2.3741e+00 +7.2354e-01 +1.0920e+00 -2.9025e+00 -2.6880e+00 -3.9054e+00 +2.0388e+00
1021 +3.945704856e+02 +3.945704856e+02 +3.474204856e+02 +3.474204856e+02 -5.0200e-01 -1.1619e+00 -1.5350e+00 -2.2717e+00 +5.0419e-01 +1.2612e+00 -1.9295e+00 -2.4365e+00 -3.5604e+00 +4.1267e-01
1181 +2.292537401e+02 +2.292537401e+02 +1.821037401e+02 +1.821037401e+02 -6.9837e-01 -8.9265e-01 -1.2665e+00 -2.2569e+00 +4.4061e-01 +1.1492e+00 -2.4071e+00 -2.3857e+00 -3.0363e+00 -1.2285e+00
1227 +1.542773121e+02 +1.542773121e+02 +1.071273121e+02 +1.071273121e+02 -4.9159e-01 -1.0467e+00 -1.5180e+00 -2.3134e+00 +5.4884e-01 +1.4627e+00 -2.0644e+00 -2.3874e+00 -2.6977e+00 -2.5214e+00
1249 +9.916991160e+01 +9.916991160e+01 +5.201991160e+01 +5.201991160e+01 -5.0163e-01 -9.4189e-01 -1.4085e+00 -2.3390e+00 +5.6492e-01 +1.2931e+00 -2.1056e+00 -2.4589e+00 -2.5908e+00 -2.4328e+00
1359 +6.245514519e+01 +6.245514519e+01 +1.530514519e+01 +1.530514519e+01 -3.0382e-01 -6.7020e-01 -1.3037e+00 -2.5316e+00 +4.8046e-01 +1.2415e+00 -2.1881e+00 -2.5418e+00 -2.2866e+00 -2.9122e+00
1531 +3.868821999e+01 +3.868821999e+01 -8.461780009e+00 -8.461780009e+00 -3.2675e-01 -7.2183e-01 -1.2318e+00 -2.3435e+00 +5.6501e-01 +1.3650e+00 -2.1657e+00 -2.4864e+00 -2.2424e+00 -2.8327e+00
1591 +2.475080468e+01 +2.475080468e+01 -2.239919532e+01 -2.239919532e+01 -3.1352e-01 -8.3614e-01 -1.2148e+00 -2.4917e+00 +4.3353e-01 +1.3768e+00 -2.1041e+00 -2.5594e+00 -2.1935e+00 -2.7859e+00
1714 +1.520872823e+01 +1.520872823e+01 -3.194127177e+01 -3.194127177e+01 -3.3144e-01 -7.9077e-01 -1.1603e+00 -2.3958e+00 +5.1608e-01 +1.3695e+00 -2.0852e+00 -2.5891e+00 -2.0901e+00 -2.7563e+00
1807 +9.075595960e+00 +9.075595960e+00 -3.807440404e+01 -3.807440404e+01 -2.6718e-01 -8.2007e-01 -1.1937e+00 -2.3912e+00 +4.7242e-01 +1.3112e+00 -2.1893e+00 -2.5767e+00 -1.9557e+00 -2.8507e+00
1875 +6.007080013e+00 +6.007080013e+00 -4.114291999e+01 -4.114291999e+01 -2.8922e-01 -8.0707e-01 -1.1977e+00 -2.4031e+00 +4.5814e-01 +1.3345e+00 -2.1084e+00 -2.5936e+00 -1.8893e+00 -2.8938e+00
2094 +3.922234567e+00 +3.922234567e+00 -4.322776543e+01 -4.322776543e+01 -3.1902e-01 -8.2330e-01 -1.2043e+00 -2.3967e+00 +4.1336e-01 +1.2984e+00 -2.1296e+00 -2.6117e+00 -1.8306e+00 -2.8104e+00
2493 +2.472223861e+00 +2.472223861e+00 -4.467777614e+01 -4.467777614e+01 -3.3158e-01 -8.1263e-01 -1.2356e+00 -2.4092e+00 +4.1324e-01 +1.2784e+00 -2.1605e+00 -2.5512e+00 -1.8074e+00 -2.8121e+00
3433 +1.573402988e+00 +1.573402988e+00 -4.557659701e+01 -4.557659701e+01 -3.2872e-01 -8.1877e-01 -1.2115e+00 -2.3570e+00 +5.0732e-01 +1.4477e+00 -1.9320e+00 -2.3461e+00 -1.6940e+00 -2.8064e+00
4108 +9.857896472e-01 +9.857896472e-01 -4.616421035e+01 -4.616421035e+01 -3.2995e-01 -8.0602e-01 -1.1967e+00 -2.3405e+00 +5.3826e-01 +1.5254e+00 -1.8089e+00 -2.1675e+00 -1.5658e+00 -2.7542e+00
4364 +5.737090805e-01 +5.737090805e-01 -4.657629092e+01 -4.657629092e+01 -3.2337e-01 -8.0405e-01 -1.1987e+00 -2.3365e+00 +5.7207e-01 +1.5721e+00 -1.7228e+00 -2.0354e+00 -1.4069e+00 -2.6503e+00
4524 +3.888368160e-01 +3.888368160e-01 -4.676116318e+01 -4.676116318e+01 -3.2768e-01 -8.0589e-01 -1.2010e+00 -2.3286e+00 +5.8314e-01 +1.6071e+00 -1.6641e+00 -1.9326e+00 -1.2701e+00 -2.5313e+00
4737 +2.419884410e-01 +2.419884410e-01 -4.690801156e+01 -4.690801156e+01 -3.2702e-01 -8.0619e-01 -1.1938e+00 -2.3240e+00 +5.8948e-01 +1.6151e+00 -1.6401e+00 -1.8819e+00 -1.1719e+00 -2.4041e+00
% function evaluation | noise-free fitness - Fopt (3.752000000000e+01) | best noise-free fitness - Fopt | measured fitness | best measured fitness | x1 | x2...
1 +4.341619154e+05 +4.341619154e+05 +4.341994354e+05 +4.341994354e+05 -1.8044e+00 -3.9782e+00 -4.0663e+00 +3.3231e+00 -4.2003e+00 +5.8061e-01 +4.4037e+00 +4.8529e+00 +3.6467e-01 +4.7677e+00
2 +2.750842651e+05 +2.750842651e+05 +2.751217851e+05 +2.751217851e+05 +2.9728e-01 -4.5313e+00 +1.4131e+00 +3.7103e+00 +1.6510e+00 +2.4236e-01 +1.1200e+00 -3.3374e+00 -2.8147e+00 +1.3572e-01
4 +2.017029179e+05 +2.017029179e+05 +2.017404379e+05 +2.017404379e+05 -7.2068e-01 +2.5510e+00 +2.0968e+00 +1.6082e+00 +2.5363e+00 -3.0906e+00 -2.9498e+00 +1.1042e-01 +2.1673e+00 -1.5098e+00
7 +1.154715108e+05 +1.154715108e+05 +1.155090308e+05 +1.155090308e+05 +9.7791e-01 +8.0692e-01 -1.8115e+00 -3.3044e+00 -1.1892e+00 +1.0769e+00 -1.6942e+00 -2.2396e+00 +3.1916e-01 -2.2545e+00
15 +2.235432567e+04 +2.235432567e+04 +2.239184567e+04 +2.239184567e+04 +4.1911e+00 -7.7707e-01 +1.3653e+00 -1.9777e+00 +4.6546e+00 +2.9254e+00 +4.5135e+00 +1.0337e+00 -1.3147e+00 +4.1156e+00
142 +1.412203197e+04 +1.412203197e+04 +1.415955197e+04 +1.415955197e+04 +3.2863e+00 -2.5064e-01 -2.1918e-02 -1.4383e+00 +4.0396e+00 +1.9305e+00 +3.0646e+00 +1.8381e+00 -1.3371e-01 +5.4121e+00
172 +9.621402124e+03 +9.621402124e+03 +9.658922124e+03 +9.658922124e+03 +2.1679e+00 -9.7452e-01 +2.1746e+00 -3.4751e+00 +4.8884e+00 +3.2463e+00 +2.5117e+00 +1.9803e+00 -3.3519e-01 +5.2048e+00
184 +5.162824742e+03 +5.162824742e+03 +5.200344742e+03 +5.200344742e+03 +1.9937e+00 -1.9310e+00 +3.6787e+00 -8.9521e-01 +2.9985e+00 +2.8217e+00 +5.3079e-01 +2.2875e+00 -7.8329e-01 -1.7532e+00
263 +3.199744294e+03 +3.199744294e+03 +3.237264294e+03 +3.237264294e+03 +2.5047e+00 -1.4926e+00 +8.4281e-01 -1.7101e+00 +9.6165e-01 +4.1165e-01 +1.3995e+00 +7.1929e-01 +9.3039e-02 -3.0050e+00
323 +1.560575831e+03 +1.560575831e+03 +1.598095831e+03 +1.598095831e+03 +3.2613e-01 -1.0757e+00 +3.0431e+00 -2.1193e+00 +7.7837e-01 +1.0241e+00 +5.6700e-01 +1.0262e+00 +9.3792e-01 -2.4107e+00
445 +3.114877742e+02 +3.114877742e+02 +3.490077742e+02 +3.490077742e+02 +2.7268e+00 -1.9479e+00 +2.1513e+00 -2.4220e+00 +1.5822e+00 +2.2293e-01 +9.4914e-01 +2.4138e+00 +1.0494e+00 -1.0897e+00
531 +2.286756598e+02 +2.286756598e+02 +2.661956598e+02 +2.661956598e+02 +2.4056e+00 -2.1726e+00 +2.1714e+00 -2.2426e+00 +2.1070e+00 +9.4298e-01 +1.4053e+00 +1.5273e+00 +4.1451e-01 -1.7106e+00
567 +1.009186949e+02 +1.009186949e+02 +1.384386949e+02 +1.384386949e+02 +2.3207e+00 -2.0325e+00 +2.9929e+00 -1.9577e+00 +2.6913e+00 +1.2074e+00 +1.1981e+00 +1.5695e+00 +1.1133e+00 -1.3485e+00
581 +5.776284534e+01 +5.776284534e+01 +9.528284534e+01 +9.528284534e+01 +2.5867e+00 -2.0433e+00 +2.8678e+00 -1.4123e+00 +2.5284e+00 +9.7134e-01 +1.1947e+00 +1.7282e+00 +1.2441e+00 -1.4398e+00
751 +3.204440538e+01 +3.204440538e+01 +6.956440538e+01 +6.956440538e+01 +2.2431e+00 -2.1543e+00 +2.6904e+00 -1.7346e+00 +2.5950e+00 +1.1247e+00 +1.2439e+00 +1.9328e+00 +1.0761e+00 -1.0281e+00
875 +2.038353214e+01 +2.038353214e+01 +5.790353214e+01 +5.790353214e+01 +2.3647e+00 -2.2763e+00 +2.5045e+00 -1.9595e+00 +2.2839e+00 +9.4223e-01 +1.2319e+00 +1.7439e+00 +1.0018e+00 -1.4635e+00
1023 +1.248896627e+01 +1.248896627e+01 +5.000896627e+01 +5.000896627e+01 +2.4049e+00 -2.1066e+00 +2.6340e+00 -1.8889e+00 +2.1877e+00 +8.6691e-01 +1.2430e+00 +1.9551e+00 +1.1062e+00 -1.3377e+00
1055 +9.350423115e+00 +9.350423115e+00 +4.687042312e+01 +4.687042312e+01 +2.3757e+00 -2.1082e+00 +2.6791e+00 -1.8856e+00 +2.2293e+00 +9.1869e-01 +1.4185e+00 +1.8693e+00 +1.3560e+00 -1.4162e+00
1207 +5.618417853e+00 +5.618417853e+00 +4.313841785e+01 +4.313841785e+01 +2.4105e+00 -2.1029e+00 +2.6718e+00 -1.8462e+00 +2.3416e+00 +1.0334e+00 +1.3782e+00 +1.8086e+00 +1.2161e+00 -1.4015e+00
1728 +3.862302743e+00 +3.862302743e+00 +4.138230274e+01 +4.138230274e+01 +2.4441e+00 -2.0505e+00 +2.7439e+00 -1.7429e+00 +2.5068e+00 +1.1612e+00 +1.3645e+00 +1.8647e+00 +1.2497e+00 -1.3866e+00
2283 +2.510024334e+00 +2.510024334e+00 +4.003002433e+01 +4.003002433e+01 +2.4788e+00 -1.9869e+00 +2.8484e+00 -1.5791e+00 +2.7747e+00 +1.5049e+00 +1.6453e+00 +1.9648e+00 +1.2789e+00 -1.3753e+00
2895 +1.574307634e+00 +1.574307634e+00 +3.909430763e+01 +3.909430763e+01 +2.4879e+00 -1.9875e+00 +2.8629e+00 -1.5310e+00 +2.8793e+00 +1.7114e+00 +1.9169e+00 +2.2085e+00 +1.3766e+00 -1.3643e+00
3233 +9.804623051e-01 +9.804623051e-01 +3.850046231e+01 +3.850046231e+01 +2.4922e+00 -1.9780e+00 +2.8751e+00 -1.5204e+00 +2.9094e+00 +1.7591e+00 +2.0143e+00 +2.3642e+00 +1.5128e+00 -1.3448e+00
3822 +6.303434394e-01 +6.303434394e-01 +3.815034344e+01 +3.815034344e+01 +2.4914e+00 -1.9608e+00 +2.8885e+00 -1.4962e+00 +2.9479e+00 +1.8076e+00 +2.0970e+00 +2.4967e+00 +1.6641e+00 -1.2323e+00
4463 +3.973914741e-01 +3.973914741e-01 +3.791739147e+01 +3.791739147e+01 +2.4935e+00 -1.9638e+00 +2.8829e+00 -1.4870e+00 +2.9620e+00 +1.8452e+00 +2.1624e+00 +2.5957e+00 +1.8045e+00 -1.0988e+00
% function evaluation | noise-free fitness - Fopt (-4.257500000000e+02) | best noise-free fitness - Fopt | measured fitness | best measured fitness | x1 | x2...
1 +8.746559076e+05 +8.746559076e+05 +8.742301576e+05 +8.742301576e+05 +3.8505e+00 +4.7186e+00 -3.1697e+00 +3.2955e+00 +1.4888e-01 +4.7142e-02 -2.0118e+00 +4.8449e+00 -2.3068e+00 +3.7954e+00
2 +2.978879710e+05 +2.978879710e+05 +2.974622210e+05 +2.974622210e+05 +2.1978e+00 +3.4014e+00 -3.5044e+00 +4.5006e+00 +3.0821e+00 -2.8445e+00 -2.0351e+00 -4.4644e+00 +1.9542e+00 +1.0358e+00
11 +7.294867637e+04 +7.294867637e+04 +7.252292637e+04 +7.252292637e+04 -4.1981e+00 -1.8290e+00 -5.7856e-02 -2.7914e+00 -1.8711e+00 -1.5153e+00 +3.2718e+00 -2.3870e+00 +2.0813e+00 +6.7848e-01
19 +5.502683057e+04 +5.502683057e+04 +5.460108057e+04 +5.460108057e+04 -1.1667e+00 +2.2542e+00 -4.9637e+00 -4.3846e+00 -2.5969e+00 -2.2493e+00 -3.9474e+00 -2.4146e+00 +4.3642e-02 +2.6137e+00
43 +3.611464594e+04 +3.611464594e+04 +3.568889594e+04 +3.568889594e+04 +1.6473e+00 +2.0166e+00 -7.2998e-01 -2.9365e+00 -1.1138e+00 -4.4589e-01 -1.2824e+00 -2.3870e+00 -1.0612e+00 +6.7848e-01
47 +7.891702561e+03 +7.891702561e+03 +7.465952561e+03 +7.465952561e+03 -2.3123e+00 +1.3234e+00 -4.8893e-01 -5.7067e-01 +5.1706e-01 -4.3472e+00 -2.3843e+00 -2.5731e+00 -1.2769e+00 -3.0926e+00
241 +4.909842683e+03 +4.909842683e+03 +4.484092683e+03 +4.484092683e+03 -9.6163e-01 +2.4087e-01 -1.4005e+00 -2.5136e+00 -1.1394e-02 -4.7489e+00 -1.1947e+00 -3.5983e+00 -1.8938e+00 -3.7399e+00
354 +3.433066264e+03 +3.433066264e+03 +3.007316264e+03 +3.007316264e+03 -1.2500e+00 +2.0319e+00 -9.5191e-01 -4.2420e-01 +1.6258e+00 -4.3025e+00 -2.3403e-01 -2.8775e+00 -6.8849e-01 +4.1914e+00
374 +2.368582167e+03 +2.368582167e+03 +1.942832167e+03 +1.942832167e+03 -2.4590e+00 +8.2479e-01 -2.1855e+00 -1.3513e+00 +2.2919e+00 -2.8047e+00 +5.2487e-01 -2.1944e+00 -5.0029e-01 +6.1516e+00
381 +1.439302794e+03 +1.439302794e+03 +1.013552794e+03 +1.013552794e+03 -2.0121e+00 +1.8795e-01 -2.2567e+00 -1.8445e+00 +2.4511e+00 -3.1441e+00 +5.3041e-01 -2.4769e+00 -1.0657e+00 +3.9035e-01
383 +8.304777825e+02 +8.304777825e+02 +4.047277825e+02 +4.047277825e+02 -1.9830e+00 +2.8875e+00 -1.2542e+00 -1.4212e+00 +2.6813e+00 -2.8024e+00 -1.1435e-01 -3.3922e+00 -1.4643e+00 +6.4753e-01
407 +5.741133663e+02 +5.741133663e+02 +1.483633663e+02 +1.483633663e+02 -1.4833e+00 +3.4271e+00 -1.5424e+00 -1.4906e+00 +2.0759e+00 -2.8233e+00 +9.9292e-01 -2.6129e+00 -1.2851e+00 +8.6264e-01
543 +3.616031667e+02 +3.616031667e+02 -6.414683334e+01 -6.414683334e+01 -1.2138e+00 +2.9465e+00 -2.1589e+00 -1.3241e+00 +1.7724e+00 -3.6855e+00 +8.6363e-01 -2.9126e+00 -2.0560e+00 -1.4568e+00
582 +2.412005595e+02 +2.412005595e+02 -1.845494405e+02 -1.845494405e+02 -1.2390e+00 +3.2356e+00 -1.5454e+00 -1.5693e+00 +1.4842e+00 -2.5942e+00 +4.9717e-01 -3.1841e+00 -1.3942e+00 -1.4420e+00
606 +1.362470562e+02 +1.362470562e+02 -2.895029438e+02 -2.895029438e+02 -1.8351e+00 +2.6107e+00 -1.9206e+00 -1.2979e+00 +2.3258e+00 -2.0915e+00 +1.2938e+00 -2.9511e+00 -1.4198e+00 -1.4408e+00
662 +3.914831142e+01 +3.914831142e+01 -3.866016886e+02 -3.866016886e+02 -1.5798e+00 +2.4756e+00 -1.9437e+00 -1.8973e+00 +1.8332e+00 -2.7929e+00 +4.3786e-01 -4.0581e+00 -2.5629e+00 -2.3759e+00
881 +2.332368025e+01 +2.332368025e+01 -4.024263198e+02 -4.024263198e+02 -1.5564e+00 +2.7453e+00 -1.9799e+00 -1.7710e+00 +1.8182e+00 -2.8868e+00 +1.6452e-01 -4.0571e+00 -2.6106e+00 -2.3545e+00
1115 +1.371190646e+01 +1.371190646e+01 -4.120380935e+02 -4.120380935e+02 -1.5373e+00 +2.5217e+00 -2.3021e+00 -2.2913e+00 +1.4273e+00 -3.3018e+00 +6.8339e-02 -3.8329e+00 -2.3808e+00 -2.1200e+00
1289 +7.735112670e+00 +7.735112670e+00 -4.180148873e+02 -4.180148873e+02 -1.5142e+00 +2.5152e+00 -2.1875e+00 -2.2708e+00 +1.3740e+00 -3.1687e+00 +1.2112e-01 -3.9445e+00 -2.5422e+00 -2.2123e+00
1409 +6.039464853e+00 +6.039464853e+00 -4.197105351e+02 -4.197105351e+02 -1.4441e+00 +2.6539e+00 -2.0842e+00 -2.1676e+00 +1.4260e+00 -3.1287e+00 +1.0454e-01 -4.0040e+00 -2.5225e+00 -2.1637e+00
2035 +3.952053351e+00 +3.952053351e+00 -4.217979466e+02 -4.217979466e+02 -1.3624e+00 +2.8017e+00 -1.8314e+00 -1.7818e+00 +1.7656e+00 -2.9345e+00 +1.3345e-01 -3.9719e+00 -2.5342e+00 -2.1240e+00
2745 +2.507620831e+00 +2.507620831e+00 -4.232423792e+02 -4.232423792e+02 -1.3436e+00 +2.8374e+00 -1.7511e+00 -1.6198e+00 +2.0317e+00 -2.5828e+00 +4.2492e-01 -3.8493e+00 -2.5274e+00 -2.1622e+00
3682 +1.558826498e+00 +1.558826498e+00 -4.241911735e+02 -4.241911735e+02 -1.3382e+00 +2.8697e+00 -1.7090e+00 -1.5431e+00 +2.1497e+00 -2.3890e+00 +6.8632e-01 -3.6128e+00 -2.4163e+00 -2.1347e+00
4131 +9.576375265e-01 +9.576375265e-01 -4.247923625e+02 -4.247923625e+02 -1.3408e+00 +2.8676e+00 -1.7146e+00 -1.5371e+00 +2.1888e+00 -2.3192e+00 +8.1281e-01 -3.4329e+00 -2.2757e+00 -2.0788e+00
4541 +6.301773820e-01 +6.301773820e-01 -4.251198226e+02 -4.251198226e+02 -1.3285e+00 +2.8781e+00 -1.7065e+00 -1.5288e+00 +2.2048e+00 -2.2911e+00 +8.6557e-01 -3.3426e+00 -2.1483e+00 -1.9936e+00
% function evaluation | noise-free fitness - Fopt (-2.209000000000e+02) | best noise-free fitness - Fopt | measured fitness | best measured fitness | x1 | x2...
1 +2.897815631e+05 +2.897815631e+05 +2.895606631e+05 +2.895606631e+05 -1.5143e+00 -1.8802e+00 -3.1283e+00 -1.7779e+00 +1.9233e+00 +2.2423e+00 +4.7577e+00 -5.6089e-02 -2.8670e+00 -1.5348e+00
4 +2.380338808e+05 +2.380338808e+05 +2.378129808e+05 +2.378129808e+05 -1.0684e+00 -3.7146e+00 -3.0451e+00 -4.0147e+00 -3.2836e-01 +2.5220e+00 +3.8762e+00 -2.0670e+00 +3.9868e+00 -4.0906e+00
5 +1.565359546e+05 +1.565359546e+05 +1.563150546e+05 +1.563150546e+05 -1.0267e+00 +4.8413e+00 +4.7096e-02 +7.2462e-01 +3.0217e+00 -2.1975e+00 +9.9238e-01 +8.1202e-01 +3.7308e+00 +1.3423e+00
8 +6.321041643e+04 +6.321041643e+04 +6.298951643e+04 +6.298951643e+04 +1.1780e+00 +3.5258e+00 -1.9654e+00 +5.3179e-01 +6.0147e-01 -2.0719e+00 -1.5343e+00 +6.4913e-01 +1.1082e+00 +3.4892e+00
13 +6.138535509e+04 +6.138535509e+04 +6.116445509e+04 +6.116445509e+04 -3.4215e+00 +1.0706e+00 -1.9240e+00 -1.9380e+00 -3.8213e+00 -8.1264e-01 -1.3697e+00 +3.2490e+00 +1.9922e+00 +5.7076e-02
16 +2.622298207e+04 +2.622298207e+04 +2.600208207e+04 +2.600208207e+04 -3.4837e-01 -4.4445e+00 +6.7434e-01 +2.1161e+00 -1.6126e+00 -4.1824e-01 -2.1157e+00 -6.9501e-01 +9.8706e-02 -1.2421e-01
25 +1.341717289e+04 +1.341717289e+04 +1.319627289e+04 +1.319627289e+04 +5.4702e-01 -9.2203e-02 -1.9723e+00 +2.9720e+00 +2.3102e+00 +4.2033e+00 -1.0091e+00 +2.2639e+00 -1.5928e+00 +5.0709e+00
120 +3.387708473e+03 +3.387708473e+03 +3.166808473e+03 +3.166808473e+03 -2.4894e+00 -7.4842e-01 -1.9400e+00 +5.1399e-01 -8.0164e-01 +2.7195e+00 -2.4593e-01 +9.7665e-01 +3.6453e+00 +3.2832e+00
168 +1.740910448e+03 +1.740910448e+03 +1.520010448e+03 +1.520010448e+03 -1.4348e+00 -1.2630e+00 -1.3611e+00 +1.0875e+00 +4.2774e-01 -7.5517e-01 -7.6084e-01 +1.4735e+00 +4.0449e+00 +1.4118e+00
302 +1.579345117e+03 +1.579345117e+03 +1.358445117e+03 +1.358445117e+03 -7.1514e-01 -2.6754e+00 -1.7168e+00 +2.0339e+00 +1.7529e-01 +5.5555e-02 -2.0965e+00 +1.5838e+00 +4.0990e+00 +3.1094e-01
315 +8.655321975e+02 +8.655321975e+02 +6.446321975e+02 +6.446321975e+02 -4.8203e-01 -1.9069e+00 -2.1102e+00 +5.0393e-01 +7.1817e-01 -1.3458e-01 -9.6533e-01 +1.2541e+00 +3.8687e+00 +1.1378e+00
427 +6.183182511e+02 +6.183182511e+02 +3.974182511e+02 +3.974182511e+02 -1.6264e+00 -1.9399e+00 -1.8003e+00 +1.0268e+00 +4.4175e-01 +4.9037e-01 -1.3308e+00 +1.3871e+00 +3.7383e+00 +1.2017e+00
700 +3.010492753e+02 +3.010492753e+02 +8.014927532e+01 +8.014927532e+01 -2.8734e-01 -1.8562e+00 -1.6106e+00 +2.1446e+00 +1.4791e+00 +1.7719e+00 -9.5337e-01 +2.7192e+00 +3.5170e+00 -2.2417e-02
792 +1.882551368e+02 +1.882551368e+02 -3.264486317e+01 -3.264486317e+01 -6.0270e-01 -2.0325e+00 -1.9581e+00 +1.7146e+00 +1.1649e+00 +1.4934e+00 -9.4159e-01 +2.8310e+00 +3.3918e+00 -5.3577e-01
807 +1.126045689e+02 +1.126045689e+02 -1.082954311e+02 -1.082954311e+02 -8.9901e-01 -1.5879e+00 -1.9982e+00 +1.7344e+00 +1.5458e+00 +2.0709e+00 -1.0054e+00 +2.9043e+00 +3.7467e+00 +9.2335e-01
865 +9.693031967e+01 +9.693031967e+01 -1.239696803e+02 -1.239696803e+02 -9.7827e-01 -1.7350e+00 -1.8663e+00 +1.6126e+00 +1.2896e+00 +1.8539e+00 -1.1371e+00 +2.8655e+00 +3.6267e+00 +1.1340e-01
4450 +6.258458472e+01 +6.258458472e+01 -1.583154153e+02 -1.583154153e+02 -1.3188e+00 -9.6708e-01 -2.0929e+00 +1.6219e+00 +1.3415e+00 +1.8584e+00 -1.1622e+00 +2.5776e+00 +2.6285e+00 -2.2729e+00
4517 +3.778162173e+01 +3.778162173e+01 -1.831183783e+02 -1.831183783e+02 -1.8077e+00 -5.4477e-01 -1.8147e+00 +1.8849e+00 +1.5192e+00 +1.9387e+00 -1.2146e+00 +2.5475e+00 +2.5617e+00 -2.2226e+00
4642 +2.453189617e+01 +2.453189617e+01 -1.963681038e+02 -1.963681038e+02 -1.9566e+00 -3.8999e-01 -1.7877e+00 +1.8904e+00 +1.5135e+00 +1.8991e+00 -1.2742e+00 +2.4761e+00 +2.4259e+00 -2.5166e+00
4702 +1.566332388e+01 +1.566332388e+01 -2.052366761e+02 -2.052366761e+02 -2.0263e+00 -2.8451e-01 -1.6726e+00 +1.8952e+00 +1.4730e+00 +1.8313e+00 -1.2746e+00 +2.4991e+00 +2.4174e+00 -2.5018e+00
4903 +9.839827236e+00 +9.839827236e+00 -2.110601728e+02 -2.110601728e+02 -2.0166e+00 -3.1871e-01 -1.6675e+00 +1.8594e+00 +1.4233e+00 +1.7973e+00 -1.2782e+00 +2.4670e+00 +2.4111e+00 -2.6632e+00
% function evaluation | noise-free fitness - Fopt (-3.594800000000e+02) | best noise-free fitness - Fopt | measured fitness | best measured fitness | x1 | x2...
1 +3.412509989e+05 +3.412509989e+05 +3.408915189e+05 +3.408915189e+05 -4.5794e+00 +8.2097e-01 +2.3969e+00 +4.7692e+00 -1.3021e+00 +3.8908e+00 -5.6995e-01 -3.7114e+00 +3.6368e+00 +9.2782e-02
4 +1.523778669e+05 +1.523778669e+05 +1.520183869e+05 +1.520183869e+05 -4.0266e+00 +2.2333e+00 -4.0228e-03 -4.8847e+00 -1.8859e+00 -2.2141e-01 -4.0155e+00 +4.3599e+00 +3.7107e-01 +1.3227e+00
47 +7.080080320e+04 +7.080080320e+04 +7.044132320e+04 +7.044132320e+04 +9.4147e-01 -3.0796e+00 -1.3689e+00 -3.2984e-01 +1.9432e+00 -1.9770e+00 -1.8068e+00 -6.9328e-01 +6.6372e-01 +8.1670e-01
54 +5.497354057e+04 +5.497354057e+04 +5.461406057e+04 +5.461406057e+04 -2.0627e+00 -4.8073e+00 +6.4600e-01 +1.4334e+00 +1.0898e+00 +1.8946e+00 +1.5667e+00 -8.4230e-01 -9.8988e-01 +1.5583e+00
118 +2.486707694e+04 +2.486707694e+04 +2.450759694e+04 +2.450759694e+04 -1.3984e+00 -5.1303e+00 +1.8729e+00 +2.0687e+00 +1.0606e+00 +1.4859e-01 +3.6984e-02 -3.3884e-01 +1.6466e+00 +1.4976e+00
161 +1.566323639e+04 +1.566323639e+04 +1.530375639e+04 +1.530375639e+04 -2.5865e+00 -3.8446e+00 +2.3869e+00 -1.6760e-01 -7.5772e-01 +8.3390e-01 -2.8827e+00 -1.1024e+00 +3.0985e-01 -3.6929e-01
187 +9.923669418e+03 +9.923669418e+03 +9.564189418e+03 +9.564189418e+03 -2.0239e+00 -5.3197e+00 +2.2863e+00 -1.1998e+00 +6.4790e-01 -7.9572e-01 -4.3208e+00 -1.6953e-01 +2.0538e+00 +8.9896e-01
248 +6.115600933e+03 +6.115600933e+03 +5.756120933e+03 +5.756120933e+03 -2.1425e+00 -4.8712e+00 +1.7120e+00 -7.1065e-01 +1.2994e+00 -1.7018e-01 -3.2675e+00 +1.1970e-01 +2.6069e+00 +7.3661e-01
303 +3.823399343e+03 +3.823399343e+03 +3.463919343e+03 +3.463919343e+03 -3.3163e+00 -4.3271e+00 +2.8987e+00 -8.5107e-01 -4.0489e-01 +2.3556e-01 -2.5018e+00 -1.4628e-01 +3.3373e+00 -1.0221e+00
444 +2.109146617e+03 +2.109146617e+03 +1.749666617e+03 +1.749666617e+03 -2.6072e+00 -4.8915e+00 +2.4905e+00 -2.2609e+00 +2.7059e-01 -9.4133e-01 -2.7973e+00 +1.2981e-01 +3.2377e+00 +4.6253e-01
495 +1.553290876e+03 +1.553290876e+03 +1.193810876e+03 +1.193810876e+03 -2.7558e+00 -3.5386e+00 +1.6327e+00 -1.9295e+00 -4.9459e-01 -5.1001e-01 -2.7909e+00 +5.1107e-02 +2.6455e+00 +1.1642e-01
584 +9.161009671e+02 +9.161009671e+02 +5.566209671e+02 +5.566209671e+02 -3.1275e+00 -4.3138e+00 +7.4570e-01 -1.8010e+00 -3.7028e-02 -8.6589e-01 -2.4270e+00 +3.1642e-01 +3.2371e+00 -5.5159e-01
693 +5.511029285e+02 +5.511029285e+02 +1.916229285e+02 +1.916229285e+02 -2.9643e+00 -3.5714e+00 +1.1695e+00 -1.5457e+00 -1.4299e-02 -1.6831e+00 -2.7325e+00 +1.9841e-01 +2.9341e+00 -8.2297e-01
734 +2.594465615e+02 +2.594465615e+02 -1.000334385e+02 -1.000334385e+02 -3.5187e+00 -3.5469e+00 +1.2466e+00 -1.9086e+00 -8.6210e-02 -1.3952e+00 -2.3314e+00 +4.1802e-01 +3.0407e+00 -5.5091e-01
745 +2.441163025e+02 +2.441163025e+02 -1.153636975e+02 -1.153636975e+02 -3.9439e+00 -3.5281e+00 +1.4082e+00 -1.8658e+00 -5.2078e-01 -1.7481e+00 -2.7390e+00 +7.9820e-01 +2.8871e+00 -9.6888e-01
864 +1.534452465e+02 +1.534452465e+02 -2.060347535e+02 -2.060347535e+02 -3.6867e+00 -3.0988e+00 +1.7980e+00 -9.0735e-01 -5.1200e-01 -1.3112e+00 -1.9910e+00 +7.8467e-01 +2.2996e+00 -1.6523e+00
926 +9.769717039e+01 +9.769717039e+01 -2.617828296e+02 -2.617828296e+02 -4.1309e+00 -3.0386e+00 +1.6822e+00 -7.3802e-01 -6.9757e-01 -1.5481e+00 -2.3450e+00 +9.9516e-01 +2.2205e+00 -1.9602e+00
975 +6.198926875e+01 +6.198926875e+01 -2.974907312e+02 -2.974907312e+02 -4.3072e+00 -3.1227e+00 +1.4961e+00 -1.2726e+00 -1.1272e+00 -1.5845e+00 -2.1268e+00 +1.1198e+00 +1.9065e+00 -2.4833e+00
1122 +3.323528113e+01 +3.323528113e+01 -3.262447189e+02 -3.262447189e+02 -4.7797e+00 -2.9380e+00 +1.6180e+00 -1.2777e+00 -1.2143e+00 -1.6935e+00 -2.3338e+00 +1.5215e+00 +1.6398e+00 -2.5565e+00
1207 +2.510869868e+01 +2.510869868e+01 -3.343713013e+02 -3.343713013e+02 -4.5806e+00 -2.8731e+00 +1.8227e+00 -1.0769e+00 -9.9425e-01 -1.7290e+00 -2.2857e+00 +1.3592e+00 +1.4673e+00 -2.5688e+00
1350 +1.274286417e+01 +1.274286417e+01 -3.467371358e+02 -3.467371358e+02 -4.6606e+00 -2.8824e+00 +1.6547e+00 -1.1850e+00 -8.5801e-01 -1.8496e+00 -2.2633e+00 +1.7468e+00 +1.4922e+00 -2.4959e+00
1645 +9.985695648e+00 +9.985695648e+00 -3.494943044e+02 -3.494943044e+02 -4.6965e+00 -2.8348e+00 +1.7397e+00 -1.0420e+00 -8.3812e-01 -1.7910e+00 -2.2985e+00 +1.6875e+00 +1.4433e+00 -2.6529e+00
4386 +6.288990779e+00 +6.288990779e+00 -3.531910092e+02 -3.531910092e+02 -4.8794e+00 -2.4994e+00 +2.2941e+00 -3.1165e-01 -9.4712e-02 -1.1789e+00 -1.9488e+00 +1.8012e+00 +1.5088e+00 -2.5777e+00
% function evaluation | noise-free fitness - Fopt (2.748000000000e+01) | best noise-free fitness - Fopt | measured fitness | best measured fitness | x1 | x2...
1 +2.616636958e+05 +2.616636958e+05 +2.616911758e+05 +2.616911758e+05 +3.8119e+00 -2.8461e+00 +5.2362e-01 +2.4824e+00 +1.6377e+00 +3.5949e+00 +1.2970e+00 -4.4940e+00 -6.2032e-01 +2.8133e+00
2 +2.248720397e+05 +2.248720397e+05 +2.248995197e+05 +2.248995197e+05 +3.3058e+00 +2.3940e+00 -4.1929e+00 -4.0405e+00 -3.0902e+00 -4.8334e+00 -4.0053e+00 -1.2991e+00 +1.9113e-01 +1.6644e+00
4 +1.024575419e+05 +1.024575419e+05 +1.024850219e+05 +1.024850219e+05 -2.8951e+00 +4.2055e+00 -2.3340e+00 +1.8719e+00 +1.8624e+00 +2.6334e-01 -3.6538e-01 -1.7663e+00 +7.0002e-02 -4.4463e+00
17 +9.792316828e+04 +9.792316828e+04 +9.795064828e+04 +9.795064828e+04 +1.5562e+00 -2.4469e+00 +4.5093e+00 -1.7684e+00 -9.1657e-01 +1.3160e+00 -2.5800e+00 +3.7667e+00 +1.0233e+00 +2.4817e+00
20 +5.350783327e+04 +5.350783327e+04 +5.353531327e+04 +5.353531327e+04 -7.4187e-01 +3.3202e+00 +2.3026e+00 +1.0023e+00 +4.3965e+00 +1.6317e+00 +6.7885e-01 +2.5591e+00 -3.1676e+00 -2.3562e+00
22 +3.911204907e+04 +3.911204907e+04 +3.913952907e+04 +3.913952907e+04 +9.9266e-01 +3.7124e+00 +4.3356e+00 -1.1366e+00 +4.5852e+00 +1.3160e+00 +2.5404e+00 +1.1624e+00 -2.4501e+00 -1.2291e+00
67 +1.173851990e+04 +1.173851990e+04 +1.176599990e+04 +1.176599990e+04 +1.2449e+00 +4.6698e-02 -9.6907e-01 -6.5711e-01 -7.1233e-01 +2.1466e-02 +2.6872e+00 -1.3543e+00 +4.3817e-01 +2.6191e-01
215 +3.863092975e+03 +3.863092975e+03 +3.890572975e+03 +3.890572975e+03 +3.3481e+00 +1.6280e+00 +1.7611e+00 -1.3387e+00 +2.3084e+00 -2.6988e-01 +2.1269e+00 -5.8492e-01 -9.9976e-02 +1.0872e+00
330 +2.378810683e+03 +2.378810683e+03 +2.406290683e+03 +2.406290683e+03 +1.9261e+00 +1.9876e+00 +1.4638e+00 -2.2573e+00 -4.7476e-01 -1.0527e+00 +2.2682e+00 -1.0851e+00 -6.7858e-02 +1.7926e+00
395 +1.034874677e+03 +1.034874677e+03 +1.062354677e+03 +1.062354677e+03 +2.0075e+00 +2.7032e+00 +1.8250e+00 -7.2628e-01 +2.7411e+00 -1.4308e+00 +1.2882e+00 -1.6826e-02 -2.0610e+00 -2.1087e-01
401 +4.236690489e+02 +4.236690489e+02 +4.511490489e+02 +4.511490489e+02 +2.9347e+00 +2.5287e+00 +1.4548e+00 -1.3924e+00 +2.0585e+00 -2.0320e+00 +9.5891e-01 -9.5454e-01 -2.2480e+00 +5.8610e-01
447 +3.600530098e+02 +3.600530098e+02 +3.875330098e+02 +3.875330098e+02 +3.0441e+00 +1.8033e+00 +1.1074e+00 -1.9486e+00 +9.0509e-01 -2.1856e+00 +1.2452e+00 -9.0177e-01 -1.8684e+00 +1.3097e+00
478 +2.332623046e+02 +2.332623046e+02 +2.607423046e+02 +2.607423046e+02 +2.7350e+00 +2.2093e+00 +9.8415e-01 -2.0686e+00 +1.3666e+00 -2.2476e+00 +8.9172e-01 -9.3856e-01 -1.4390e+00 +6.7656e-01
488 +1.170962574e+02 +1.170962574e+02 +1.445762574e+02 +1.445762574e+02 +2.2776e+00 +1.9805e+00 +1.1256e+00 -1.8456e+00 +1.6006e+00 -2.1686e+00 +1.1119e+00 -4.9245e-01 -1.5585e+00 +4.5769e-01
541 +6.966759144e+01 +6.966759144e+01 +9.714759144e+01 +9.714759144e+01 +2.2277e+00 +1.9804e+00 +1.2705e+00 -2.1106e+00 +1.4964e+00 -2.3556e+00 +1.2380e+00 -6.3412e-01 -1.7337e+00 +6.7173e-01
561 +5.504965536e+01 +5.504965536e+01 +8.252965536e+01 +8.252965536e+01 +2.4662e+00 +1.2965e+00 +8.9667e-01 -2.0260e+00 +1.7694e+00 -2.4829e+00 +1.2230e+00 -1.5791e-01 -1.6463e+00 +7.2457e-01
646 +3.559233080e+01 +3.559233080e+01 +6.307233080e+01 +6.307233080e+01 +2.4339e+00 +1.6478e+00 +1.1232e+00 -2.2512e+00 +1.1314e+00 -2.2225e+00 +1.4345e+00 -1.8247e-01 -1.8921e+00 +8.1737e-01
669 +2.419876647e+01 +2.419876647e+01 +5.167876647e+01 +5.167876647e+01 +2.5159e+00 +1.6155e+00 +1.0161e+00 -2.4674e+00 +1.3292e+00 -2.5927e+00 +1.3200e+00 -5.1012e-02 -1.9527e+00 +6.2918e-01
841 +1.065392771e+01 +1.065392771e+01 +3.813392771e+01 +3.813392771e+01 +2.4738e+00 +1.7653e+00 +1.0831e+00 -2.2117e+00 +1.5117e+00 -2.5333e+00 +1.1821e+00 -1.2410e-01 -1.9604e+00 +6.6292e-01
923 +9.306800969e+00 +9.306800969e+00 +3.678680097e+01 +3.678680097e+01 +2.5203e+00 +1.8633e+00 +1.1610e+00 -2.0939e+00 +1.6631e+00 -2.4939e+00 +1.2398e+00 -1.2070e-01 -1.9609e+00 +5.5698e-01
1111 +5.996654223e+00 +5.996654223e+00 +3.347665422e+01 +3.347665422e+01 +2.5334e+00 +1.8283e+00 +1.2573e+00 -2.0501e+00 +1.7485e+00 -2.4309e+00 +1.3622e+00 -2.5564e-01 -1.9688e+00 +6.3145e-01
1626 +3.978261846e+00 +3.978261846e+00 +3.145826185e+01 +3.145826185e+01 +2.5719e+00 +1.9562e+00 +1.4586e+00 -1.7449e+00 +2.0446e+00 -2.2194e+00 +1.3693e+00 -2.1475e-01 -1.9612e+00 +5.9910e-01
2823 +2.486252130e+00 +2.486252130e+00 +2.996625213e+01 +2.996625213e+01 +2.6027e+00 +1.9905e+00 +1.5356e+00 -1.5862e+00 +2.3038e+00 -1.8789e+00 +1.6532e+00 -1.1668e-01 -1.9512e+00 +5.7953e-01
% function evaluation | noise-free fitness - Fopt (3.609000000000e+01) | best noise-free fitness - Fopt | measured fitness | best measured fitness | x1 | x2...
1 +1.678711175e+05 +1.678711175e+05 +1.679072075e+05 +1.679072075e+05 -4.3630e-01 +2.7429e+00 +2.4093e+00 -3.6900e+00 +1.3652e+00 -4.9883e-01 -1.6241e-03 -8.4892e-01 -5.1260e-01 -2.1233e+00
9 +1.267304963e+05 +1.267304963e+05 +1.267665863e+05 +1.267665863e+05 +3.1431e+00 -3.3323e+00 +2.5795e+00 -1.0064e+00 +3.0166e-01 +1.4570e-01 -3.5813e+00 -2.1204e+00 -2.2970e+00 -4.7769e+00
13 +5.470518282e+04 +5.470518282e+04 +5.474127282e+04 +5.474127282e+04 +1.8559e+00 +7.8626e-01 -3.8565e+00 -1.9054e+00 +4.8665e+00 -7.1049e-01 -4.1666e+00 -2.4127e+00 -1.3903e+00 -2.5126e+00
65 +3.890976078e+04 +3.890976078e+04 +3.894585078e+04 +3.894585078e+04 -2.2648e+00 -3.8929e-02 -4.0918e+00 -2.3033e+00 +3.4726e+00 -1.5234e+00 -3.0501e+00 -1.3782e+00 -3.2449e+00 -3.2523e+00
146 +1.485299499e+04 +1.485299499e+04 +1.488908499e+04 +1.488908499e+04 -4.1519e-01 +2.0173e-01 +9.0259e-02 -2.5964e-01 +1.3021e+00 -6.5331e-01 -1.5014e+00 -1.6648e+00 -1.5285e+00 -2.7006e+00
184 +4.994713230e+03 +4.994713230e+03 +5.030803230e+03 +5.030803230e+03 -5.4495e-01 -8.1958e-01 -2.6592e+00 +2.4577e+00 +1.6897e+00 -1.0215e+00 -7.0802e-01 -1.8178e+00 -2.9159e+00 -1.3124e+00
242 +3.918603077e+03 +3.918603077e+03 +3.954693077e+03 +3.954693077e+03 -1.0829e+00 -5.4577e-01 -2.2410e+00 +3.4151e-02 +2.3910e+00 -3.4900e-01 -9.8578e-01 -1.8738e+00 -2.5205e+00 -5.0167e-01
266 +2.057921264e+03 +2.057921264e+03 +2.094011264e+03 +2.094011264e+03 +8.4096e-01 +1.0009e+00 -1.2715e+00 +9.8222e-01 +1.3228e+00 -6.7712e-02 -9.4568e-01 -1.8605e+00 -2.2389e+00 +7.9206e-01
301 +7.358376072e+02 +7.358376072e+02 +7.719276072e+02 +7.719276072e+02 -4.2611e-01 +4.8607e-01 -1.8110e+00 +2.4975e+00 +1.3630e+00 -2.9733e-01 -1.6689e+00 -2.2655e+00 -2.9997e+00 +1.2982e+00
421 +5.070658898e+02 +5.070658898e+02 +5.431558898e+02 +5.431558898e+02 +2.7005e-03 +5.5247e-01 -1.9516e+00 +1.9734e+00 +1.0170e+00 +6.6512e-01 -2.3572e+00 -2.5701e+00 -4.3792e+00 +2.2729e+00
504 +3.501916070e+02 +3.501916070e+02 +3.862816070e+02 +3.862816070e+02 -6.2370e-01 +5.7585e-02 -1.6888e+00 +1.5369e+00 +1.0669e+00 +1.3089e-01 -1.4992e+00 -2.4394e+00 -2.5297e+00 +1.7702e+00
606 +2.500700139e+02 +2.500700139e+02 +2.861600139e+02 +2.861600139e+02 -3.0204e-01 -2.3431e-01 -2.3745e+00 +1.7291e+00 +7.3309e-01 +3.1393e-01 -2.0451e+00 -2.3872e+00 -2.5351e+00 +2.0220e+00
722 +1.499065014e+02 +1.499065014e+02 +1.859965014e+02 +1.859965014e+02 -7.0820e-01 +7.8777e-03 -2.0295e+00 +2.0706e+00 +8.9268e-01 +6.4962e-01 -2.1089e+00 -2.7450e+00 -3.0243e+00 +1.5273e+00
805 +9.801834599e+01 +9.801834599e+01 +1.341083460e+02 +1.341083460e+02 -4.5348e-01 +9.5691e-02 -1.9261e+00 +1.3748e+00 +9.5731e-01 +1.0399e+00 -2.5246e+00 -3.0116e+00 -2.7712e+00 +1.9609e+00
926 +6.184369866e+01 +6.184369866e+01 +9.793369866e+01 +9.793369866e+01 -1.9851e-01 +5.3222e-01 -2.0114e+00 +1.5155e+00 +7.2784e-01 +1.3130e+00 -2.5576e+00 -3.5957e+00 -3.5400e+00 +1.9036e+00
944 +3.879703644e+01 +3.879703644e+01 +7.488703644e+01 +7.488703644e+01 +6.0986e-02 +4.9567e-01 -2.2045e+00 +1.5968e+00 +7.6074e-01 +1.1700e+00 -2.6359e+00 -3.6241e+00 -3.3417e+00 +1.5952e+00
1026 +2.186052064e+01 +2.186052064e+01 +5.795052064e+01 +5.795052064e+01 +7.0884e-03 +7.3816e-01 -2.2458e+00 +1.6796e+00 +8.8347e-01 +1.2091e+00 -2.8014e+00 -3.5521e+00 -3.2399e+00 +1.6809e+00
1165 +1.565651795e+01 +1.565651795e+01 +5.174651795e+01 +5.174651795e+01 +7.8062e-02 +8.1319e-01 -2.3639e+00 +1.3665e+00 +8.3800e-01 +1.1456e+00 -2.8328e+00 -3.7622e+00 -3.3334e+00 +1.4716e+00
1281 +9.774360637e+00 +9.774360637e+00 +4.586436064e+01 +4.586436064e+01 +8.1035e-02 +8.1042e-01 -2.4296e+00 +1.4210e+00 +7.6771e-01 +1.1880e+00 -2.8779e+00 -3.5298e+00 -3.2721e+00 +1.5543e+00
2481 +6.284362712e+00 +6.284362712e+00 +4.237436271e+01 +4.237436271e+01 +3.2848e-01 +1.2184e+00 -2.0723e+00 +1.5669e+00 +7.7479e-01 +1.2101e+00 -2.8814e+00 -3.5242e+00 -3.4057e+00 +1.5117e+00
3958 +3.968067474e+00 +3.968067474e+00 +4.005806747e+01 +4.005806747e+01 +5.0933e-01 +1.5120e+00 -1.6155e+00 +2.1074e+00 +1.2443e+00 +1.4204e+00 -2.8519e+00 -3.5503e+00 -3.3904e+00 +1.5244e+00
% function evaluation | noise-free fitness - Fopt (-5.791000000000e+01) | best noise-free fitness - Fopt | measured fitness | best measured fitness | x1 | x2...
1 +4.117077710e+05 +4.117077710e+05 +4.116498610e+05 +4.116498610e+05 -1.4459e+00 -4.7997e+00 +1.4300e+00 +2.0222e+00 +4.6365e+00 +4.0980e+00 +2.9662e+00 -1.6705e+00 -4.0826e+00 -3.3076e+00
2 +1.726092578e+05 +1.726092578e+05 +1.725513478e+05 +1.725513478e+05 +1.4267e+00 +1.8676e-01 -4.3769e+00 -3.0582e+00 -2.5296e+00 -5.7998e-01 -3.0155e+00 -3.6551e+00 +3.4804e+00 +4.2750e+00
5 +1.573312092e+05 +1.573312092e+05 +1.572732992e+05 +1.572732992e+05 +2.1000e+00 -2.4986e+00 -7.0033e-01 +1.6972e-02 -1.2834e+00 +2.4410e+00 -1.5100e+00 +1.0514e+00 +1.8516e+00 -3.7699e+00
11 +5.943901819e+04 +5.943901819e+04 +5.938110819e+04 +5.938110819e+04 -2.4202e+00 +3.3265e+00 +2.4634e+00 +2.0224e+00 -2.0935e+00 +8.7055e-01 -1.9706e+00 -7.6524e-01 +2.2534e+00 +6.4443e-01
19 +2.039734721e+04 +2.039734721e+04 +2.033943721e+04 +2.033943721e+04 +2.2655e+00 +2.2485e+00 -1.4057e+00 +4.0987e+00 +2.5586e+00 -4.8571e+00 -1.5852e+00 -1.4655e+00 -4.9237e+00 +6.4741e-01
20 +1.509185568e+04 +1.509185568e+04 +1.503394568e+04 +1.503394568e+04 +3.9999e+00 +2.8310e+00 +3.4579e-01 +7.9111e-01 +3.6312e+00 -4.2353e+00 -1.5195e+00 -2.0699e+00 +1.5215e+00 +2.5884e+00
101 +6.813844654e+03 +6.813844654e+03 +6.755934654e+03 +6.755934654e+03 +2.0640e+00 +2.8166e+00 +1.2923e+00 -1.0579e+00 +2.9263e+00 -3.1729e+00 -1.9918e+00 -3.0376e+00 -6.7824e-01 +4.0816e+00
150 +2.543089688e+03 +2.543089688e+03 +2.485179688e+03 +2.485179688e+03 +2.0814e+00 +1.5218e+00 -1.5436e+00 +1.1467e+00 +8.2575e-01 -2.5310e+00 -8.2752e-01 -4.5659e+00 -2.6351e+00 +5.8553e-01
214 +1.630222604e+03 +1.630222604e+03 +1.572312604e+03 +1.572312604e+03 +1.3365e+00 +2.0526e+00 -1.5840e+00 +2.5829e+00 +6.9739e-01 -1.2534e+00 -2.9611e-01 -2.9429e+00 -1.0551e+00 -2.1195e+00
261 +1.377836179e+03 +1.377836179e+03 +1.319926179e+03 +1.319926179e+03 +4.7737e-01 +2.9177e+00 -1.1092e+00 +2.2897e+00 +5.7974e-01 -2.0001e+00 +8.8947e-02 -3.2303e+00 -1.4715e+00 -2.4297e+00
283 +3.336786752e+02 +3.336786752e+02 +2.757686752e+02 +2.757686752e+02 +1.9913e+00 +2.8782e+00 +1.0965e+00 +1.3455e+00 +1.0267e+00 -2.3957e+00 -2.5835e-01 -2.5021e+00 -5.8901e-01 +1.1427e-01
462 +1.077688178e+02 +1.077688178e+02 +4.985881785e+01 +4.985881785e+01 +2.2732e+00 +2.5963e+00 +2.8954e-01 +1.3649e+00 +8.1117e-01 -2.2984e+00 -4.7975e-01 -2.5325e+00 -1.1362e+00 -1.4978e+00
581 +8.909609099e+01 +8.909609099e+01 +3.118609099e+01 +3.118609099e+01 +2.3366e+00 +2.5520e+00 +5.0345e-01 +1.4937e+00 +7.1970e-01 -2.2840e+00 -4.0267e-01 -2.6170e+00 -9.8907e-01 -1.4902e+00
686 +6.199540565e+01 +6.199540565e+01 +4.085405645e+00 +4.085405645e+00 +2.2199e+00 +2.4228e+00 +3.7267e-01 +1.1304e+00 +1.0227e+00 -2.2662e+00 -7.1033e-01 -2.7758e+00 -1.3055e+00 -1.6129e+00
843 +3.455660617e+01 +3.455660617e+01 -2.335339383e+01 -2.335339383e+01 +1.8932e+00 +2.1522e+00 +2.8358e-01 +1.2482e+00 +1.0768e+00 -2.6233e+00 -6.4854e-01 -2.9120e+00 -1.4580e+00 -2.0948e+00
903 +2.379177757e+01 +2.379177757e+01 -3.411822243e+01 -3.411822243e+01 +1.8161e+00 +2.0649e+00 +2.4085e-01 +1.1287e+00 +9.9476e-01 -2.5659e+00 -8.4024e-01 -2.9384e+00 -1.5154e+00 -2.1325e+00
985 +1.405248629e+01 +1.405248629e+01 -4.385751371e+01 -4.385751371e+01 +1.8356e+00 +1.9294e+00 +1.8290e-01 +1.0973e+00 +1.0185e+00 -2.6503e+00 -9.5088e-01 -3.1439e+00 -1.5487e+00 -2.1654e+00
1043 +9.321747215e+00 +9.321747215e+00 -4.858825279e+01 -4.858825279e+01 +1.7638e+00 +1.9342e+00 +2.1674e-01 +1.1298e+00 +1.0606e+00 -2.6743e+00 -1.0763e+00 -3.2206e+00 -1.6046e+00 -2.0773e+00
2384 +6.307050523e+00 +6.307050523e+00 -5.160294948e+01 -5.160294948e+01 +2.1603e+00 +2.3545e+00 +5.6280e-01 +1.3100e+00 +1.0383e+00 -2.7228e+00 -1.1417e+00 -3.2334e+00 -1.6302e+00 -2.1040e+00
4028 +3.930882893e+00 +3.930882893e+00 -5.397911711e+01 -5.397911711e+01 +2.3496e+00 +2.6865e+00 +1.0821e+00 +1.9802e+00 +1.6405e+00 -2.3846e+00 -9.5227e-01 -3.1649e+00 -1.6644e+00 -2.0595e+00
4436 +2.502224477e+00 +2.502224477e+00 -5.540777552e+01 -5.540777552e+01 +2.3642e+00 +2.7143e+00 +1.1307e+00 +2.0691e+00 +1.8051e+00 -2.1152e+00 -7.4594e-01 -3.1007e+00 -1.6540e+00 -2.0678e+00
% function evaluation | noise-free fitness - Fopt (-3.349100000000e+02) | best noise-free fitness - Fopt | measured fitness | best measured fitness | x1 | x2...
1 +2.979425231e+05 +2.979425231e+05 +2.976076131e+05 +2.976076131e+05 +4.1374e+00 -4.8466e+00 -1.2647e+00 +3.1494e+00 -1.6481e+00 +5.9225e-01 -1.2858e+00 +4.0532e+00 -3.9192e+00 +8.7455e-01
2 +5.282812609e+04 +5.282812609e+04 +5.249321609e+04 +5.249321609e+04 +8.2119e-01 -3.5332e+00 -1.2676e+00 +3.7977e-01 +2.7772e+00 +4.6928e-01 +1.2474e+00 -3.0694e+00 -2.8834e+00 +4.6746e+00
7 +2.257097486e+04 +2.257097486e+04 +2.223606486e+04 +2.223606486e+04 -4.3620e-01 -3.4813e+00 +7.2348e-02 -1.3360e+00 +2.7092e+00 +1.7830e+00 +1.6674e+00 +3.3304e-01 -3.3180e+00 -4.3955e+00
201 +6.869937422e+03 +6.869937422e+03 +6.535027422e+03 +6.535027422e+03 -7.4818e-01 -1.9828e+00 -1.2441e+00 -2.1856e-01 -5.6905e-02 -3.4673e-01 +1.2806e+00 -1.0254e+00 -1.7440e+00 +3.7041e+00
272 +5.972635410e+03 +5.972635410e+03 +5.637725410e+03 +5.637725410e+03 -2.1400e+00 -1.0300e+00 -1.5412e+00 +3.1228e+00 -1.4144e+00 -9.4776e-01 +7.4871e-01 +1.5075e-01 +2.5867e-01 +9.8830e-01
287 +2.607760738e+03 +2.607760738e+03 +2.272850738e+03 +2.272850738e+03 -1.9103e+00 -8.9049e-01 -1.6465e+00 +3.1587e+00 -4.9061e-01 -4.0604e-01 -2.7625e-01 -1.7909e+00 -5.0153e-01 +2.3894e+00
323 +1.743939084e+03 +1.743939084e+03 +1.409029084e+03 +1.409029084e+03 -1.6929e+00 -8.2953e-01 -8.7052e-01 +2.6128e+00 -1.0729e+00 -8.3820e-01 +7.3058e-01 +6.1953e-02 +5.7239e-01 +6.7807e+00
378 +1.478080473e+03 +1.478080473e+03 +1.143170473e+03 +1.143170473e+03 -1.2556e+00 -1.7887e+00 -9.6678e-01 +2.3947e+00 -7.3697e-01 -1.2850e+00 +8.1639e-01 +1.2032e+00 +4.3416e-01 +8.1848e+00
400 +3.927029581e+02 +3.927029581e+02 +5.779295811e+01 +5.779295811e+01 -1.6796e+00 -1.5072e+00 -4.3918e-01 +2.0861e+00 -2.3728e-01 -8.7508e-01 +5.0943e-01 +1.1662e-01 -1.3097e+00 +2.2351e+00
582 +2.128904508e+02 +2.128904508e+02 -1.220195492e+02 -1.220195492e+02 -1.9830e+00 -1.2504e+00 +4.7673e-03 +1.9264e+00 +3.1478e-01 -1.1164e+00 +6.5324e-01 +8.0533e-01 -1.6176e+00 +6.3108e-01
647 +1.581729156e+02 +1.581729156e+02 -1.767370844e+02 -1.767370844e+02 -2.0183e+00 -1.3761e+00 +1.9706e-01 +2.1095e+00 +3.2088e-02 -1.0841e+00 +4.1103e-01 +5.6762e-01 -1.6176e+00 +8.3856e-01
704 +9.502096139e+01 +9.502096139e+01 -2.398890386e+02 -2.398890386e+02 -2.0169e+00 -1.1705e+00 +1.6982e-01 +1.9463e+00 -1.9850e-01 -1.0777e+00 +4.1051e-01 +3.7540e-01 -1.9946e+00 +1.0027e+00
804 +4.674755700e+01 +4.674755700e+01 -2.881624430e+02 -2.881624430e+02 -1.9488e+00 -6.9360e-01 +4.3307e-01 +1.8607e+00 -2.0003e-01 -7.8230e-01 +3.0721e-01 +3.2328e-01 -2.0428e+00 +3.7886e-01
885 +3.470954945e+01 +3.470954945e+01 -3.002004505e+02 -3.002004505e+02 -1.9884e+00 -6.6310e-01 +3.6593e-01 +1.8892e+00 -1.8994e-01 -7.1679e-01 +2.9572e-01 +4.0484e-01 -1.9616e+00 +6.2952e-01
1013 +1.316092877e+01 +1.316092877e+01 -3.217490712e+02 -3.217490712e+02 -1.9686e+00 -8.1630e-01 +2.9532e-01 +1.7745e+00 -2.1392e-01 -5.0582e-01 +1.2613e-01 +3.4873e-01 -2.2180e+00 +7.3528e-01
1111 +9.138377420e+00 +9.138377420e+00 -3.257716226e+02 -3.257716226e+02 -1.7920e+00 -4.7869e-01 +4.9550e-01 +1.9242e+00 -9.9078e-02 -4.4177e-01 +3.7658e-03 +4.3422e-01 -2.2518e+00 +6.8565e-01
1253 +6.267437172e+00 +6.267437172e+00 -3.286425628e+02 -3.286425628e+02 -1.8564e+00 -5.5251e-01 +5.4970e-01 +1.9893e+00 -1.5844e-01 -4.0458e-01 -4.4835e-02 +3.5027e-01 -2.2344e+00 +6.7311e-01
3181 +3.973231918e+00 +3.973231918e+00 -3.309367681e+02 -3.309367681e+02 -1.7150e+00 -3.3033e-01 +8.5915e-01 +2.4002e+00 +2.6058e-01 -1.4161e-01 -5.9911e-03 +3.8009e-01 -2.2086e+00 +7.1106e-01
4427 +2.507751467e+00 +2.507751467e+00 -3.324022485e+02 -3.324022485e+02 -1.6999e+00 -2.7724e-01 +9.4615e-01 +2.5637e+00 +5.4376e-01 +2.3765e-01 +3.3527e-01 +4.9876e-01 -2.2356e+00 +7.0032e-01
% function evaluation | noise-free fitness - Fopt (-4.670000000000e+01) | best noise-free fitness - Fopt | measured fitness | best measured fitness | x1 | x2...
1 +4.364541480e+05 +4.364541480e+05 +4.364074480e+05 +4.364074480e+05 -2.9453e+00 +3.2962e+00 -3.5185e+00 +3.6538e+00 +4.4353e+00 +2.9174e+00 +6.2090e-01 -1.7975e+00 -3.0485e+00 +1.8225e+00
2 +1.632699519e+05 +1.632699519e+05 +1.632232519e+05 +1.632232519e+05 +1.2571e+00 +4.3356e+00 +2.3559e+00 +1.4904e+00 -1.3636e+00 -1.9879e+00 -1.3722e+00 -8.0450e-01 -1.1115e+00 -4.1457e+00
4 +1.189135842e+05 +1.189135842e+05 +1.188668842e+05 +1.188668842e+05 +2.6556e-01 -1.7193e+00 -1.5763e+00 +2.2078e+00 -1.2423e+00 -3.1500e+00 -2.3965e+00 -2.5789e+00 +2.6041e+00 -1.8099e+00
5 +3.704081217e+04 +3.704081217e+04 +3.699411217e+04 +3.699411217e+04 +1.9145e+00 +2.0180e+00 -3.4198e+00 -4.2546e+00 -3.8755e+00 -9.9099e-01 -2.6152e+00 +2.3760e+00 +2.9257e+00 -1.6815e+00
37 +2.370735836e+04 +2.370735836e+04 +2.366065836e+04 +2.366065836e+04 +5.3802e-01 -1.7328e+00 -2.3711e+00 -5.9828e-01 -4.3572e+00 -2.9916e+00 -1.9103e-01 -1.1771e+00 -1.2810e+00 -8.2799e-01
56 +1.304735459e+04 +1.304735459e+04 +1.300065459e+04 +1.300065459e+04 +1.4190e+00 +8.2474e-02 -4.5765e+00 -2.1343e+00 -3.7742e+00 -1.8117e+00 +4.3803e-01 +1.2028e+00 -4.0789e-01 -5.9969e-03
130 +4.417032956e+03 +4.417032956e+03 +4.370332956e+03 +4.370332956e+03 -1.5538e-01 -1.5928e+00 -3.0812e+00 -1.6615e+00 -2.3193e+00 -3.0880e+00 -2.5574e+00 -1.0959e+00 +5.7282e-01 -2.3501e-01
162 +3.605577330e+03 +3.605577330e+03 +3.558877330e+03 +3.558877330e+03 -5.5877e-01 -1.3559e+00 -3.2888e+00 -1.7066e+00 -1.5855e+00 -3.3348e+00 -2.0644e+00 -1.0860e+00 +6.4869e-02 -2.4236e+00
192 +2.305924973e+03 +2.305924973e+03 +2.259224973e+03 +2.259224973e+03 -3.2963e-01 +2.9602e-02 -3.9408e+00 -2.0438e+00 -1.9652e+00 -2.8960e+00 -1.8331e+00 -4.3893e-01 +3.1590e-01 -2.3589e+00
400 +1.035445931e+03 +1.035445931e+03 +9.887459305e+02 +9.887459305e+02 -6.3849e-01 -1.5458e-01 -4.3963e+00 -2.6268e+00 -2.4746e+00 -2.3537e+00 -1.6802e+00 -8.2274e-01 -1.3754e-01 -7.2725e-01
443 +8.214575559e+02 +8.214575559e+02 +7.747575559e+02 +7.747575559e+02 -7.6274e-01 +1.8451e-01 -3.4500e+00 -2.9072e+00 -2.6224e+00 -2.2899e+00 -1.8794e+00 -9.1977e-01 +2.9859e-01 -5.4534e-01
536 +6.218050191e+02 +6.218050191e+02 +5.751050191e+02 +5.751050191e+02 -8.0351e-01 -2.0638e-02 -4.3175e+00 -2.5259e+00 -1.7133e+00 -2.4311e+00 -1.9236e+00 -7.7083e-01 +5.2271e-01 +4.7329e-02
612 +3.717767064e+02 +3.717767064e+02 +3.250767064e+02 +3.250767064e+02 +6.2354e-02 +3.9081e-01 -4.1721e+00 -2.6349e+00 -1.3589e+00 -2.7363e+00 -1.7299e+00 -6.5440e-01 +5.5055e-01 +1.4935e-01
763 +2.233838977e+02 +2.233838977e+02 +1.766838977e+02 +1.766838977e+02 +2.0608e-01 +6.0304e-01 -3.7430e+00 -3.2253e+00 -2.1547e+00 -2.4629e+00 -1.4467e+00 -9.8571e-01 +3.6608e-01 +6.0985e-01
806 +1.521425840e+02 +1.521425840e+02 +1.054425840e+02 +1.054425840e+02 +3.0401e-01 +6.7446e-01 -3.2627e+00 -3.3143e+00 -1.6870e+00 -2.6461e+00 -1.3876e+00 -8.2508e-01 +5.5199e-01 +5.0425e-01
881 +9.404579652e+01 +9.404579652e+01 +4.734579652e+01 +4.734579652e+01 +9.1846e-02 +3.7731e-01 -3.7086e+00 -3.3407e+00 -1.5326e+00 -2.8819e+00 -1.4007e+00 -1.1482e+00 +5.0115e-01 +6.2120e-01
903 +6.165688511e+01 +6.165688511e+01 +1.495688511e+01 +1.495688511e+01 +7.7600e-02 +4.0057e-01 -3.8006e+00 -3.2885e+00 -1.5692e+00 -2.6960e+00 -8.5203e-01 -1.4458e+00 +1.2253e-01 +7.1483e-01
1019 +3.133215016e+01 +3.133215016e+01 -1.536784984e+01 -1.536784984e+01 -6.0554e-02 +3.3141e-01 -3.5498e+00 -3.4698e+00 -1.6355e+00 -2.7160e+00 -5.7091e-01 -1.5352e+00 +1.8073e-01 +6.8831e-01
1052 +2.381980045e+01 +2.381980045e+01 -2.288019955e+01 -2.288019955e+01 -2.6902e-01 +4.6296e-02 -3.5366e+00 -3.5330e+00 -1.4064e+00 -2.8891e+00 -9.0794e-01 -1.4716e+00 +6.1601e-02 +7.7764e-01
1116 +1.527110513e+01 +1.527110513e+01 -3.142889487e+01 -3.142889487e+01 -2.3927e-01 +1.1287e-01 -3.4815e+00 -3.5461e+00 -1.4332e+00 -2.8365e+00 -6.9956e-01 -1.6158e+00 +3.0300e-01 +8.9275e-01
1309 +9.736680156e+00 +9.736680156e+00 -3.696331984e+01 -3.696331984e+01 -1.4065e-01 +2.7125e-01 -3.3401e+00 -3.5368e+00 -1.5372e+00 -3.0308e+00 -8.0520e-01 -1.6595e+00 +2.6802e-01 +9.3743e-01
2214 +6.264004498e+00 +6.264004498e+00 -4.043599550e+01 -4.043599550e+01 +1.1456e-01 +6.7459e-01 -2.9844e+00 -3.3575e+00 -1.4512e+00 -2.9660e+00 -7.8340e-01 -1.6126e+00 +1.8849e-01 +9.3317e-01
3444 +3.979501062e+00 +3.979501062e+00 -4.272049894e+01 -4.272049894e+01 +2.7534e-01 +9.6788e-01 -2.5494e+00 -2.8555e+00 -1.0220e+00 -2.7490e+00 -7.3637e-01 -1.5992e+00 +1.6602e-01 +9.4984e-01
4483 +2.510063134e+00 +2.510063134e+00 -4.418993687e+01 -4.418993687e+01 +3.0565e-01 +1.0104e+00 -2.4513e+00 -2.6753e+00 -7.4532e-01 -2.3826e+00 -4.6371e-01 -1.5034e+00 +2.0111e-01 +9.4257e-01
% function evaluation | noise-free fitness - Fopt (-9.308000000000e+01) | best noise-free fitness - Fopt | measured fitness | best measured fitness | x1 | x2...
1 +3.031823199e+05 +3.031823199e+05 +3.030892399e+05 +3.030892399e+05 +8.0656e-01 -2.2943e+00 +1.9421e-01 -3.5046e+00 +9.3280e-01 +4.0206e+00 -3.4676e+00 -4.5816e+00 +3.1785e+00 +1.6948e+00
3 +3.601943344e+04 +3.601943344e+04 +3.592635344e+04 +3.592635344e+04 -2.3092e+00 +4.3207e-01 -3.9715e+00 +2.9605e-01 -3.5112e+00 -3.0314e+00 -3.8522e+00 +1.9223e+00 -3.0986e+00 +1.2167e+00
61 +1.642953367e+04 +1.642953367e+04 +1.633645367e+04 +1.633645367e+04 -7.7374e-01 -3.8893e+00 -3.7109e+00 +9.0114e-02 -4.7004e-01 -7.4133e-01 -4.0748e+00 +1.5122e+00 +1.6700e+00 +7.6344e+00
79 +1.460619992e+04 +1.460619992e+04 +1.451311992e+04 +1.451311992e+04 -2.6913e+00 -2.6126e+00 -2.7911e+00 -1.9300e+00 -6.8591e-01 -2.7603e+00 -1.2398e+00 -2.0237e-01 +2.6613e+00 +5.9250e+00
89 +6.409770694e+03 +6.409770694e+03 +6.316690694e+03 +6.316690694e+03 -3.7131e+00 -3.6842e+00 -2.2572e-01 -1.3327e+00 -5.0729e-02 -1.5820e+00 -3.6721e-01 +1.7076e-01 +1.7279e+00 +2.7577e+00
216 +5.646829580e+03 +5.646829580e+03 +5.553749580e+03 +5.553749580e+03 -1.8804e+00 -1.9288e+00 -3.7271e-01 -2.5160e-01 +5.5030e-02 -4.4820e-01 -2.3778e+00 +2.4743e-01 +9.9193e-01 +1.5636e-01
270 +3.664349173e+03 +3.664349173e+03 +3.571269173e+03 +3.571269173e+03 -4.1018e+00 -1.7187e+00 -2.8475e+00 +1.7214e+00 -3.0611e+00 -6.9598e-01 -2.5548e-01 +6.4871e-01 -1.0299e+00 +5.0067e-01
348 +1.272487866e+03 +1.272487866e+03 +1.179407866e+03 +1.179407866e+03 -3.1369e+00 -1.6646e+00 -2.7205e+00 +9.6819e-02 -1.5253e+00 -1.8658e+00 +2.5622e-01 +7.8865e-01 +1.1632e+00 +3.6080e+00
392 +5.754624652e+02 +5.754624652e+02 +4.823824652e+02 +4.823824652e+02 -3.0736e+00 -2.2401e+00 -1.5133e+00 +5.6710e-01 -1.3972e+00 -2.3151e+00 -2.4571e-02 -1.9297e-01 +1.0361e+00 +2.9236e+00
503 +2.224137456e+02 +2.224137456e+02 +1.293337456e+02 +1.293337456e+02 -2.9704e+00 -2.2811e+00 -1.2512e+00 +2.8252e-01 -1.2265e+00 -2.2475e+00 +3.5035e-01 +1.0032e+00 +9.6043e-01 +2.8580e+00
566 +1.350222237e+02 +1.350222237e+02 +4.194222367e+01 +4.194222367e+01 -3.0416e+00 -2.5327e+00 -1.6012e+00 +2.9308e-01 -8.1925e-01 -1.7885e+00 +1.9398e-01 +8.6876e-01 +9.3508e-01 +2.7076e+00
910 +9.392404643e+01 +9.392404643e+01 +8.440464297e-01 +8.440464297e-01 -2.9013e+00 -2.3460e+00 -1.4795e+00 +4.2029e-01 -9.7451e-01 -1.7238e+00 +1.7109e-01 +7.8305e-01 +8.5418e-01 +2.3403e+00
% function evaluation | noise-free fitness - Fopt (4.168000000000e+01) | best noise-free fitness - Fopt | measured fitness | best measured fitness | x1 | x2...
1 +1.958159313e+05 +1.958159313e+05 +1.958576113e+05 +1.958576113e+05 -4.0946e+00 -5.0849e-01 +3.4219e+00 -2.5072e+00 +4.3223e+00 -2.1632e+00 -1.3084e+00 +2.0907e+00 -3.5115e+00 -4.9665e+00
3 +1.121899272e+05 +1.121899272e+05 +1.122316072e+05 +1.122316072e+05 +4.6968e+00 -3.2486e+00 +1.9661e-01 -4.9713e+00 -8.1329e-01 +2.7719e-01 -2.9847e+00 +6.8563e-01 -2.4816e+00 +1.2873e+00
16 +5.227776017e+04 +5.227776017e+04 +5.231944017e+04 +5.231944017e+04 +4.2723e+00 -2.8124e+00 +1.1624e+00 -9.7787e-01 +2.4294e+00 -6.1262e-01 -2.3872e+00 +7.4825e-01 -3.5898e+00 +1.2679e+00
65 +1.031824036e+04 +1.031824036e+04 +1.035992036e+04 +1.035992036e+04 +4.8494e-01 -2.8688e+00 -1.5176e+00 -1.2440e+00 +9.4225e-01 +7.1501e-01 -5.3339e-01 -6.6049e-01 -2.8893e+00 +2.9158e+00
120 +9.567926988e+03 +9.567926988e+03 +9.609606988e+03 +9.609606988e+03 -1.1242e+00 -8.6219e-01 -7.7366e-01 +5.1361e-01 -1.4305e+00 -4.0621e+00 +1.5514e+00 -1.6771e+00 -3.3078e+00 +2.4313e+00
123 +6.120338674e+03 +6.120338674e+03 +6.162018674e+03 +6.162018674e+03 +1.6347e+00 +1.2814e-01 +4.6367e-02 +6.5144e-01 -2.5201e-01 -4.9219e-01 -2.8021e-01 +5.9909e-02 -2.4670e+00 +3.7454e-01
164 +2.739902981e+03 +2.739902981e+03 +2.781582981e+03 +2.781582981e+03 +1.0384e+00 -1.1439e+00 -6.2820e-02 +9.4120e-01 -5.6852e-01 -7.8391e-02 -3.0312e-01 -7.8754e-01 -3.1220e+00 +3.6906e+00
172 +1.491451143e+03 +1.491451143e+03 +1.533131143e+03 +1.533131143e+03 +1.2750e+00 -2.2345e+00 +4.6728e-01 -1.4505e+00 -7.9833e-02 -8.3565e-01 -5.0753e-01 -1.1924e+00 -1.4949e+00 +2.9900e+00
360 +7.806749484e+02 +7.806749484e+02 +8.223549484e+02 +8.223549484e+02 +5.0170e-01 -1.7505e+00 +5.7635e-01 +3.2767e-02 -1.2668e+00 -1.1158e+00 +8.8156e-01 -3.2653e+00 -1.5020e+00 +5.7518e+00
375 +4.629308249e+02 +4.629308249e+02 +5.046108249e+02 +5.046108249e+02 +6.4253e-01 -1.5454e+00 +9.4273e-01 -6.5191e-01 -1.1668e+00 -1.1494e+00 +5.3770e-01 -2.7070e+00 -1.2651e+00 +4.4029e+00
396 +1.183349051e+02 +1.183349051e+02 +1.600149051e+02 +1.600149051e+02 -1.1472e-01 -1.6153e+00 +1.4517e+00 +5.3810e-01 -7.7463e-01 -1.0525e+00 +3.4045e-01 -1.0458e+00 -3.1264e+00 -6.3095e-01
469 +8.322253775e+01 +8.322253775e+01 +1.249025378e+02 +1.249025378e+02 -2.2612e-01 -1.7898e+00 +1.0467e+00 -4.3226e-01 -1.0026e+00 -1.1095e+00 +9.8388e-01 -1.1197e+00 -3.0375e+00 -1.9570e-02
582 +4.870321087e+01 +4.870321087e+01 +9.038321087e+01 +9.038321087e+01 +4.2857e-02 -1.9498e+00 +1.2071e+00 -2.3757e-01 -1.3653e+00 -1.3671e+00 +9.5494e-01 -1.4252e+00 -3.3576e+00 +5.0575e-02
748 +3.632111535e+01 +3.632111535e+01 +7.800111535e+01 +7.800111535e+01 +3.2573e-02 -1.8704e+00 +1.3271e+00 +3.5722e-01 -1.2512e+00 -8.9728e-01 +6.8439e-01 -1.2944e+00 -3.5476e+00 -1.4198e-01
802 +2.139429188e+01 +2.139429188e+01 +6.307429188e+01 +6.307429188e+01 -9.5609e-03 -1.8344e+00 +1.2114e+00 +2.5793e-01 -1.5533e+00 -1.2869e+00 +7.5589e-01 -1.5425e+00 -3.7648e+00 -7.2990e-02
898 +1.468850536e+01 +1.468850536e+01 +5.636850536e+01 +5.636850536e+01 -9.8674e-02 -1.7296e+00 +1.3105e+00 +3.6394e-01 -1.4974e+00 -1.1139e+00 +7.5974e-01 -1.4598e+00 -3.4879e+00 -1.5832e-01
1163 +9.516363441e+00 +9.516363441e+00 +5.119636344e+01 +5.119636344e+01 -1.3797e-01 -1.7458e+00 +1.2505e+00 +2.3077e-01 -1.4829e+00 -1.1847e+00 +8.2854e-01 -1.5596e+00 -3.5546e+00 -2.1589e-01
3820 +6.304580350e+00 +6.304580350e+00 +4.798458035e+01 +4.798458035e+01 -3.1687e-01 -1.4317e+00 +1.7693e+00 +9.2365e-01 -7.1316e-01 -5.4918e-01 +1.2073e+00 -1.4537e+00 -3.5049e+00 -2.5492e-01
