% function evaluation | noise-free fitness - Fopt (1.491500000000e+02) | best noise-free fitness - Fopt | measured fitness | best measured fitness | x1 | x2...
1 +7.415508027e+05 +7.415508027e+05 +7.416999527e+05 +7.416999527e+05 -4.4958e+00 +7.6396e-01 -4.0405e+00 -2.0899e+00 -1.7044e+00 +4.7743e+00 +1.6515e+00 +2.7312e+00 +2.6823e+00 -3.5181e+00 +2.4224e+00 +9.1098e-01 +3.2603e+00 +3.6378e+00 +1.6689e+00 -3.9428e+00 -2.5803e+00 +3.7027e+00 +4.9970e+00 +3.8905e+00
3 +5.601840506e+05 +5.601840506e+05 +5.603332006e+05 +5.603332006e+05 -3.3184e+00 +1.8147e+00 -1.1446e+00 -1.1278e+00 -1.0988e+00 +3.4618e+00 -2.7312e+00 +2.0806e-01 -4.1305e+00 +3.3490e+00 -4.8546e+00 +1.5353e+00 +7.6840e-01 -4.1143e+00 -2.3614e+00 +4.0093e+00 +4.8161e+00 -2.6456e+00 +4.5635e+00 +4.5784e+00
4 +1.467570143e+05 +1.467570143e+05 +1.469061643e+05 +1.469061643e+05 +2.0015e+00 +1.8137e+00 -3.4867e+00 +1.3726e+00 -3.3810e+00 -5.3715e-01 +8.6392e-01 -1.4847e+00 -3.1595e+00 +2.9155e+00 -2.2823e+00 +4.4784e+00 +4.3814e+00 +3.2142e+00 -3.5822e+00 -5.3825e-01 -2.2921e+00 -1.7531e+00 -2.6761e+00 -1.2320e-01
86 +8.724640073e+04 +8.724640073e+04 +8.739555073e+04 +8.739555073e+04 -2.5642e+00 -4.5299e-01 -1.0487e+00 -3.8264e-01 -5.0866e-01 -1.1445e+00 +1.1365e+00 -2.4807e+00 +6.5328e-01 -2.3177e+00 +1.3753e+00 +3.0390e+00 +2.6214e-01 -2.7259e+00 +2.4226e+00 +1.0863e+00 -2.7936e+00 -1.8206e+00 -3.7500e+00 +1.1502e+00
148 +5.407479235e+04 +5.407479235e+04 +5.422394235e+04 +5.422394235e+04 +5.3837e-01 +8.8092e-01 +2.3514e+00 +4.0514e-01 +6.6530e-02 -1.1602e+00 -2.0669e+00 -2.1846e+00 +7.3890e-01 -1.4602e+00 -4.8384e-01 +1.3166e+00 +4.8902e+00 +6.0201e-01 +1.0714e+00 +3.8717e-01 -3.1760e+00 -1.1734e+00 -3.1727e-01 -4.1655e-01
265 +3.083073725e+04 +3.083073725e+04 +3.097988725e+04 +3.097988725e+04 +1.5557e+00 -1.1949e+00 -7.0111e-02 -1.9511e+00 -2.4664e+00 +4.2604e-02 -1.4331e+00 -1.7701e+00 -1.0843e+00 -1.0314e-01 -2.3756e-01 +2.7283e+00 +2.3373e+00 -8.8547e-01 -7.9028e-02 -8.9087e-01 -3.6229e+00 -1.4917e+00 -4.7506e+00 +1.4398e+00
353 +2.214565553e+04 +2.214565553e+04 +2.229480553e+04 +2.229480553e+04 -1.5279e+00 -1.7864e+00 -1.9309e+00 +9.3366e-01 -1.2855e+00 -5.4061e-01 -5.9696e-01 -2.3490e+00 -3.3549e-01 -2.3184e+00 +7.1354e-01 +1.6966e+00 +1.5976e+00 -2.1423e+00 +5.1322e-01 +2.6629e-01 -2.5206e+00 -6.2615e-01 -3.7339e+00 +2.6677e+00
364 +1.076653649e+04 +1.076653649e+04 +1.091568649e+04 +1.091568649e+04 +1.1108e+00 -2.7786e+00 -4.8968e-01 -1.9628e-01 -2.2113e+00 -1.0043e+00 -2.1130e+00 -1.6519e+00 -3.6796e-01 -1.3489e+00 -9.5455e-01 +1.9348e+00 +3.3869e+00 +1.3380e-01 +8.0963e-01 +2.7230e-01 -1.5211e+00 +3.0166e-01 -3.8206e+00 +6.6874e-01
381 +7.671430282e+03 +7.671430282e+03 +7.820580282e+03 +7.820580282e+03 +8.8753e-01 -2.5439e+00 -1.1590e+00 +8.0504e-01 -2.9437e+00 -6.7150e-01 -2.2987e-01 -1.4288e+00 -1.1318e+00 -1.0408e+00 -3.1691e-01 +1.3900e+00 +2.9179e+00 -7.4614e-01 -1.2097e-01 -2.4098e-01 -1.8529e+00 +3.4005e-01 -4.8344e+00 +2.7610e+00
424 +3.834170051e+03 +3.834170051e+03 +3.983320051e+03 +3.983320051e+03 +4.2143e-01 -1.8475e+00 -1.4687e+00 +9.8974e-01 -1.7871e+00 -4.6881e-01 -6.7075e-01 -1.1649e+00 -5.0401e-01 -1.0195e+00 -1.2362e+00 +9.9296e-01 +7.8356e-01 -4.0664e-01 -5.5131e-01 -6.4464e-01 -1.3143e+00 +3.5861e-01 -5.0926e+00 +2.1098e+00
816 +2.319616546e+03 +2.319616546e+03 +2.468766546e+03 +2.468766546e+03 -3.2554e-02 -1.3707e+00 -2.3049e+00 +2.2168e+00 -2.0717e+00 -3.9895e-01 -6.2308e-01 -1.2163e+00 -9.6243e-01 -1.4874e+00 -1.5726e+00 +2.4747e-02 +4.9108e-01 -5.6441e-01 -1.9302e+00 -1.0146e+00 -1.3272e+00 +1.0780e-01 -5.3448e+00 +2.7217e+00
1357 +1.549741619e+03 +1.549741619e+03 +1.698891619e+03 +1.698891619e+03 +1.2947e-01 -1.2470e+00 -2.2510e+00 +2.1236e+00 -2.2341e+00 -9.7848e-01 -6.0264e-01 -1.2868e+00 -9.5132e-01 -1.5561e+00 -1.6934e+00 +2.5572e-01 +1.1471e+00 -7.8340e-01 -1.6005e+00 -1.0416e+00 -1.5946e+00 -1.2150e-01 -5.1492e+00 +2.1896e+00
1861 +9.934134052e+02 +9.934134052e+02 +1.142563405e+03 +1.142563405e+03 +1.5205e-01 -8.5030e-01 -1.8310e+00 +1.7950e+00 -2.5899e+00 -1.1728e+00 -6.7640e-01 -9.9595e-01 -4.4289e-01 -1.5914e+00 -1.6732e+00 +1.2210e-01 +2.4332e+00 -9.3748e-01 -1.6066e+00 -1.4008e+00 -1.1566e+00 -3.6579e-01 -4.6914e+00 +4.4017e-01
2963 +6.303001311e+02 +6.303001311e+02 +7.794501311e+02 +7.794501311e+02 -2.1188e-01 -1.0995e+00 -1.5697e+00 +1.4487e+00 -2.7160e+00 -1.1925e+00 -6.7645e-01 -8.4897e-01 -3.5106e-01 -1.2703e+00 -1.8425e+00 +5.7282e-01 +2.5853e+00 -8.4021e-01 -1.2671e+00 -9.4845e-01 -6.2135e-01 -6.9811e-01 -4.1305e+00 -1.3966e+00
4169 +3.939158850e+02 +3.939158850e+02 +5.430658850e+02 +5.430658850e+02 -3.5850e-01 -1.1190e+00 -1.4429e+00 +1.5955e+00 -2.8646e+00 -1.1927e+00 -8.0919e-01 -9.4129e-01 -3.5953e-01 -1.2513e+00 -1.7326e+00 +8.2258e-01 +2.8158e+00 -4.4967e-01 -6.1678e-01 -5.6071e-01 -3.1139e-01 -8.2776e-01 -3.1398e+00 -3.2997e+00
% function evaluation | noise-free fitness - Fopt (-1.000000000000e+03) | best noise-free fitness - Fopt | measured fitness | best measured fitness | x1 | x2...
1 +1.437703685e+06 +1.437703685e+06 +1.436703685e+06 +1.436703685e+06 +1.3747e+00 -4.3770e+00 +4.5037e+00 +4.5026e+00 +4.1924e+00 -4.6481e+00 +4.7016e+00 +1.2508e+00 +4.4757e+00 +1.0110e+00 -3.7407e+00 +3.8549e+00 -2.7625e+00 -8.2234e-01 -4.9700e+00 +1.2591e+00 +4.9369e+00 +3.0145e+00 -3.1902e+00 -3.7154e+00
2 +9.543554791e+05 +9.543554791e+05 +9.533554791e+05 +9.533554791e+05 -4.4412e+00 -3.8143e+00 +1.1872e+00 -1.3766e+00 +1.2919e+00 +3.0191e+00 +2.4106e+00 +4.5278e+00 +5.2389e-01 -4.6292e+00 -1.5798e+00 -3.5305e-01 +4.1386e+00 -1.9808e-01 +9.8321e-01 +2.3198e-01 -3.1243e+00 +2.9601e+00 +4.2137e+00 +1.1534e+00
8 +3.188731747e+05 +3.188731747e+05 +3.178731747e+05 +3.178731747e+05 -3.4978e+00 -1.3007e-01 -1.9976e+00 +2.6749e+00 -4.9694e-01 -3.4565e+00 -4.9602e+00 -6.4387e-01 +2.8045e+00 -3.6791e-01 +4.3299e+00 -4.4426e+00 +2.8933e+00 +2.1871e-01 +3.8493e+00 -3.9027e+00 -1.3303e+00 -3.9858e+00 -2.1395e+00 -4.6326e+00
61 +1.683841671e+05 +1.683841671e+05 +1.673841671e+05 +1.673841671e+05 -3.0107e+00 +2.2373e+00 +1.1501e+00 -1.4828e+00 -6.6717e+00 +1.9944e+00 +3.0850e-01 -5.5329e+00 -3.5870e+00 -5.1087e-01 +6.4618e-01 -1.3169e-01 +3.0216e+00 -3.7136e+00 +3.9956e+00 -1.0021e+00 -1.5754e+00 -2.6114e-01 -2.9051e+00 +8.9813e-01
121 +5.225478988e+04 +5.225478988e+04 +5.125478988e+04 +5.125478988e+04 -3.1146e+00 +7.1223e-01 +8.0307e-01 +3.4137e-01 -4.2369e+00 +1.3025e+00 -3.4460e+00 -3.4195e+00 -1.9684e+00 -6.4743e-01 +9.7578e-01 -3.0888e+00 +1.5574e+00 -4.9242e+00 +3.0226e+00 -2.3939e+00 -1.7595e+00 -1.2397e+00 -2.3840e+00 -1.2142e+00
243 +3.750453202e+04 +3.750453202e+04 +3.650453202e+04 +3.650453202e+04 -3.9112e+00 +3.8299e+00 +1.7315e+00 -1.0281e+00 -2.9446e+00 +1.8334e+00 -4.8266e+00 -1.6133e+00 -1.7705e+00 +1.5167e+00 -1.5863e-01 -1.9056e+00 -6.6407e-01 -1.7091e+00 +2.6369e+00 -1.6630e+00 -1.9746e+00 -1.5302e+00 -3.3960e+00 -7.7697e-01
303 +1.800275994e+04 +1.800275994e+04 +1.700275994e+04 +1.700275994e+04 -2.6470e+00 +1.5761e+00 +1.6721e+00 +1.0551e-01 -1.0435e+00 -3.9724e-03 -3.6861e+00 -1.0258e+00 +4.3950e-01 +3.5200e+00 -5.8389e-01 -3.9119e+00 +1.2715e+00 -9.8036e-01 +8.4667e-01 -2.8923e+00 -1.5740e+00 -1.6527e+00 -6.8129e-01 -3.4960e+00
371 +1.249156859e+04 +1.249156859e+04 +1.149156859e+04 +1.149156859e+04 -1.4159e+00 +1.2132e+00 +9.5780e-01 +1.4275e-01 -1.4434e+00 +4.4809e-01 -3.6308e+00 -9.7944e-02 -1.1398e+00 +2.7600e+00 -6.4563e-01 -3.0488e+00 +5.5691e-02 -2.2242e+00 +1.1409e+00 -2.4675e+00 -8.5890e-01 -3.6763e+00 -2.1921e+00 -4.0550e+00
428 +9.104442736e+03 +9.104442736e+03 +8.104442736e+03 +8.104442736e+03 -1.8258e+00 +2.1493e+00 +1.2655e+00 -3.7434e-01 -1.9258e+00 +4.7223e-01 -4.9608e+00 -4.0603e-01 -5.5977e-01 +2.7936e+00 -5.7634e-01 -2.8571e+00 -7.1516e-01 -2.3098e+00 +1.4466e+00 -2.9969e+00 -1.2123e+00 -4.0846e+00 -2.5648e+00 -3.2353e+00
564 +5.648240390e+03 +5.648240390e+03 +4.648240390e+03 +4.648240390e+03 -2.0320e+00 +2.2474e+00 +1.8178e+00 -4.3654e-01 -1.8906e+00 +5.0347e-01 -4.3500e+00 -1.1943e+00 -8.8797e-01 +2.0790e+00 -1.2546e+00 -2.9104e+00 -8.1649e-01 -2.3195e+00 +1.3920e+00 -2.4823e+00 -3.5986e-01 -4.0209e+00 -1.5734e+00 -3.2140e+00
703 +3.591483322e+03 +3.591483322e+03 +2.591483322e+03 +2.591483322e+03 -2.1508e+00 +2.2176e+00 +2.4175e+00 -7.4525e-01 -2.6245e+00 +4.1682e-01 -3.5508e+00 -1.9781e+00 -1.1491e+00 +2.1019e+00 -9.2906e-01 -1.5616e+00 -3.9012e-01 -2.3223e+00 +1.3334e+00 -1.6426e+00 -6.5576e-01 -3.0276e+00 -1.5177e+00 -1.9540e+00
1003 +2.493633032e+03 +2.493633032e+03 +1.493633032e+03 +1.493633032e+03 -2.0863e+00 +1.8379e+00 +2.1924e+00 -1.3353e+00 -3.0313e+00 -6.2955e-01 -3.9049e+00 -2.0645e+00 -1.0143e+00 +2.1570e+00 -4.5200e-01 -1.0275e+00 -1.6237e-01 -2.1649e+00 +1.4352e+00 -1.3550e+00 -1.4076e-01 -4.5745e+00 -1.3619e+00 -2.2027e+00
1504 +1.556514296e+03 +1.556514296e+03 +5.565142957e+02 +5.565142957e+02 -2.3590e+00 +1.7811e+00 +2.1141e+00 -1.0963e+00 -2.7889e+00 -3.8503e-01 -3.7617e+00 -1.9088e+00 -9.2937e-01 +2.5378e+00 -3.0598e-01 -1.0367e+00 -3.6870e-01 -2.3575e+00 +1.1022e+00 -1.4484e+00 -4.7571e-01 -4.2419e+00 -1.8150e+00 -2.1054e+00
1762 +9.877317136e+02 +9.877317136e+02 -1.226828644e+01 -1.226828644e+01 -2.5506e+00 +1.7226e+00 +2.2374e+00 -1.1648e+00 -2.2792e+00 -2.9823e-01 -3.6254e+00 -1.8967e+00 -8.6921e-01 +2.6990e+00 -4.6181e-01 -8.8779e-01 -1.9211e-01 -2.7484e+00 +9.0949e-01 -1.2317e+00 -3.7551e-01 -4.2051e+00 -1.8066e+00 -2.0521e+00
1981 +6.189970891e+02 +6.189970891e+02 -3.810029109e+02 -3.810029109e+02 -2.6332e+00 +1.6244e+00 +2.0075e+00 -1.1368e+00 -2.0138e+00 -3.1898e-01 -3.0347e+00 -1.7434e+00 -9.4546e-01 +3.0777e+00 -4.8157e-01 -9.6546e-01 -2.3795e-01 -2.9681e+00 +6.7809e-01 -1.4178e+00 -2.1905e-01 -4.4511e+00 -2.1055e+00 -2.0389e+00
2431 +3.961357345e+02 +3.961357345e+02 -6.038642655e+02 -6.038642655e+02 -2.6079e+00 +1.6035e+00 +1.8619e+00 -1.3446e+00 -1.9743e+00 -7.8417e-02 -2.4059e+00 -1.8856e+00 -7.8994e-01 +3.0800e+00 -5.7072e-01 -1.0047e+00 -6.0763e-01 -3.0009e+00 +7.6424e-01 -1.6757e+00 -7.3951e-02 -4.4080e+00 -1.9462e+00 -1.6787e+00
2768 +2.469227630e+02 +2.469227630e+02 -7.530772370e+02 -7.530772370e+02 -2.6326e+00 +1.3418e+00 +1.7294e+00 -1.4024e+00 -2.0720e+00 -9.8665e-02 -2.3001e+00 -2.0046e+00 -6.5032e-01 +3.0559e+00 -6.9551e-01 -9.3752e-01 -5.8613e-01 -3.1064e+00 +7.4815e-01 -1.3715e+00 -3.3085e-01 -4.3310e+00 -2.0850e+00 -1.8297e+00
3465 +1.577150942e+02 +1.577150942e+02 -8.422849058e+02 -8.422849058e+02 -2.8830e+00 +1.2341e+00 +1.5163e+00 -1.5619e+00 -2.1244e+00 -1.0273e-01 -2.3312e+00 -2.0211e+00 -4.1019e-01 +2.8171e+00 -9.9581e-01 -1.2853e+00 -7.9017e-01 -3.3456e+00 +5.1882e-01 -1.4599e+00 -5.5005e-01 -4.1626e+00 -2.2128e+00 -2.2046e+00
4184 +9.559576723e+01 +9.559576723e+01 -9.044042328e+02 -9.044042328e+02 -2.9101e+00 +1.0570e+00 +1.3720e+00 -1.7402e+00 -2.1716e+00 -6.6749e-02 -2.6068e+00 -2.2285e+00 -3.0913e-01 +2.3706e+00 -1.4819e+00 -1.7475e+00 -1.2802e+00 -3.6207e+00 +2.6403e-01 -1.6022e+00 -5.8995e-01 -3.7806e+00 -2.5506e+00 -2.6156e+00
4525 +5.774865724e+01 +5.774865724e+01 -9.422513428e+02 -9.422513428e+02 -2.9367e+00 +1.0399e+00 +1.3340e+00 -1.7338e+00 -2.2096e+00 -1.4200e-01 -2.5918e+00 -2.3578e+00 -3.4996e-02 +2.0195e+00 -1.6631e+00 -1.9180e+00 -1.5979e+00 -3.7261e+00 -1.7680e-02 -1.7801e+00 -4.3412e-01 -3.8398e+00 -2.6461e+00 -2.6552e+00
4722 +3.840520794e+01 +3.840520794e+01 -9.615947921e+02 -9.615947921e+02 -2.8274e+00 +1.0577e+00 +1.3479e+00 -1.7320e+00 -2.2137e+00 -1.8547e-01 -2.6393e+00 -2.2684e+00 +6.3964e-02 +1.8289e+00 -1.8690e+00 -2.1041e+00 -1.5523e+00 -3.6035e+00 +3.8666e-02 -1.8055e+00 -3.2497e-01 -3.8062e+00 -2.8117e+00 -2.5837e+00
% function evaluation | noise-free fitness - Fopt (9.862000000000e+01) | best noise-free fitness - Fopt | measured fitness | best measured fitness | x1 | x2...
1 +6.869908652e+05 +6.869908652e+05 +6.870894852e+05 +6.870894852e+05 +4.8909e-01 -1.8543e+00 +9.5986e-01 -6.3700e-01 -3.3430e+00 -4.0746e+00 -4.9879e+00 -2.9800e+00 -3.0276e+00 -1.1503e+00 -3.3709e-01 +3.1003e+00 -3.3159e+00 -1.1029e+00 +2.0083e+00 +4.8770e+00 +4.8070e+00 +2.1990e+00 +6.2829e-01 -4.4975e+00
2 +3.045479203e+05 +3.045479203e+05 +3.046465403e+05 +3.046465403e+05 -7.6778e-01 -3.9457e+00 -3.3401e+00 -3.6256e+00 -1.7142e+00 -1.5475e+00 +3.8997e+00 -3.6469e+00 -1.6055e+00 +1.9096e+00 -2.0033e+00 +6.0700e-01 -2.9687e+00 -4.0531e+00 -3.9404e+00 +2.5575e-01 +3.3280e+00 +7.4683e-01 +4.8925e+00 -4.5644e+00
18 +2.367446753e+05 +2.367446753e+05 +2.368432953e+05 +2.368432953e+05 +2.9139e+00 -9.0776e-01 -2.8482e+00 +6.6473e-01 -6.4987e-01 +5.7707e-01 -8.0782e-01 -3.8091e+00 +7.4353e-01 +5.8088e-01 -4.6726e+00 -2.0215e+00 -1.0565e+00 -4.1904e+00 +6.5944e-02 -3.7116e+00 +8.9669e-01 +3.1817e+00 +4.2271e+00 +3.8759e+00
65 +1.312751364e+05 +1.312751364e+05 +1.313737564e+05 +1.313737564e+05 -1.2253e+00 -2.2071e+00 +2.4614e+00 -3.1653e-01 -1.0461e-01 +4.3255e+00 -6.8627e+00 -1.6503e-01 -4.0117e+00 -1.5855e+00 +2.1439e+00 -1.7427e+00 -3.3348e+00 -1.8065e+00 -5.5250e+00 -2.2155e+00 +1.1706e+00 +2.8079e-01 -2.5554e+00 -3.1111e+00
124 +8.172576436e+04 +8.172576436e+04 +8.182438436e+04 +8.182438436e+04 -4.7909e+00 -1.2230e+00 +2.1688e+00 -1.1318e+00 -1.2340e+00 +6.7865e-01 -7.0397e+00 -2.9032e+00 -4.7303e+00 -6.6929e-01 +1.4825e+00 -3.4112e+00 -2.1585e+00 -3.2542e+00 -4.7250e+00 -4.3318e+00 -2.6501e+00 +1.4703e+00 -7.5610e-01 -4.9537e+00
140 +5.419142494e+04 +5.419142494e+04 +5.429004494e+04 +5.429004494e+04 -2.4113e+00 -1.3523e+00 -6.0325e-02 -4.4080e+00 +2.5146e+00 -1.6606e+00 -5.7327e+00 -3.4315e+00 -3.4056e+00 -3.3154e-01 +2.6945e+00 -2.6415e+00 -2.1433e-01 -5.9922e+00 -4.8474e-01 +2.9325e-01 +3.7654e+00 +2.2559e+00 -5.9443e-01 +2.3108e+00
249 +2.640650377e+04 +2.640650377e+04 +2.650512377e+04 +2.650512377e+04 -6.5785e-01 +3.6012e-01 -8.0815e-01 -3.1296e+00 -1.0302e-01 -8.9186e-01 -3.4383e+00 -2.8542e+00 -1.8297e+00 -4.9031e-01 +1.9443e+00 -2.8933e+00 -1.0520e+00 -5.6599e+00 -2.7007e-01 -1.8198e-01 +2.5601e+00 +4.6872e-01 +1.8555e+00 +9.6611e-01
268 +2.401005140e+04 +2.401005140e+04 +2.410867140e+04 +2.410867140e+04 -2.0556e+00 -7.2300e-01 +3.3688e-01 -2.0021e+00 +1.5271e-01 -9.2214e-01 -4.6264e+00 -5.5259e+00 -1.2101e+00 +1.0575e+00 +7.7375e-01 -1.9881e+00 -1.3027e+00 -3.6770e+00 -1.7138e+00 +1.2196e-01 +1.9030e+00 +1.4602e-01 -7.7642e-01 +2.4684e+00
354 +1.218004202e+04 +1.218004202e+04 +1.227866202e+04 +1.227866202e+04 -9.4922e-01 -5.7455e-01 -2.9764e-01 -1.6036e+00 -4.3040e-01 -9.5597e-01 -2.7737e+00 -2.8421e+00 -1.3283e+00 +4.7462e-01 +5.8219e-01 -1.9022e+00 -9.1070e-01 -5.0099e+00 -7.8123e-01 -1.5640e+00 +7.7615e-01 +7.4559e-01 +1.1077e+00 +5.8975e-01
407 +9.497325193e+03 +9.497325193e+03 +9.595945193e+03 +9.595945193e+03 -1.1955e+00 -2.3585e+00 +5.7030e-01 -1.9483e+00 +8.5580e-01 +5.3828e-01 -4.2727e+00 -1.9814e+00 -1.8945e+00 -2.6059e-01 -4.7470e-01 -6.6931e-01 -8.6164e-01 -4.0112e+00 -1.0753e+00 -2.4952e+00 +1.0382e+00 +2.5126e+00 +8.9566e-01 +2.5009e-02
585 +6.055361271e+03 +6.055361271e+03 +6.153981271e+03 +6.153981271e+03 -1.7467e+00 -1.8552e+00 +6.1982e-01 -1.6794e+00 -7.9155e-01 +6.1781e-01 -4.8052e+00 -1.6234e+00 -1.7055e+00 -1.8500e-01 +2.9550e-01 -1.4026e+00 -5.6455e-01 -4.8772e+00 -2.4404e+00 -3.3528e+00 +1.0140e+00 +1.3723e+00 +1.6439e+00 -3.0681e-01
744 +3.817944739e+03 +3.817944739e+03 +3.916564739e+03 +3.916564739e+03 -1.2791e+00 -2.0121e+00 -3.2172e-01 -1.7287e+00 -2.2214e-01 +9.3134e-01 -4.3481e+00 -2.1063e+00 -1.8658e+00 -4.2200e-01 +6.5234e-01 -1.8194e+00 -8.6634e-01 -3.7110e+00 -3.6412e+00 -3.1359e+00 +2.2849e-01 +1.5725e+00 +2.1138e-01 -2.2298e-01
905 +2.318149500e+03 +2.318149500e+03 +2.416769500e+03 +2.416769500e+03 -7.9037e-01 -1.5754e+00 +5.7354e-02 -2.3176e+00 -1.5277e-03 +7.8762e-01 -4.0119e+00 -2.4550e+00 -2.2404e+00 -1.5242e-01 +9.1723e-01 -1.8200e+00 -9.2187e-01 -4.2289e+00 -2.6669e+00 -3.3836e+00 +7.6304e-02 +1.4511e+00 +1.2566e-01 -3.0913e-01
1588 +1.569491486e+03 +1.569491486e+03 +1.668111486e+03 +1.668111486e+03 -6.1800e-01 -1.6036e+00 +2.3708e-01 -2.6236e+00 -5.2529e-01 +5.2220e-01 -3.7628e+00 -2.3361e+00 -2.2475e+00 +2.9833e-02 +1.5533e+00 -1.9380e+00 -4.8675e-01 -4.7118e+00 -2.5972e+00 -3.3410e+00 +6.4417e-02 +1.3133e+00 +3.3763e-01 -5.7892e-01
2181 +9.923410059e+02 +9.923410059e+02 +1.090961006e+03 +1.090961006e+03 -7.6740e-01 -1.5991e+00 +5.7612e-01 -2.9347e+00 -7.8469e-01 +6.5925e-01 -3.7065e+00 -2.3332e+00 -2.3231e+00 +1.6622e-01 +1.8229e+00 -1.7779e+00 -2.3534e-01 -4.1836e+00 -2.9818e+00 -4.0401e+00 +1.2661e+00 +1.2929e+00 +9.0202e-01 -3.6471e-01
3022 +6.140731710e+02 +6.140731710e+02 +7.126931710e+02 +7.126931710e+02 -9.5291e-01 -1.6245e+00 +6.8010e-01 -2.7711e+00 -4.3653e-01 +6.1449e-01 -3.2940e+00 -2.5370e+00 -2.5230e+00 -5.1407e-02 +1.4479e+00 -2.0204e+00 -5.1468e-01 -3.5855e+00 -3.2166e+00 -4.0591e+00 +1.6257e+00 +1.3221e+00 +7.5953e-01 +1.8172e-01
3323 +3.696076243e+02 +3.696076243e+02 +4.682276243e+02 +4.682276243e+02 -1.1712e+00 -1.7686e+00 +1.0012e+00 -3.0562e+00 -6.8483e-01 +9.1541e-01 -3.2153e+00 -2.5700e+00 -2.5580e+00 -4.9841e-02 +1.4535e+00 -2.3569e+00 -1.3148e-01 -3.5711e+00 -3.4378e+00 -3.8425e+00 +1.2795e+00 +1.1431e+00 +7.7224e-01 +9.6999e-02
3836 +2.497904421e+02 +2.497904421e+02 +3.484104421e+02 +3.484104421e+02 -2.1021e+00 -2.0881e+00 +1.2116e+00 -3.2129e+00 -5.8993e-01 +7.4645e-01 -2.4656e+00 -3.1341e+00 -3.1487e+00 -4.5007e-01 +7.1980e-01 -2.6543e+00 -1.4959e-01 -3.7766e+00 -3.2484e+00 -3.1154e+00 +8.4127e-01 +9.8805e-01 +4.3673e-01 +5.4033e-01
4096 +1.512463832e+02 +1.512463832e+02 +2.498663832e+02 +2.498663832e+02 -1.5742e+00 -1.9860e+00 +1.3515e+00 -3.3025e+00 -4.7035e-01 +8.5511e-01 -2.6842e+00 -3.0516e+00 -2.9147e+00 -2.9087e-01 +9.8133e-01 -2.5306e+00 +1.3660e-01 -3.9236e+00 -3.1596e+00 -3.0075e+00 +9.0767e-01 +8.0361e-01 +8.5348e-01 +4.7891e-02
4346 +9.208625394e+01 +9.208625394e+01 +1.907062539e+02 +1.907062539e+02 -1.5380e+00 -1.9944e+00 +1.4806e+00 -3.2888e+00 -3.8206e-01 +9.2067e-01 -2.6401e+00 -3.1335e+00 -3.1598e+00 -7.9047e-01 +7.5987e-01 -2.6071e+00 +1.6034e-01 -4.0100e+00 -3.2126e+00 -3.0217e+00 +6.9152e-01 +7.8919e-01 +9.8377e-01 -6.0499e-02
4574 +6.257771810e+01 +6.257771810e+01 +1.611977181e+02 +1.611977181e+02 -1.9519e+00 -1.9545e+00 +1.4271e+00 -3.2555e+00 -2.1610e-01 +8.9851e-01 -2.5977e+00 -3.2823e+00 -3.3877e+00 -8.0270e-01 +6.9984e-01 -2.6966e+00 +1.3193e-01 -3.8955e+00 -3.4318e+00 -3.0357e+00 +6.9300e-01 +6.8663e-01 +1.0519e+00 -2.2428e-01
4789 +3.978050282e+01 +3.978050282e+01 +1.384005028e+02 +1.384005028e+02 -2.3025e+00 -1.9390e+00 +1.4583e+00 -3.2384e+00 -1.0421e-01 +7.4393e-01 -2.4826e+00 -3.5289e+00 -3.5979e+00 -1.0289e+00 +6.3758e-01 -2.7799e+00 +1.6049e-01 -3.9731e+00 -3.4855e+00 -2.9581e+00 +6.4046e-01 +7.0172e-01 +1.1419e+00 -2.3949e-01
% function evaluation | noise-free fitness - Fopt (-4.715000000000e+01) | best noise-free fitness - Fopt | measured fitness | best measured fitness | x1 | x2...
1 +9.599458502e+05 +9.599458502e+05 +9.598987002e+05 +9.598987002e+05 -1.8137e-01 +3.9082e+00 -3.2557e+00 -1.8906e-01 -2.9945e+00 -1.0423e+00 +1.7689e+00 +1.3689e+00 -3.8391e+00 +3.1356e+00 -1.6556e+00 +2.6185e+00 -9.9365e-01 -8.9676e-01 +8.7327e-01 -7.0238e-01 -1.9056e+00 +4.5262e+00 -7.0749e-01 -3.4289e+00
4 +2.858893994e+05 +2.858893994e+05 +2.858422494e+05 +2.858422494e+05 -4.1607e+00 -3.4088e+00 -3.3656e+00 -2.6580e+00 -2.6786e+00 +2.0322e+00 -3.5111e+00 +1.2126e+00 +6.2088e-01 -4.8694e+00 -1.1132e+00 +3.6534e+00 -2.1416e+00 -4.9817e-01 +2.1284e+00 -4.6044e+00 +4.6075e-01 -4.4226e+00 -4.4136e+00 +1.8415e+00
43 +1.768919525e+05 +1.768919525e+05 +1.768448025e+05 +1.768448025e+05 -3.5372e+00 -2.8587e+00 +1.2407e+00 -5.0573e+00 -5.6475e-01 -2.2405e-01 -3.6679e+00 -4.0907e+00 -9.4597e-01 -3.2183e+00 -2.7301e+00 +7.5256e-01 -2.4670e+00 -2.8542e+00 +2.7645e+00 -7.8874e-03 -1.3558e+00 -8.4578e+00 -4.3908e+00 +2.1461e+00
81 +6.268878928e+04 +6.268878928e+04 +6.264163928e+04 +6.264163928e+04 -4.1120e-01 -2.9850e+00 -3.6443e-01 -4.0563e+00 +1.0300e+00 -1.2790e+00 -3.3251e+00 -3.6798e+00 +7.8103e-01 -4.3228e+00 -1.4169e+00 -1.3916e+00 -8.5945e-01 -2.0986e+00 +2.3248e+00 -3.6120e-01 -1.3905e+00 -7.7841e+00 -3.4305e+00 +1.6038e+00
132 +3.842998076e+04 +3.842998076e+04 +3.838283076e+04 +3.838283076e+04 +4.0351e-01 -1.2432e+00 +1.1939e+00 -4.3188e+00 +1.7303e-01 -1.2154e+00 -3.3458e+00 -3.7673e+00 -1.4735e+00 -2.1342e+00 -5.3870e-01 -7.3355e-01 -7.2037e-01 -2.5813e-01 +2.8381e+00 -2.0505e+00 -5.9789e-02 -4.5327e+00 -3.2569e+00 -2.7485e-01
166 +2.209980013e+04 +2.209980013e+04 +2.205265013e+04 +2.205265013e+04 -2.6387e+00 -3.9139e-01 -1.7836e+00 -1.9228e+00 -2.5576e+00 +2.5924e-01 -3.2659e+00 -1.9170e+00 -6.9431e-02 -1.4023e+00 +1.9004e+00 -1.0370e-01 -3.0831e-01 -2.0694e+00 +2.0786e+00 -2.4496e+00 -1.8418e-01 -5.0046e+00 -3.2613e+00 +5.3193e-01
243 +1.498335552e+04 +1.498335552e+04 +1.493620552e+04 +1.493620552e+04 -2.3176e+00 -1.1568e-01 -4.8153e-01 -1.7625e+00 -1.7318e+00 -1.3168e-01 -2.2000e+00 -2.8547e+00 -3.5270e-01 -1.4598e+00 +1.8379e+00 -4.7383e-01 +4.2684e-01 -1.7531e+00 +1.2308e+00 -1.9966e+00 -6.8892e-02 -5.0196e+00 -2.8600e+00 +5.7167e-01
395 +9.207700783e+03 +9.207700783e+03 +9.160550783e+03 +9.160550783e+03 -1.3755e+00 -1.8981e+00 -6.6205e-01 -2.0915e+00 -1.6537e+00 +1.6233e+00 -1.3546e+00 -1.3044e+00 -1.4739e-01 -2.9455e+00 +7.3635e-01 -1.6725e+00 -6.0411e-01 -1.6773e+00 +1.4796e+00 -1.8775e+00 -7.1524e-01 -5.3175e+00 -3.0433e+00 +5.3740e-01
495 +6.115444813e+03 +6.115444813e+03 +6.068294813e+03 +6.068294813e+03 -1.2652e-01 -1.1762e+00 -7.1401e-01 -1.8521e+00 -1.1688e+00 +1.0040e+00 -9.8497e-01 -1.5420e+00 -5.2545e-01 -2.6830e+00 +1.5248e+00 -1.6789e+00 -7.9115e-02 -1.3389e+00 +1.3574e+00 -2.1760e+00 -9.8846e-01 -4.8329e+00 -2.8285e+00 +6.3629e-01
1290 +3.978637562e+03 +3.978637562e+03 +3.931487562e+03 +3.931487562e+03 -6.8890e-02 -1.5509e+00 -1.0986e+00 -1.9615e+00 -3.1364e-01 +4.2306e-01 -1.9400e+00 -1.8557e+00 -8.1016e-01 -1.7285e+00 +1.5923e+00 -2.0306e+00 -6.2908e-02 -1.7688e+00 +5.9909e-01 -1.0499e+00 -1.1811e+00 -4.9184e+00 -2.6429e+00 +7.1566e-01
1910 +2.505388117e+03 +2.505388117e+03 +2.458238117e+03 +2.458238117e+03 +2.6569e-01 -7.8494e-01 -1.1790e+00 -2.4298e+00 -1.0646e+00 -2.1985e-01 -1.5929e+00 -1.7983e+00 -9.2057e-01 -2.4692e+00 +2.4383e+00 -2.2047e+00 +1.6518e-01 -2.3008e+00 +3.3426e-01 -1.1898e+00 -1.6625e+00 -4.5308e+00 -2.7224e+00 +1.0592e+00
2381 +1.546269337e+03 +1.546269337e+03 +1.499119337e+03 +1.499119337e+03 +4.1256e-02 -6.5747e-01 -1.5581e+00 -2.5764e+00 -9.9083e-01 -3.9956e-01 -1.6726e+00 -1.9235e+00 -1.3422e+00 -2.1132e+00 +2.1761e+00 -2.1704e+00 +7.7196e-01 -2.3174e+00 +6.2704e-01 -1.3458e+00 -1.7564e+00 -4.4871e+00 -2.3933e+00 +2.5678e-02
2768 +9.619212227e+02 +9.619212227e+02 +9.147712227e+02 +9.147712227e+02 -1.8879e-01 -1.2679e+00 -2.0906e+00 -2.8034e+00 -7.4881e-01 -3.7550e-01 -1.3768e+00 -1.6937e+00 -9.5793e-01 -2.1099e+00 +1.7242e+00 -2.4138e+00 +1.2059e+00 -2.6731e+00 +7.1700e-01 -1.2693e+00 -1.8791e+00 -4.5827e+00 -2.0008e+00 -8.4314e-01
3281 +6.306644625e+02 +6.306644625e+02 +5.835144625e+02 +5.835144625e+02 -4.1239e-01 -1.5359e+00 -2.7490e+00 -2.9405e+00 -6.3710e-01 -3.5559e-01 -1.4317e+00 -1.6911e+00 -9.5977e-01 -2.3016e+00 +1.3709e+00 -2.4728e+00 +8.8475e-01 -2.7346e+00 +9.7702e-01 -1.5144e+00 -2.1448e+00 -4.3598e+00 -1.4425e+00 -1.6572e+00
4145 +3.969170369e+02 +3.969170369e+02 +3.497670369e+02 +3.497670369e+02 -4.5036e-01 -1.3361e+00 -2.5633e+00 -3.2266e+00 -6.9323e-01 +2.8113e-02 -1.7655e+00 -1.9838e+00 -1.2190e+00 -2.4502e+00 +1.2568e+00 -2.6588e+00 +1.1620e+00 -3.0211e+00 +1.0822e+00 -1.4017e+00 -2.2270e+00 -4.0975e+00 -1.3540e+00 -1.6383e+00
4682 +2.467530668e+02 +2.467530668e+02 +1.996030668e+02 +1.996030668e+02 -3.7185e-01 -9.7492e-01 -1.8862e+00 -3.2820e+00 -6.7101e-01 +6.5579e-01 -1.8493e+00 -2.2089e+00 -1.2733e+00 -2.4730e+00 +1.1073e+00 -2.5309e+00 +1.3180e+00 -3.1465e+00 +1.2900e+00 -1.5606e+00 -2.0681e+00 -3.7299e+00 -1.4426e+00 -1.1224e+00
% function evaluation | noise-free fitness - Fopt (3.752000000000e+01) | best noise-free fitness - Fopt | measured fitness | best measured fitness | x1 | x2...
1 +8.833189612e+05 +8.833189612e+05 +8.833564812e+05 +8.833564812e+05 -1.1491e+00 +4.9498e+00 -2.8506e+00 -4.7329e+00 +3.3881e+00 +4.9813e+00 -2.6090e+00 +3.7642e+00 +8.5282e-02 +1.9380e+00 -4.2913e+00 +4.0363e+00 -3.2430e+00 -2.3681e+00 -3.2346e-01 +7.1525e-01 +9.1714e-01 -1.4904e+00 +2.0319e+00 -1.1012e+00
4 +2.329961240e+05 +2.329961240e+05 +2.330336440e+05 +2.330336440e+05 +4.5108e+00 -2.7880e+00 -2.7654e+00 +2.2895e+00 +8.8056e-01 +2.6862e-01 -1.7805e+00 +4.9568e+00 +2.1630e+00 +1.5812e+00 +3.4201e+00 -1.7793e+00 +2.3503e+00 -2.9908e+00 +1.8248e+00 -4.7219e+00 -4.5443e+00 +4.3037e-01 +2.3607e+00 -3.8831e-01
103 +1.380578681e+05 +1.380578681e+05 +1.380953881e+05 +1.380953881e+05 +2.5796e+00 -2.7360e+00 -2.1763e+00 -8.9382e-01 +2.6420e-01 -1.7221e+00 +1.7408e+00 -1.0824e+00 -2.4328e+00 +6.6091e-01 +5.0370e+00 -3.5113e+00 +1.0477e+00 +4.0008e-01 +1.1469e+00 -3.4003e+00 -1.2481e-01 +1.0237e+00 +2.0310e-01 -1.4469e+00
367 +8.844393510e+04 +8.844393510e+04 +8.848145510e+04 +8.848145510e+04 +8.1951e-02 -4.6249e+00 +4.3614e-01 -5.5022e-01 -7.0216e-01 +1.2295e-01 -2.4440e+00 +4.6285e+00 -1.4309e+00 +4.6964e-01 -1.8260e+00 +2.8750e-02 -1.9190e+00 -3.8718e-01 -1.8029e+00 -3.4743e+00 -2.4491e+00 -1.2748e+00 -4.2928e+00 +1.3911e+00
387 +4.726473887e+04 +4.726473887e+04 +4.730225887e+04 +4.730225887e+04 +1.9842e+00 -5.2820e+00 -6.6714e-01 -2.1528e-01 -1.7752e-01 +8.2927e-01 -1.0842e+00 +4.1081e+00 -2.3040e-01 -6.9196e-01 -8.0936e-01 -1.2710e+00 -1.0848e+00 -1.4706e+00 -4.0511e-01 -1.3616e+00 -2.0163e+00 -1.3753e+00 -4.4212e-01 -4.1952e-02
483 +3.162968664e+04 +3.162968664e+04 +3.166720664e+04 +3.166720664e+04 +1.1755e+00 -4.1947e+00 -1.6750e+00 -4.3705e-02 -1.7801e-02 +2.1301e-01 +6.4829e-01 +2.3341e+00 -1.0602e+00 +3.0970e-01 +1.5094e-01 +5.9548e-02 -2.0035e-01 -3.1805e-01 +5.9706e-01 -1.4614e+00 -1.4447e+00 -2.0752e+00 -2.4967e+00 +4.9267e-01
614 +2.255676196e+04 +2.255676196e+04 +2.259428196e+04 +2.259428196e+04 +7.7572e-02 -4.3172e+00 -7.1250e-01 -7.4790e-01 -2.5169e-01 -1.7789e-01 +8.2610e-01 +1.7481e+00 -1.1950e+00 -3.0695e-01 -2.3289e-01 -8.3341e-01 +4.3173e-01 -3.1156e-01 +4.2457e-01 -1.1923e+00 -8.2487e-01 -2.2983e+00 -1.0228e+00 +1.9629e-01
733 +1.539850850e+04 +1.539850850e+04 +1.543602850e+04 +1.543602850e+04 -2.0258e-01 -4.3982e+00 -1.2287e-01 -4.1912e-01 +3.9226e-01 +3.6423e-01 -3.2863e-01 +3.3698e+00 -8.9075e-01 -1.4434e+00 +9.8897e-01 -1.8935e-01 +7.9804e-01 -2.1073e-01 +3.6395e-01 -4.5141e-01 -7.1516e-01 -2.9989e+00 -1.3884e+00 +2.2243e-01
1303 +9.804701626e+03 +9.804701626e+03 +9.842221626e+03 +9.842221626e+03 -1.5841e-01 -4.2494e+00 -2.2834e-01 -6.7097e-01 +7.8476e-01 +5.1181e-01 -3.3410e-01 +2.4257e+00 -4.5438e-01 -7.3355e-01 +1.6562e+00 -2.4476e-01 +1.7195e+00 -2.1771e-01 -2.7186e-02 -1.3390e+00 -7.5838e-01 -1.7894e+00 -1.6000e+00 -2.9359e-01
1482 +6.173908260e+03 +6.173908260e+03 +6.211428260e+03 +6.211428260e+03 -2.2537e-02 -3.6716e+00 +4.1777e-01 -5.9721e-01 +1.5885e+00 +1.9298e-01 -1.5489e-01 +2.3896e+00 -4.4795e-02 -1.0693e+00 +9.8434e-01 -5.9423e-01 +2.2155e+00 +2.5155e-01 -9.2861e-02 -6.1644e-01 -1.6111e+00 -2.2280e+00 -2.4751e+00 +4.3734e-01
1706 +3.973635428e+03 +3.973635428e+03 +4.011155428e+03 +4.011155428e+03 +6.7555e-01 -4.1693e+00 +7.3103e-01 -1.0816e+00 +1.9406e+00 +4.6931e-01 -2.6507e-01 +2.4733e+00 +2.6350e-01 -9.6340e-01 +1.9540e+00 -1.4296e+00 +2.0262e+00 +4.7697e-02 -2.3196e-01 -1.0493e+00 -1.5227e+00 -2.6002e+00 -2.8907e+00 +1.1589e+00
1895 +2.331882644e+03 +2.331882644e+03 +2.369402644e+03 +2.369402644e+03 +9.1665e-01 -3.6551e+00 +9.0768e-01 -1.2493e+00 +2.3687e+00 +5.5558e-01 +3.0324e-01 +2.4467e+00 +8.6773e-01 -1.3849e+00 +1.7039e+00 -1.3982e+00 +1.9785e+00 +3.4538e-01 -3.6108e-02 -5.1645e-01 -1.1013e+00 -2.3597e+00 -2.9542e+00 +2.3821e+00
2146 +1.583570364e+03 +1.583570364e+03 +1.621090364e+03 +1.621090364e+03 +1.3905e+00 -3.4933e+00 +1.2198e+00 -1.3501e+00 +2.8195e+00 +9.6178e-01 +5.3665e-01 +2.4897e+00 +1.2013e+00 -1.0459e+00 +1.5560e+00 -1.0415e+00 +1.7140e+00 +2.9378e-01 -1.9122e-01 -7.9218e-01 -6.6172e-01 -2.2444e+00 -3.4079e+00 +3.8854e+00
2557 +9.949165509e+02 +9.949165509e+02 +1.032436551e+03 +1.032436551e+03 +1.3770e+00 -3.2568e+00 +1.0754e+00 -1.3947e+00 +2.7620e+00 +1.1277e+00 +8.7251e-01 +2.0542e+00 +6.7221e-01 -1.1648e+00 +1.8587e+00 -7.8191e-01 +1.7384e+00 +5.0476e-01 -3.2787e-01 -7.4921e-01 -8.4880e-01 -2.5465e+00 -3.1699e+00 +3.9584e+00
3056 +6.200369697e+02 +6.200369697e+02 +6.575569697e+02 +6.575569697e+02 +1.8037e+00 -3.2768e+00 +1.2006e+00 -1.7451e+00 +2.3640e+00 +1.2171e+00 +1.2098e+00 +1.8747e+00 +8.8582e-01 -1.1891e+00 +1.6854e+00 -6.4714e-01 +1.5599e+00 +6.1000e-01 -7.0204e-01 -1.0525e+00 -1.0733e+00 -2.7726e+00 -3.3665e+00 +4.1075e+00
3562 +3.895254057e+02 +3.895254057e+02 +4.270454057e+02 +4.270454057e+02 +1.4457e+00 -2.9827e+00 +1.3273e+00 -2.0037e+00 +1.8674e+00 +1.4866e+00 +1.5443e+00 +1.4848e+00 +1.1496e+00 -1.4022e+00 +1.7236e+00 -5.4108e-01 +1.7477e+00 +1.3387e+00 -1.6640e+00 -1.5258e+00 -1.3146e+00 -2.8811e+00 -2.9459e+00 +3.1647e+00
4110 +2.501850540e+02 +2.501850540e+02 +2.877050540e+02 +2.877050540e+02 +1.3486e+00 -2.7909e+00 +1.7116e+00 -2.2640e+00 +1.3599e+00 +1.5729e+00 +1.4832e+00 +1.4960e+00 +1.1812e+00 -1.6275e+00 +1.9024e+00 -5.6053e-01 +1.6653e+00 +1.6682e+00 -2.2020e+00 -1.7107e+00 -1.5744e+00 -3.0039e+00 -2.6451e+00 +2.5711e+00
4829 +1.544626096e+02 +1.544626096e+02 +1.919826096e+02 +1.919826096e+02 +1.2135e+00 -2.9336e+00 +1.7205e+00 -2.3593e+00 +1.4044e+00 +1.4909e+00 +1.5510e+00 +1.8420e+00 +1.0941e+00 -1.6281e+00 +1.8837e+00 -1.9817e-01 +1.4484e+00 +1.8298e+00 -2.0479e+00 -1.8373e+00 -1.7631e+00 -2.9968e+00 -2.4975e+00 +2.3685e+00
% function evaluation | noise-free fitness - Fopt (-4.257500000000e+02) | best noise-free fitness - Fopt | measured fitness | best measured fitness | x1 | x2...
1 +7.237617212e+05 +7.237617212e+05 +7.233359712e+05 +7.233359712e+05 +4.7745e+00 +3.4858e+00 +2.2622e+00 -1.4655e-01 -1.8865e+00 -1.8040e+00 -2.2792e+00 +1.2218e+00 +4.4072e+00 -2.4009e+00 -4.8906e+00 +1.8997e+00 +2.4088e+00 +1.7391e+00 -4.4203e-01 -2.7016e-01 -4.5519e+00 +1.6024e+00 +4.6385e+00 +1.8998e+00
2 +4.221013501e+05 +4.221013501e+05 +4.216756001e+05 +4.216756001e+05 -3.9787e+00 -3.3711e+00 +1.8739e+00 +1.5183e+00 +1.2497e+00 -3.2087e+00 +4.6634e+00 -1.3666e-01 +1.3851e+00 -4.9775e+00 +2.9241e-01 +3.7258e+00 +7.6656e-01 +3.8995e+00 -1.3836e+00 -4.3507e+00 -3.4187e+00 -3.6753e+00 +3.8432e-01 +3.1162e+00
5 +2.112640537e+05 +2.112640537e+05 +2.108383037e+05 +2.108383037e+05 -4.7360e+00 +1.8504e+00 -5.2150e-01 +1.3802e+00 +2.3821e+00 +7.4451e-01 +6.5327e-01 +7.6420e-01 -3.2314e+00 +6.1788e-02 +4.2339e+00 -1.2880e+00 -2.0891e+00 +2.5613e+00 -4.3440e+00 -6.2342e-01 -5.3206e-01 -2.2070e+00 -3.2378e+00 -2.6273e+00
66 +1.369447672e+05 +1.369447672e+05 +1.365190172e+05 +1.365190172e+05 -6.5827e+00 +1.7020e+00 -9.1061e-02 -2.9805e-01 +7.4281e-01 +3.2022e-01 -2.6127e+00 -3.5926e-01 -1.5901e+00 -9.6374e-01 +4.0411e+00 -1.6866e+00 -1.2325e+00 +1.3827e+00 -1.1744e-01 +1.6300e+00 -1.0255e+00 -1.5679e+00 +1.8157e-01 -2.0521e+00
74 +9.911190315e+04 +9.911190315e+04 +9.868615315e+04 +9.868615315e+04 -1.7727e+00 +8.6779e-01 -3.7149e-01 -4.7634e+00 +3.3980e+00 -2.1257e+00 -5.2243e-01 -3.2140e+00 -2.5933e-01 +1.9623e+00 -2.0840e+00 -5.5288e+00 -1.4475e+00 +1.6915e+00 -3.0363e+00 +3.4503e+00 -4.0847e-01 -1.2317e+00 +3.2768e+00 +2.8587e-01
150 +5.616352559e+04 +5.616352559e+04 +5.573777559e+04 +5.573777559e+04 -4.4588e+00 +7.8683e-01 +1.0694e-01 -3.6319e-01 +3.2304e+00 -4.4685e-01 -7.2157e-01 -3.6531e-01 -2.3647e+00 -1.1308e-01 +1.7293e+00 -1.8635e+00 -1.0286e+00 +2.7134e+00 -2.3941e+00 -6.9982e-01 -2.8369e-01 -9.6398e-01 -2.8747e-01 -9.5667e-01
198 +2.656075344e+04 +2.656075344e+04 +2.613500344e+04 +2.613500344e+04 -2.7991e+00 +9.4756e-01 -1.2940e+00 -1.9556e-01 +3.6377e+00 -3.7026e-01 +2.8286e+00 -1.8226e+00 -3.3575e+00 +7.7560e-01 +5.2880e-01 -3.0474e+00 +1.1634e-02 +1.4913e+00 -2.3953e+00 -7.5993e-02 -2.6646e-01 -1.1103e+00 +5.3923e-01 +6.5819e-01
269 +2.395381005e+04 +2.395381005e+04 +2.352806005e+04 +2.352806005e+04 -2.9695e+00 +2.6000e+00 +1.2916e-01 -2.5272e+00 +2.7215e+00 -1.0219e+00 +1.0659e+00 -1.3332e+00 -3.0532e+00 +3.3484e-01 +4.7480e-01 -3.1182e+00 -5.2132e-01 +1.5593e+00 -1.9322e+00 +2.1051e+00 -2.3070e+00 -7.9636e-01 +5.7525e-01 -1.3558e+00
285 +8.524886273e+03 +8.524886273e+03 +8.099136273e+03 +8.099136273e+03 -2.6054e+00 +3.9815e+00 -1.1153e+00 -1.6766e+00 +2.3272e+00 -7.0668e-01 +1.1800e+00 -2.4863e+00 -4.8890e-01 -4.1986e-01 +2.3806e-01 -3.4716e+00 -5.9311e-01 +7.1754e-01 -1.5010e+00 +1.7424e+00 -3.4562e+00 -1.5057e+00 +1.0380e-01 -8.2983e-01
426 +5.739295888e+03 +5.739295888e+03 +5.313545888e+03 +5.313545888e+03 -1.3069e+00 +3.7460e+00 -1.6632e+00 -2.3293e+00 +2.2264e+00 -2.4284e+00 +1.6585e+00 -2.9019e+00 -7.3540e-01 -2.9015e-01 -2.8538e-01 -3.6891e+00 +3.5202e-01 -2.1901e-02 -2.1718e+00 +2.0389e+00 -4.1468e+00 -1.3487e+00 +7.4457e-01 -6.2945e-01
483 +3.977070446e+03 +3.977070446e+03 +3.551320446e+03 +3.551320446e+03 -8.3660e-01 +3.4308e+00 -1.5726e+00 -1.0796e+00 +1.9669e+00 -1.5637e+00 +1.5767e+00 -3.0122e+00 -1.8092e+00 -1.1281e+00 +5.4541e-01 -2.5504e+00 +7.4221e-01 -2.0190e-01 -2.6285e+00 -2.1745e-02 -2.7818e+00 -1.3988e+00 +1.1505e+00 +8.0242e-01
603 +2.313380847e+03 +2.313380847e+03 +1.887630847e+03 +1.887630847e+03 -1.8517e+00 +3.1752e+00 -2.6660e+00 -1.3035e+00 +2.6829e+00 -1.5785e+00 +1.8874e+00 -2.7212e+00 -5.5703e-01 -7.9002e-01 -1.8794e-01 -2.1134e+00 +7.3949e-01 +5.5475e-01 -3.3582e-01 +4.2762e-01 -4.1530e+00 -2.2300e+00 -4.2188e-01 +1.6294e+00
710 +1.461955217e+03 +1.461955217e+03 +1.036205217e+03 +1.036205217e+03 -1.9102e+00 +2.4021e+00 -1.5499e+00 -1.1625e+00 +1.8416e+00 -2.1475e+00 +1.2980e+00 -2.2112e+00 -7.6116e-01 -8.0033e-01 -1.6419e-01 -2.2396e+00 +7.4982e-01 +9.3229e-02 -9.2120e-01 -8.8755e-02 -4.2344e+00 -1.9904e+00 -2.0256e-01 +1.2862e+00
717 +8.165751683e+02 +8.165751683e+02 +3.908251683e+02 +3.908251683e+02 -1.3728e+00 +2.6798e+00 -2.4182e+00 -1.7652e+00 +2.4369e+00 -2.0760e+00 +1.4485e+00 -2.8587e+00 -1.5107e+00 -8.7884e-01 +7.0931e-02 -2.0973e+00 +5.1956e-01 +4.4224e-01 -1.5691e+00 +1.5678e-01 -2.6565e+00 -2.0913e+00 +1.2068e+00 +2.6705e+00
915 +5.675273769e+02 +5.675273769e+02 +1.417773769e+02 +1.417773769e+02 -2.1722e+00 +2.4918e+00 -2.3781e+00 -2.0879e+00 +2.1171e+00 -2.3570e+00 +1.0057e+00 -2.6099e+00 -1.1026e+00 -8.6097e-01 -2.5062e-02 -2.1274e+00 +7.4453e-01 +2.7347e-01 -9.7341e-01 +7.0798e-01 -3.6574e+00 -2.0214e+00 +8.2653e-01 +1.6923e+00
1139 +3.946457645e+02 +3.946457645e+02 -3.110423550e+01 -3.110423550e+01 -1.9966e+00 +2.7439e+00 -2.1498e+00 -1.9758e+00 +2.1394e+00 -2.0528e+00 +1.2349e+00 -2.7000e+00 -1.2961e+00 -1.1503e+00 +1.6064e-02 -1.8359e+00 +8.7227e-01 +1.6778e-01 -7.7051e-01 +2.2105e-01 -3.6784e+00 -2.0860e+00 +8.5819e-01 +2.2785e+00
1332 +2.482330859e+02 +2.482330859e+02 -1.775169141e+02 -1.775169141e+02 -1.4837e+00 +2.2703e+00 -2.2518e+00 -2.0853e+00 +1.7585e+00 -2.4472e+00 +1.1473e+00 -2.8529e+00 -1.3464e+00 -9.9921e-01 -5.8052e-02 -1.7803e+00 +1.0591e+00 -1.5723e-01 -9.3688e-01 +6.4226e-01 -4.0827e+00 -2.0699e+00 +7.2440e-01 +1.8633e+00
1763 +1.577049224e+02 +1.577049224e+02 -2.680450776e+02 -2.680450776e+02 -1.7755e+00 +2.1304e+00 -2.5506e+00 -2.2500e+00 +1.8413e+00 -2.3071e+00 +1.0718e+00 -2.9651e+00 -1.5609e+00 -1.1894e+00 +8.3160e-02 -1.3915e+00 +1.2950e+00 -7.0287e-02 -8.7872e-01 +6.0627e-01 -4.0013e+00 -2.2542e+00 +4.0110e-01 +1.5358e+00
3630 +9.953212270e+01 +9.953212270e+01 -3.262178773e+02 -3.262178773e+02 -2.5779e+00 +1.9296e+00 -2.7020e+00 -2.9393e+00 +1.9398e+00 -2.2883e+00 +9.9511e-01 -3.0256e+00 -1.6046e+00 -1.2938e+00 -4.9359e-02 -1.5002e+00 +1.3999e+00 -1.3780e-01 -1.1400e+00 +6.7505e-01 -3.5736e+00 -2.8221e+00 -4.6571e-01 +4.9772e-01
% function evaluation | noise-free fitness - Fopt (-2.209000000000e+02) | best noise-free fitness - Fopt | measured fitness | best measured fitness | x1 | x2...
1 +1.004898384e+06 +1.004898384e+06 +1.004677484e+06 +1.004677484e+06 -3.7214e+00 +2.2827e+00 +4.9848e+00 +1.8777e+00 -3.9272e+00 +3.0862e+00 -2.5395e+00 -4.6920e+00 -4.1735e+00 -1.6568e+00 +1.6520e+00 -8.2569e-01 +3.9966e+00 +1.3594e+00 -1.6137e+00 -1.5256e+00 -3.2494e+00 -4.1857e+00 +3.9113e+00 +1.3487e+00
2 +6.289332656e+05 +6.289332656e+05 +6.287123656e+05 +6.287123656e+05 -2.4056e+00 +3.8367e+00 -8.7138e-01 +3.3899e+00 -3.3447e-01 +4.2836e+00 +4.9801e+00 -4.2067e+00 +2.4154e+00 -4.0297e+00 +2.0968e+00 +4.3331e+00 +1.9612e-01 +2.6456e+00 -5.3977e-01 +7.9324e-01 +2.4446e+00 -2.7699e+00 -7.1531e-01 -1.3911e+00
4 +2.950334129e+05 +2.950334129e+05 +2.948125129e+05 +2.948125129e+05 -2.0981e+00 -3.3056e+00 -3.9585e+00 -4.9378e+00 -1.6259e+00 -1.4393e+00 -2.2655e+00 +6.4583e-01 +4.0849e+00 -1.4311e+00 -2.7817e+00 +2.8982e+00 -1.2268e+00 +6.4344e-01 +3.1024e-01 +2.7833e+00 +2.1582e+00 +4.3120e+00 -1.9498e+00 +3.0202e+00
7 +2.174091244e+05 +2.174091244e+05 +2.171882244e+05 +2.171882244e+05 -7.2637e-02 -3.4633e+00 -1.1244e+00 -3.7084e+00 -4.1309e+00 +1.2378e+00 +6.2743e-01 -2.3332e+00 -9.3984e-01 -1.8414e+00 +1.0035e+00 +1.1566e+00 -2.5030e+00 +4.4024e+00 -2.1335e+00 -1.0779e+00 -1.9796e-02 -3.8482e-01 +9.7632e-01 -1.2285e+00
13 +1.080536636e+05 +1.080536636e+05 +1.078327636e+05 +1.078327636e+05 -2.6664e+00 +5.3551e-01 -2.2868e+00 -5.3206e-01 -3.4059e+00 +4.8812e+00 -1.6800e+00 -1.7404e+00 -1.3757e+00 -1.8392e+00 +2.4809e+00 -6.1703e-01 -2.6631e+00 +1.5294e+00 -2.8257e+00 +3.6556e+00 +3.4198e+00 +1.6213e+00 +1.2902e+00 +1.8127e+00
54 +5.265234083e+04 +5.265234083e+04 +5.243144083e+04 +5.243144083e+04 +1.0991e+00 -1.0601e+00 -3.7651e+00 -1.2308e+00 -4.3973e-01 +3.0232e+00 -3.1604e+00 -1.4239e-01 +3.9348e-01 -6.7026e-01 -1.4516e-01 +1.8198e-01 -3.2474e+00 +7.2182e-01 -3.8271e+00 +3.7798e+00 +2.9251e+00 +1.0050e+00 +1.4224e-01 +1.1685e-01
166 +2.388284340e+04 +2.388284340e+04 +2.366194340e+04 +2.366194340e+04 +1.1855e+00 -2.5284e-01 -3.8425e+00 -1.4427e+00 +1.0870e-01 +2.4640e+00 -2.9074e+00 -7.2030e-01 +2.5294e+00 -1.4344e+00 -1.4469e-01 -2.1671e-01 -2.7936e+00 +7.0590e-01 -3.6373e+00 +1.9991e+00 +1.4386e+00 -1.0494e+00 -1.2066e+00 -4.4001e-01
243 +7.286822271e+03 +7.286822271e+03 +7.065922271e+03 +7.065922271e+03 -7.2369e-01 -1.3446e+00 -3.1324e+00 -2.1261e-01 -9.3411e-01 +6.0674e-01 -2.1271e+00 +5.4670e-01 +2.1026e-01 -2.3739e+00 +2.5684e-01 -2.3950e+00 -1.7961e+00 +1.0730e+00 -2.4802e+00 +1.9435e+00 +1.6846e+00 -1.5874e+00 -3.5395e-01 -6.1599e-01
281 +4.182169871e+03 +4.182169871e+03 +3.961269871e+03 +3.961269871e+03 -2.2539e-01 -1.7161e-01 -3.4993e+00 -4.8858e-01 -4.8029e-01 +7.2750e-01 -2.2328e+00 +6.1943e-01 +1.2101e+00 -2.0692e+00 -7.8878e-01 -2.8277e+00 -9.2580e-01 +6.2255e-01 -1.7831e+00 +1.4289e+00 +2.3497e+00 -1.4466e+00 -1.2478e+00 -1.0347e+00
428 +3.841727705e+03 +3.841727705e+03 +3.620827705e+03 +3.620827705e+03 -1.6757e+00 +3.9801e-01 -2.6909e+00 -3.1867e-02 +3.2899e-01 +5.1931e-01 -1.7151e+00 +4.6876e-01 +1.4831e+00 -2.5465e+00 -9.8355e-01 -3.3557e+00 -1.0665e+00 +7.9977e-01 -1.6419e+00 +1.0480e+00 +1.2040e+00 -2.6477e+00 -1.2396e+00 -1.0808e+00
643 +2.396361256e+03 +2.396361256e+03 +2.175461256e+03 +2.175461256e+03 -2.7498e-01 -2.6148e-01 -2.5542e+00 +7.4921e-02 -2.6476e-01 +3.1633e-01 -1.6910e+00 +5.3388e-01 +1.1823e+00 -2.6352e+00 -9.7977e-01 -2.8331e+00 -1.3600e+00 +8.3766e-01 -1.7367e+00 +1.1582e+00 +1.8515e+00 -2.0328e+00 -8.5683e-01 -1.0441e+00
1023 +1.581973500e+03 +1.581973500e+03 +1.361073500e+03 +1.361073500e+03 +1.6704e-01 -1.3382e-01 -1.8625e+00 +2.6264e-01 -2.5097e-01 +4.1340e-01 -1.8817e+00 +8.9702e-01 +1.6026e+00 -2.9948e+00 -7.9087e-01 -2.8125e+00 -1.3684e+00 +8.3360e-01 -1.7865e+00 +1.0087e+00 +1.4747e+00 -2.1953e+00 -1.1329e+00 -7.5638e-01
1645 +9.806775568e+02 +9.806775568e+02 +7.597775568e+02 +7.597775568e+02 +1.2575e-01 -8.1670e-02 -2.1842e+00 +4.3674e-01 -1.0297e-01 +5.7261e-01 -1.8157e+00 +1.3920e+00 +1.9055e+00 -3.4154e+00 -7.7826e-01 -2.7009e+00 -1.3337e+00 +1.1100e+00 -1.6424e+00 +7.5538e-01 +1.5257e+00 -1.6216e+00 -1.2476e+00 +5.7231e-02
2661 +6.269364942e+02 +6.269364942e+02 +4.060364942e+02 +4.060364942e+02 +9.7218e-02 -1.7810e-01 -2.1753e+00 +7.0265e-01 +3.3315e-01 +6.8444e-02 -1.6617e+00 +1.6716e+00 +1.6951e+00 -3.2762e+00 -6.6612e-01 -2.2357e+00 -1.5914e+00 +1.0888e+00 -1.2307e+00 +6.8971e-01 +1.6696e+00 -1.1556e+00 -2.1471e+00 +1.4927e-01
3361 +3.968091592e+02 +3.968091592e+02 +1.759091592e+02 +1.759091592e+02 -1.4618e-02 -4.6802e-01 -2.2748e+00 +6.6470e-01 +4.5020e-01 +2.1237e-01 -1.6661e+00 +1.6633e+00 +1.8062e+00 -3.3429e+00 -4.0672e-01 -2.5117e+00 -1.8365e+00 +7.6649e-01 -1.3529e+00 +6.1631e-01 +1.7319e+00 -8.9133e-01 -2.3837e+00 +1.0884e-01
3623 +2.451996243e+02 +2.451996243e+02 +2.429962426e+01 +2.429962426e+01 -2.3947e-01 -5.4463e-01 -2.1210e+00 +1.1352e+00 +4.1398e-01 +6.0375e-01 -1.9648e+00 +1.3688e+00 +2.0956e+00 -3.2096e+00 -6.3938e-01 -2.2298e+00 -2.2413e+00 +4.2140e-01 -1.1788e+00 +4.7872e-01 +1.6727e+00 -9.9014e-01 -2.2907e+00 +1.2781e-03
3843 +1.550980365e+02 +1.550980365e+02 -6.580196350e+01 -6.580196350e+01 -2.7714e-01 -6.2183e-01 -2.1999e+00 +1.3127e+00 +5.6273e-01 +7.0061e-01 -2.0319e+00 +1.3336e+00 +1.7848e+00 -3.3311e+00 -4.0422e-01 -1.7910e+00 -2.2489e+00 +4.9153e-01 -1.0138e+00 +3.7104e-01 +1.4931e+00 -9.3959e-01 -1.7978e+00 -5.7047e-01
4193 +9.639461166e+01 +9.639461166e+01 -1.245053883e+02 -1.245053883e+02 -1.0672e-01 -4.0893e-01 -1.7646e+00 +1.6190e+00 +1.0975e+00 +1.2729e+00 -2.0814e+00 +1.4980e+00 +1.8635e+00 -3.2528e+00 -1.3449e-01 -1.7375e+00 -2.4763e+00 +5.3647e-01 -6.7492e-01 -1.5318e-02 +1.4292e+00 -1.0138e+00 -2.1447e+00 -1.6234e-01
4492 +6.240641813e+01 +6.240641813e+01 -1.584935819e+02 -1.584935819e+02 -1.3489e-01 -4.6481e-01 -1.7760e+00 +1.5973e+00 +1.0925e+00 +1.1904e+00 -2.1226e+00 +1.4376e+00 +1.8076e+00 -3.1868e+00 -1.6572e-01 -1.7479e+00 -2.3163e+00 +6.0351e-01 -6.0861e-01 -1.6506e-01 +1.2887e+00 -1.1760e+00 -1.7863e+00 -6.6724e-01
4694 +3.675373147e+01 +3.675373147e+01 -1.841462685e+02 -1.841462685e+02 -1.9214e-01 -4.6675e-01 -1.7575e+00 +1.5162e+00 +9.5388e-01 +1.1595e+00 -2.1158e+00 +1.6062e+00 +1.8563e+00 -2.8949e+00 -2.6609e-01 -1.8223e+00 -2.3639e+00 +5.7344e-01 -3.5794e-01 -2.4211e-01 +1.1368e+00 -1.2130e+00 -1.9111e+00 -6.4579e-01
4944 +2.445814551e+01 +2.445814551e+01 -1.964418545e+02 -1.964418545e+02 -1.7761e-01 -4.1474e-01 -1.8633e+00 +1.4323e+00 +8.3458e-01 +1.0898e+00 -2.0684e+00 +1.5034e+00 +1.9163e+00 -2.9121e+00 -2.3964e-01 -1.8560e+00 -2.2831e+00 +5.5238e-01 -3.5932e-01 -3.3634e-01 +1.0802e+00 -1.1408e+00 -1.7494e+00 -6.4901e-01
% function evaluation | noise-free fitness - Fopt (-3.594800000000e+02) | best noise-free fitness - Fopt | measured fitness | best measured fitness | x1 | x2...
1 +7.379661443e+05 +7.379661443e+05 +7.376066643e+05 +7.376066643e+05 +3.8678e+00 -2.5923e-01 -1.1440e+00 -2.5968e+00 +2.1199e-01 -1.8083e+00 -2.4797e+00 +2.9070e+00 -4.1406e+00 +9.4005e-01 +3.5328e+00 +4.0496e+00 +2.4400e+00 +6.2941e-01 +3.0439e+00 -2.6487e+00 -2.8386e+00 -3.9967e+00 -3.4888e+00 +5.0389e-01
6 +3.144703164e+05 +3.144703164e+05 +3.141108364e+05 +3.141108364e+05 -5.9511e-01 -6.1726e-01 -9.6427e-01 -1.8448e+00 -3.4720e+00 -1.2972e+00 -4.6193e+00 +2.2447e+00 -3.4592e-01 -1.3512e+00 -3.4178e+00 -3.9940e+00 -1.0303e+00 -8.1858e-01 -3.5624e+00 -9.0877e-01 +4.5804e+00 -1.5308e+00 -4.3108e+00 +2.8650e+00
19 +2.319508549e+05 +2.319508549e+05 +2.315913749e+05 +2.315913749e+05 -2.5155e+00 -3.5937e+00 +3.2603e+00 -3.1164e+00 +3.4701e+00 +3.5733e+00 -4.8383e+00 +4.4753e+00 -3.4687e+00 -3.2320e+00 +4.7937e-01 -1.2695e+00 +1.2619e+00 -1.0630e+00 -2.1139e+00 -2.0487e+00 -4.9054e+00 -6.5741e-01 -4.0589e+00 -4.1444e+00
22 +1.417397150e+05 +1.417397150e+05 +1.413802350e+05 +1.413802350e+05 -3.3519e+00 -6.5679e+00 +3.8517e+00 -1.6547e+00 +1.9435e+00 -2.9326e-01 -1.6699e-01 +2.8797e+00 -7.8268e-01 -4.5183e+00 -5.1660e+00 +1.4125e+00 -3.4597e-01 +1.2734e+00 -6.8492e+00 -4.0120e+00 +4.6051e-01 +2.2179e+00 +5.2259e-01 -7.7092e+00
104 +4.201888775e+04 +4.201888775e+04 +4.165940775e+04 +4.165940775e+04 -2.5409e+00 -4.9224e+00 +3.2090e+00 -2.5245e+00 +2.5716e+00 -2.1160e-01 -4.4927e+00 +4.1002e+00 -1.2813e+00 -3.1323e+00 -3.2126e+00 +2.5429e-02 +1.2553e+00 +1.1945e+00 -3.1200e+00 -2.8576e+00 -2.3420e+00 +1.3097e+00 -2.8655e+00 -5.8304e+00
208 +2.400079213e+04 +2.400079213e+04 +2.364131213e+04 +2.364131213e+04 -3.5614e+00 -3.4034e+00 +1.6206e+00 +9.4144e-02 -2.3902e+00 -3.7534e-01 -2.6264e+00 -3.9382e-01 +7.1274e-01 -2.9560e-01 -2.0145e+00 +2.9417e+00 +2.1307e+00 +9.7224e-01 -4.1634e+00 -5.2893e+00 -4.7237e-01 +2.6484e+00 -8.2588e-01 -4.0121e-01
266 +1.411873741e+04 +1.411873741e+04 +1.375925741e+04 +1.375925741e+04 -3.9228e+00 -3.4728e+00 +1.6523e+00 +3.4075e-01 +3.7670e-01 -1.8074e+00 -2.9228e+00 +1.0229e+00 +1.7047e-01 -1.9119e+00 -6.3953e-01 +3.6293e+00 +1.5545e+00 +1.1695e+00 -4.0218e+00 -5.0439e+00 +9.8582e-03 +2.1174e+00 -1.7032e+00 -9.3144e-01
342 +7.477622149e+03 +7.477622149e+03 +7.118142149e+03 +7.118142149e+03 -3.2148e+00 -3.0806e+00 +1.9357e+00 +2.7820e-01 -1.1613e-01 -6.3098e-01 -2.6735e+00 +9.8830e-01 +2.4086e-01 -1.2958e+00 -1.8786e+00 +2.3582e+00 +1.8924e+00 +1.0241e+00 -3.4870e+00 -4.4032e+00 -8.1257e-01 +2.2161e+00 -1.8187e+00 -7.1846e-01
367 +5.716214564e+03 +5.716214564e+03 +5.356734564e+03 +5.356734564e+03 -3.2575e+00 -3.6677e+00 +8.0887e-01 -4.0773e-01 +4.0772e-01 -1.6516e+00 -3.1875e+00 +4.0935e-01 +4.0053e-01 -1.8994e+00 -1.4190e-01 +9.6841e-01 +2.6600e+00 +8.7351e-01 -2.6705e+00 -2.3913e+00 +1.2460e-01 +1.0057e+00 -3.6451e+00 +2.1693e+00
525 +2.692312517e+03 +2.692312517e+03 +2.332832517e+03 +2.332832517e+03 -2.9207e+00 -3.6097e+00 +1.6764e+00 -6.7497e-01 +3.9825e-01 -8.2117e-01 -3.3169e+00 +1.0317e+00 +8.9500e-01 -1.2661e+00 -6.8530e-01 +1.3819e+00 +1.5958e+00 +5.0642e-01 -2.8401e+00 -2.4180e+00 -8.2602e-01 +1.5828e+00 -2.6619e+00 +1.3581e-01
542 +2.490476866e+03 +2.490476866e+03 +2.130996866e+03 +2.130996866e+03 -2.4916e+00 -3.1445e+00 +1.2202e+00 -4.2507e-01 +2.3815e-02 -9.4143e-01 -3.4863e+00 +1.2186e+00 +7.2396e-01 -1.0281e+00 -3.2214e-01 +2.2917e+00 +1.3750e+00 +5.0502e-01 -2.7930e+00 -2.4104e+00 -1.0096e+00 +2.1521e+00 -2.9401e+00 +9.8798e-01
776 +1.447647698e+03 +1.447647698e+03 +1.088167698e+03 +1.088167698e+03 -2.5079e+00 -2.9064e+00 +7.8085e-01 -2.4761e-01 +1.5805e-01 -7.5102e-01 -2.6248e+00 +1.0529e+00 +1.0660e-01 -1.1763e+00 -1.0798e+00 +2.0118e+00 +9.4238e-01 +1.1490e-01 -2.9559e+00 -2.4567e+00 -1.0745e+00 +1.9532e+00 -2.6914e+00 +1.8570e+00
1163 +9.879961257e+02 +9.879961257e+02 +6.285161257e+02 +6.285161257e+02 -2.5830e+00 -2.8096e+00 +5.7931e-01 -3.1871e-01 +3.2286e-01 -9.5222e-01 -2.8081e+00 +1.0782e+00 +4.6761e-01 -1.3609e+00 -1.0306e+00 +1.2214e+00 +8.5784e-01 -6.7368e-02 -2.6098e+00 -2.3530e+00 -9.4144e-01 +1.4785e+00 -2.8572e+00 +2.0440e+00
1463 +6.161740948e+02 +6.161740948e+02 +2.566940948e+02 +2.566940948e+02 -2.8457e+00 -3.1385e+00 +7.6882e-01 -6.7399e-01 +3.4103e-02 -1.2067e+00 -2.4648e+00 +1.0524e+00 +5.9193e-01 -1.5447e+00 -1.0244e+00 +1.3669e+00 +8.3909e-01 -5.4649e-02 -2.6026e+00 -2.6558e+00 -8.0022e-01 +2.0423e+00 -2.7154e+00 +2.1259e+00
1799 +3.770504340e+02 +3.770504340e+02 +1.757043401e+01 +1.757043401e+01 -3.1616e+00 -3.3929e+00 +8.3938e-01 -1.0738e+00 -2.3059e-01 -9.9394e-01 -1.9429e+00 +1.5658e+00 +9.5144e-01 -1.9477e+00 -1.2636e+00 +1.3485e+00 +4.2813e-01 -3.1154e-01 -3.0338e+00 -3.6232e+00 -9.9819e-01 +1.9882e+00 -2.5342e+00 +2.4540e+00
2121 +2.435214337e+02 +2.435214337e+02 -1.159585663e+02 -1.159585663e+02 -3.5366e+00 -3.4448e+00 +1.0278e+00 -1.0176e+00 -3.3385e-01 -1.0830e+00 -2.0186e+00 +1.4950e+00 +9.2844e-01 -2.0850e+00 -1.6856e+00 +1.1317e+00 +6.2285e-01 -5.4594e-01 -3.2273e+00 -3.8584e+00 -8.6608e-01 +2.0978e+00 -2.6142e+00 +2.7243e+00
2801 +1.565559142e+02 +1.565559142e+02 -2.029240858e+02 -2.029240858e+02 -3.3338e+00 -3.3004e+00 +1.2915e+00 -1.0856e+00 -3.8625e-01 -1.4074e+00 -2.1711e+00 +1.5443e+00 +1.1892e+00 -2.5784e+00 -1.8519e+00 +1.0293e+00 +8.3152e-01 -8.1029e-01 -3.3382e+00 -3.8474e+00 -8.2479e-01 +2.0343e+00 -2.5793e+00 +2.7468e+00
3729 +9.990179826e+01 +9.990179826e+01 -2.595782017e+02 -2.595782017e+02 -3.2998e+00 -3.1948e+00 +1.4680e+00 -1.0111e+00 -6.7194e-01 -1.8256e+00 -2.4615e+00 +1.5885e+00 +1.4806e+00 -2.5922e+00 -1.9312e+00 +1.0871e+00 +1.1556e+00 -9.7530e-01 -3.3045e+00 -3.7570e+00 -9.3833e-01 +2.0447e+00 -2.5194e+00 +3.0252e+00
% function evaluation | noise-free fitness - Fopt (2.748000000000e+01) | best noise-free fitness - Fopt | measured fitness | best measured fitness | x1 | x2...
1 +1.351075127e+05 +1.351075127e+05 +1.351349927e+05 +1.351349927e+05 +3.2579e+00 +2.5595e+00 +3.9376e+00 -2.8924e+00 -5.3847e-01 -2.4637e+00 -1.0321e+00 -1.4289e+00 +4.8415e-01 +3.6488e+00 +2.6836e-01 +3.0234e+00 -3.7007e+00 -1.2501e+00 -2.0553e-01 -2.0832e+00 -2.3682e+00 -2.7136e+00 -2.3875e-01 +7.5804e-01
107 +9.674452942e+04 +9.674452942e+04 +9.677200942e+04 +9.677200942e+04 -1.1465e+00 +7.1762e-01 +3.7393e+00 +1.4509e+00 +1.6498e+00 -1.4525e+00 +1.1151e-01 +1.4695e+00 -1.4669e-01 +1.4895e-01 +3.7117e-01 +3.5625e-01 -7.0063e+00 -1.7000e+00 -4.5819e+00 -9.3040e-01 -4.2296e+00 -1.5509e+00 +3.1937e+00 +1.6434e+00
124 +4.195106528e+04 +4.195106528e+04 +4.197854528e+04 +4.197854528e+04 +9.3422e-01 -9.6688e-01 +3.9116e+00 +7.3107e-01 +4.1291e-01 -1.4180e+00 +3.0322e-01 +1.7182e+00 +6.6304e-01 +1.8052e+00 -3.2468e-01 -3.9549e-01 -1.0879e+00 -2.9883e-01 -1.6665e+00 -4.6310e-02 -3.2877e+00 -4.4922e-01 +6.6241e-02 -6.9838e-01
229 +3.798056611e+04 +3.798056611e+04 +3.800804611e+04 +3.800804611e+04 +9.9813e-01 -2.5575e-01 +3.1094e+00 +4.5471e-01 -5.1854e-02 -2.5257e+00 -1.5162e-01 +7.4877e-01 +2.6950e-02 +3.2573e+00 -6.3090e-01 +9.7325e-02 +1.3888e-01 -5.7292e-01 -8.1693e-01 +7.3708e-01 -2.7642e+00 -2.6567e-01 -2.3984e-02 -6.6585e-01
286 +2.220174776e+04 +2.220174776e+04 +2.222922776e+04 +2.222922776e+04 +4.5925e-01 -2.0539e-01 +2.1541e+00 +6.1874e-01 +2.7570e-01 -1.2164e+00 +3.9787e-01 +9.9441e-01 -1.6634e-01 +2.5830e+00 -9.2951e-01 -8.9525e-01 -2.5482e+00 -8.4063e-01 -4.4229e-01 +6.0635e-01 -3.0514e+00 -2.4564e+00 +3.8261e-01 -7.0256e-01
342 +1.268196408e+04 +1.268196408e+04 +1.270944408e+04 +1.270944408e+04 -3.8413e-01 +9.1769e-01 +2.3952e+00 -4.3947e-01 +5.4160e-01 -1.5885e+00 +5.7446e-01 -2.9739e-02 -4.1771e-01 +3.0239e+00 -8.9123e-01 -1.7414e+00 -2.8558e+00 -1.7777e+00 -1.3636e+00 +1.3278e+00 -2.7478e+00 -2.3013e+00 +6.3496e-01 -6.3373e-01
421 +8.303375085e+03 +8.303375085e+03 +8.330855085e+03 +8.330855085e+03 -3.1332e-01 +1.0207e+00 +2.4414e+00 -7.9207e-01 +5.7375e-01 -2.2691e+00 +8.4589e-01 -2.0769e+00 -5.7712e-01 +2.5277e+00 -1.2803e+00 -9.3140e-01 -3.6112e+00 -1.3243e+00 -1.0734e+00 +1.6387e+00 -2.6091e+00 -3.2306e+00 +1.0034e+00 -1.2079e+00
957 +6.196188505e+03 +6.196188505e+03 +6.223668505e+03 +6.223668505e+03 -3.9931e-01 +2.5125e+00 +2.3627e+00 -8.6622e-01 +6.6527e-01 -2.6618e+00 +1.6198e+00 -1.9491e+00 -3.6089e-01 +2.4046e+00 -1.2773e+00 -1.2992e+00 -2.0821e+00 -2.6654e+00 -1.3513e+00 +1.5045e+00 -2.7055e+00 -3.2187e+00 +1.1376e+00 -1.8326e+00
1788 +3.924197601e+03 +3.924197601e+03 +3.951677601e+03 +3.951677601e+03 +1.3661e-01 +2.3489e+00 +2.3903e+00 -1.0697e+00 +3.2056e-01 -1.8849e+00 +2.3090e+00 -1.6682e+00 -3.8466e-01 +2.2163e+00 -2.0614e+00 -2.6118e+00 -3.2163e+00 -3.0093e+00 -1.6291e+00 +1.0757e+00 -2.9639e+00 -2.6267e+00 +5.1243e-01 -8.3832e-01
2281 +2.488368561e+03 +2.488368561e+03 +2.515848561e+03 +2.515848561e+03 -5.5133e-02 +2.2624e+00 +2.1721e+00 -1.3449e+00 +4.2201e-01 -2.1874e+00 +1.6667e+00 -1.2673e+00 -7.4370e-01 +2.0074e+00 -2.5287e+00 -2.7047e+00 -3.4550e+00 -3.7514e+00 -1.7138e+00 +1.0921e+00 -3.4708e+00 -2.8726e+00 +3.5220e-01 -3.9400e-01
2771 +1.580812282e+03 +1.580812282e+03 +1.608292282e+03 +1.608292282e+03 +1.8594e-03 +2.2648e+00 +1.8037e+00 -1.8124e+00 +5.8341e-01 -2.0130e+00 +1.5044e+00 -1.2008e+00 -9.5433e-01 +1.6638e+00 -2.5500e+00 -1.8858e+00 -3.0003e+00 -3.4454e+00 -1.8816e+00 +3.4180e-01 -3.5114e+00 -2.7930e+00 +8.3435e-02 +3.0977e-01
3604 +9.996164860e+02 +9.996164860e+02 +1.027096486e+03 +1.027096486e+03 +3.3441e-01 +2.2182e+00 +1.7957e+00 -1.8650e+00 +8.2319e-01 -2.2646e+00 +1.3642e+00 -1.2105e+00 -1.0587e+00 +1.3659e+00 -2.9907e+00 -1.9907e+00 -2.7910e+00 -3.1195e+00 -2.5676e+00 +5.8809e-01 -3.3613e+00 -2.8554e+00 -3.0218e-01 +1.7946e+00
4723 +6.295360491e+02 +6.295360491e+02 +6.570160491e+02 +6.570160491e+02 +5.7332e-01 +1.8950e+00 +1.4771e+00 -2.0161e+00 +1.5675e+00 -2.6263e+00 +1.4440e+00 -7.3248e-01 -1.2630e+00 +1.2947e+00 -3.0899e+00 -1.9427e+00 -2.9170e+00 -2.7367e+00 -2.8111e+00 +8.5187e-01 -2.7646e+00 -2.9652e+00 -3.6319e-01 +1.9437e+00
% function evaluation | noise-free fitness - Fopt (3.609000000000e+01) | best noise-free fitness - Fopt | measured fitness | best measured fitness | x1 | x2...
1 +9.411239371e+05 +9.411239371e+05 +9.411600271e+05 +9.411600271e+05 +3.4845e+00 -7.5184e-01 -1.6346e+00 +4.4522e+00 +1.7447e+00 +3.5810e+00 +4.2863e+00 +4.5008e+00 -1.3853e+00 -3.6198e+00 +2.2508e+00 -4.3288e+00 +3.6937e+00 +2.0923e+00 -4.3786e+00 -1.6123e+00 -4.4625e+00 -3.0015e+00 -1.4139e+00 +2.7568e+00
3 +6.292231440e+05 +6.292231440e+05 +6.292592340e+05 +6.292592340e+05 -4.1977e+00 +3.6892e+00 -1.7531e+00 -4.6860e+00 +3.4576e+00 +3.8138e+00 +4.9726e+00 +4.9716e-01 -4.6737e-01 +3.2228e-02 -1.9640e-01 -2.4383e+00 -4.0340e+00 +8.8652e-02 +4.4744e-01 -9.4353e-01 +2.4299e+00 -4.5301e+00 -1.3497e+00 -1.2067e+00
8 +1.665199721e+05 +1.665199721e+05 +1.665560621e+05 +1.665560621e+05 -9.3958e-01 +2.7888e+00 -3.0503e+00 -2.0690e+00 +3.4631e+00 -1.8976e+00 -3.4745e+00 +1.2974e+00 -4.1162e+00 +8.6561e-02 +1.0596e+00 +1.5066e+00 +9.7855e-01 +1.5599e+00 -4.5779e+00 -1.1118e+00 -2.8289e+00 -5.7443e-01 +2.9334e-01 +4.7164e+00
93 +1.505539941e+05 +1.505539941e+05 +1.505900841e+05 +1.505900841e+05 -2.5392e+00 +2.3018e+00 -3.5499e+00 -1.8903e+00 +4.3810e+00 +2.4086e+00 -1.3260e+00 +1.5407e+00 -6.0185e-01 -1.4923e+00 -1.8890e+00 -6.7281e-01 -2.8972e+00 +1.7618e+00 -4.8246e+00 +1.1179e-01 +6.3059e-01 -3.7605e+00 -5.0479e-01 +1.6845e+00
210 +9.454555936e+04 +9.454555936e+04 +9.458164936e+04 +9.458164936e+04 -2.6706e+00 -1.5296e+00 -2.6048e+00 +1.6755e+00 +3.3135e+00 +1.5155e+00 -1.2259e+00 -4.9293e-01 -6.7697e-02 +2.9170e-01 +1.9003e+00 -4.7060e-01 +9.7736e-01 +1.4524e+00 -3.3529e+00 +1.5278e+00 +1.1285e+00 -3.0155e+00 -1.1076e+00 +2.9014e+00
263 +5.996764505e+04 +5.996764505e+04 +6.000373505e+04 +6.000373505e+04 -2.0394e+00 -1.5739e+00 -3.1047e+00 +4.6828e-01 +2.8768e+00 -2.0819e+00 -1.0566e+00 -1.1193e+00 -1.3582e+00 -1.3539e+00 +1.1430e+00 -8.3809e-01 -8.1822e-01 +1.5350e+00 -3.3463e+00 +2.0901e-02 -4.9533e-01 -1.2378e+00 -2.0546e+00 +3.4892e+00
370 +3.563451540e+04 +3.563451540e+04 +3.567060540e+04 +3.567060540e+04 +4.0782e-01 +1.4274e+00 -2.9871e+00 +1.5417e+00 +2.7505e+00 +1.1988e+00 -1.2551e+00 -1.9280e-01 -2.9631e+00 +1.5468e+00 -7.0491e-01 -3.5712e-01 -3.7248e-01 +2.5149e+00 -1.9421e+00 +2.9294e-01 -2.2985e-01 -4.1509e+00 -7.4375e-01 +4.5020e+00
456 +2.210937538e+04 +2.210937538e+04 +2.214546538e+04 +2.214546538e+04 +1.5749e-01 +7.3298e-01 -3.9950e+00 -8.4631e-01 +1.4148e+00 +1.8805e+00 -1.9455e+00 -5.9814e-01 -1.4422e+00 +3.7445e-01 -1.2665e-02 +1.9610e+00 +2.3979e+00 +1.8658e+00 -5.7496e-01 -2.0496e-01 +6.6823e-02 -2.9323e+00 -1.6287e+00 +2.9265e+00
490 +1.560056619e+04 +1.560056619e+04 +1.563665619e+04 +1.563665619e+04 -5.8606e-01 +2.5104e+00 -1.8820e+00 -8.4402e-02 +2.1487e+00 +1.3138e+00 -4.9711e-01 -1.8168e+00 -3.9627e+00 +1.1453e+00 -5.3873e-01 +6.9809e-01 +2.2801e-01 +1.6440e+00 -1.3353e+00 +2.8912e-02 +3.4778e-01 -3.6416e+00 -1.0211e+00 +3.5564e+00
823 +9.921735010e+03 +9.921735010e+03 +9.957825010e+03 +9.957825010e+03 +6.9244e-01 +1.9299e+00 -2.6224e+00 +1.3014e-02 +1.3103e+00 +2.1052e+00 -6.2491e-01 -1.6467e+00 -2.0043e+00 +7.5030e-01 -3.8897e-01 +3.0610e-01 +7.5424e-01 +8.0826e-01 -4.6478e-01 -1.1833e-01 +6.6231e-01 -3.5878e+00 -1.6898e+00 +4.0683e+00
1161 +6.176726659e+03 +6.176726659e+03 +6.212816659e+03 +6.212816659e+03 +1.4930e+00 +2.7213e+00 -2.3616e+00 +2.9642e-01 +2.2290e+00 +2.5475e+00 -1.2543e+00 -1.5173e+00 -2.4661e+00 +3.9232e-01 -1.2213e+00 +1.6092e-01 +3.4468e-01 +1.4126e+00 -7.7946e-01 -7.8826e-01 +1.2965e+00 -3.3358e+00 -1.5284e+00 +4.3889e+00
1747 +3.968007593e+03 +3.968007593e+03 +4.004097593e+03 +4.004097593e+03 +1.1447e+00 +2.4080e+00 -1.8942e+00 -2.3963e-02 +2.1865e+00 +2.4488e+00 -1.5065e+00 -2.1314e+00 -2.6898e+00 +3.1343e-01 -9.1233e-01 +3.6253e-01 +7.5485e-01 +1.1537e+00 -6.4179e-01 -8.5726e-01 +7.8839e-01 -2.6592e+00 -1.8838e+00 +3.7851e+00
2004 +2.414900746e+03 +2.414900746e+03 +2.450990746e+03 +2.450990746e+03 +1.1026e+00 +2.2532e+00 -1.5886e+00 +3.7086e-01 +1.9819e+00 +2.3330e+00 -1.8740e+00 -2.5587e+00 -2.9205e+00 +2.4572e-01 -9.7788e-01 +5.0007e-01 +1.2865e+00 +1.2444e+00 -5.8925e-01 -1.2599e+00 +1.4395e+00 -2.4052e+00 -2.0093e+00 +3.4194e+00
2135 +1.422862048e+03 +1.422862048e+03 +1.458952048e+03 +1.458952048e+03 +3.0444e-01 +1.9526e+00 -1.7079e+00 +9.4986e-01 +1.3259e+00 +2.4488e+00 -1.8578e+00 -2.6380e+00 -3.0846e+00 +5.3500e-01 -1.1093e+00 +3.1834e-01 +1.3554e+00 +8.2643e-01 -4.3170e-01 -1.5731e+00 +1.2517e+00 -2.8919e+00 -1.7761e+00 +3.2495e+00
2207 +9.676926270e+02 +9.676926270e+02 +1.003782627e+03 +1.003782627e+03 +3.9686e-01 +1.9259e+00 -1.6271e+00 +1.2657e+00 +1.2698e+00 +2.3865e+00 -1.9556e+00 -2.7844e+00 -3.1408e+00 +7.8860e-01 -1.1576e+00 +3.1258e-01 +1.1785e+00 +7.2842e-01 -7.2436e-01 -1.8459e+00 +1.6940e+00 -2.8921e+00 -1.6334e+00 +3.2953e+00
2325 +6.168585987e+02 +6.168585987e+02 +6.529485987e+02 +6.529485987e+02 +1.8295e-01 +1.4377e+00 -1.8373e+00 +1.1237e+00 +4.3829e-01 +2.0178e+00 -2.1286e+00 -2.6053e+00 -2.9729e+00 +9.3363e-01 -1.3908e+00 -3.6737e-02 +1.2217e+00 +5.6878e-01 -8.5496e-01 -2.3423e+00 +1.1814e+00 -2.4163e+00 -1.4391e+00 +3.2728e+00
2614 +3.809174961e+02 +3.809174961e+02 +4.170074961e+02 +4.170074961e+02 +3.2119e-01 +1.4255e+00 -1.8205e+00 +1.2664e+00 +5.8503e-01 +1.7488e+00 -2.2049e+00 -3.0792e+00 -3.1816e+00 +8.5691e-01 -1.4815e+00 -3.6199e-02 +9.2989e-01 +5.3343e-01 -1.4328e+00 -2.4781e+00 +1.3052e+00 -2.4385e+00 -1.3525e+00 +3.1319e+00
3234 +2.489880430e+02 +2.489880430e+02 +2.850780430e+02 +2.850780430e+02 +5.6842e-01 +1.4420e+00 -1.8416e+00 +1.9295e+00 +1.1184e+00 +1.7374e+00 -2.2985e+00 -3.5498e+00 -3.3497e+00 +1.1833e+00 -1.8250e+00 -1.5833e-01 +9.7530e-01 +3.6932e-01 -1.5395e+00 -2.4630e+00 +1.1027e+00 -2.3583e+00 -1.4677e+00 +3.0026e+00
4603 +1.569785835e+02 +1.569785835e+02 +1.930685835e+02 +1.930685835e+02 +5.1242e-01 +1.5599e+00 -1.5018e+00 +2.4308e+00 +1.6976e+00 +2.0311e+00 -2.2627e+00 -3.3652e+00 -3.3351e+00 +1.3630e+00 -2.0545e+00 -2.3796e-01 +1.1149e+00 +3.3369e-01 -1.5741e+00 -2.4246e+00 +1.2218e+00 -2.5142e+00 -1.7495e+00 +2.1148e+00
% function evaluation | noise-free fitness - Fopt (-5.791000000000e+01) | best noise-free fitness - Fopt | measured fitness | best measured fitness | x1 | x2...
1 +6.655568136e+05 +6.655568136e+05 +6.654989036e+05 +6.654989036e+05 -4.7773e+00 -2.6085e+00 -2.6046e+00 +3.3425e-01 +5.7756e-01 -3.8662e+00 +4.8435e+00 -2.4544e-01 -4.3854e+00 +2.1459e-01 +4.7946e+00 +4.6512e+00 -2.1533e+00 -4.7155e+00 -2.0589e+00 +7.2824e-01 +3.2328e+00 -4.2619e+00 +1.0785e+00 -9.8175e-01
2 +4.436145014e+05 +4.436145014e+05 +4.435565914e+05 +4.435565914e+05 -1.7515e+00 +3.7970e+00 +3.6891e+00 +3.3715e-01 +2.4966e+00 +1.4323e+00 -4.8503e+00 -1.7860e+00 +3.8816e+00 +2.2779e-02 +4.0638e+00 +3.5701e+00 -1.2960e+00 +2.9427e+00 +4.0070e-01 +3.7298e+00 +4.9770e+00 +2.8658e+00 -3.8344e+00 -3.8070e+00
12 +3.458886919e+05 +3.458886919e+05 +3.458307819e+05 +3.458307819e+05 +3.0322e+00 -1.6010e+00 +5.6924e-01 -2.2887e+00 +1.4982e+00 +1.5375e+00 -2.8040e+00 -8.2816e-01 -2.2056e+00 -2.6051e+00 -3.4568e+00 -3.2351e+00 -3.6869e+00 +2.2047e+00 -4.5093e+00 +1.5275e+00 +2.4288e+00 -3.5830e+00 -7.7683e-01 +4.3726e+00
13 +1.446991687e+05 +1.446991687e+05 +1.446412587e+05 +1.446412587e+05 +4.5908e+00 +4.9075e+00 -4.9950e-01 +3.3111e+00 -2.4639e+00 -4.3753e+00 +2.5013e+00 -4.2954e+00 -2.3442e+00 -1.7666e+00 +1.1167e+00 -3.0120e+00 +2.5087e+00 +1.7051e+00 +4.3647e+00 -2.9784e-01 -3.1342e+00 +1.4338e-01 +1.5163e+00 +2.9388e+00
156 +6.609130809e+04 +6.609130809e+04 +6.603339809e+04 +6.603339809e+04 +6.6703e-01 +2.2631e-01 +1.8347e+00 -1.9074e+00 +4.2503e+00 -1.6537e+00 +1.2591e+00 -4.2720e+00 -2.5524e+00 -3.1855e+00 +1.1205e+00 -5.9186e-01 +1.6352e+00 +1.8073e+00 +4.4263e-01 -2.8867e-01 -3.2053e-01 +2.8803e+00 -3.9240e-01 +6.3016e-01
163 +5.872893530e+04 +5.872893530e+04 +5.867102530e+04 +5.867102530e+04 +5.5805e+00 -9.6472e-02 -5.5705e-01 +4.3848e-01 +2.2541e-02 -6.7487e-01 +5.5141e-01 -2.6523e+00 -1.5657e+00 -2.1971e+00 -3.2446e+00 -3.4276e+00 +1.2740e+00 -6.5726e-01 +1.0085e+00 -6.0712e-01 -1.1398e-01 -1.1912e+00 +3.2627e-01 +6.9418e+00
208 +3.752978468e+04 +3.752978468e+04 +3.747187468e+04 +3.747187468e+04 +1.4584e+00 +1.2316e+00 +2.8906e+00 -7.6730e-01 +3.1234e+00 -8.9441e-01 -6.0908e-01 -3.4394e+00 -3.3083e+00 -3.0341e+00 +4.0076e-01 +6.2306e-01 +1.7919e+00 -2.2661e-01 -2.0529e+00 -3.0495e+00 -8.4316e-02 +1.9470e+00 -1.6019e+00 +7.9027e-01
229 +2.067884244e+04 +2.067884244e+04 +2.062093244e+04 +2.062093244e+04 +1.2269e+00 -1.7334e-01 +1.7820e+00 +1.1344e+00 +3.1295e+00 -1.1037e+00 +7.5619e-01 -3.5203e+00 -9.5231e-01 -3.7004e+00 +2.1453e+00 +5.3154e-01 +2.4162e+00 -2.4357e+00 +3.9782e+00 +1.4778e+00 +1.6868e+00 +7.1157e-01 -1.4483e-01 +4.0709e+00
378 +1.276803675e+04 +1.276803675e+04 +1.271012675e+04 +1.271012675e+04 +1.2896e+00 +1.6249e-01 +3.0494e+00 +3.1584e+00 +2.1401e+00 -1.8864e+00 -1.0960e+00 -3.7661e+00 -9.7270e-01 -4.1977e+00 +2.0570e+00 -1.6948e+00 +1.6732e+00 -1.4030e+00 +2.2659e+00 +1.9455e-02 +5.3454e-01 -4.8562e-01 -1.1537e+00 +4.5752e+00
456 +7.203769883e+03 +7.203769883e+03 +7.145859883e+03 +7.145859883e+03 +1.2173e+00 +1.4828e+00 +2.5389e+00 +1.7554e+00 +7.7397e-01 -2.3099e+00 -1.1015e+00 -4.2921e+00 -2.2301e+00 -1.9381e+00 -4.7207e-02 -1.9622e+00 +5.6115e-01 -1.1550e+00 +2.5390e+00 -1.3997e+00 +4.1641e-01 -1.6849e+00 -5.3368e-01 +3.3251e+00
525 +5.896804410e+03 +5.896804410e+03 +5.838894410e+03 +5.838894410e+03 +1.9214e+00 +9.8359e-01 +1.8904e+00 +2.5797e+00 +4.0323e-01 -1.4331e+00 -4.6123e-01 -4.1760e+00 -2.8805e+00 -3.4995e+00 -2.2011e-01 -2.2185e+00 +1.2358e+00 -2.1588e+00 +1.7405e+00 -7.5733e-01 +6.8634e-01 -1.0400e+00 +6.8085e-02 +4.8149e+00
683 +2.687797150e+03 +2.687797150e+03 +2.629887150e+03 +2.629887150e+03 +1.0471e+00 +8.8709e-01 +2.0489e+00 +1.6900e+00 +9.2831e-01 -1.8128e+00 -1.3543e+00 -3.1479e+00 -1.7526e+00 -2.6566e+00 -8.8311e-02 -1.0194e+00 +6.5951e-01 -1.9266e+00 +1.3441e+00 -1.8529e+00 +5.3802e-01 -1.2154e+00 -8.1838e-01 +3.0795e+00
751 +1.838063816e+03 +1.838063816e+03 +1.780153816e+03 +1.780153816e+03 +1.2091e+00 +7.8574e-02 +1.8665e+00 +1.8952e+00 +1.8519e-01 -2.0119e+00 -1.3205e+00 -2.4066e+00 -1.8418e+00 -2.7891e+00 -6.1510e-01 -1.0013e+00 +1.4122e+00 -2.5768e+00 +9.5583e-01 -2.0016e+00 +1.4278e-01 -5.8310e-01 -5.1737e-01 +4.8409e+00
849 +1.483402688e+03 +1.483402688e+03 +1.425492688e+03 +1.425492688e+03 +1.6798e+00 +3.9531e-01 +1.6300e+00 +1.6481e+00 +6.9610e-01 -1.6097e+00 -1.2342e+00 -2.5921e+00 -1.7362e+00 -2.5254e+00 -9.4841e-01 -1.3067e+00 +9.4518e-01 -1.8366e+00 +6.8960e-01 -2.0152e+00 +2.5744e-01 -6.6893e-01 -7.4249e-01 +4.5210e+00
1045 +9.876857244e+02 +9.876857244e+02 +9.297757244e+02 +9.297757244e+02 +1.3717e+00 +3.8205e-01 +1.3793e+00 +1.4557e+00 +3.1794e-01 -2.1455e+00 -8.3147e-01 -3.1054e+00 -2.0261e+00 -2.3588e+00 -6.4803e-01 -9.7869e-01 +6.3983e-01 -2.1087e+00 +1.3986e+00 -2.3699e+00 +3.6644e-01 -6.5975e-01 -7.9597e-01 +3.8236e+00
1333 +5.997568552e+02 +5.997568552e+02 +5.418468552e+02 +5.418468552e+02 +1.1049e+00 +8.1011e-01 +1.3499e+00 +1.7126e+00 +4.7457e-01 -1.9925e+00 -4.1130e-01 -3.0247e+00 -1.5953e+00 -2.1016e+00 -4.9453e-01 -9.2026e-01 +8.3655e-01 -2.1657e+00 +1.5657e+00 -1.7601e+00 +3.1182e-01 -3.5009e-01 -7.9952e-01 +4.1231e+00
1892 +3.955906053e+02 +3.955906053e+02 +3.376806053e+02 +3.376806053e+02 +1.4414e+00 +8.6419e-01 +1.0988e+00 +1.7364e+00 +6.2586e-01 -1.8264e+00 -2.8454e-01 -2.6406e+00 -1.2590e+00 -1.9233e+00 -7.0857e-01 -6.1484e-01 +9.1177e-01 -2.3440e+00 +1.2409e+00 -1.8672e+00 +4.6974e-01 -2.3816e-01 -1.2031e+00 +3.7069e+00
3108 +2.485312364e+02 +2.485312364e+02 +1.906212364e+02 +1.906212364e+02 +1.3837e+00 +1.2694e+00 +5.6584e-01 +1.5706e+00 +1.1723e+00 -1.8891e+00 -8.6229e-02 -2.1450e+00 -6.7303e-01 -1.4864e+00 -1.5653e-01 -6.6409e-01 +1.0975e+00 -2.3210e+00 +1.6147e+00 -1.6752e+00 +3.4012e-01 +3.0207e-02 -1.7709e+00 +1.9727e+00
3446 +1.571415283e+02 +1.571415283e+02 +9.923152826e+01 +9.923152826e+01 +1.2033e+00 +1.4204e+00 +5.6204e-01 +1.4729e+00 +1.5067e+00 -1.9631e+00 -2.4183e-01 -2.2469e+00 -6.6544e-01 -1.1669e+00 +7.7267e-02 -6.8961e-01 +1.4331e+00 -2.4156e+00 +1.3224e+00 -1.7521e+00 +3.4307e-01 +2.6910e-01 -2.0201e+00 +1.5767e+00
3763 +9.904867110e+01 +9.904867110e+01 +4.113867110e+01 +4.113867110e+01 +1.4022e+00 +1.4838e+00 +4.5708e-01 +1.7354e+00 +1.7798e+00 -1.8710e+00 -2.7748e-01 -2.2641e+00 -6.6307e-01 -1.1787e+00 +1.6175e-01 -7.1236e-01 +1.1052e+00 -2.3403e+00 +1.2076e+00 -1.6538e+00 +4.6378e-01 +5.7993e-01 -2.5530e+00 +1.2201e+00
% function evaluation | noise-free fitness - Fopt (-3.349100000000e+02) | best noise-free fitness - Fopt | measured fitness | best measured fitness | x1 | x2...
1 +6.320281586e+05 +6.320281586e+05 +6.316932486e+05 +6.316932486e+05 -4.9079e+00 -1.8954e+00 -4.5858e+00 -1.3249e+00 +4.4806e+00 -1.7791e-01 -1.4307e+00 +1.1585e+00 -4.2558e+00 +4.7042e+00 +1.9190e+00 -2.8230e+00 +4.7321e+00 +2.9024e+00 -2.7556e+00 +3.0587e+00 -4.2899e+00 +1.1889e+00 -4.7377e+00 -2.2204e+00
2 +3.099932514e+05 +3.099932514e+05 +3.096583414e+05 +3.096583414e+05 -3.0654e+00 +2.2691e-01 -4.4170e+00 -3.8868e-01 +4.9198e+00 +2.1727e+00 +2.6647e+00 +3.9527e+00 +3.4792e+00 +2.8024e+00 +4.3860e+00 +1.8214e+00 +9.6730e-01 -1.0518e+00 -4.3649e+00 -1.4203e+00 +9.4093e-01 +1.0313e+00 +2.2555e+00 -4.7806e+00
4 +1.975357140e+05 +1.975357140e+05 +1.972008040e+05 +1.972008040e+05 -4.4655e+00 +3.8561e+00 +6.5805e-02 -4.6014e-03 -2.3292e+00 -2.6831e+00 -3.1142e+00 +7.8139e-01 -1.7284e+00 +1.6549e-01 +3.0365e-01 -9.2561e-02 +2.7113e+00 -3.3783e+00 -1.3358e+00 +1.2592e+00 -1.8903e+00 -3.9130e+00 +2.2489e+00 -2.1728e+00
11 +1.219460854e+05 +1.219460854e+05 +1.216111754e+05 +1.216111754e+05 -3.2823e+00 -4.9105e+00 +1.2926e-01 +3.6249e+00 +1.1462e+00 -8.3426e-01 -1.0093e+00 +3.9576e-01 -7.4054e-01 +1.1864e+00 -1.3899e+00 +3.1231e+00 -3.9313e+00 +2.0979e+00 -2.8128e+00 -4.8034e+00 +3.8134e+00 +4.4362e-01 -2.7383e+00 -3.2470e+00
36 +9.677722024e+04 +9.677722024e+04 +9.644231024e+04 +9.644231024e+04 -4.1433e+00 +3.0406e+00 +8.3085e-02 +9.8380e-01 +4.3418e-01 -2.1796e+00 -2.8731e+00 +6.7637e-01 -1.4594e+00 +2.5335e+00 -1.5754e-01 +7.8313e-01 -3.2512e+00 -1.8870e+00 -1.7380e+00 -3.9175e-01 -3.3707e-01 -2.7266e+00 -2.9862e+00 -2.4653e+00
141 +5.918750676e+04 +5.918750676e+04 +5.885259676e+04 +5.885259676e+04 -4.1188e+00 +1.8973e+00 +4.7718e-01 -5.5432e-01 +2.4663e-01 -1.1709e+00 -3.7563e+00 +2.6642e+00 +4.3728e-01 +5.2785e-01 -3.3174e-01 -8.4485e-01 -2.6243e+00 -1.1881e+00 -2.2344e+00 -1.7957e-01 -1.3697e+00 -1.4977e+00 -1.4546e+00 -3.1027e+00
162 +3.358908233e+04 +3.358908233e+04 +3.325417233e+04 +3.325417233e+04 -1.6629e+00 +1.4660e+00 +2.7029e+00 +1.1756e+00 +1.6615e+00 +4.1657e-01 -1.9676e+00 +2.5184e+00 -8.4055e-01 +1.7192e+00 +2.3139e+00 +1.7000e+00 -1.6622e+00 -4.0033e+00 -1.5884e+00 -1.5154e+00 -1.9742e-01 -1.1758e+00 -6.7867e-01 -5.4802e+00
286 +2.091774529e+04 +2.091774529e+04 +2.058283529e+04 +2.058283529e+04 -1.9153e+00 -1.0938e+00 +1.8493e+00 +1.8612e+00 +4.8131e-01 +1.5188e+00 -5.0391e-02 +2.4694e+00 -1.2538e+00 +1.6970e+00 -6.8955e-01 +9.7379e-01 -2.1772e+00 +1.3644e+00 -9.8161e-01 -2.2060e+00 +9.7573e-01 +6.9715e-01 -1.2715e+00 -3.1395e+00
356 +1.252994305e+04 +1.252994305e+04 +1.219503305e+04 +1.219503305e+04 -1.8490e+00 -7.7356e-01 +1.0128e+00 +2.2104e+00 -4.0785e-01 +4.5960e-01 -3.3966e-01 +2.4519e+00 -1.9727e+00 +1.5497e+00 +7.3696e-02 +1.2646e+00 -2.3235e+00 +8.4645e-01 -1.4036e+00 -1.2491e+00 +2.2700e-01 +7.0889e-02 -1.2215e+00 -1.6908e+00
425 +8.184921208e+03 +8.184921208e+03 +7.850011208e+03 +7.850011208e+03 -1.7661e+00 +5.3840e-02 +1.9952e+00 +2.4704e+00 +1.8214e-01 +1.1199e+00 -1.0636e+00 +9.7303e-01 -1.7866e+00 +1.1111e+00 +9.6975e-01 +9.5395e-01 -8.7153e-01 +2.5357e-01 -1.4976e+00 -8.5275e-01 -6.5320e-01 +6.0093e-01 -7.1099e-01 -6.0709e-01
487 +6.039632911e+03 +6.039632911e+03 +5.704722911e+03 +5.704722911e+03 -1.3447e+00 +4.5197e-01 +1.8971e+00 +3.0978e+00 +5.6628e-01 +5.5257e-01 -1.5105e+00 +9.6125e-01 -2.4943e+00 +1.2171e+00 +1.7655e+00 +1.3368e+00 -1.1825e-01 +2.3453e-01 -2.3635e-01 -7.2368e-01 -1.0108e+00 +4.7347e-01 -7.9793e-01 -8.3930e-01
612 +3.148585289e+03 +3.148585289e+03 +2.813675289e+03 +2.813675289e+03 -1.0606e+00 +1.0450e+00 +1.7116e+00 +2.3580e+00 +7.5063e-01 +1.4120e-01 -1.0965e+00 +9.9563e-01 -1.4329e+00 +1.0657e+00 +4.6652e-01 +1.5821e+00 -1.1756e+00 -3.8949e-01 +1.7786e-01 -7.9025e-01 +8.5187e-02 -9.4587e-02 -4.2866e-01 -2.2353e+00
668 +2.407393692e+03 +2.407393692e+03 +2.072483692e+03 +2.072483692e+03 -5.9479e-01 +8.5196e-01 +1.8242e+00 +2.7938e+00 +3.4404e-01 +2.2760e-02 +6.0386e-02 +1.0025e+00 -1.9062e+00 +9.3401e-01 -3.2529e-01 +2.0017e+00 -1.3473e+00 -7.0017e-01 +2.8788e-01 -7.1951e-01 +6.3436e-01 -1.9208e-01 -1.6221e-01 -1.4899e+00
1010 +1.564848149e+03 +1.564848149e+03 +1.229938149e+03 +1.229938149e+03 -1.1618e+00 +5.6862e-01 +1.5911e+00 +3.2037e+00 +5.6592e-01 -3.4715e-02 -6.0839e-01 +8.3311e-01 -1.6845e+00 +7.6180e-01 +5.4484e-02 +1.9472e+00 -1.1170e+00 -6.0102e-01 -6.3232e-02 -1.0191e+00 +2.7088e-01 -2.7730e-01 -3.7680e-01 -1.3275e+00
1268 +9.672274877e+02 +9.672274877e+02 +6.323174877e+02 +6.323174877e+02 -1.2970e+00 +2.4477e-01 +1.5499e+00 +2.9850e+00 +8.3310e-01 +2.2830e-01 -1.5637e-01 +9.2668e-01 -1.5938e+00 +9.6802e-01 +4.4250e-01 +1.8578e+00 -1.2589e+00 -5.7521e-01 +1.6391e-01 -1.2903e+00 +4.2453e-01 -1.7023e-01 -2.8445e-01 -1.7264e+00
1423 +6.127237325e+02 +6.127237325e+02 +2.778137325e+02 +2.778137325e+02 -1.4262e+00 -5.5621e-02 +1.3958e+00 +2.8815e+00 +1.0173e+00 +1.6592e-01 +1.1299e-01 +6.8997e-01 -1.5694e+00 +1.0735e+00 +6.5213e-01 +1.8269e+00 -1.3537e+00 -4.5387e-01 +3.9619e-01 -1.3110e+00 +5.2101e-01 -1.6871e-01 -2.4211e-02 -1.5810e+00
1605 +3.960075061e+02 +3.960075061e+02 +6.109750609e+01 +6.109750609e+01 -1.6013e+00 -1.5029e-01 +1.2805e+00 +2.8663e+00 +8.3370e-01 +2.0484e-01 +6.3503e-01 +7.4174e-01 -1.5143e+00 +1.2284e+00 +8.2528e-01 +2.0294e+00 -1.6314e+00 -5.7253e-01 +5.9371e-01 -1.3718e+00 +6.6481e-01 -2.8138e-01 +1.6165e-01 -1.4971e+00
1927 +2.419308569e+02 +2.419308569e+02 -9.297914306e+01 -9.297914306e+01 -1.6745e+00 -1.5009e-01 +1.2563e+00 +2.7065e+00 +7.3937e-01 +2.9043e-01 +6.2990e-01 +1.1105e+00 -1.5388e+00 +1.3039e+00 +9.7689e-01 +2.0616e+00 -1.9541e+00 -8.1251e-01 +6.7458e-01 -1.3311e+00 +8.3402e-01 -3.0049e-01 +4.0963e-01 -1.9724e+00
2169 +1.497055110e+02 +1.497055110e+02 -1.852044890e+02 -1.852044890e+02 -1.7288e+00 -1.4980e-01 +1.1051e+00 +2.6466e+00 +8.5128e-01 +6.9729e-01 +9.0853e-01 +1.3922e+00 -1.3698e+00 +1.4662e+00 +1.1462e+00 +2.0356e+00 -2.0066e+00 -9.5390e-01 +7.6449e-01 -1.4258e+00 +1.0684e+00 -3.4258e-01 +7.5485e-01 -2.4968e+00
2383 +9.927632307e+01 +9.927632307e+01 -2.356336769e+02 -2.356336769e+02 -1.7415e+00 -3.3363e-01 +1.0005e+00 +2.5745e+00 +8.1144e-01 +7.5456e-01 +9.3609e-01 +1.4570e+00 -1.2655e+00 +1.6325e+00 +1.4680e+00 +1.8739e+00 -1.9897e+00 -1.1373e+00 +9.1124e-01 -1.3187e+00 +1.1156e+00 -3.2868e-01 +9.0345e-01 -2.7129e+00
3367 +6.269523325e+01 +6.269523325e+01 -2.722147668e+02 -2.722147668e+02 -1.7263e+00 -3.1911e-01 +9.5519e-01 +2.5733e+00 +6.9520e-01 +5.8427e-01 +9.1711e-01 +1.4154e+00 -1.2363e+00 +1.6425e+00 +1.7008e+00 +2.1850e+00 -1.7493e+00 -1.3438e+00 +9.6937e-01 -1.2157e+00 +1.1497e+00 -2.6272e-01 +1.0273e+00 -2.8439e+00
4423 +3.828620139e+01 +3.828620139e+01 -2.966237986e+02 -2.966237986e+02 -1.6831e+00 -2.4501e-01 +9.8850e-01 +2.6806e+00 +7.6644e-01 +6.6269e-01 +9.4507e-01 +1.4038e+00 -1.1765e+00 +1.7520e+00 +1.8515e+00 +2.3285e+00 -1.6729e+00 -1.2180e+00 +8.6735e-01 -1.0883e+00 +1.1189e+00 -2.7915e-01 +1.2127e+00 -3.0002e+00
4742 +2.495341247e+01 +2.495341247e+01 -3.099565875e+02 -3.099565875e+02 -1.7505e+00 -3.0801e-01 +9.4372e-01 +2.6686e+00 +7.4148e-01 +6.4025e-01 +9.4042e-01 +1.4013e+00 -1.1769e+00 +1.6918e+00 +1.8651e+00 +2.3999e+00 -1.4784e+00 -9.5899e-01 +7.3226e-01 -1.0846e+00 +1.0946e+00 -3.0979e-01 +1.2170e+00 -3.1641e+00
4985 +1.555523992e+01 +1.555523992e+01 -3.193547601e+02 -3.193547601e+02 -1.7271e+00 -2.8286e-01 +9.7382e-01 +2.6643e+00 +7.4683e-01 +6.2098e-01 +8.7597e-01 +1.3538e+00 -1.2288e+00 +1.6984e+00 +1.8520e+00 +2.3529e+00 -1.5438e+00 -9.2697e-01 +8.1746e-01 -1.0174e+00 +1.0150e+00 -3.1058e-01 +1.2384e+00 -3.2004e+00
% function evaluation | noise-free fitness - Fopt (-4.670000000000e+01) | best noise-free fitness - Fopt | measured fitness | best measured fitness | x1 | x2...
1 +1.078013264e+06 +1.078013264e+06 +1.077966564e+06 +1.077966564e+06 +3.9199e-01 -3.2799e-01 -1.3825e+00 -6.0921e-01 -4.2045e+00 +4.5752e+00 -3.5946e+00 -9.8071e-01 -3.4240e+00 +3.8692e+00 -9.1753e-01 +4.6814e+00 -2.2043e-01 -3.2316e+00 -3.1520e+00 +4.1906e+00 +9.1569e-01 -9.0562e-01 -1.5817e+00 +3.3474e+00
2 +7.134364183e+05 +7.134364183e+05 +7.133897183e+05 +7.133897183e+05 +2.9320e+00 -4.5080e-01 -3.2358e+00 -3.1017e+00 +1.4909e+00 -2.4958e+00 -1.4639e+00 +7.9204e-01 -2.7938e+00 +4.6624e-02 +4.5536e+00 +4.7058e+00 -2.5216e+00 -4.9538e-01 +2.7417e+00 -4.7450e+00 +7.5024e-01 -4.1430e+00 +3.0050e-01 -2.2941e+00
3 +9.769728643e+04 +9.769728643e+04 +9.765058643e+04 +9.765058643e+04 +2.3735e+00 +2.6073e+00 -3.0057e+00 -1.6739e+00 +1.9141e-01 -4.9535e+00 -4.6738e+00 -4.9278e-01 -1.0272e-01 +4.7086e-01 -1.7647e+00 +1.5283e-01 -1.4545e-01 -2.3867e+00 -1.5280e+00 -3.2619e+00 +4.6765e+00 -3.2592e+00 -2.8200e+00 -3.1561e+00
101 +6.225345241e+04 +6.225345241e+04 +6.220675241e+04 +6.220675241e+04 -7.6929e-01 -5.7089e-02 -5.3636e+00 -9.5315e-01 -1.1830e+00 -2.4458e+00 -1.7200e+00 +7.8103e-01 -1.6941e+00 +1.1440e-02 -1.0475e+00 -3.0033e-01 +8.6342e-01 -6.9328e-01 +1.1181e+00 -5.6334e-02 +3.3054e+00 -9.5612e-01 -3.3061e+00 +1.2903e-01
172 +3.373609398e+04 +3.373609398e+04 +3.368939398e+04 +3.368939398e+04 -3.0738e-01 -2.1491e+00 -4.8078e+00 -2.4645e+00 +7.8907e-01 -1.6311e+00 +1.8394e+00 +1.5859e+00 -5.7132e-01 +1.6440e-01 +4.0944e-01 -1.1685e+00 +3.6721e+00 -3.3130e+00 +9.6590e-01 -1.8021e+00 -4.8353e-01 -9.8881e-01 +2.5251e+00 +1.0568e+00
245 +1.680427259e+04 +1.680427259e+04 +1.675757259e+04 +1.675757259e+04 +6.8131e-01 +5.0614e-01 -5.4941e+00 -2.4808e+00 +8.4027e-01 -3.0158e+00 -2.5932e+00 +3.5587e-01 +2.8048e-01 +1.7274e-01 +1.1274e-01 -8.0588e-01 +1.9308e+00 -2.7296e+00 +1.9978e+00 -1.7840e+00 +1.4088e+00 -3.0417e+00 -3.8405e-02 +8.6163e-01
281 +8.197167096e+03 +8.197167096e+03 +8.150467096e+03 +8.150467096e+03 +8.1096e-01 +8.9739e-01 -4.9188e+00 -2.1936e+00 +2.4745e-01 -3.1764e+00 -2.4611e+00 +7.0205e-01 +4.5634e-01 +4.1788e-01 -8.4938e-01 -1.5704e+00 +2.2461e+00 -2.7098e+00 +1.4654e+00 -1.7101e+00 +1.3090e+00 -2.8747e+00 -7.0796e-01 -3.4814e-01
485 +5.562591311e+03 +5.562591311e+03 +5.515891311e+03 +5.515891311e+03 +6.0651e-01 +9.7409e-01 -3.9360e+00 -1.5538e+00 -2.6699e-01 -3.4786e+00 -1.3618e+00 +4.0188e-01 +8.3289e-01 +1.0416e+00 -1.3056e+00 -2.7451e+00 +1.3607e+00 -2.8119e+00 +6.3588e-01 -1.9415e+00 +2.1222e+00 -2.4209e+00 -3.4242e-03 -2.1179e+00
562 +3.688658860e+03 +3.688658860e+03 +3.641958860e+03 +3.641958860e+03 +1.0314e-01 +2.1208e-01 -4.1413e+00 -1.8537e+00 -3.7065e-01 -2.8856e+00 -2.1367e+00 +4.8679e-02 +1.4335e+00 +1.3593e+00 -1.8340e+00 -2.6339e+00 +1.2220e+00 -3.6650e+00 +1.2201e+00 -1.8484e+00 +1.5805e+00 -2.8314e+00 -1.6498e-01 -1.8144e+00
775 +2.487633641e+03 +2.487633641e+03 +2.440933641e+03 +2.440933641e+03 -5.8342e-01 +1.9148e-01 -4.6493e+00 -2.2338e+00 -2.1429e-01 -2.5697e+00 -2.1286e+00 -1.0076e-01 +6.2982e-01 +1.7001e+00 -4.2382e-01 -3.0211e+00 +1.3219e+00 -3.8322e+00 +1.4993e+00 -1.5205e+00 +1.8306e+00 -1.8395e+00 +5.1527e-01 -1.8307e-02
1007 +1.464608312e+03 +1.464608312e+03 +1.417908312e+03 +1.417908312e+03 -9.1404e-01 -1.1012e-03 -4.2542e+00 -2.3763e+00 -4.1839e-01 -2.8685e+00 -1.7113e+00 -8.5399e-01 +5.6357e-01 +1.7258e+00 +3.2370e-01 -2.9839e+00 +1.7245e+00 -4.1744e+00 +1.2556e+00 -1.2043e+00 +9.4650e-01 -2.4049e+00 +5.2492e-01 -6.4616e-01
1164 +9.944416670e+02 +9.944416670e+02 +9.477416670e+02 +9.477416670e+02 -6.8375e-01 -5.9165e-01 -4.1707e+00 -2.4959e+00 -5.4961e-01 -2.8983e+00 -1.6403e+00 -1.1245e+00 -1.6136e-01 +1.8359e+00 +1.0153e+00 -2.6832e+00 +2.3517e+00 -3.8400e+00 +1.1217e+00 -1.4952e+00 +1.2591e+00 -2.5710e+00 +5.4755e-01 +4.4761e-01
1488 +6.234276771e+02 +6.234276771e+02 +5.767276771e+02 +5.767276771e+02 -7.0621e-01 +1.2714e-02 -4.2120e+00 -2.5351e+00 -6.5194e-01 -2.9899e+00 -1.6440e+00 -1.1733e+00 -5.5646e-01 +1.6659e+00 +9.6100e-01 -2.8094e+00 +2.4729e+00 -3.4930e+00 +8.6900e-01 -1.2046e+00 +1.3786e+00 -2.8329e+00 +7.7756e-02 +3.7314e-01
1764 +3.867154941e+02 +3.867154941e+02 +3.400154941e+02 +3.400154941e+02 -9.0986e-01 -1.1787e-01 -4.0577e+00 -2.5228e+00 -6.1966e-01 -2.7280e+00 -1.1086e+00 -1.6101e+00 -6.9734e-01 +1.7999e+00 +9.5917e-01 -2.8231e+00 +2.6802e+00 -3.1967e+00 +1.1661e+00 -1.0303e+00 +1.7508e+00 -2.9258e+00 +1.3361e-02 +7.6581e-01
2025 +2.511317931e+02 +2.511317931e+02 +2.044317931e+02 +2.044317931e+02 -5.9064e-01 +9.6740e-03 -4.1339e+00 -2.5950e+00 -8.7146e-01 -2.6136e+00 -1.1213e+00 -1.5449e+00 -7.1953e-01 +1.8922e+00 +8.4355e-01 -2.7912e+00 +2.5916e+00 -3.0945e+00 +1.5369e+00 -8.0290e-01 +1.7348e+00 -3.3852e+00 -8.1252e-02 +1.2640e+00
2851 +1.576526443e+02 +1.576526443e+02 +1.109526443e+02 +1.109526443e+02 -3.4630e-01 +1.1232e-01 -3.7944e+00 -2.7485e+00 -7.0262e-01 -2.3938e+00 -5.8622e-01 -1.5542e+00 -6.2387e-01 +1.9426e+00 +8.9960e-01 -2.9145e+00 +2.6442e+00 -3.0112e+00 +1.5066e+00 -7.3594e-01 +2.0051e+00 -3.4207e+00 -3.2579e-01 +1.6113e+00
% function evaluation | noise-free fitness - Fopt (-9.308000000000e+01) | best noise-free fitness - Fopt | measured fitness | best measured fitness | x1 | x2...
1 +9.647101200e+05 +9.647101200e+05 +9.646170400e+05 +9.646170400e+05 -4.4620e+00 +2.7070e+00 +4.2558e+00 +3.1036e+00 +2.3905e-01 +4.3454e+00 +5.7534e-01 +4.9600e+00 +3.4872e+00 +3.8063e+00 -1.5944e+00 +1.3678e+00 -1.7362e+00 +3.3392e+00 -2.6951e+00 -3.8642e+00 -1.7094e+00 -2.4628e+00 +2.5739e+00 -4.9320e+00
3 +6.024284634e+05 +6.024284634e+05 +6.023353834e+05 +6.023353834e+05 -2.6007e+00 +4.5353e+00 -4.3446e+00 +9.7272e-02 +5.8630e-01 -8.1601e-01 -3.3302e+00 +3.9700e+00 +4.0227e-01 -8.9932e-01 -4.0984e+00 +2.9177e+00 +2.4299e+00 +3.4622e+00 +2.6354e+00 +1.6978e+00 -2.7068e+00 -2.6041e+00 +1.0279e+00 -5.6662e-01
8 +2.988022976e+05 +2.988022976e+05 +2.987092176e+05 +2.987092176e+05 +5.2903e-02 -3.2641e+00 -4.1477e+00 +1.4399e+00 +3.6040e+00 +3.2822e+00 -4.6095e+00 -3.4165e-01 +2.1615e+00 -1.1198e+00 +1.0131e+00 -1.8267e+00 -4.8195e+00 -2.5932e+00 +3.5176e+00 +1.6786e-01 -3.9586e+00 +1.7863e+00 -4.9419e+00 +4.7727e+00
9 +1.969366658e+05 +1.969366658e+05 +1.968435858e+05 +1.968435858e+05 -3.7619e+00 -4.5506e+00 +1.7619e+00 -4.6396e+00 +9.1684e-01 +2.5198e+00 +4.6346e-01 -2.9087e-01 +1.1753e+00 +5.2880e-01 -4.9332e-01 -2.7659e-01 -1.9800e+00 +6.4057e-01 -5.4420e-01 +1.1930e+00 -3.1528e+00 +6.5396e-01 -3.1867e+00 -9.2273e-01
42 +1.492443905e+05 +1.492443905e+05 +1.491513105e+05 +1.491513105e+05 -2.9330e+00 -4.9253e+00 +2.4425e+00 -7.4282e-01 -2.3302e-01 +3.4016e+00 +2.1213e+00 +8.4728e-01 -1.5621e+00 -2.1828e+00 -7.5046e-02 -2.0702e+00 -2.0806e+00 -6.3317e-01 -5.8131e-01 -2.0422e-01 -2.5704e+00 -9.4045e-01 -4.0665e+00 -2.4764e+00
55 +7.998757873e+04 +7.998757873e+04 +7.989449873e+04 +7.989449873e+04 -2.2019e+00 -5.1580e+00 -3.5799e+00 +1.8743e+00 -2.3036e-01 -1.0024e+00 +4.4902e-01 -2.5715e-01 -5.1179e-01 -2.4260e-02 -3.8620e-01 -1.0823e+00 -5.2275e-01 -4.0156e+00 +2.1989e-01 -1.9396e+00 +1.2158e+00 -9.5755e-01 -6.0816e+00 -6.3742e+00
106 +4.925891174e+04 +4.925891174e+04 +4.916583174e+04 +4.916583174e+04 -3.8652e+00 -3.4419e+00 +2.4779e-02 -1.4824e+00 -6.9760e-01 +1.0359e+00 -1.1007e+00 +2.6018e-01 +1.1148e+00 -2.2105e-01 -1.9799e+00 -2.2375e-01 +1.5849e+00 -9.4778e-01 -6.1132e-01 +1.0253e+00 -3.0384e+00 +4.3648e-01 -3.8019e+00 -5.0007e+00
207 +3.833168183e+04 +3.833168183e+04 +3.823860183e+04 +3.823860183e+04 -2.4426e+00 -3.5843e+00 +1.8722e-01 +2.7555e+00 -5.3954e-03 -2.5971e+00 -2.0219e+00 -9.6247e-01 +2.9960e-01 -1.3157e+00 -2.7479e+00 -7.6292e-01 +1.6458e+00 -2.3584e+00 -3.1332e-01 -1.1449e-01 -3.6080e+00 -5.2547e-01 -2.7799e+00 -6.5081e+00
305 +1.545188651e+04 +1.545188651e+04 +1.535880651e+04 +1.535880651e+04 -2.2635e+00 -4.5334e+00 -1.0725e+00 +2.7576e+00 +9.0636e-01 -1.0981e+00 +4.7686e-03 +5.1666e-01 +1.1849e+00 -1.4932e-01 +1.5972e+00 -2.2667e+00 -3.1798e-01 -1.3993e-01 +2.7968e+00 +1.2940e+00 -3.9501e+00 -9.7948e-01 -3.0474e+00 -2.1204e+00
463 +9.637770033e+03 +9.637770033e+03 +9.544690033e+03 +9.544690033e+03 -9.5304e-01 -3.2605e+00 +2.0621e-01 +2.2065e+00 -1.0388e+00 -1.1478e+00 +5.1525e-01 -2.9399e-01 -2.5510e+00 -4.8037e-01 +2.2388e+00 -2.0114e+00 -1.0534e+00 -1.9947e+00 -3.5000e-01 +1.0751e+00 -8.7604e-01 +1.8672e+00 -1.5137e+00 -2.0504e+00
524 +5.996557272e+03 +5.996557272e+03 +5.903477272e+03 +5.903477272e+03 -1.6853e+00 -4.6885e+00 +1.2090e-01 +1.4239e+00 +1.0548e-02 -1.9561e+00 +3.3393e-01 -1.1437e+00 +8.1614e-02 -7.0103e-01 +1.6258e+00 -1.0079e+00 -5.7015e-01 -1.2498e+00 +9.2653e-01 +8.2447e-01 -2.2776e+00 +9.0930e-01 -1.8821e+00 -1.9397e+00
592 +3.810320986e+03 +3.810320986e+03 +3.717240986e+03 +3.717240986e+03 -2.0548e+00 -3.1908e+00 -3.6486e-01 +1.0269e+00 -5.2647e-01 -2.4299e+00 +6.8740e-01 -7.0756e-01 -3.2299e-01 -8.2327e-01 +1.5044e+00 -7.5185e-01 -5.2240e-01 -1.1771e+00 +9.2617e-01 +4.9480e-01 -1.7266e+00 +1.5994e-01 -2.4463e+00 -2.8376e+00
726 +2.503471001e+03 +2.503471001e+03 +2.410391001e+03 +2.410391001e+03 -1.9388e+00 -3.1193e+00 -6.7329e-01 +2.3994e+00 -2.8815e-01 -2.4842e+00 -2.7273e-01 -8.5005e-01 -5.1413e-01 -1.0750e+00 +8.7349e-01 -1.2919e+00 +3.9450e-01 -1.5686e+00 +5.9196e-01 +4.5315e-01 -1.7797e+00 +3.2127e-01 -2.2733e+00 -3.3999e+00
921 +1.551736575e+03 +1.551736575e+03 +1.458656575e+03 +1.458656575e+03 -2.4793e+00 -3.6796e+00 -4.6726e-01 +2.2888e+00 -3.7693e-01 -1.8470e+00 +3.9050e-01 -1.0078e+00 -1.4087e+00 -1.5322e+00 +1.5098e+00 -1.7030e+00 -5.8319e-02 -1.7000e+00 +7.2833e-01 +2.7756e-01 -1.9198e+00 +1.8502e-02 -2.4202e+00 -3.3350e+00
1045 +9.998009637e+02 +9.998009637e+02 +9.067209637e+02 +9.067209637e+02 -2.4156e+00 -3.0579e+00 -5.1452e-01 +1.7738e+00 -5.3725e-01 -1.7199e+00 +2.2448e-01 -8.2057e-01 -2.1030e+00 -1.3876e+00 +1.7587e+00 -1.9427e+00 -1.7805e-01 -2.0834e+00 +6.1298e-01 +4.9834e-02 -2.1892e+00 +5.0529e-02 -2.4709e+00 -3.7281e+00
1162 +6.239784702e+02 +6.239784702e+02 +5.308984702e+02 +5.308984702e+02 -2.3687e+00 -3.4018e+00 -7.0718e-01 +1.6804e+00 -4.0182e-01 -1.4209e+00 +1.8033e-01 -6.8628e-01 -2.1722e+00 -1.6777e+00 +1.6694e+00 -1.9620e+00 -1.8843e-01 -1.8436e+00 +6.2572e-01 +1.0904e-03 -2.2775e+00 +2.9074e-04 -2.7651e+00 -3.3644e+00
1458 +3.898416187e+02 +3.898416187e+02 +2.967616187e+02 +2.967616187e+02 -2.2820e+00 -3.4118e+00 -7.6786e-01 +1.8281e+00 -3.9718e-01 -1.5526e+00 -3.4649e-03 -2.4064e-01 -2.0393e+00 -1.8046e+00 +1.6577e+00 -1.6026e+00 -2.3740e-01 -1.8532e+00 +1.2734e+00 -5.5446e-01 -2.4583e+00 +4.1997e-02 -3.0687e+00 -3.3627e+00
1831 +2.420580396e+02 +2.420580396e+02 +1.489780396e+02 +1.489780396e+02 -2.4160e+00 -3.5700e+00 -5.0679e-01 +1.9529e+00 -7.5587e-01 -1.7136e+00 -1.0114e-02 +4.3901e-02 -1.4623e+00 -2.0274e+00 +1.3773e+00 -1.8614e+00 -2.3278e-01 -1.9350e+00 +1.1910e+00 -6.0437e-01 -2.7422e+00 -3.1779e-01 -3.2758e+00 -3.5043e+00
2096 +1.553858929e+02 +1.553858929e+02 +6.230589293e+01 +6.230589293e+01 -2.3832e+00 -3.3567e+00 -5.9935e-01 +1.8910e+00 -7.7347e-01 -1.7099e+00 +4.3315e-02 +1.5716e-01 -7.9352e-01 -2.3191e+00 +1.2085e+00 -2.0380e+00 -6.9924e-02 -1.6911e+00 +1.5974e+00 -9.4425e-01 -3.1387e+00 -3.4790e-01 -3.2843e+00 -3.5486e+00
3281 +9.876722009e+01 +9.876722009e+01 +5.687220087e+00 +5.687220087e+00 -2.4255e+00 -3.0675e+00 -7.9345e-01 +1.7692e+00 -8.3570e-01 -1.7065e+00 -5.2180e-02 -5.1520e-03 -9.2177e-01 -2.3716e+00 +1.4628e+00 -1.9918e+00 -3.2430e-01 -1.8183e+00 +1.4643e+00 -1.0403e+00 -3.4490e+00 -6.9192e-01 -3.6614e+00 -3.6565e+00
3981 +6.078853532e+01 +6.078853532e+01 -3.229146468e+01 -3.229146468e+01 -2.8591e+00 -2.2606e+00 -9.1553e-01 +1.6456e+00 -9.7731e-01 -1.7951e+00 -2.3946e-01 -3.7651e-01 -1.2309e+00 -2.5088e+00 +1.5699e+00 -1.9296e+00 -3.4042e-01 -1.7726e+00 +1.3148e+00 -1.2620e+00 -3.5266e+00 -6.8699e-01 -3.6813e+00 -3.7359e+00
4206 +3.850723844e+01 +3.850723844e+01 -5.457276156e+01 -5.457276156e+01 -3.1460e+00 -1.9720e+00 -8.0588e-01 +1.7200e+00 -9.1881e-01 -1.7954e+00 -2.6273e-01 -4.6911e-01 -1.2539e+00 -2.5243e+00 +1.5016e+00 -1.9874e+00 -3.1690e-01 -1.5972e+00 +1.3358e+00 -1.2870e+00 -3.4788e+00 -7.2863e-01 -3.6125e+00 -3.6729e+00
4614 +2.488542885e+01 +2.488542885e+01 -6.819457115e+01 -6.819457115e+01 -3.2029e+00 -1.8668e+00 -6.1713e-01 +1.8280e+00 -9.0132e-01 -1.8482e+00 -3.3307e-01 -4.9842e-01 -1.3358e+00 -2.5441e+00 +1.5029e+00 -2.0000e+00 -4.1684e-01 -1.6252e+00 +1.3181e+00 -1.2895e+00 -3.5565e+00 -7.6261e-01 -3.5634e+00 -3.6267e+00
% function evaluation | noise-free fitness - Fopt (4.168000000000e+01) | best noise-free fitness - Fopt | measured fitness | best measured fitness | x1 | x2...
1 +1.432723628e+06 +1.432723628e+06 +1.432765308e+06 +1.432765308e+06 +4.1207e+00 +4.7949e+00 -3.6890e+00 +4.9970e+00 +4.9277e+00 +7.7940e-01 -1.7864e+00 -3.2067e+00 -2.0776e+00 -6.9095e-01 -2.3173e+00 +2.8791e+00 +3.5448e+00 -3.3588e+00 +4.3193e+00 +4.2370e+00 -2.6716e+00 -1.6272e-01 -9.2658e-01 +2.4967e+00
2 +6.040814604e+05 +6.040814604e+05 +6.041231404e+05 +6.041231404e+05 +1.9018e+00 +3.6434e-01 +2.9513e+00 -1.6780e+00 +1.1150e+00 +1.9192e+00 +1.2870e+00 -4.5955e+00 -1.2582e+00 -2.8324e+00 +1.6113e+00 -3.4914e+00 +4.6970e+00 -2.7509e+00 +4.0437e+00 -4.8249e+00 -3.3783e-01 -3.6977e+00 +3.3124e+00 -8.9786e-01
18 +3.760651000e+05 +3.760651000e+05 +3.761067800e+05 +3.761067800e+05 -1.0036e+00 -4.0309e+00 +4.3578e+00 -1.4547e+00 -4.3264e+00 +4.2776e+00 -2.1417e+00 -2.9555e+00 -2.3032e+00 +1.3410e+00 +3.0339e+00 +1.8975e+00 -2.1690e+00 -4.3749e+00 -1.4273e+00 -5.0020e-01 -1.5123e+00 -4.6860e+00 -3.6616e+00 -6.6541e-01
42 +1.460983863e+05 +1.460983863e+05 +1.461400663e+05 +1.461400663e+05 -2.4242e+00 -3.1407e+00 -1.5588e-01 -2.5862e+00 +1.2035e+00 +3.8938e+00 +1.5612e+00 +1.0978e+00 +1.2398e+00 -6.6821e-01 -3.8651e-01 -2.9327e+00 -4.3590e-01 +3.0541e-01 -1.2879e+00 -2.5376e+00 -1.0131e+00 -2.1345e+00 -5.9021e-01 -3.5141e+00
181 +9.827095282e+04 +9.827095282e+04 +9.831263282e+04 +9.831263282e+04 +6.2597e-02 -1.7260e+00 -2.1255e+00 -3.0345e+00 +1.7640e+00 +2.7318e+00 -9.7087e-01 -1.7160e+00 -1.4754e+00 -2.0202e+00 +4.1966e-01 -1.7408e+00 -1.0692e+00 -4.1792e-01 +3.0268e-01 -2.3256e+00 -1.0055e-01 +1.0738e+00 +1.3495e+00 -1.0675e+00
193 +6.242776962e+04 +6.242776962e+04 +6.246944962e+04 +6.246944962e+04 -7.0599e-01 -3.5094e+00 +7.4929e-01 -1.2409e+00 +2.0877e+00 +1.0471e+00 +1.3001e-01 -2.0535e+00 -9.9621e-01 -2.9722e+00 -1.2341e-01 -3.3551e+00 -3.5536e+00 +1.1695e+00 -1.7431e-01 -1.4528e+00 -4.2894e+00 -3.0275e-01 -4.9351e-01 -2.6504e+00
314 +3.977800873e+04 +3.977800873e+04 +3.981968873e+04 +3.981968873e+04 +4.8878e-01 -3.7231e+00 +1.8934e+00 -1.2540e+00 +4.3378e-01 +2.8811e-01 -8.3371e-01 -4.2247e-01 -4.7524e-01 -2.6231e+00 -2.4554e-01 -1.8925e+00 -3.7093e+00 -5.0097e-01 -1.1749e+00 -3.7830e-01 -2.6446e+00 -4.1295e-01 -1.3523e+00 -3.5902e+00
448 +2.496277617e+04 +2.496277617e+04 +2.500445617e+04 +2.500445617e+04 -6.0561e-01 -4.2700e+00 +2.5409e+00 -1.9823e+00 -3.4536e-01 +9.7272e-01 -3.0291e-01 -1.5269e-01 -7.8941e-01 -1.6142e+00 +1.8416e-02 -1.5481e+00 -1.2728e+00 -1.1124e+00 -1.3772e+00 -1.2461e+00 -1.5949e+00 -1.4251e+00 -1.6659e+00 -3.2971e+00
728 +1.563746260e+04 +1.563746260e+04 +1.567914260e+04 +1.567914260e+04 -6.2539e-01 -2.7512e+00 +1.6812e+00 -2.6027e+00 +4.9543e-01 +5.7278e-01 +6.1419e-01 -7.3540e-01 -2.1476e+00 -1.6797e+00 -3.7598e-01 -1.1906e+00 +1.1722e+00 -5.3495e-01 -8.6062e-01 -1.2663e+00 -1.7392e+00 -9.2351e-01 -2.0498e+00 -1.1583e+00
862 +9.690065663e+03 +9.690065663e+03 +9.731745663e+03 +9.731745663e+03 +9.4056e-02 -2.7722e+00 +2.1864e+00 -1.5874e+00 +3.4887e-01 +6.0945e-01 +2.3452e-01 -1.6069e+00 -2.2233e+00 -1.9647e+00 -5.8161e-01 -1.5516e+00 +1.1408e+00 -1.4164e+00 -1.2149e+00 -1.3646e+00 -1.6202e+00 +5.5717e-01 -2.9103e+00 -2.7148e+00
1808 +6.289892576e+03 +6.289892576e+03 +6.331572576e+03 +6.331572576e+03 +2.0383e+00 -2.1949e+00 +2.1636e+00 -1.4308e+00 +3.8889e-01 +4.1492e-01 +7.8653e-01 -2.6637e+00 -3.0338e+00 -1.6343e+00 -5.6778e-01 -1.6240e+00 +9.6340e-01 -9.2002e-01 -1.5324e+00 -1.7875e+00 -1.7678e+00 +8.5603e-01 -2.0766e+00 -4.6038e+00
2262 +3.969768099e+03 +3.969768099e+03 +4.011448099e+03 +4.011448099e+03 +1.1251e+00 -2.0333e+00 +1.6519e+00 -1.4332e+00 -1.7879e-01 +3.1179e-01 +7.1371e-01 -2.6205e+00 -2.9112e+00 -7.7595e-01 -1.0451e+00 -1.9395e+00 +9.5826e-01 -8.8834e-01 -1.8783e+00 -1.6013e+00 -1.2441e+00 +4.8898e-01 -2.2688e+00 -5.1226e+00
2904 +2.466850770e+03 +2.466850770e+03 +2.508530770e+03 +2.508530770e+03 +8.3163e-01 -1.7935e+00 +1.4598e+00 -1.4762e+00 -4.0126e-01 +1.0855e-01 +1.4330e+00 -2.4875e+00 -2.4478e+00 +9.3543e-01 -1.2956e+00 -2.2253e+00 +5.9038e-01 -1.1728e+00 -2.1127e+00 -1.8652e+00 -1.5251e+00 +2.1270e-01 -2.0731e+00 -5.6885e+00
3221 +1.576536342e+03 +1.576536342e+03 +1.618216342e+03 +1.618216342e+03 -2.7317e-01 -1.7389e+00 +1.0137e+00 -1.3022e+00 -4.5310e-01 -2.8572e-01 +7.1001e-01 -2.8774e+00 -2.0542e+00 +9.5053e-01 -1.6027e+00 -2.1785e+00 +6.6488e-01 -1.1896e+00 -2.0549e+00 -2.0277e+00 -1.7537e+00 +5.4044e-01 -2.0652e+00 -4.3934e+00
3861 +9.973144307e+02 +9.973144307e+02 +1.038994431e+03 +1.038994431e+03 -3.7101e-01 -1.5870e+00 +1.3059e+00 -1.1187e+00 -2.3250e-01 -4.2411e-01 +6.3023e-01 -2.7394e+00 -2.2684e+00 +9.9010e-01 -1.3925e+00 -2.3397e+00 +4.3208e-01 -1.3653e+00 -2.2652e+00 -2.3013e+00 -1.7926e+00 +7.6882e-01 -1.9006e+00 -4.0093e+00
4708 +6.287669042e+02 +6.287669042e+02 +6.704469042e+02 +6.704469042e+02 -5.9099e-01 -1.2294e+00 +1.6099e+00 -7.9695e-01 -5.2290e-01 -4.8952e-01 +6.3744e-01 -2.2516e+00 -2.5166e+00 +9.3676e-01 -1.4442e+00 -2.4274e+00 +4.9276e-01 -1.4327e+00 -2.3943e+00 -2.5052e+00 -1.7166e+00 +7.4509e-01 -1.7058e+00 -3.3173e+00
