% function evaluation | noise-free fitness - Fopt (-5.494000000000e+01) | best noise-free fitness - Fopt | measured fitness | best measured fitness | x1 | x2...
1 +5.246861024e+06 +5.246861024e+06 +5.246806084e+06 +5.246806084e+06 +4.4725e+00 -1.5487e+00 +3.9919e+00 +1.7701e+00 +1.6041e+00 +1.0764e+00 -2.0400e+00 -1.0977e+00 -1.8638e+00 -2.1355e+00
6 +2.163512290e+06 +2.163512290e+06 +2.163457350e+06 +2.163457350e+06 -3.8171e+00 +2.9789e+00 -2.9798e+00 +4.5645e+00 +4.8957e+00 -1.4148e+00 -3.2955e+00 -1.7087e+00 +2.3805e-01 -4.8090e-01
55 +1.462961248e+06 +1.462961248e+06 +1.462906308e+06 +1.462906308e+06 +1.8671e+00 +3.3304e+00 +1.1560e+00 -2.0963e+00 +4.7116e+00 +9.8553e-01 -4.7305e+00 -4.4050e+00 -3.8623e+00 +2.2645e+00
86 +8.016983454e+05 +8.016983454e+05 +8.016434054e+05 +8.016434054e+05 -3.1203e+00 -7.3904e-01 -4.8827e-01 +3.6034e+00 +2.6474e+00 +2.9350e+00 -1.3827e+00 +2.0094e+00 -4.1879e+00 -3.0197e+00
214 +3.455809673e+05 +3.455809673e+05 +3.455260273e+05 +3.455260273e+05 -4.0587e+00 +9.6524e-01 -4.9532e-01 +1.1375e+00 +4.0926e+00 +2.8410e+00 -2.9772e+00 +8.3582e-01 +4.5021e+00 -4.6487e+00
299 +2.465625597e+05 +2.465625597e+05 +2.465076197e+05 +2.465076197e+05 +1.8643e+00 -2.4448e+00 +4.4547e+00 -2.3611e-01 +5.8038e-01 +4.9440e+00 -4.2891e-01 +2.6129e+00 +2.0683e+00 +2.6511e+00
903 +5.715085787e+04 +5.715085787e+04 +5.709591787e+04 +5.709591787e+04 -8.8119e-01 -3.2229e+00 -3.3456e-01 +8.9993e-02 +2.5628e+00 +4.0824e+00 -3.9965e+00 -3.9584e+00 -1.1281e+00 +3.7222e+00
1700 +3.491230466e+04 +3.491230466e+04 +3.485736466e+04 +3.485736466e+04 +1.8942e+00 -1.4076e+00 -3.3456e-01 +1.2124e-01 +3.1889e+00 +3.2780e+00 -3.3439e+00 -9.1602e-01 +2.5497e+00 +3.3267e+00
2516 +2.418298478e+04 +2.418298478e+04 +2.412804478e+04 +2.412804478e+04 +1.8942e+00 -1.4076e+00 -3.3456e-01 +3.0874e-01 +3.1889e+00 +3.2780e+00 -3.3517e+00 -9.1602e-01 +2.5497e+00 +3.3267e+00
% function evaluation | noise-free fitness - Fopt (5.913000000000e+01) | best noise-free fitness - Fopt | measured fitness | best measured fitness | x1 | x2...
1 +1.645382987e+07 +1.645382987e+07 +1.645388900e+07 +1.645388900e+07 -1.6977e+00 -2.9665e+00 -7.7429e-01 -7.7198e-01 -1.6500e+00 +4.8866e-01 -3.1071e+00 +8.5470e-01 -1.6550e+00 +3.5570e+00
2 +5.428429416e+06 +5.428429416e+06 +5.428488546e+06 +5.428488546e+06 +6.1770e-01 +1.1298e+00 +3.8143e+00 +3.9539e+00 +2.9633e-01 +3.7852e+00 +2.8801e+00 +3.5079e-02 +3.8171e+00 +2.5254e+00
9 +1.599267511e+06 +1.599267511e+06 +1.599326641e+06 +1.599326641e+06 -4.0768e+00 +3.0963e+00 -4.8297e+00 +6.3169e-01 -2.2025e+00 -4.8647e+00 +1.3712e+00 +1.7114e+00 +7.0375e-02 -8.7740e-01
54 +1.006820626e+06 +1.006820626e+06 +1.006879756e+06 +1.006879756e+06 +3.5721e+00 +2.0551e+00 -2.5613e+00 -2.7695e+00 -3.3988e+00 +1.9922e+00 -1.2036e+00 +2.2933e+00 +2.6818e+00 +2.4967e+00
71 +4.537967804e+05 +4.537967804e+05 +4.538559104e+05 +4.538559104e+05 -1.3051e+00 +1.2764e+00 +1.9464e+00 +1.9113e+00 -1.0632e+00 +1.3557e+00 -3.0808e+00 +3.9403e+00 -4.4298e+00 +4.3029e+00
673 +3.834935258e+05 +3.834935258e+05 +3.835526558e+05 +3.835526558e+05 +3.0554e+00 -3.1589e-01 -1.8836e+00 -1.3040e+00 +3.9880e+00 +3.9643e+00 -2.8385e-01 +3.9148e+00 -4.0446e+00 +4.4725e+00
879 +1.909814595e+05 +1.909814595e+05 +1.910405895e+05 +1.910405895e+05 -1.5737e+00 +2.6411e+00 +2.2340e+00 +2.4009e-01 -4.6538e+00 -3.8116e-01 +3.3688e+00 -1.6767e+00 +3.3305e-01 +4.4658e+00
1045 +1.545279642e+05 +1.545279642e+05 +1.545870942e+05 +1.545870942e+05 -8.3819e-01 +3.6745e+00 +2.4421e-01 -3.9873e+00 +3.1986e-01 +3.8772e+00 -3.0808e+00 +3.9403e+00 -4.4298e+00 +4.3029e+00
1266 +8.438049264e+04 +8.438049264e+04 +8.443962264e+04 +8.443962264e+04 +4.7627e+00 -3.1488e+00 +3.3814e-01 +2.6156e+00 -3.4230e-01 -3.6194e+00 -2.8385e-01 -2.4977e-01 -4.0984e+00 +4.0859e+00
2299 +5.689673940e+04 +5.689673940e+04 +5.695586940e+04 +5.695586940e+04 -1.2595e+00 +3.6745e+00 +2.4421e-01 -3.9873e+00 +3.1986e-01 +2.3212e+00 -6.3844e-01 +2.2933e+00 -4.4298e+00 +4.3029e+00
2821 +3.513490726e+04 +3.513490726e+04 +3.519403726e+04 +3.519403726e+04 +8.0329e-01 +2.0551e+00 +2.4421e-01 +2.4009e-01 -4.3692e+00 -8.6492e-01 +3.1840e+00 -2.7689e+00 -4.0984e+00 +2.5895e+00
% function evaluation | noise-free fitness - Fopt (-4.915300000000e+02) | best noise-free fitness - Fopt | measured fitness | best measured fitness | x1 | x2...
1 +1.495685187e+06 +1.495685187e+06 +1.495193657e+06 +1.495193657e+06 -4.3693e+00 +5.5654e-01 +3.6934e+00 -3.6157e+00 -2.4992e+00 -2.9054e+00 +3.2047e+00 -7.1655e-01 +1.7803e+00 -7.3876e-01
11 +8.754227867e+05 +8.754227867e+05 +8.749312567e+05 +8.749312567e+05 -7.8907e-01 -2.9477e+00 +2.8822e+00 -2.7438e-01 +1.2609e-01 -2.5600e+00 +3.8366e+00 -2.9991e+00 -4.5409e+00 -1.8210e+00
72 +4.005945006e+05 +4.005945006e+05 +4.001029706e+05 +4.001029706e+05 -1.3790e+00 -4.8151e+00 -6.0847e-01 -3.0533e+00 -2.2228e+00 +4.2545e-01 -3.1277e+00 +9.4696e-01 +2.1713e+00 -1.2434e+00
98 +1.457162482e+05 +1.457162482e+05 +1.452247182e+05 +1.452247182e+05 +3.7168e+00 +8.6834e-01 -2.7882e+00 -8.5749e-01 +1.3276e+00 -9.7046e-01 -4.3849e+00 +2.2972e+00 +3.2756e+00 +1.5339e+00
1462 +9.773490628e+04 +9.773490628e+04 +9.724337628e+04 +9.724337628e+04 +1.6864e+00 -1.7775e+00 +1.5469e+00 -1.6628e+00 -3.1484e+00 -3.8496e+00 -3.0418e+00 +3.3047e+00 +4.5313e+00 +3.4089e+00
1692 +2.891378752e+04 +2.891378752e+04 +2.842225752e+04 +2.842225752e+04 +2.3896e+00 -4.2070e+00 +1.5772e+00 -6.9404e-01 +5.9495e-01 -3.6432e+00 +1.1444e+00 -5.9056e-01 +4.4944e+00 -3.8748e+00
3325 +2.266435954e+04 +2.266435954e+04 +2.217282954e+04 +2.217282954e+04 +1.6864e+00 -2.7158e+00 -3.0618e-01 +2.8215e-01 +1.8207e+00 -2.7228e+00 -3.1277e+00 +1.0099e+00 +1.0005e+00 +3.4089e+00
4259 +9.841828464e+03 +9.841828464e+03 +9.350298464e+03 +9.350298464e+03 +1.6864e+00 -1.2382e+00 -1.3182e+00 -2.0355e-01 +9.3692e-01 -2.7228e+00 -1.1021e+00 +1.0099e+00 -2.4325e+00 +7.6132e-01
% function evaluation | noise-free fitness - Fopt (-1.702000000000e+02) | best noise-free fitness - Fopt | measured fitness | best measured fitness | x1 | x2...
1 +1.112616527e+06 +1.112616527e+06 +1.112446327e+06 +1.112446327e+06 -2.6476e+00 -8.3080e-01 -1.0364e+00 +1.1496e+00 +4.4875e+00 +1.3350e+00 -1.0156e+00 +3.6026e+00 -4.4626e+00 +1.9145e-02
11 +3.649249806e+05 +3.649249806e+05 +3.647547806e+05 +3.647547806e+05 +1.8943e+00 -4.8188e+00 -2.2178e+00 +3.4015e+00 +3.4476e+00 +5.0791e-01 -6.8828e-01 +1.6936e+00 -4.4977e+00 +2.7378e+00
771 +1.943308955e+05 +1.943308955e+05 +1.941606955e+05 +1.941606955e+05 -1.5704e+00 +3.7838e-01 +1.0896e+00 +1.1496e+00 +4.4875e+00 +1.3350e+00 -1.0156e+00 +3.6026e+00 -4.4626e+00 +1.9145e-02
1024 +8.168351344e+04 +8.168351344e+04 +8.151331344e+04 +8.151331344e+04 -4.0263e+00 +2.6980e+00 -4.0651e+00 +4.1931e+00 +2.5482e+00 -9.5464e-01 +1.4473e+00 +4.7374e+00 -9.3880e-01 +2.8359e+00
2534 +3.403498498e+04 +3.403498498e+04 +3.386478498e+04 +3.386478498e+04 -1.5724e+00 -5.5693e-01 -2.6802e+00 +3.4557e+00 +2.9764e+00 -9.5464e-01 +1.4499e+00 +1.6936e+00 +9.7085e-02 +4.7529e+00
3597 +1.180829452e+04 +1.180829452e+04 +1.163809452e+04 +1.163809452e+04 +1.8943e+00 -3.3624e+00 -2.6802e+00 +3.4557e+00 +2.9764e+00 +1.3350e+00 -1.0156e+00 +1.5686e+00 -4.4977e+00 +2.7378e+00
% function evaluation | noise-free fitness - Fopt (-4.697500000000e+02) | best noise-free fitness - Fopt | measured fitness | best measured fitness | x1 | x2...
1 +1.687560559e+06 +1.687560559e+06 +1.687090809e+06 +1.687090809e+06 +2.6173e+00 -3.1261e-01 +3.1267e+00 +8.1488e-01 +3.0691e+00 +4.3867e+00 -2.3785e+00 -3.2104e+00 +1.5538e-01 +4.2452e+00
33 +1.042751130e+06 +1.042751130e+06 +1.042281380e+06 +1.042281380e+06 +3.7915e+00 -9.7455e-01 +1.8629e+00 -5.8580e-02 -4.3989e+00 +1.3480e-01 +1.4646e+00 +2.4365e-01 +1.0288e+00 +3.2670e+00
61 +8.647137493e+05 +8.647137493e+05 +8.642439993e+05 +8.642439993e+05 +2.4806e+00 +1.4597e+00 -8.7778e-01 +2.5683e+00 +3.9647e+00 +4.7526e+00 +1.0786e+00 -4.8904e+00 +1.3768e+00 +1.1655e+00
108 +5.383867866e+05 +5.383867866e+05 +5.379170366e+05 +5.379170366e+05 -4.9941e+00 -4.7182e+00 -1.2422e+00 +4.3886e+00 +4.5596e+00 -3.3229e+00 -2.1938e+00 +1.8079e+00 +4.7007e+00 +4.4053e+00
160 +9.366479563e+04 +9.366479563e+04 +9.319504563e+04 +9.319504563e+04 +1.7652e-01 -3.7654e+00 +4.1225e+00 -3.8340e-01 -9.1481e-01 +4.1172e+00 -1.6343e+00 +1.2124e+00 -4.8138e+00 +1.3511e+00
1827 +2.447444330e+04 +2.447444330e+04 +2.400469330e+04 +2.400469330e+04 +1.7000e+00 -1.8612e+00 +2.0655e+00 +2.5373e-01 +1.2720e+00 +2.9949e+00 -6.6296e-02 -1.2527e+00 +3.8757e+00 +4.9430e+00
2468 +1.044595701e+04 +1.044595701e+04 +9.976207006e+03 +9.976207006e+03 +1.6375e+00 -1.8612e+00 +1.8858e+00 +7.6637e-02 +1.2725e+00 +2.9959e+00 -4.1193e-01 -1.2522e+00 +3.8757e+00 +4.9430e+00
3077 +6.903827648e+03 +6.903827648e+03 +6.434077648e+03 +6.434077648e+03 +1.2000e+00 -1.8612e+00 +2.0811e+00 +7.6637e-02 +1.2725e+00 +2.9939e+00 -2.8302e-01 -1.2522e+00 +3.8757e+00 +4.9430e+00
4210 +6.182531484e+03 +6.182531484e+03 +5.712781484e+03 +5.712781484e+03 +1.6923e+00 -1.3612e+00 +2.0186e+00 +7.7613e-02 +1.2725e+00 +2.9939e+00 -2.8303e-01 -1.2527e+00 +3.8757e+00 +4.9430e+00
4354 +2.991209026e+03 +2.991209026e+03 +2.521459026e+03 +2.521459026e+03 +1.2000e+00 -1.8690e+00 +2.0733e+00 +7.4684e-02 +1.2725e+00 +2.4957e+00 -4.7004e-01 -1.2527e+00 +3.9069e+00 +4.9430e+00
% function evaluation | noise-free fitness - Fopt (-1.280000000000e+01) | best noise-free fitness - Fopt | measured fitness | best measured fitness | x1 | x2...
1 +2.806275004e+07 +2.806275004e+07 +2.806273724e+07 +2.806273724e+07 -4.6869e+00 +2.9495e+00 -3.9191e+00 -3.3942e+00 -1.5436e+00 -1.2385e+00 -4.8278e+00 +4.2365e-01 +3.0486e+00 -3.1345e+00
4 +7.554242145e+06 +7.554242145e+06 +7.554229345e+06 +7.554229345e+06 +2.9582e+00 +1.7899e+00 +2.7728e+00 +4.8921e-01 +3.1538e+00 -1.3397e+00 -2.6787e+00 -1.5202e+00 -4.3766e-01 -4.3198e+00
9 +3.584221565e+06 +3.584221565e+06 +3.584208765e+06 +3.584208765e+06 +7.8787e-01 +2.2792e+00 -2.0334e+00 -2.5299e+00 +2.9336e+00 -3.2575e+00 +2.5825e+00 -3.3150e+00 -2.4357e+00 +3.6315e+00
13 +2.448430165e+06 +2.448430165e+06 +2.448417365e+06 +2.448417365e+06 +1.6439e+00 -2.6074e+00 +3.6637e-01 -4.9381e+00 -1.4926e-02 +2.3469e+00 -1.4137e-01 -2.0791e+00 +3.9413e+00 +3.7707e+00
57 +9.843453812e+05 +9.843453812e+05 +9.843325812e+05 +9.843325812e+05 +3.6446e-01 +1.2194e+00 -4.2254e+00 -1.2393e+00 +2.0614e+00 +2.3814e+00 +1.1412e+00 -3.4800e+00 -1.4622e+00 -2.1125e+00
195 +4.867588434e+05 +4.867588434e+05 +4.867460434e+05 +4.867460434e+05 +1.1885e-01 -4.9384e+00 +2.6814e+00 -3.1742e+00 +4.5453e+00 +2.2749e+00 -7.6450e-01 -2.0606e-01 -3.1238e+00 -4.7556e+00
222 +3.879092162e+05 +3.879092162e+05 +3.878964162e+05 +3.878964162e+05 -4.1859e+00 -8.2740e-01 -4.2397e+00 +2.4990e+00 +4.6733e+00 +5.9833e-01 -1.2508e+00 -3.9994e+00 +2.3957e+00 -3.1555e+00
693 +2.192378390e+05 +2.192378390e+05 +2.192250390e+05 +2.192250390e+05 +4.0042e+00 -3.7425e+00 -2.1621e+00 -1.5629e+00 -8.6195e-02 -2.9881e+00 -2.5534e+00 -3.3293e+00 -3.5405e+00 +2.6298e+00
873 +1.261602792e+05 +1.261602792e+05 +1.261474792e+05 +1.261474792e+05 -1.2924e+00 -1.7888e+00 +4.2972e+00 +8.4453e-01 +3.5653e+00 -1.5786e+00 -1.9279e+00 -3.9121e+00 +2.9463e+00 -4.4836e+00
1107 +9.721143385e+04 +9.721143385e+04 +9.719863385e+04 +9.719863385e+04 -4.0468e+00 -4.7818e+00 -3.1663e+00 +8.4453e-01 +3.5653e+00 +4.8324e+00 +9.6662e-01 -2.3804e+00 -2.7629e+00 -4.2153e+00
1639 +4.248654745e+04 +4.248654745e+04 +4.247374745e+04 +4.247374745e+04 -4.0468e+00 -4.7818e+00 -3.1663e+00 +8.4453e-01 +3.5653e+00 +4.5824e+00 +4.9666e+00 -2.3804e+00 -2.7629e+00 -4.2153e+00
2748 +3.926566383e+04 +3.926566383e+04 +3.925286383e+04 +3.925286383e+04 -1.2924e+00 -1.9098e+00 +1.7084e+00 -1.2301e+00 +2.0575e+00 -3.8356e+00 +1.1451e+00 -3.4780e+00 -1.9622e+00 -4.0854e+00
3771 +1.498539052e+04 +1.498539052e+04 +1.497259052e+04 +1.497259052e+04 -1.0346e+00 -1.1437e+00 +1.7084e+00 -1.2301e+00 +2.0575e+00 -3.8356e+00 +1.1451e+00 -3.4780e+00 -2.7628e+00 -4.2153e+00
4978 +7.509406775e+03 +7.509406775e+03 +7.496606775e+03 +7.496606775e+03 +1.8886e+00 -3.1062e+00 +4.7094e+00 -1.5629e+00 -8.6195e-02 -2.9881e+00 -2.5534e+00 -3.3313e+00 -3.5405e+00 -4.6115e+00
% function evaluation | noise-free fitness - Fopt (-3.856900000000e+02) | best noise-free fitness - Fopt | measured fitness | best measured fitness | x1 | x2...
1 +1.369276385e+07 +1.369276385e+07 +1.369237816e+07 +1.369237816e+07 -4.9464e+00 +1.7408e+00 -1.7086e+00 -3.4123e+00 +6.7466e-01 -1.5637e+00 +2.5438e+00 -6.8997e-01 +1.5984e-01 +2.9614e+00
2 +5.026066410e+05 +5.026066410e+05 +5.022209510e+05 +5.022209510e+05 -4.3968e+00 -2.3094e+00 -4.0473e+00 -3.6986e+00 +8.9526e-02 -1.5188e+00 -9.4197e-02 +9.5884e-01 -1.4843e+00 -2.3353e+00
219 +2.994051439e+05 +2.994051439e+05 +2.990194539e+05 +2.990194539e+05 +3.4980e+00 +5.2649e-02 -4.2718e+00 -3.2050e+00 +2.8935e+00 +1.9575e+00 -3.5292e+00 +3.5274e+00 -1.5007e+00 -1.8822e+00
558 +1.604273472e+05 +1.604273472e+05 +1.600416572e+05 +1.600416572e+05 -2.6596e+00 -3.3514e+00 -2.9918e-01 -3.6400e+00 -2.3200e+00 +8.5338e-01 -2.1778e+00 +4.6816e+00 -1.1517e-01 -6.6747e-01
853 +1.509802106e+05 +1.509802106e+05 +1.505945206e+05 +1.505945206e+05 +3.1356e-01 +2.8938e-01 -3.0577e+00 -1.5587e+00 -2.6598e-01 +4.9922e+00 -3.4108e+00 +3.5900e+00 -1.4977e+00 +2.2792e+00
1365 +9.204897721e+04 +9.204897721e+04 +9.166328721e+04 +9.166328721e+04 -1.6952e+00 +2.2403e+00 +1.9725e+00 -2.3278e+00 -9.6034e-02 -1.6424e+00 -3.5292e+00 +3.5274e+00 -1.5007e+00 -1.8822e+00
1639 +5.297652968e+04 +5.297652968e+04 +5.259083968e+04 +5.259083968e+04 -4.5277e+00 -3.0970e+00 +2.3988e+00 -9.8381e-01 +3.2993e+00 -1.8304e+00 -3.3438e+00 +4.6905e-01 -1.2283e+00 -4.8233e-01
2137 +3.205791943e+04 +3.205791943e+04 +3.167222943e+04 +3.167222943e+04 -4.5277e+00 -1.2798e+00 +9.3043e-01 +1.0368e+00 +3.2993e+00 -1.8304e+00 -3.8438e+00 +4.6905e-01 -1.2322e+00 -1.4823e+00
3209 +1.307023562e+04 +1.307023562e+04 +1.268454562e+04 +1.268454562e+04 -3.0984e+00 -3.3159e+00 -1.6550e+00 -3.6619e+00 +1.8910e+00 +8.7538e-01 -1.5360e+00 +5.6618e-01 -2.7718e+00 +1.9431e+00
% function evaluation | noise-free fitness - Fopt (4.000000000000e+01) | best noise-free fitness - Fopt | measured fitness | best measured fitness | x1 | x2...
1 +9.483461620e+06 +9.483461620e+06 +9.483501620e+06 +9.483501620e+06 -8.5802e-01 -4.1262e+00 -2.6435e+00 +4.1411e-04 +2.6713e+00 -4.4774e+00 -1.0195e+00 -4.3720e-01 -4.1888e+00 -4.8912e+00
2 +4.409546238e+06 +4.409546238e+06 +4.409586238e+06 +4.409586238e+06 +1.7755e+00 +3.1188e+00 -2.6282e+00 -4.7393e+00 -4.8867e-01 +1.6058e+00 -2.9460e-02 +1.6380e+00 +2.8872e+00 -3.8761e+00
6 +3.812763858e+06 +3.812763858e+06 +3.812803858e+06 +3.812803858e+06 +1.5573e+00 -4.6184e+00 +4.6452e-01 -3.0842e+00 +4.4413e+00 +4.8189e+00 -4.0291e-01 -3.7348e+00 -2.8716e+00 -1.0932e+00
12 +1.566059470e+06 +1.566059470e+06 +1.566099470e+06 +1.566099470e+06 +7.0863e-01 -4.7210e+00 -1.4927e+00 +3.7330e+00 -3.0360e+00 -6.8684e-01 -2.8740e+00 +3.4652e+00 -2.0729e+00 -3.4064e+00
60 +3.810207574e+05 +3.810207574e+05 +3.810607574e+05 +3.810607574e+05 -4.1841e+00 -3.5366e+00 +4.7719e+00 -3.2745e+00 +1.1124e+00 -4.2168e+00 -1.1908e+00 +4.9064e+00 +1.9303e+00 -3.0317e+00
397 +1.808728188e+05 +1.808728188e+05 +1.809128188e+05 +1.809128188e+05 +3.6371e-01 +2.2366e-01 -4.6528e+00 -4.0045e+00 +7.0572e-01 +1.4522e+00 -3.5576e+00 -1.0016e+00 -2.6094e+00 -1.1754e-01
1066 +7.047851986e+04 +7.047851986e+04 +7.051851986e+04 +7.051851986e+04 -4.1841e+00 -3.5366e+00 -4.0355e+00 +1.7283e+00 +2.3635e+00 -1.6189e-01 -3.9282e+00 +4.1712e+00 -1.4683e+00 -3.0317e+00
1135 +5.543125656e+04 +5.543125656e+04 +5.547125656e+04 +5.547125656e+04 -3.2258e+00 -1.5702e+00 -2.7333e+00 -4.0357e+00 +7.0572e-01 +1.4522e+00 -3.5576e+00 -1.0016e+00 -1.1808e+00 -2.4940e+00
2572 +3.508276628e+04 +3.508276628e+04 +3.512276628e+04 +3.512276628e+04 +3.6371e-01 +2.2366e-01 -2.7192e+00 -3.8801e+00 +7.0572e-01 +1.4522e+00 -4.2578e+00 -1.0035e+00 -2.6094e+00 -1.1754e-01
4332 +2.401094901e+04 +2.401094901e+04 +2.405094901e+04 +2.405094901e+04 -1.0257e+00 -2.2365e-01 -2.7333e+00 -4.0357e+00 +1.0792e+00 +1.9522e+00 -4.2578e+00 -1.0016e+00 -2.6114e+00 -5.8959e-02
% function evaluation | noise-free fitness - Fopt (1.142600000000e+02) | best noise-free fitness - Fopt | measured fitness | best measured fitness | x1 | x2...
1 +5.862860738e+06 +5.862860738e+06 +5.862974998e+06 +5.862974998e+06 +4.4312e+00 +2.3174e+00 -4.1323e+00 +1.9333e+00 +9.8927e-01 -2.1367e+00 +1.4139e+00 +3.1936e+00 -1.3854e+00 -3.5406e+00
9 +3.857447444e+06 +3.857447444e+06 +3.857561704e+06 +3.857561704e+06 +6.0254e-01 +1.5934e+00 +1.1133e+00 +3.1517e+00 +3.9809e+00 -2.2561e+00 -1.3381e+00 -1.1628e+00 +2.2162e+00 -3.5503e+00
33 +9.451064731e+05 +9.451064731e+05 +9.452207331e+05 +9.452207331e+05 -4.4002e+00 +3.5411e+00 +4.6340e+00 -1.6641e+00 -7.5418e-03 -4.5016e+00 -4.6776e+00 -1.4915e+00 +3.9322e+00 -1.9790e+00
40 +4.718544547e+05 +4.718544547e+05 +4.719687147e+05 +4.719687147e+05 -2.1245e+00 +3.3244e+00 +4.7122e+00 +1.2237e+00 -1.4041e+00 -3.9034e+00 -3.3989e+00 +2.0708e+00 -9.7332e-01 +2.8801e+00
48 +3.404111891e+05 +3.404111891e+05 +3.405254491e+05 +3.405254491e+05 -4.0178e+00 -3.3979e+00 -9.3182e-01 -3.5942e+00 -4.8957e+00 +1.0458e+00 +2.1632e+00 +6.4238e-01 -9.7827e-01 -1.2891e+00
124 +7.818960518e+04 +7.818960518e+04 +7.830386518e+04 +7.830386518e+04 -1.8634e+00 +3.2034e+00 +4.9477e+00 -2.9320e+00 +1.1812e+00 +3.1312e+00 +3.7543e+00 +4.6189e+00 -3.5548e+00 +1.7106e-01
1585 +2.870497561e+04 +2.870497561e+04 +2.881923561e+04 +2.881923561e+04 +8.0045e-01 -3.5788e+00 +4.8016e-01 +7.9948e-02 -1.8103e+00 -2.7676e-01 +3.2166e+00 -1.4345e+00 +2.4580e+00 -2.8890e+00
2952 +1.003681159e+04 +1.003681159e+04 +1.015107159e+04 +1.015107159e+04 +3.3197e+00 -4.1248e+00 -3.4107e-01 -2.9320e+00 +2.2896e+00 -2.5648e+00 +3.1541e+00 -1.9345e+00 +2.4580e+00 -1.8081e+00
4699 +8.903633139e+03 +8.903633139e+03 +9.017893139e+03 +9.017893139e+03 +3.3187e+00 -4.1248e+00 -3.4108e-01 -2.9320e+00 +2.2918e+00 -2.5814e+00 +3.1541e+00 -1.9345e+00 +2.4580e+00 -1.8081e+00
4766 +6.090562529e+03 +6.090562529e+03 +6.204822529e+03 +6.204822529e+03 +3.3197e+00 -4.1248e+00 -3.3716e-01 -2.9359e+00 +2.2898e+00 -2.5648e+00 +3.1541e+00 -1.9345e+00 +2.4580e+00 -1.9915e+00
% function evaluation | noise-free fitness - Fopt (1.393000000000e+01) | best noise-free fitness - Fopt | measured fitness | best measured fitness | x1 | x2...
1 +6.801087230e+06 +6.801087230e+06 +6.801101160e+06 +6.801101160e+06 -3.2677e+00 -1.6913e+00 +2.6800e+00 +2.2294e+00 +1.3114e+00 +8.1650e-01 +1.4124e+00 +1.5921e+00 -1.9768e+00 +4.5632e+00
5 +2.156865703e+06 +2.156865703e+06 +2.156879633e+06 +2.156879633e+06 -3.1013e-01 +1.4878e+00 +4.3086e-01 -2.6164e+00 -1.3624e+00 -2.0894e+00 +2.5485e+00 +4.6900e-01 -4.2551e+00 +3.3039e+00
8 +1.315406507e+06 +1.315406507e+06 +1.315420437e+06 +1.315420437e+06 +4.4144e+00 +3.9034e+00 +3.5037e+00 -3.7433e+00 +7.1938e-02 -1.8310e-03 -1.7139e+00 -1.2890e+00 -1.8537e+00 -2.7960e+00
109 +3.557126699e+05 +3.557126699e+05 +3.557265999e+05 +3.557265999e+05 +3.5342e+00 +2.1446e+00 +3.0463e+00 +1.0220e+00 -1.7427e-01 -1.6026e-02 -3.4804e+00 -3.5789e+00 +1.8470e+00 +2.3082e+00
356 +2.171250773e+05 +2.171250773e+05 +2.171390073e+05 +2.171390073e+05 -1.8733e+00 -3.3503e+00 +2.4116e+00 -2.9168e+00 +3.3574e+00 -4.9261e+00 -4.9417e+00 -2.1470e-01 -4.9241e+00 +2.8979e-01
697 +1.250684378e+05 +1.250684378e+05 +1.250823678e+05 +1.250823678e+05 -3.6482e-01 +1.4253e+00 +3.1417e+00 -2.6164e+00 -1.3624e+00 -2.3394e+00 +2.5485e+00 +4.6900e-01 -4.2551e+00 +3.2726e+00
713 +8.683465787e+04 +8.683465787e+04 +8.684858787e+04 +8.684858787e+04 +3.5342e+00 +2.1446e+00 +3.0463e+00 +2.3630e+00 +1.3093e+00 -1.6026e-02 -3.4804e+00 -3.5789e+00 +1.8470e+00 +2.3082e+00
1162 +6.232591474e+04 +6.232591474e+04 +6.233984474e+04 +6.233984474e+04 -3.1013e-01 +1.4253e+00 +3.1417e+00 -2.6164e+00 -1.3624e+00 -2.3394e+00 +2.5485e+00 +4.6900e-01 -1.4140e+00 +3.5177e-01
1209 +2.085872558e+04 +2.085872558e+04 +2.087265558e+04 +2.087265558e+04 +3.6408e+00 +2.3210e+00 +3.0463e+00 +2.3630e+00 +1.3089e+00 -1.6026e-02 -3.4804e+00 -3.5789e+00 +1.3550e+00 +1.5002e+00
2758 +1.075532766e+04 +1.075532766e+04 +1.076925766e+04 +1.076925766e+04 +3.6406e+00 +2.3210e+00 +3.0463e+00 +2.3630e+00 +1.3089e+00 -1.6026e-02 -2.5485e+00 -3.5789e+00 +1.3547e+00 +1.5002e+00
4410 +9.773199160e+03 +9.773199160e+03 +9.787129160e+03 +9.787129160e+03 +3.6406e+00 +2.3210e+00 +3.0463e+00 +2.3630e+00 +1.3089e+00 -1.6026e-02 -2.6735e+00 -3.5788e+00 +1.3550e+00 +1.5002e+00
% function evaluation | noise-free fitness - Fopt (-3.175000000000e+01) | best noise-free fitness - Fopt | measured fitness | best measured fitness | x1 | x2...
1 +6.944112246e+06 +6.944112246e+06 +6.944080496e+06 +6.944080496e+06 +7.4684e-01 -4.9866e+00 +3.7483e+00 -3.3774e+00 +4.9269e+00 +8.1756e-01 -3.5754e+00 -4.2751e-01 +2.6393e+00 +1.0527e+00
2 +4.595875307e+06 +4.595875307e+06 +4.595843557e+06 +4.595843557e+06 +2.2544e+00 -3.4869e+00 +1.9650e+00 +4.8917e+00 -4.4487e+00 -6.7262e-02 +4.8854e+00 +2.8335e+00 +5.6793e-02 +4.3407e+00
13 +1.264765250e+06 +1.264765250e+06 +1.264733500e+06 +1.264733500e+06 -2.7290e+00 -2.3300e-01 +8.6690e-01 -3.7089e+00 -4.0644e+00 +2.6615e+00 +2.1750e+00 +4.3478e+00 -4.5042e+00 +1.2717e+00
54 +7.077448728e+05 +7.077448728e+05 +7.077131228e+05 +7.077131228e+05 -2.0728e+00 -4.6644e+00 -2.5147e+00 -1.5070e+00 -5.7775e-01 +4.4647e-01 +1.0065e-01 +4.1766e+00 -1.0613e+00 +4.0778e+00
90 +5.367218476e+05 +5.367218476e+05 +5.366900976e+05 +5.366900976e+05 -2.8798e+00 +3.7309e+00 +3.4986e+00 +6.6619e-01 +1.5794e+00 +1.3691e+00 +4.9708e+00 +3.3218e+00 +2.1010e+00 -4.5891e+00
507 +3.127177038e+05 +3.127177038e+05 +3.126859538e+05 +3.126859538e+05 -9.1101e-01 +3.7309e+00 +3.2486e+00 +2.0846e+00 +4.7726e+00 +4.4479e-01 +3.4769e+00 +4.7604e+00 +4.8353e+00 -4.5891e+00
549 +2.072982420e+05 +2.072982420e+05 +2.072664920e+05 +2.072664920e+05 +3.0941e+00 +6.7103e-01 +3.2874e+00 +3.8687e+00 +4.0599e+00 +1.6052e+00 -1.6783e+00 +4.8704e+00 +2.1383e+00 -2.6094e+00
624 +1.578036002e+05 +1.578036002e+05 +1.577718502e+05 +1.577718502e+05 -2.8798e+00 +3.7309e+00 +3.4986e+00 +6.6619e-01 +1.5794e+00 +1.3691e+00 +6.4447e-02 +4.2306e+00 +2.0815e+00 -4.5891e+00
1397 +2.589970372e+04 +2.589970372e+04 +2.586795372e+04 +2.586795372e+04 -2.8798e+00 +1.0713e+00 +4.4838e+00 +1.1951e+00 -4.9179e-02 -1.0601e+00 -4.6440e-01 +4.0617e+00 +2.1010e+00 -4.5266e+00
2952 +1.780319929e+04 +1.780319929e+04 +1.777144929e+04 +1.777144929e+04 -2.8798e+00 +3.7309e+00 +3.4986e+00 +6.6619e-01 +1.5794e+00 +2.1402e+00 -1.6471e+00 +4.8548e+00 +2.1305e+00 -8.3911e-01
3479 +1.446857834e+04 +1.446857834e+04 +1.443682834e+04 +1.443682834e+04 -2.9423e+00 +3.6371e+00 +3.4986e+00 +6.6617e-01 +1.5794e+00 +1.3689e+00 -6.7638e-01 +4.8702e+00 +2.1305e+00 -2.6094e+00
4372 +8.156345711e+03 +8.156345711e+03 +8.124595711e+03 +8.124595711e+03 -3.8795e+00 +1.0713e+00 +4.4838e+00 +1.9511e-01 -4.9179e-02 -1.0601e+00 -4.6440e-01 +4.0617e+00 +2.1010e+00 -4.5246e+00
% function evaluation | noise-free fitness - Fopt (5.432000000000e+01) | best noise-free fitness - Fopt | measured fitness | best measured fitness | x1 | x2...
1 +7.467222693e+07 +7.467222693e+07 +7.467228125e+07 +7.467228125e+07 +4.1405e-01 +2.0137e+00 +8.3608e-01 +2.1250e+00 +9.5704e-01 +1.2728e+00 +8.6617e-01 +3.3672e+00 -4.0237e+00 +4.9219e+00
3 +3.876216680e+07 +3.876216680e+07 +3.876222112e+07 +3.876222112e+07 -3.6157e+00 -4.1179e+00 -4.5938e+00 +4.0113e+00 -4.1255e+00 +2.5506e+00 +7.1383e-01 -2.8682e+00 -4.5252e+00 -3.8785e+00
4 +2.442956669e+07 +2.442956669e+07 +2.442962101e+07 +2.442962101e+07 -3.2470e+00 -1.5363e+00 -6.9512e-01 +3.7496e+00 -3.3008e+00 +3.3684e+00 -2.6937e-01 -7.8231e-01 +8.6753e-01 -3.5097e+00
5 +1.320146836e+07 +1.320146836e+07 +1.320152268e+07 +1.320152268e+07 +3.1751e+00 +4.0842e+00 -1.6105e+00 +3.5528e+00 -5.3979e-01 +1.0270e+00 +2.6658e+00 -1.9308e+00 -6.9316e-01 -1.2001e-01
11 +7.705888619e+06 +7.705888619e+06 +7.705942939e+06 +7.705942939e+06 +2.9021e+00 -3.6113e+00 -4.2476e+00 -7.3231e-02 +3.4881e+00 +2.8761e-01 +2.3953e+00 -1.0306e+00 +4.3950e+00 +4.8008e+00
12 +2.823158663e+06 +2.823158663e+06 +2.823212983e+06 +2.823212983e+06 +4.4453e+00 +3.5047e+00 +1.1579e+00 -2.7138e+00 -1.4412e+00 -2.1858e+00 +5.7201e-01 -4.0338e+00 -5.2314e-01 +3.3416e+00
15 +5.154794101e+05 +5.154794101e+05 +5.155337301e+05 +5.155337301e+05 -3.2165e-01 +2.0582e-01 +3.7611e-01 +2.2948e+00 +1.8120e+00 -1.0859e-01 -4.4782e+00 -4.3277e+00 +2.4456e+00 -4.6189e+00
123 +3.678054294e+05 +3.678054294e+05 +3.678597494e+05 +3.678597494e+05 +5.0069e-01 -3.2605e+00 +4.0546e+00 -3.2963e+00 -4.7646e+00 +4.3000e+00 -3.8119e+00 -2.6343e+00 +1.2803e-01 -2.8773e+00
174 +2.374236567e+05 +2.374236567e+05 +2.374779767e+05 +2.374779767e+05 +2.0353e+00 -3.7109e+00 -5.9288e-02 +2.5917e+00 -1.3718e+00 +5.4746e-01 +3.7693e+00 -4.9827e+00 +2.2933e+00 +3.2571e+00
659 +1.118652743e+05 +1.118652743e+05 +1.119195943e+05 +1.119195943e+05 +9.3649e-01 +3.3633e+00 +1.2418e+00 -4.7139e+00 -2.7647e+00 +4.2807e+00 -7.3923e-01 -4.3496e+00 -1.3663e+00 +2.8203e+00
677 +4.029615118e+04 +4.029615118e+04 +4.035047118e+04 +4.035047118e+04 +1.7322e+00 -5.3989e-01 +1.0825e-01 -2.9416e+00 -2.6168e+00 +4.4695e+00 -1.2864e+00 -2.5675e+00 +1.7555e+00 +4.2506e+00
1174 +3.911234094e+04 +3.911234094e+04 +3.916666094e+04 +3.916666094e+04 +1.7322e+00 -6.0239e-01 +1.0825e-01 -2.8791e+00 -2.6168e+00 +4.4695e+00 -1.2864e+00 -2.5675e+00 +1.7555e+00 +4.2506e+00
2006 +1.529819427e+04 +1.529819427e+04 +1.535251427e+04 +1.535251427e+04 +1.7322e+00 -5.3989e-01 +1.0825e-01 -2.9416e+00 -2.1168e+00 +4.4695e+00 -1.2864e+00 -2.5675e+00 +1.7555e+00 +4.2506e+00
2285 +7.492862236e+03 +7.492862236e+03 +7.547182236e+03 +7.547182236e+03 +2.0353e+00 -5.4001e-01 +1.0839e-01 -2.9416e+00 -1.3718e+00 +4.4695e+00 -1.2864e+00 -2.5665e+00 +1.8180e+00 +4.2505e+00
4045 +6.153418205e+03 +6.153418205e+03 +6.207738205e+03 +6.207738205e+03 +1.7322e+00 -4.1839e-02 +1.0826e-01 -2.8791e+00 -1.3718e+00 +4.4695e+00 -1.9114e+00 -2.5695e+00 +1.7555e+00 +4.0006e+00
% function evaluation | noise-free fitness - Fopt (4.052000000000e+01) | best noise-free fitness - Fopt | measured fitness | best measured fitness | x1 | x2...
1 +1.296217918e+06 +1.296217918e+06 +1.296258438e+06 +1.296258438e+06 +4.5134e+00 -4.1075e+00 +3.8517e+00 -5.8894e-01 +1.4899e+00 +4.6074e+00 +4.9882e-01 +1.7813e+00 -4.1124e+00 +3.1639e+00
5 +3.124448071e+05 +3.124448071e+05 +3.124853271e+05 +3.124853271e+05 -7.1515e-01 -4.9144e+00 -8.7727e-02 +3.4448e+00 -3.0907e-01 -3.3170e+00 +2.5206e-01 -5.5725e-01 +3.9280e+00 +4.9471e+00
266 +2.128134247e+05 +2.128134247e+05 +2.128539447e+05 +2.128539447e+05 -5.4047e-01 -2.9952e+00 +4.4178e+00 +3.0859e+00 +2.1662e+00 +1.8801e-01 +1.8617e+00 +4.7973e+00 -4.8904e+00 +3.0349e+00
835 +1.085354589e+05 +1.085354589e+05 +1.085759789e+05 +1.085759789e+05 +1.5406e-01 +8.5014e-01 -1.4485e+00 +2.9387e+00 -9.7393e-01 -3.7504e+00 +2.3641e+00 +1.0606e+00 -4.3002e+00 +1.9779e+00
1281 +7.923403293e+04 +7.923403293e+04 +7.927455293e+04 +7.927455293e+04 +1.5406e-01 +3.5014e-01 -1.4485e+00 +2.9387e+00 -1.3773e+00 -4.6864e+00 +1.5910e+00 +2.3526e-01 -2.0269e+00 +2.9178e+00
1507 +5.701121505e+04 +5.701121505e+04 +5.705173505e+04 +5.705173505e+04 +1.5406e-01 -6.6291e-01 -2.0575e+00 +3.9016e+00 -1.3773e+00 -4.6552e+00 +1.5910e+00 +2.3526e-01 -2.6861e-02 +2.9178e+00
3152 +3.420446953e+04 +3.420446953e+04 +3.424498953e+04 +3.424498953e+04 +3.3546e+00 +1.1388e+00 -2.0556e+00 +2.8762e+00 -9.7393e-01 -3.7582e+00 +2.3641e+00 -1.3987e+00 -1.0068e+00 +2.9178e+00
3220 +1.502715938e+04 +1.502715938e+04 +1.506767938e+04 +1.506767938e+04 +1.5406e-01 -8.6601e-01 -1.4485e+00 +3.9016e+00 -1.3773e+00 -4.6552e+00 +1.5910e+00 +2.3526e-01 -2.6861e-02 +2.9178e+00
% function evaluation | noise-free fitness - Fopt (-1.184900000000e+02) | best noise-free fitness - Fopt | measured fitness | best measured fitness | x1 | x2...
1 +2.105280659e+07 +2.105280659e+07 +2.105268810e+07 +2.105268810e+07 -5.2093e-01 -2.5045e+00 +4.1427e+00 +4.0347e+00 -3.8685e+00 +1.1335e+00 -8.2319e-01 -4.7595e+00 -2.7466e+00 -6.3333e-02
4 +4.328934151e+06 +4.328934151e+06 +4.328815661e+06 +4.328815661e+06 -4.9290e+00 +4.4551e+00 +3.1326e+00 +2.4742e+00 -3.8435e+00 +4.0194e+00 -3.2300e+00 +5.6749e-01 +1.4084e+00 -4.7776e+00
25 +3.884318083e+06 +3.884318083e+06 +3.884199593e+06 +3.884199593e+06 -2.1571e-01 +4.2132e+00 -2.0088e+00 -3.3112e+00 -4.0343e+00 +7.1400e-01 +1.4996e+00 +4.8432e-01 -1.0325e+00 -8.9870e-01
50 +1.497597507e+06 +1.497597507e+06 +1.497479017e+06 +1.497479017e+06 -1.1269e+00 -2.1942e+00 -1.5347e-01 -1.5445e+00 -4.9949e+00 -3.7336e+00 +2.5868e+00 +3.9417e-01 +1.5043e+00 -2.3119e+00
86 +4.230096414e+05 +4.230096414e+05 +4.228911514e+05 +4.228911514e+05 -3.1486e+00 +3.3106e+00 -3.6387e+00 -4.1504e+00 -3.3791e+00 +2.6453e+00 +2.7335e+00 +3.9809e+00 +3.3326e+00 -3.4184e+00
125 +3.873744689e+05 +3.873744689e+05 +3.872559789e+05 +3.872559789e+05 -3.6451e+00 -1.4338e+00 -3.5027e+00 +1.0122e+00 -3.5499e+00 +4.5954e+00 -2.9512e+00 +3.4335e-01 +4.6825e-01 -3.9369e+00
299 +1.345893927e+05 +1.345893927e+05 +1.344709027e+05 +1.344709027e+05 -2.4101e+00 -2.5189e+00 -4.7555e+00 +1.6791e+00 -4.7751e+00 -4.5037e+00 +4.8357e+00 +6.4021e-01 +2.7584e+00 -4.3699e-01
1299 +5.042116959e+04 +5.042116959e+04 +5.030267959e+04 +5.030267959e+04 -3.6451e+00 +2.5891e-01 -3.5027e+00 -7.8213e-01 -2.6195e+00 +4.5954e+00 -2.9512e+00 +3.4335e-01 +4.6825e-01 -3.9369e+00
1793 +2.087339611e+04 +2.087339611e+04 +2.075490611e+04 +2.075490611e+04 -3.6451e+00 +8.9135e-03 -3.5027e+00 +1.0122e+00 -3.5499e+00 -2.2109e+00 -8.6060e-01 +3.9417e-01 +3.1952e-01 -2.3119e+00
1794 +1.545312278e+04 +1.545312278e+04 +1.533463278e+04 +1.533463278e+04 -3.8951e+00 +8.9135e-03 -3.5027e+00 +1.0122e+00 -3.5499e+00 -2.2109e+00 -8.6060e-01 +3.9417e-01 +3.1952e-01 -2.3119e+00
2902 +8.044434982e+03 +8.044434982e+03 +7.925944982e+03 +7.925944982e+03 -3.6451e+00 +8.9133e-03 -3.5037e+00 +1.0122e+00 -3.7623e+00 -7.3323e-01 -8.6060e-01 +3.7854e-01 +3.2734e-01 -2.3119e+00
3842 +5.980766502e+03 +5.980766502e+03 +5.862276502e+03 +5.862276502e+03 -3.6451e+00 +1.3395e-01 -3.7527e+00 +1.0125e+00 -3.5499e+00 -5.9540e-01 -9.5118e-01 +3.9417e-01 +3.1952e-01 -2.3119e+00
% function evaluation | noise-free fitness - Fopt (2.810000000000e+01) | best noise-free fitness - Fopt | measured fitness | best measured fitness | x1 | x2...
1 +2.503344047e+07 +2.503344047e+07 +2.503346857e+07 +2.503346857e+07 -2.2033e+00 -1.7757e+00 -3.1479e+00 -1.8269e+00 +1.8986e+00 -2.9341e-01 +2.5056e+00 -1.8555e+00 -2.9495e+00 +3.0802e+00
2 +6.367141259e+06 +6.367141259e+06 +6.367169359e+06 +6.367169359e+06 -8.8985e-01 -1.0996e+00 +2.6097e+00 +2.1449e+00 +1.1914e+00 +2.9809e+00 -3.3237e+00 +1.2575e+00 -2.3928e+00 -2.2704e+00
5 +4.297727188e+06 +4.297727188e+06 +4.297755288e+06 +4.297755288e+06 -2.9998e+00 +4.7686e+00 -7.7964e-01 -1.9129e+00 +4.6227e-01 -1.7648e+00 -1.8435e+00 +4.5469e+00 +1.3176e+00 -2.8584e+00
17 +3.801469357e+06 +3.801469357e+06 +3.801497457e+06 +3.801497457e+06 +2.3138e+00 +1.2588e+00 -4.5343e+00 -1.3112e+00 -1.5453e+00 +2.9384e+00 +1.1448e+00 +3.3343e+00 +2.4124e+00 -2.0040e+00
66 +1.966028210e+06 +1.966028210e+06 +1.966056310e+06 +1.966056310e+06 -3.0826e+00 +2.7673e+00 +9.2282e-01 -3.6021e+00 -2.6127e-01 -4.4374e+00 +2.3047e+00 -1.7087e+00 +3.3089e+00 +1.2666e+00
69 +9.830934417e+05 +9.830934417e+05 +9.831215417e+05 +9.831215417e+05 +1.2127e+00 +3.1389e+00 -4.7815e+00 -2.7433e+00 -4.0436e+00 -2.9171e+00 -3.3101e+00 +3.8494e+00 +3.7337e+00 +3.5429e-01
279 +3.273411682e+05 +3.273411682e+05 +3.273692682e+05 +3.273692682e+05 +1.4963e-01 +2.5562e+00 +4.9322e+00 +7.8762e-01 -2.5933e+00 -2.8091e+00 -4.6236e+00 -3.9242e+00 -1.0821e+00 +1.8730e+00
684 +1.965269503e+05 +1.965269503e+05 +1.965550503e+05 +1.965550503e+05 +2.8517e+00 +4.3305e+00 +3.1039e+00 +6.3167e-01 +1.9867e-01 -2.8363e+00 +1.4730e+00 -1.7356e+00 -7.7976e-01 +1.6550e+00
1307 +1.050045876e+05 +1.050045876e+05 +1.050326876e+05 +1.050326876e+05 +1.4963e-01 +2.6187e+00 -4.6139e+00 +1.4769e+00 -3.6234e+00 -1.6132e+00 -2.7101e+00 -3.9243e+00 -1.0821e+00 +1.8730e+00
1328 +4.156553823e+04 +4.156553823e+04 +4.159363823e+04 +4.159363823e+04 +2.8517e+00 +4.3305e+00 +3.1039e+00 +2.6314e+00 -2.4180e+00 -4.4357e-01 -1.6905e+00 -4.6302e+00 -2.0556e+00 +3.7299e+00
3562 +3.662147745e+04 +3.662147745e+04 +3.664957745e+04 +3.664957745e+04 +2.8517e+00 +4.3306e+00 -1.2034e+00 -2.6330e+00 -2.9111e+00 -2.8282e+00 +3.8691e+00 +3.5687e+00 -7.7976e-01 -1.9635e+00
