% function evaluation | noise-free fitness - Fopt (-5.465000000000e+02) | best noise-free fitness - Fopt | measured fitness | best measured fitness | x1 | x2...
1 +9.020851563e+03 +9.020851563e+03 +8.474351563e+03 +8.474351563e+03 -3.5868e+00 +4.8329e+00 +3.1545e+00 -6.3694e-01 +2.7355e+00
4 +5.345043058e+03 +5.345043058e+03 +4.798543058e+03 +4.798543058e+03 -8.3390e-01 +4.2516e+00 -2.7206e+00 -1.2899e+00 +1.3061e+00
9 +2.347219362e+03 +2.347219362e+03 +1.800719362e+03 +1.800719362e+03 -1.4449e+00 +2.0743e+00 +2.7260e+00 -3.0935e+00 +1.0530e+00
11 +4.719365329e+02 +4.719365329e+02 -7.456346706e+01 -7.456346706e+01 -2.9268e+00 +2.2959e+00 +2.8182e+00 -2.1823e+00 +7.5387e-01
49 +2.723039868e+02 +2.723039868e+02 -2.741960132e+02 -2.741960132e+02 +1.4976e+00 +2.0441e+00 -7.0086e-01 -1.2862e+00 +6.2838e-01
75 +4.773073680e+00 +4.773073680e+00 -5.417269263e+02 -5.417269263e+02 +1.8971e+00 +1.3409e+00 +1.2559e+00 -1.8461e+00 +8.9484e-01
441 +3.908494369e+00 +3.908494369e+00 -5.425915056e+02 -5.425915056e+02 +2.4958e+00 +1.3409e+00 +1.2559e+00 -1.8461e+00 +8.9484e-01
1416 +2.365968301e+00 +2.365968301e+00 -5.441340317e+02 -5.441340317e+02 +1.4976e+00 +2.1236e+00 +8.5907e-01 -1.9537e+00 +1.0374e+00
1982 +1.340746792e+00 +1.340746792e+00 -5.451592532e+02 -5.451592532e+02 -1.9677e+00 +2.1236e+00 +1.9461e+00 -2.1823e+00 +8.9533e-01
2975 +9.236972083e-01 +9.236972083e-01 -5.455763028e+02 -5.455763028e+02 -1.9677e+00 +2.1236e+00 +2.0926e+00 -2.1803e+00 +8.9484e-01
3672 +6.055881839e-01 +6.055881839e-01 -5.458944118e+02 -5.458944118e+02 +1.4958e+00 +2.9245e+00 +1.9481e+00 -2.1863e+00 +2.1126e+00
4421 +3.914678162e-01 +3.914678162e-01 -5.461085322e+02 -5.461085322e+02 -1.9674e+00 +2.1086e+00 +2.0926e+00 -2.1561e+00 +2.1165e+00
% function evaluation | noise-free fitness - Fopt (1.000000000000e+03) | best noise-free fitness - Fopt | measured fitness | best measured fitness | x1 | x2...
1 +1.058733312e+05 +1.058733312e+05 +1.068733312e+05 +1.068733312e+05 -3.6365e+00 +3.8580e+00 +3.4245e+00 -1.1707e+00 +3.9839e+00
2 +1.652884830e+04 +1.652884830e+04 +1.752884830e+04 +1.752884830e+04 +3.2443e+00 -1.1209e+00 -4.5670e+00 +1.0825e+00 +2.8169e-01
3 +1.999864221e+03 +1.999864221e+03 +2.999864221e+03 +2.999864221e+03 +2.2497e+00 +2.7546e+00 -3.4074e+00 -1.5438e+00 -6.8885e-01
5 +8.243499494e+02 +8.243499494e+02 +1.824349949e+03 +1.824349949e+03 -2.5951e+00 +1.2205e+00 +1.0253e+00 -3.2436e+00 -9.6984e-01
187 +3.215421882e+02 +3.215421882e+02 +1.321542188e+03 +1.321542188e+03 +3.3892e+00 +1.1975e+00 -1.3369e+00 -1.0625e+00 -2.0573e+00
208 +1.033061542e+01 +1.033061542e+01 +1.010330615e+03 +1.010330615e+03 +8.0275e-01 -7.1973e-01 -2.2390e+00 -1.0239e+00 -1.4125e+00
372 +4.179715412e+00 +4.179715412e+00 +1.004179715e+03 +1.004179715e+03 +1.0785e+00 +2.1939e+00 -1.3369e+00 -1.0625e+00 -2.0573e+00
993 +3.855856358e+00 +3.855856358e+00 +1.003855856e+03 +1.003855856e+03 -7.7206e-01 +3.3162e-01 -2.7494e+00 -9.5914e-01 -1.2065e+00
1731 +2.416004961e+00 +2.416004961e+00 +1.002416005e+03 +1.002416005e+03 -2.2009e+00 +2.1205e+00 -2.0579e+00 -3.6838e-01 -2.6206e+00
2350 +1.567026701e+00 +1.567026701e+00 +1.001567027e+03 +1.001567027e+03 -2.2009e+00 +2.1205e+00 -9.4791e-01 -8.2138e-01 -1.2733e+00
3283 +9.376605376e-01 +9.376605376e-01 +1.000937661e+03 +1.000937661e+03 -2.2031e+00 +2.0457e+00 -2.0569e+00 -6.1097e-01 -1.3810e+00
4007 +6.266673708e-01 +6.266673708e-01 +1.000626667e+03 +1.000626667e+03 -2.1384e+00 +2.0968e+00 -2.1242e+00 -5.7138e-01 -1.3812e+00
% function evaluation | noise-free fitness - Fopt (2.083800000000e+02) | best noise-free fitness - Fopt | measured fitness | best measured fitness | x1 | x2...
1 +4.708249929e+04 +4.708249929e+04 +4.729087929e+04 +4.729087929e+04 +1.5319e+00 +1.6658e+00 -1.4804e-01 -3.8484e+00 +2.2229e+00
7 +3.632672182e+04 +3.632672182e+04 +3.653510182e+04 +3.653510182e+04 +5.1131e-01 -3.5080e+00 -3.2101e+00 -3.9494e-01 +3.3847e+00
8 +1.419923776e+04 +1.419923776e+04 +1.440761776e+04 +1.440761776e+04 -4.7832e+00 -1.0385e+00 +2.6418e+00 +2.7936e+00 +3.7266e+00
16 +2.268320280e+03 +2.268320280e+03 +2.476700280e+03 +2.476700280e+03 -4.7053e+00 +2.3447e+00 -7.7871e-01 +2.4198e+00 +9.1372e-01
102 +9.468163307e+02 +9.468163307e+02 +1.155196331e+03 +1.155196331e+03 -2.8161e+00 -2.3497e+00 +4.0164e+00 +1.0128e+00 +1.1985e+00
148 +2.136313914e+02 +2.136313914e+02 +4.220113914e+02 +4.220113914e+02 +1.2808e+00 -1.4661e-01 +1.4257e+00 +5.7773e-01 +2.8400e+00
273 +4.271881796e+00 +4.271881796e+00 +2.126518818e+02 +2.126518818e+02 +1.5997e+00 +1.5240e-01 +2.3195e-01 +9.9349e-01 +1.4141e+00
425 +3.955128482e+00 +3.955128482e+00 +2.123351285e+02 +2.123351285e+02 -8.4085e-01 -5.4487e-01 +1.2762e+00 +9.7005e-01 +1.2252e+00
981 +2.399181075e+00 +2.399181075e+00 +2.107791811e+02 +2.107791811e+02 +1.4889e+00 +2.1642e-01 +1.0695e+00 +7.9063e-01 +1.7631e+00
2586 +1.484950300e+00 +1.484950300e+00 +2.098649503e+02 +2.098649503e+02 +1.4891e+00 +2.1642e-01 +1.2762e+00 +2.3384e+00 +2.0592e+00
4518 +8.888722582e-01 +8.888722582e-01 +2.092688723e+02 +2.092688723e+02 +1.5999e+00 +2.9552e+00 +1.2684e+00 +2.3387e+00 +2.0436e+00
% function evaluation | noise-free fitness - Fopt (-1.449600000000e+02) | best noise-free fitness - Fopt | measured fitness | best measured fitness | x1 | x2...
1 +1.325693132e+05 +1.325693132e+05 +1.324243532e+05 +1.324243532e+05 -3.8710e+00 -3.9275e+00 +4.4161e+00 +2.9340e+00 +2.0765e+00
3 +9.274097977e+03 +9.274097977e+03 +9.129137977e+03 +9.129137977e+03 -3.1664e-01 -4.4150e+00 +2.0671e+00 -4.9806e+00 -1.3197e+00
9 +4.117501836e+03 +4.117501836e+03 +3.972541836e+03 +3.972541836e+03 -1.9850e+00 -2.6239e+00 +9.1926e-01 -3.8071e+00 +5.8315e-01
39 +8.265155501e+02 +8.265155501e+02 +6.815555501e+02 +6.815555501e+02 -5.6394e-01 +2.0238e+00 -1.4928e+00 -1.6338e+00 -6.9199e-01
45 +7.078901810e+01 +7.078901810e+01 -7.417098190e+01 -7.417098190e+01 +1.9346e+00 -1.3156e+00 -2.6637e+00 -5.2627e-01 -2.7237e+00
258 +4.037951278e+01 +4.037951278e+01 -1.045804872e+02 -1.045804872e+02 -1.0577e+00 -2.8870e+00 +6.5145e-01 -2.9534e+00 -1.5373e+00
413 +1.471123641e+01 +1.471123641e+01 -1.302487636e+02 -1.302487636e+02 +6.3865e-01 -1.5069e+00 -1.7751e+00 -1.8763e+00 -2.3356e+00
835 +4.355166347e+00 +4.355166347e+00 -1.406048337e+02 -1.406048337e+02 +1.1887e+00 -1.5069e+00 -7.7512e-01 -1.8763e+00 -2.2727e+00
1033 +3.793834959e+00 +3.793834959e+00 -1.411661650e+02 -1.411661650e+02 -8.0269e-01 -1.6263e+00 -1.1062e+00 -1.2786e+00 -1.5840e+00
1351 +2.354817633e+00 +2.354817633e+00 -1.426051824e+02 -1.426051824e+02 +1.4739e+00 -2.9572e+00 +6.7948e-01 -1.9047e+00 -1.3039e+00
1503 +1.505997807e+00 +1.505997807e+00 -1.434540022e+02 -1.434540022e+02 -2.0358e+00 -2.0296e+00 -1.1687e+00 -1.9046e+00 -2.1817e+00
% function evaluation | noise-free fitness - Fopt (-6.300000000000e+00) | best noise-free fitness - Fopt | measured fitness | best measured fitness | x1 | x2...
1 +1.413570148e+04 +1.413570148e+04 +1.412940148e+04 +1.412940148e+04 -4.8740e+00 +1.4742e+00 -1.2773e+00 -1.6729e+00 -2.4773e+00
8 +3.755793225e+03 +3.755793225e+03 +3.749493225e+03 +3.749493225e+03 +4.7906e+00 -2.5899e+00 -5.8023e-01 +7.8306e-01 -3.0907e+00
116 +1.081804804e+03 +1.081804804e+03 +1.075504804e+03 +1.075504804e+03 +4.1413e+00 +1.7216e+00 -2.0589e+00 +2.0511e+00 -1.0122e+00
118 +3.896661869e+02 +3.896661869e+02 +3.833661869e+02 +3.833661869e+02 +1.6962e+00 -2.4488e+00 -1.3841e+00 -8.2421e-03 -1.0130e+00
274 +4.305874566e+00 +4.305874566e+00 -1.994125434e+00 -1.994125434e+00 +1.0815e+00 -8.6030e-01 -2.1461e+00 +9.6550e-01 -2.2701e+00
622 +3.177358730e+00 +3.177358730e+00 -3.122641270e+00 -3.122641270e+00 -2.6898e-01 -8.6030e-01 -1.4154e+00 +2.2366e+00 -2.1440e+00
1342 +2.306986066e+00 +2.306986066e+00 -3.993013934e+00 -3.993013934e+00 +1.0815e+00 +3.6030e-01 -1.4142e+00 +2.1926e+00 -2.1443e+00
2647 +1.460844011e+00 +1.460844011e+00 -4.839155989e+00 -4.839155989e+00 +4.4428e-01 -2.5899e+00 -1.8445e+00 +2.1721e+00 -2.0940e+00
3262 +8.425501610e-01 +8.425501610e-01 -5.457449839e+00 -5.457449839e+00 -6.3311e-01 -2.8602e+00 -1.8445e+00 +2.1721e+00 -2.0940e+00
5009 +5.190871611e-01 +5.190871611e-01 -5.780912839e+00 -5.780912839e+00 +1.0815e+00 -2.3462e+00 -2.0207e+00 +2.1099e+00 -2.0940e+00
% function evaluation | noise-free fitness - Fopt (-2.206000000000e+01) | best noise-free fitness - Fopt | measured fitness | best measured fitness | x1 | x2...
1 +4.742522285e+03 +4.742522285e+03 +4.720462285e+03 +4.720462285e+03 -2.9471e+00 +4.8789e+00 +1.6148e+00 +1.2980e-01 +1.1800e+00
70 +8.281315368e+02 +8.281315368e+02 +8.060715368e+02 +8.060715368e+02 +3.5216e-01 -1.9856e+00 -2.4783e+00 -2.1987e+00 +1.5107e+00
190 +3.475734052e+00 +3.475734052e+00 -1.858426595e+01 -1.858426595e+01 +1.9189e+00 +1.2812e+00 -5.0443e-01 -5.9538e-01 +2.5704e+00
1285 +2.137889753e+00 +2.137889753e+00 -1.992211025e+01 -1.992211025e+01 +1.9970e+00 +2.0715e+00 +4.6485e-01 -2.3513e+00 +2.1362e+00
2155 +1.546844641e+00 +1.546844641e+00 -2.051315536e+01 -2.051315536e+01 +1.9379e+00 +2.0715e+00 -2.1682e+00 -9.9403e-01 +2.4428e+00
3479 +9.632758502e-01 +9.632758502e-01 -2.109672415e+01 -2.109672415e+01 +1.9814e+00 +2.0715e+00 -2.1682e+00 -9.6620e-01 +2.3785e+00
% function evaluation | noise-free fitness - Fopt (7.129000000000e+01) | best noise-free fitness - Fopt | measured fitness | best measured fitness | x1 | x2...
1 +7.065078379e+03 +7.065078379e+03 +7.136368379e+03 +7.136368379e+03 -4.0817e+00 -1.0170e+00 +2.6972e+00 -1.5511e+00 -3.5136e+00
24 +2.573909348e+03 +2.573909348e+03 +2.645199348e+03 +2.645199348e+03 +3.5319e+00 -2.5991e-01 +5.8663e-01 +2.2326e+00 +1.0280e-01
47 +1.009053789e+03 +1.009053789e+03 +1.080343789e+03 +1.080343789e+03 -2.4761e+00 -8.3887e-01 +2.5836e+00 +2.8199e+00 -1.0082e+00
133 +4.554929480e+00 +4.554929480e+00 +7.584492948e+01 +7.584492948e+01 -2.3934e+00 +2.2920e+00 +1.2053e+00 +9.9418e-01 -2.4600e+00
246 +2.650758592e+00 +2.650758592e+00 +7.394075859e+01 +7.394075859e+01 +1.6544e+00 +9.9711e-01 -2.3072e-01 +1.2532e+00 -2.3325e+00
1297 +2.313355768e+00 +2.313355768e+00 +7.360335577e+01 +7.360335577e+01 +2.4557e+00 +6.4044e-01 +5.4208e-01 +2.4969e+00 -7.9495e-01
2494 +1.469433707e+00 +1.469433707e+00 +7.275943371e+01 +7.275943371e+01 -8.3135e-01 -2.9684e-01 +6.4977e-01 +9.3170e-01 -2.4053e+00
5049 +9.991207419e-01 +9.991207419e-01 +7.228912074e+01 +7.228912074e+01 +1.5294e+00 +3.1593e-01 +5.4260e-01 +9.6379e-01 -2.4052e+00
% function evaluation | noise-free fitness - Fopt (-1.054000000000e+01) | best noise-free fitness - Fopt | measured fitness | best measured fitness | x1 | x2...
1 +1.087756844e+05 +1.087756844e+05 +1.087651444e+05 +1.087651444e+05 +3.6653e+00 +1.5859e+00 -3.7885e+00 +1.6750e+00 +3.4895e+00
3 +2.889140205e+03 +2.889140205e+03 +2.878600205e+03 +2.878600205e+03 +8.1384e-01 -4.3308e+00 -1.6663e+00 -7.2676e-01 -3.0860e+00
17 +3.941979361e+00 +3.941979361e+00 -6.598020639e+00 -6.598020639e+00 -2.5244e+00 +2.0456e-01 -1.8457e+00 -8.9941e-01 -1.5397e+00
1134 +2.447243238e+00 +2.447243238e+00 -8.092756762e+00 -8.092756762e+00 +2.1921e+00 -1.7945e+00 -6.1770e-01 -9.5888e-01 -2.0300e+00
1183 +1.045557565e+00 +1.045557565e+00 -9.494442435e+00 -9.494442435e+00 -1.5213e+00 -3.3081e-01 -2.4916e+00 -4.6856e-01 -2.4676e+00
2662 +9.213185734e-01 +9.213185734e-01 -9.618681427e+00 -9.618681427e+00 +2.1921e+00 +5.8318e-01 -7.1449e-01 -9.5888e-01 -2.4033e+00
% function evaluation | noise-free fitness - Fopt (3.860100000000e+02) | best noise-free fitness - Fopt | measured fitness | best measured fitness | x1 | x2...
1 +1.046269608e+05 +1.046269608e+05 +1.050129708e+05 +1.050129708e+05 -4.5530e+00 +7.6678e-01 +8.9171e-01 -4.4399e+00 -7.1867e-01
2 +1.854594029e+04 +1.854594029e+04 +1.893195029e+04 +1.893195029e+04 +3.7168e-01 -4.6503e+00 +3.7843e+00 +1.3418e+00 -4.8641e-01
3 +1.031349635e+04 +1.031349635e+04 +1.069950635e+04 +1.069950635e+04 +1.1325e+00 -4.3859e+00 +1.8677e+00 -6.4751e-01 +2.3724e+00
4 +6.204915326e+03 +6.204915326e+03 +6.590925326e+03 +6.590925326e+03 +4.8061e+00 -3.7653e+00 -2.7307e+00 +1.1868e+00 +2.7185e+00
18 +1.192929986e+03 +1.192929986e+03 +1.578939986e+03 +1.578939986e+03 -3.2265e+00 -1.3508e-01 +6.9142e-01 +1.4840e+00 +2.6842e+00
39 +3.932159238e+02 +3.932159238e+02 +7.792259238e+02 +7.792259238e+02 -1.7512e+00 +4.0344e-01 -1.9028e+00 +2.7384e+00 +9.3645e-01
251 +3.489986898e+01 +3.489986898e+01 +4.209098690e+02 +4.209098690e+02 +1.1096e-02 +9.3514e-01 -1.3687e-01 +2.1417e+00 +1.6063e+00
353 +3.177902717e+00 +3.177902717e+00 +3.891879027e+02 +3.891879027e+02 +2.3820e+00 +1.4673e-01 -1.3917e+00 +2.2010e+00 +1.7196e+00
888 +1.920209868e+00 +1.920209868e+00 +3.879302099e+02 +3.879302099e+02 +2.0111e+00 -1.2207e-01 -3.9451e-02 +2.6134e+00 +1.6063e+00
1825 +1.554748304e+00 +1.554748304e+00 +3.875647483e+02 +3.875647483e+02 +2.0111e+00 -2.3309e+00 -3.9451e-02 +2.6136e+00 +1.5985e+00
2033 +8.926420553e-01 +8.926420553e-01 +3.869026421e+02 +3.869026421e+02 +2.0399e+00 -2.0843e+00 -4.1404e-02 +2.6136e+00 +1.5995e+00
2721 +6.096824254e-01 +6.096824254e-01 +3.866196824e+02 +3.866196824e+02 +2.0399e+00 -2.0843e+00 -3.9458e-02 +2.5520e+00 +1.9827e+00
3175 +3.165258652e-01 +3.165258652e-01 +3.863265259e+02 +3.863265259e+02 +2.0399e+00 -2.0843e+00 -5.7517e-02 +2.6134e+00 +1.9825e+00
3839 +2.455920217e-01 +2.455920217e-01 +3.862555920e+02 +3.862555920e+02 +2.1024e+00 -2.1155e+00 -5.5076e-02 +2.6136e+00 +1.9749e+00
% function evaluation | noise-free fitness - Fopt (-1.257000000000e+01) | best noise-free fitness - Fopt | measured fitness | best measured fitness | x1 | x2...
1 +6.128007945e+04 +6.128007945e+04 +6.126750945e+04 +6.126750945e+04 +3.7961e+00 +1.5754e+00 +1.7560e+00 +3.9329e+00 +1.8054e+00
4 +1.357613012e+04 +1.357613012e+04 +1.356356012e+04 +1.356356012e+04 -2.3912e+00 +4.4851e+00 +3.5628e+00 -4.7897e+00 -7.9589e-01
11 +5.505178996e+03 +5.505178996e+03 +5.492608996e+03 +5.492608996e+03 +4.4085e+00 +3.5473e+00 -6.5857e-01 -2.0895e+00 +2.9284e+00
26 +3.842476520e+03 +3.842476520e+03 +3.829906520e+03 +3.829906520e+03 +3.2570e+00 +4.0568e+00 -2.4756e+00 -2.0931e+00 +3.3088e-01
82 +1.596726175e+03 +1.596726175e+03 +1.584156175e+03 +1.584156175e+03 -1.4894e+00 +3.2638e-01 -1.2572e+00 -2.8615e+00 +2.6045e+00
129 +3.785221908e+02 +3.785221908e+02 +3.659521908e+02 +3.659521908e+02 +1.1453e+00 -1.2767e-01 -2.0023e+00 -1.2677e+00 +2.7457e+00
289 +5.151712991e+00 +5.151712991e+00 -7.418287009e+00 -7.418287009e+00 +1.6970e+00 -1.2790e+00 -1.1444e+00 -2.4737e+00 +1.5169e+00
636 +3.867597801e+00 +3.867597801e+00 -8.702402199e+00 -8.702402199e+00 +1.6970e+00 +2.2610e+00 -1.1444e+00 -2.4737e+00 +1.5169e+00
1273 +2.438835363e+00 +2.438835363e+00 -1.013116464e+01 -1.013116464e+01 +2.2989e+00 +1.8249e-02 -6.5529e-01 -2.4747e+00 +1.7659e+00
2029 +1.520691399e+00 +1.520691399e+00 -1.104930860e+01 -1.104930860e+01 -6.4994e-01 +2.8550e+00 -1.9047e+00 -6.6179e-01 +1.0150e+00
3310 +9.497292378e-01 +9.497292378e-01 -1.162027076e+01 -1.162027076e+01 -1.4939e+00 +3.5763e-01 -5.3357e-01 -2.4732e+00 +1.9800e+00
% function evaluation | noise-free fitness - Fopt (-1.270400000000e+02) | best noise-free fitness - Fopt | measured fitness | best measured fitness | x1 | x2...
1 +1.379228768e+05 +1.379228768e+05 +1.377958368e+05 +1.377958368e+05 +7.0286e-01 +2.8061e+00 -4.1436e+00 -4.0386e+00 +5.3876e-01
2 +1.241741600e+04 +1.241741600e+04 +1.229037600e+04 +1.229037600e+04 +4.6301e+00 -3.9059e+00 -3.5192e+00 +4.6401e+00 -1.7247e+00
12 +6.268838188e+03 +6.268838188e+03 +6.141798188e+03 +6.141798188e+03 -2.6824e+00 +4.3895e+00 +4.4254e+00 -3.6562e-01 -2.7196e+00
15 +3.114039345e+03 +3.114039345e+03 +2.986999345e+03 +2.986999345e+03 +3.8734e+00 +1.0328e+00 +4.1500e+00 +2.4170e-01 -2.1444e+00
61 +1.199913669e+03 +1.199913669e+03 +1.072873669e+03 +1.072873669e+03 +1.0843e+00 -3.2615e-01 -1.0126e+00 +1.0701e+00 -2.0015e+00
62 +2.258041731e+02 +2.258041731e+02 +9.876417313e+01 +9.876417313e+01 -9.2282e-01 +1.6117e+00 +3.1359e+00 +1.0133e+00 -1.5156e+00
289 +4.916440437e+00 +4.916440437e+00 -1.221235596e+02 -1.221235596e+02 -6.0376e-01 -8.6983e-02 +9.6445e-01 +1.4874e+00 -1.7410e+00
305 +3.798498440e+00 +3.798498440e+00 -1.232415016e+02 -1.232415016e+02 -1.2529e+00 -1.6637e+00 +1.2577e+00 +7.3521e-01 -1.6503e+00
1265 +2.054262559e+00 +2.054262559e+00 -1.249857374e+02 -1.249857374e+02 +2.4587e+00 -5.0864e-01 +1.8481e+00 +2.1294e+00 -1.7182e+00
3150 +1.275665382e+00 +1.275665382e+00 -1.257643346e+02 -1.257643346e+02 -2.0368e+00 -2.1941e+00 +1.9644e+00 +2.1607e+00 -1.1927e+00
3401 +8.675663280e-01 +8.675663280e-01 -1.261724337e+02 -1.261724337e+02 -2.0368e+00 -2.1431e+00 +2.1560e+00 +2.1297e+00 -1.7104e+00
4477 +6.265885774e-01 +6.265885774e-01 -1.264134114e+02 -1.264134114e+02 -2.0368e+00 -2.1941e+00 +2.0935e+00 +2.1307e+00 -1.7410e+00
% function evaluation | noise-free fitness - Fopt (-3.752000000000e+01) | best noise-free fitness - Fopt | measured fitness | best measured fitness | x1 | x2...
1 +1.682051488e+03 +1.682051488e+03 +1.644531488e+03 +1.644531488e+03 -7.4024e-01 -5.8513e-01 -2.5106e+00 +4.8086e-02 +3.3915e+00
76 +4.885728117e+02 +4.885728117e+02 +4.510528117e+02 +4.510528117e+02 +3.4379e+00 +1.0665e+00 -3.4460e+00 +9.0836e-01 +2.3993e+00
115 +3.935034004e+02 +3.935034004e+02 +3.559834004e+02 +3.559834004e+02 -2.3433e+00 -3.0613e+00 -2.3749e+00 -2.5993e-01 +2.6285e+00
245 +1.506930530e+02 +1.506930530e+02 +1.131730530e+02 +1.131730530e+02 -1.0395e+00 +7.0143e-01 -1.4885e+00 +2.6679e+00 +6.5718e-01
321 +7.022550530e+01 +7.022550530e+01 +3.270550530e+01 +3.270550530e+01 -3.7672e-01 -2.8639e+00 -2.3637e+00 +3.5954e-01 +2.0617e+00
372 +2.879090064e+01 +2.879090064e+01 -8.729099358e+00 -8.729099358e+00 -1.7338e+00 -5.8513e-01 -2.5106e+00 -4.8086e-02 +2.7059e+00
590 +2.291987869e+01 +2.291987869e+01 -1.460012131e+01 -1.460012131e+01 -2.1462e+00 -3.6195e+00 -7.6963e-01 +9.9801e-01 +1.8516e+00
605 +5.941615986e+00 +5.941615986e+00 -3.157838401e+01 -3.157838401e+01 -2.1462e+00 -1.4057e+00 +1.9522e-01 +9.9411e-01 +1.8477e+00
622 +3.681936872e+00 +3.681936872e+00 -3.383806313e+01 -3.383806313e+01 +1.1026e-01 +5.0935e-01 -2.2058e+00 +9.0836e-01 +2.3993e+00
1270 +2.347977258e+00 +2.347977258e+00 -3.517202274e+01 -3.517202274e+01 +1.0977e-01 -1.0613e+00 -2.3747e+00 +9.1066e-01 +2.3993e+00
1685 +1.563618692e+00 +1.563618692e+00 -3.595638131e+01 -3.595638131e+01 +2.1103e+00 +5.0935e-01 -2.2058e+00 +9.0836e-01 +2.3993e+00
3182 +9.956218179e-01 +9.956218179e-01 -3.652437818e+01 -3.652437818e+01 +2.1097e+00 +5.0935e-01 -7.5560e-01 +8.8087e-01 +2.3993e+00
% function evaluation | noise-free fitness - Fopt (-3.311600000000e+02) | best noise-free fitness - Fopt | measured fitness | best measured fitness | x1 | x2...
1 +5.929085803e+03 +5.929085803e+03 +5.597925803e+03 +5.597925803e+03 -4.3248e+00 -3.5088e+00 +6.1519e-03 +4.2215e+00 +1.2662e-02
12 +2.847905796e+03 +2.847905796e+03 +2.516745796e+03 +2.516745796e+03 +3.1660e+00 +3.4696e+00 -2.0172e+00 -1.2455e-01 +2.7654e+00
32 +2.199756409e+03 +2.199756409e+03 +1.868596409e+03 +1.868596409e+03 -3.7708e+00 -3.1741e+00 -4.7234e-01 +2.5934e+00 +2.7295e+00
136 +1.424497478e+03 +1.424497478e+03 +1.093337478e+03 +1.093337478e+03 -2.1886e-02 +1.4342e-01 -2.8519e+00 +2.1521e-01 +5.2486e-01
221 +7.564986763e+02 +7.564986763e+02 +4.253386763e+02 +4.253386763e+02 +6.6286e-01 +1.7141e+00 -2.7773e+00 +2.5122e+00 +9.8642e-01
226 +4.337849134e+00 +4.337849134e+00 -3.268221509e+02 -3.268221509e+02 +1.8339e+00 -2.4324e+00 -3.3087e-01 +1.4473e+00 +1.9997e+00
227 +3.549760121e+00 +3.549760121e+00 -3.276102399e+02 -3.276102399e+02 -6.9298e-01 -2.5184e+00 -1.0389e+00 +7.5645e-01 +2.1186e+00
1237 +2.018896539e+00 +2.018896539e+00 -3.291411035e+02 -3.291411035e+02 +1.8339e+00 -2.4322e+00 -1.9780e+00 +2.1422e+00 +9.1789e-01
1820 +1.565632417e+00 +1.565632417e+00 -3.295943676e+02 -3.295943676e+02 -6.9298e-01 -1.5448e-01 -1.9780e+00 +2.1734e+00 +2.1206e+00
2090 +9.936470387e-01 +9.936470387e-01 -3.301663530e+02 -3.301663530e+02 +1.0634e+00 -2.4322e+00 -1.9702e+00 +2.1734e+00 +9.1790e-01
2653 +5.682044509e-01 +5.682044509e-01 -3.305917955e+02 -3.305917955e+02 +9.6672e-01 -2.4322e+00 -1.9780e+00 +2.1422e+00 +2.0864e+00
% function evaluation | noise-free fitness - Fopt (4.481000000000e+01) | best noise-free fitness - Fopt | measured fitness | best measured fitness | x1 | x2...
1 +2.696461682e+03 +2.696461682e+03 +2.741271682e+03 +2.741271682e+03 -1.3510e+00 +1.9720e+00 -9.3859e-01 +1.3364e+00 +3.1951e+00
11 +1.211264987e+03 +1.211264987e+03 +1.256074987e+03 +1.256074987e+03 +2.8653e+00 +1.9153e+00 -1.1824e+00 +1.8345e+00 +3.8078e-01
45 +6.128403125e+02 +6.128403125e+02 +6.576503125e+02 +6.576503125e+02 +2.5110e+00 +3.9380e+00 +2.5012e+00 +1.9070e+00 +1.8769e+00
54 +3.523988866e+02 +3.523988866e+02 +3.972088866e+02 +3.972088866e+02 -4.4830e-01 +2.2499e+00 +1.0796e+00 +1.9444e+00 +2.5656e+00
227 +8.538769489e+00 +8.538769489e+00 +5.334876949e+01 +5.334876949e+01 -1.3762e+00 +2.4957e+00 +1.8675e+00 +2.3696e+00 +7.8912e-01
267 +1.513202084e+00 +1.513202084e+00 +4.632320208e+01 +4.632320208e+01 -2.0950e+00 +1.0278e-01 +2.6332e+00 +4.9009e-01 +2.4307e+00
% function evaluation | noise-free fitness - Fopt (-1.764600000000e+02) | best noise-free fitness - Fopt | measured fitness | best measured fitness | x1 | x2...
1 +2.035372165e+05 +2.035372165e+05 +2.033607565e+05 +2.033607565e+05 +2.5570e+00 -2.0815e+00 -2.9795e+00 -4.4801e+00 -3.9688e+00
2 +1.924171989e+03 +1.924171989e+03 +1.747711989e+03 +1.747711989e+03 -2.5305e+00 -3.0383e-01 +1.1148e+00 +1.3310e+00 +1.9715e+00
68 +1.226679505e+03 +1.226679505e+03 +1.050219505e+03 +1.050219505e+03 +4.2494e+00 +2.4211e+00 -1.0660e+00 +2.1891e+00 +9.5189e-01
96 +6.590751134e+02 +6.590751134e+02 +4.826151134e+02 +4.826151134e+02 -3.6911e+00 -6.8029e-01 -8.2189e-01 +2.1290e+00 +2.3717e+00
166 +5.372519979e+02 +5.372519979e+02 +3.607919979e+02 +3.607919979e+02 +8.8490e-01 +3.9792e+00 -1.8050e+00 +1.8354e-01 +1.0303e+00
451 +1.943079868e+02 +1.943079868e+02 +1.784798682e+01 +1.784798682e+01 -3.3702e-01 +2.3584e+00 +9.3635e-01 +2.0287e+00 +2.1924e+00
577 +5.673031475e+00 +5.673031475e+00 -1.707869685e+02 -1.707869685e+02 +2.3362e+00 +2.6769e+00 -1.2331e+00 +9.3527e-01 +2.2019e+00
709 +3.753133737e+00 +3.753133737e+00 -1.727068663e+02 -1.727068663e+02 +1.3373e+00 +1.1239e+00 -8.3269e-01 +2.1891e+00 +9.5189e-01
957 +2.422334416e+00 +2.422334416e+00 -1.740376656e+02 -1.740376656e+02 -2.7857e-01 +4.2822e-01 -2.5026e+00 +4.7208e-01 +1.6861e+00
2577 +1.538130508e+00 +1.538130508e+00 -1.749218695e+02 -1.749218695e+02 +1.3393e+00 +1.1220e+00 -2.3670e+00 +2.0268e+00 +2.1013e+00
3399 +6.713401860e-01 +6.713401860e-01 -1.757886598e+02 -1.757886598e+02 -1.1120e+00 +2.4283e+00 -2.0026e+00 +2.1537e+00 +2.0996e+00
3999 +5.307556814e-01 +5.307556814e-01 -1.759292443e+02 -1.759292443e+02 -1.0495e+00 +2.4211e+00 -2.0065e+00 +2.1489e+00 +2.1006e+00
