% function evaluation | noise-free fitness - Fopt (7.135000000000e+01) | best noise-free fitness - Fopt | measured fitness | best measured fitness | x1 | x2...
1 +3.695419272e+01 +3.695419272e+01 +1.083041927e+02 +1.083041927e+02 -2.1645e+00 -3.2214e-01
4 +1.244800345e+01 +1.244800345e+01 +8.379800345e+01 +8.379800345e+01 -1.5991e+00 -2.5722e-01
29 +5.614749706e+00 +5.614749706e+00 +7.696474971e+01 +7.696474971e+01 +5.4013e-01 +9.1820e-01
44 +2.617558692e+00 +2.617558692e+00 +7.396755869e+01 +7.396755869e+01 +2.2613e+00 +9.2932e-01
135 +2.161998396e+00 +2.161998396e+00 +7.351199840e+01 +7.351199840e+01 +1.4045e+00 +1.0199e+00
155 +3.202751474e-01 +3.202751474e-01 +7.167027515e+01 +7.167027515e+01 +1.3724e+00 +9.1220e-01
165 +5.796168451e-02 +5.796168451e-02 +7.140796168e+01 +7.140796168e+01 +1.4399e+00 +9.2741e-01
195 +1.230195632e-02 +1.230195632e-02 +7.136230196e+01 +7.136230196e+01 +1.4249e+00 +9.1832e-01
207 +3.891316600e-03 +3.891316600e-03 +7.135389132e+01 +7.135389132e+01 +1.4609e+00 +9.1893e-01
209 +1.528667007e-03 +1.528667007e-03 +7.135152867e+01 +7.135152867e+01 +1.4560e+00 +9.1883e-01
232 +5.683552029e-04 +5.683552029e-04 +7.135056836e+01 +7.135056836e+01 +1.4418e+00 +9.1948e-01
248 +3.677323049e-04 +3.677323049e-04 +7.135036773e+01 +7.135036773e+01 +1.4447e+00 +9.1933e-01
263 +1.744776810e-06 +1.744776810e-06 +7.135000174e+01 +7.135000174e+01 +1.4498e+00 +9.1953e-01
388 +1.562604339e-06 +1.562604339e-06 +7.135000156e+01 +7.135000156e+01 +1.4505e+00 +9.1954e-01
392 +7.156628783e-07 +7.156628783e-07 +7.135000072e+01 +7.135000072e+01 +1.4504e+00 +9.1953e-01
414 +4.210390046e-07 +4.210390046e-07 +7.135000042e+01 +7.135000042e+01 +1.4502e+00 +9.1953e-01
420 +8.846176058e-08 +8.846176058e-08 +7.135000009e+01 +7.135000009e+01 +1.4503e+00 +9.1955e-01
425 +1.941307914e-08 +1.941307914e-08 +7.135000002e+01 +7.135000002e+01 +1.4502e+00 +9.1955e-01
434 +1.143035888e-08 +1.143035888e-08 +7.135000001e+01 +7.135000001e+01 +1.4502e+00 +9.1955e-01
462 +3.218758593e-11 +3.218758593e-11 +7.135000000e+01 +7.135000000e+01 +1.4502e+00 +9.1955e-01
489 +6.110667528e-13 +6.110667528e-13 +7.135000000e+01 +7.135000000e+01 +1.4502e+00 +9.1955e-01
519 +2.842170943e-14 +2.842170943e-14 +7.135000000e+01 +7.135000000e+01 +1.4502e+00 +9.1955e-01
528 +0.000000000e+00 +0.000000000e+00 +7.135000000e+01 +7.135000000e+01 +1.4502e+00 +9.1955e-01
% function evaluation | noise-free fitness - Fopt (-3.552200000000e+02) | best noise-free fitness - Fopt | measured fitness | best measured fitness | x1 | x2...
1 +6.971876240e+01 +6.971876240e+01 -2.855012376e+02 -2.855012376e+02 -2.2995e+00 +1.7717e+00
5 +3.104310009e+01 +3.104310009e+01 -3.241768999e+02 -3.241768999e+02 -1.4105e+00 +2.9102e+00
13 +1.422550088e+01 +1.422550088e+01 -3.409944991e+02 -3.409944991e+02 -1.5846e+00 +3.4761e+00
47 +6.549035295e+00 +6.549035295e+00 -3.486709647e+02 -3.486709647e+02 -5.9838e+00 +3.9773e+00
75 +5.797116232e+00 +5.797116232e+00 -3.494228838e+02 -3.494228838e+02 -4.1763e+00 +3.4589e+00
87 +1.828276749e+00 +1.828276749e+00 -3.533917233e+02 -3.533917233e+02 -3.0146e+00 +2.9733e+00
185 +1.405763293e+00 +1.405763293e+00 -3.538142367e+02 -3.538142367e+02 -3.4977e+00 +2.7899e+00
1036 +8.075680645e-01 +8.075680645e-01 -3.544124319e+02 -3.544124319e+02 -6.0208e-01 -2.6831e+00
1058 +1.880854694e-01 +1.880854694e-01 -3.550319145e+02 -3.550319145e+02 -2.6834e-01 -2.5831e+00
1069 +3.825083680e-02 +3.825083680e-02 -3.551817492e+02 -3.551817492e+02 -3.9555e-01 -2.6261e+00
1080 +9.495744811e-03 +9.495744811e-03 -3.552105043e+02 -3.552105043e+02 -3.7769e-01 -2.6155e+00
1126 +4.670676362e-03 +4.670676362e-03 -3.552153293e+02 -3.552153293e+02 -3.7187e-01 -2.6162e+00
1141 +3.893195041e-03 +3.893195041e-03 -3.552161068e+02 -3.552161068e+02 -3.5980e-01 -2.6130e+00
1149 +1.944948923e-03 +1.944948923e-03 -3.552180551e+02 -3.552180551e+02 -3.7507e-01 -2.6161e+00
1151 +1.412408532e-03 +1.412408532e-03 -3.552185876e+02 -3.552185876e+02 -3.7217e-01 -2.6150e+00
1163 +3.743255576e-04 +3.743255576e-04 -3.552196257e+02 -3.552196257e+02 -3.5461e-01 -2.6097e+00
1229 +1.230604929e-04 +1.230604929e-04 -3.552198769e+02 -3.552198769e+02 -3.6422e-01 -2.6127e+00
1258 +8.386192320e-05 +8.386192320e-05 -3.552199161e+02 -3.552199161e+02 -3.5884e-01 -2.6114e+00
1279 +2.625982194e-05 +2.625982194e-05 -3.552199737e+02 -3.552199737e+02 -3.5980e-01 -2.6111e+00
1281 +1.773405904e-05 +1.773405904e-05 -3.552199823e+02 -3.552199823e+02 -3.5922e-01 -2.6111e+00
1294 +9.140309714e-06 +9.140309714e-06 -3.552199909e+02 -3.552199909e+02 -3.6044e-01 -2.6115e+00
1296 +2.091097599e-06 +2.091097599e-06 -3.552199979e+02 -3.552199979e+02 -3.5986e-01 -2.6113e+00
1314 +4.629641239e-07 +4.629641239e-07 -3.552199995e+02 -3.552199995e+02 -3.6021e-01 -2.6114e+00
1320 +6.018387921e-08 +6.018387921e-08 -3.552199999e+02 -3.552199999e+02 -3.6009e-01 -2.6113e+00
1354 +3.911810609e-08 +3.911810609e-08 -3.552200000e+02 -3.552200000e+02 -3.6003e-01 -2.6113e+00
1365 +1.601262056e-08 +1.601262056e-08 -3.552200000e+02 -3.552200000e+02 -3.6007e-01 -2.6113e+00
1377 +2.580065939e-09 +2.580065939e-09 -3.552200000e+02 -3.552200000e+02 -3.6003e-01 -2.6113e+00
1403 +4.204139259e-10 +4.204139259e-10 -3.552200000e+02 -3.552200000e+02 -3.6000e-01 -2.6113e+00
1427 +4.718003765e-12 +4.718003765e-12 -3.552200000e+02 -3.552200000e+02 -3.6002e-01 -2.6113e+00
1457 +3.069544618e-12 +3.069544618e-12 -3.552200000e+02 -3.552200000e+02 -3.6001e-01 -2.6113e+00
1468 +0.000000000e+00 +0.000000000e+00 -3.552200000e+02 -3.552200000e+02 -3.6002e-01 -2.6113e+00
% function evaluation | noise-free fitness - Fopt (9.917000000000e+01) | best noise-free fitness - Fopt | measured fitness | best measured fitness | x1 | x2...
1 +8.160157952e+01 +8.160157952e+01 +1.807715795e+02 +1.807715795e+02 +2.6964e-01 +2.3445e-01
2 +4.872203680e+01 +4.872203680e+01 +1.478920368e+02 +1.478920368e+02 -1.0318e+00 -1.9805e-01
11 +2.015605126e+01 +2.015605126e+01 +1.193260513e+02 +1.193260513e+02 +1.3753e+00 +6.1063e-01
22 +8.067867260e-01 +8.067867260e-01 +9.997678673e+01 +9.997678673e+01 -1.2830e+00 +2.1291e+00
41 +2.698304170e-01 +2.698304170e-01 +9.943983042e+01 +9.943983042e+01 -1.2161e+00 +2.1065e+00
116 +1.712554133e-01 +1.712554133e-01 +9.934125541e+01 +9.934125541e+01 -1.1480e+00 +1.9697e+00
134 +9.292962179e-03 +9.292962179e-03 +9.917929296e+01 +9.917929296e+01 -1.2148e+00 +2.0795e+00
163 +3.196872124e-03 +3.196872124e-03 +9.917319687e+01 +9.917319687e+01 -1.2085e+00 +2.0654e+00
181 +2.323114888e-03 +2.323114888e-03 +9.917232311e+01 +9.917232311e+01 -1.2077e+00 +2.0647e+00
209 +9.033003420e-04 +9.033003420e-04 +9.917090330e+01 +9.917090330e+01 -1.2002e+00 +2.0530e+00
210 +1.991651075e-06 +1.991651075e-06 +9.917000199e+01 +9.917000199e+01 -1.2037e+00 +2.0588e+00
304 +1.424740958e-06 +1.424740958e-06 +9.917000142e+01 +9.917000142e+01 -1.2032e+00 +2.0580e+00
306 +9.799886271e-07 +9.799886271e-07 +9.917000098e+01 +9.917000098e+01 -1.2035e+00 +2.0585e+00
312 +4.561188121e-07 +4.561188121e-07 +9.917000046e+01 +9.917000046e+01 -1.2035e+00 +2.0586e+00
318 +8.738371093e-08 +8.738371093e-08 +9.917000009e+01 +9.917000009e+01 -1.2035e+00 +2.0586e+00
347 +6.129302221e-08 +6.129302221e-08 +9.917000006e+01 +9.917000006e+01 -1.2035e+00 +2.0584e+00
362 +1.760294310e-08 +1.760294310e-08 +9.917000002e+01 +9.917000002e+01 -1.2035e+00 +2.0585e+00
369 +7.417654047e-09 +7.417654047e-09 +9.917000001e+01 +9.917000001e+01 -1.2035e+00 +2.0585e+00
378 +2.873250082e-09 +2.873250082e-09 +9.917000000e+01 +9.917000000e+01 -1.2035e+00 +2.0585e+00
388 +8.796519069e-12 +8.796519069e-12 +9.917000000e+01 +9.917000000e+01 -1.2035e+00 +2.0585e+00
413 +1.747935130e-12 +1.747935130e-12 +9.917000000e+01 +9.917000000e+01 -1.2035e+00 +2.0585e+00
414 +3.694822226e-13 +3.694822226e-13 +9.917000000e+01 +9.917000000e+01 -1.2035e+00 +2.0585e+00
425 +0.000000000e+00 +0.000000000e+00 +9.917000000e+01 +9.917000000e+01 -1.2035e+00 +2.0585e+00
% function evaluation | noise-free fitness - Fopt (-5.179100000000e+02) | best noise-free fitness - Fopt | measured fitness | best measured fitness | x1 | x2...
1 +1.245635780e+02 +1.245635780e+02 -3.933464220e+02 -3.933464220e+02 -6.7576e-01 +1.2305e+00
6 +3.389392496e+01 +3.389392496e+01 -4.840160750e+02 -4.840160750e+02 +2.2494e+00 +3.5887e+00
7 +9.088439685e+00 +9.088439685e+00 -5.088215603e+02 -5.088215603e+02 +5.5968e-01 -7.3751e-01
155 +4.692934170e+00 +4.692934170e+00 -5.132170658e+02 -5.132170658e+02 -2.3567e+00 +2.4776e+00
166 +2.106127187e+00 +2.106127187e+00 -5.158038728e+02 -5.158038728e+02 -2.2376e+00 +2.5819e+00
176 +5.522949283e-02 +5.522949283e-02 -5.178547705e+02 -5.178547705e+02 -2.0913e+00 +2.7086e+00
210 +2.122173377e-03 +2.122173377e-03 -5.179078778e+02 -5.179078778e+02 -2.0109e+00 +2.7850e+00
327 +9.685263184e-04 +9.685263184e-04 -5.179090315e+02 -5.179090315e+02 -2.0206e+00 +2.7751e+00
350 +1.212004923e-04 +1.212004923e-04 -5.179098788e+02 -5.179098788e+02 -2.0173e+00 +2.7782e+00
369 +8.174768504e-05 +8.174768504e-05 -5.179099183e+02 -5.179099183e+02 -2.0169e+00 +2.7788e+00
388 +5.278816559e-05 +5.278816559e-05 -5.179099472e+02 -5.179099472e+02 -2.0148e+00 +2.7805e+00
391 +1.554094160e-05 +1.554094160e-05 -5.179099845e+02 -5.179099845e+02 -2.0152e+00 +2.7799e+00
413 +4.851596032e-07 +4.851596032e-07 -5.179099995e+02 -5.179099995e+02 -2.0155e+00 +2.7797e+00
435 +3.120549081e-07 +3.120549081e-07 -5.179099997e+02 -5.179099997e+02 -2.0156e+00 +2.7797e+00
462 +2.387982931e-07 +2.387982931e-07 -5.179099998e+02 -5.179099998e+02 -2.0157e+00 +2.7796e+00
480 +1.008569370e-07 +1.008569370e-07 -5.179099999e+02 -5.179099999e+02 -2.0156e+00 +2.7797e+00
493 +1.733212684e-08 +1.733212684e-08 -5.179100000e+02 -5.179100000e+02 -2.0157e+00 +2.7797e+00
495 +1.329317456e-08 +1.329317456e-08 -5.179100000e+02 -5.179100000e+02 -2.0156e+00 +2.7797e+00
519 +4.869320946e-09 +4.869320946e-09 -5.179100000e+02 -5.179100000e+02 -2.0156e+00 +2.7797e+00
527 +9.640643839e-11 +9.640643839e-11 -5.179100000e+02 -5.179100000e+02 -2.0156e+00 +2.7797e+00
536 +4.069988790e-11 +4.069988790e-11 -5.179100000e+02 -5.179100000e+02 -2.0156e+00 +2.7797e+00
537 +1.932676241e-11 +1.932676241e-11 -5.179100000e+02 -5.179100000e+02 -2.0156e+00 +2.7797e+00
575 +1.136868377e-13 +1.136868377e-13 -5.179100000e+02 -5.179100000e+02 -2.0156e+00 +2.7797e+00
608 +0.000000000e+00 +0.000000000e+00 -5.179100000e+02 -5.179100000e+02 -2.0156e+00 +2.7797e+00
% function evaluation | noise-free fitness - Fopt (-5.721000000000e+01) | best noise-free fitness - Fopt | measured fitness | best measured fitness | x1 | x2...
1 +1.365041940e+02 +1.365041940e+02 +7.929419396e+01 +7.929419396e+01 -3.6142e+00 +3.0338e+00
2 +2.832086557e+01 +2.832086557e+01 -2.888913443e+01 -2.888913443e+01 -4.9156e+00 +2.6013e+00
6 +8.667531623e-01 +8.667531623e-01 -5.634324684e+01 -5.634324684e+01 -6.8901e-01 +5.3920e+00
310 +4.601045703e-01 +4.601045703e-01 -5.674989543e+01 -5.674989543e+01 +1.3446e+00 -3.3183e+00
318 +7.600894753e-02 +7.600894753e-02 -5.713399105e+01 -5.713399105e+01 +1.4106e+00 -3.3604e+00
349 +8.100714059e-03 +8.100714059e-03 -5.720189929e+01 -5.720189929e+01 +1.3813e+00 -3.3435e+00
369 +1.172799202e-03 +1.172799202e-03 -5.720882720e+01 -5.720882720e+01 +1.3895e+00 -3.3507e+00
391 +1.623306891e-05 +1.623306891e-05 -5.720998377e+01 -5.720998377e+01 +1.3886e+00 -3.3485e+00
462 +1.577836251e-06 +1.577836251e-06 -5.720999842e+01 -5.720999842e+01 +1.3885e+00 -3.3483e+00
484 +6.072274417e-07 +6.072274417e-07 -5.720999939e+01 -5.720999939e+01 +1.3883e+00 -3.3481e+00
515 +5.402336001e-08 +5.402336001e-08 -5.720999995e+01 -5.720999995e+01 +1.3884e+00 -3.3482e+00
537 +8.866265944e-09 +8.866265944e-09 -5.720999999e+01 -5.720999999e+01 +1.3885e+00 -3.3482e+00
551 +1.418591467e-09 +1.418591467e-09 -5.721000000e+01 -5.721000000e+01 +1.3884e+00 -3.3482e+00
570 +7.602807273e-13 +7.602807273e-13 -5.721000000e+01 -5.721000000e+01 +1.3884e+00 -3.3482e+00
591 +5.044853424e-13 +5.044853424e-13 -5.721000000e+01 -5.721000000e+01 +1.3884e+00 -3.3482e+00
595 +7.815970093e-14 +7.815970093e-14 -5.721000000e+01 -5.721000000e+01 +1.3884e+00 -3.3482e+00
608 +4.973799150e-14 +4.973799150e-14 -5.721000000e+01 -5.721000000e+01 +1.3884e+00 -3.3482e+00
616 +1.421085472e-14 +1.421085472e-14 -5.721000000e+01 -5.721000000e+01 +1.3884e+00 -3.3482e+00
646 +0.000000000e+00 +0.000000000e+00 -5.721000000e+01 -5.721000000e+01 +1.3884e+00 -3.3482e+00
% function evaluation | noise-free fitness - Fopt (-2.778000000000e+01) | best noise-free fitness - Fopt | measured fitness | best measured fitness | x1 | x2...
1 +6.695612250e+01 +6.695612250e+01 +3.917612250e+01 +3.917612250e+01 -3.2043e+00 -1.8683e+00
3 +5.672022247e+01 +5.672022247e+01 +2.894022247e+01 +2.894022247e+01 -5.3819e+00 -4.0101e+00
5 +1.341268775e+01 +1.341268775e+01 -1.436731225e+01 -1.436731225e+01 -2.3153e+00 -7.2978e-01
19 +3.590084406e+00 +3.590084406e+00 -2.418991559e+01 -2.418991559e+01 -2.2243e+00 +2.5981e-01
87 +9.148100082e-02 +9.148100082e-02 -2.768851900e+01 -2.768851900e+01 -2.3188e+00 +3.2574e-01
124 +8.246882386e-04 +8.246882386e-04 -2.777917531e+01 -2.777917531e+01 -2.3138e+00 +4.2924e-01
216 +4.006524171e-04 +4.006524171e-04 -2.777959935e+01 -2.777959935e+01 -2.3131e+00 +4.5295e-01
219 +1.785194929e-04 +1.785194929e-04 -2.777982148e+01 -2.777982148e+01 -2.3132e+00 +4.5116e-01
234 +1.375443700e-04 +1.375443700e-04 -2.777986246e+01 -2.777986246e+01 -2.3132e+00 +4.4397e-01
271 +7.515260465e-05 +7.515260465e-05 -2.777992485e+01 -2.777992485e+01 -2.3133e+00 +4.4788e-01
274 +5.359785354e-05 +5.359785354e-05 -2.777994640e+01 -2.777994640e+01 -2.3132e+00 +4.4803e-01
278 +1.378341906e-05 +1.378341906e-05 -2.777998622e+01 -2.777998622e+01 -2.3134e+00 +4.4413e-01
318 +7.483882264e-06 +7.483882264e-06 -2.777999252e+01 -2.777999252e+01 -2.3132e+00 +4.4559e-01
321 +6.605073679e-07 +6.605073679e-07 -2.777999934e+01 -2.777999934e+01 -2.3133e+00 +4.4569e-01
350 +6.193751219e-07 +6.193751219e-07 -2.777999938e+01 -2.777999938e+01 -2.3133e+00 +4.4576e-01
356 +1.482783851e-07 +1.482783851e-07 -2.777999985e+01 -2.777999985e+01 -2.3133e+00 +4.4541e-01
381 +2.606401139e-08 +2.606401139e-08 -2.777999997e+01 -2.777999997e+01 -2.3133e+00 +4.4552e-01
388 +2.754870110e-09 +2.754870110e-09 -2.778000000e+01 -2.778000000e+01 -2.3133e+00 +4.4557e-01
417 +1.985760889e-09 +1.985760889e-09 -2.778000000e+01 -2.778000000e+01 -2.3133e+00 +4.4557e-01
425 +4.149924848e-11 +4.149924848e-11 -2.778000000e+01 -2.778000000e+01 -2.3133e+00 +4.4559e-01
445 +3.889866207e-11 +3.889866207e-11 -2.778000000e+01 -2.778000000e+01 -2.3133e+00 +4.4559e-01
453 +3.613109811e-12 +3.613109811e-12 -2.778000000e+01 -2.778000000e+01 -2.3133e+00 +4.4560e-01
459 +5.790923296e-13 +5.790923296e-13 -2.778000000e+01 -2.778000000e+01 -2.3133e+00 +4.4560e-01
462 +0.000000000e+00 +0.000000000e+00 -2.778000000e+01 -2.778000000e+01 -2.3133e+00 +4.4560e-01
% function evaluation | noise-free fitness - Fopt (-4.871000000000e+01) | best noise-free fitness - Fopt | measured fitness | best measured fitness | x1 | x2...
1 +1.573223755e+02 +1.573223755e+02 +1.086123755e+02 +1.086123755e+02 -1.1294e+00 +2.1146e+00
3 +5.515425878e+01 +5.515425878e+01 +6.444258784e+00 +6.444258784e+00 -3.3070e+00 -2.7300e-02
5 +3.653723317e+01 +3.653723317e+01 -1.217276683e+01 -1.217276683e+01 -2.4037e-01 +3.2531e+00
10 +1.474109445e+01 +1.474109445e+01 -3.396890555e+01 -3.396890555e+01 -9.8278e-02 -1.8689e+00
35 +5.929198160e+00 +5.929198160e+00 -4.278080184e+01 -4.278080184e+01 +2.1409e+00 -2.5326e+00
108 +1.196577260e-02 +1.196577260e-02 -4.869803423e+01 -4.869803423e+01 +5.4255e-01 -3.8155e+00
232 +9.897900606e-03 +9.897900606e-03 -4.870010210e+01 -4.870010210e+01 +5.4534e-01 -3.8052e+00
252 +4.322637419e-04 +4.322637419e-04 -4.870956774e+01 -4.870956774e+01 +5.4242e-01 -3.8072e+00
281 +3.800212188e-04 +3.800212188e-04 -4.870961998e+01 -4.870961998e+01 +5.4376e-01 -3.8093e+00
290 +1.474682939e-04 +1.474682939e-04 -4.870985253e+01 -4.870985253e+01 +5.4464e-01 -3.8105e+00
304 +4.933083943e-05 +4.933083943e-05 -4.870995067e+01 -4.870995067e+01 +5.4446e-01 -3.8107e+00
325 +8.421538389e-06 +8.421538389e-06 -4.870999158e+01 -4.870999158e+01 +5.4440e-01 -3.8108e+00
370 +5.522755750e-06 +5.522755750e-06 -4.870999448e+01 -4.870999448e+01 +5.4445e-01 -3.8112e+00
388 +2.416391851e-06 +2.416391851e-06 -4.870999758e+01 -4.870999758e+01 +5.4460e-01 -3.8112e+00
391 +5.382241142e-08 +5.382241142e-08 -4.870999995e+01 -4.870999995e+01 +5.4453e-01 -3.8112e+00
433 +5.251990842e-09 +5.251990842e-09 -4.870999999e+01 -4.870999999e+01 +5.4455e-01 -3.8112e+00
444 +1.053528820e-09 +1.053528820e-09 -4.871000000e+01 -4.871000000e+01 +5.4455e-01 -3.8112e+00
465 +7.511289368e-10 +7.511289368e-10 -4.871000000e+01 -4.871000000e+01 +5.4454e-01 -3.8112e+00
471 +1.719513421e-12 +1.719513421e-12 -4.871000000e+01 -4.871000000e+01 +5.4454e-01 -3.8112e+00
472 +2.131628207e-14 +2.131628207e-14 -4.871000000e+01 -4.871000000e+01 +5.4454e-01 -3.8112e+00
484 +7.105427358e-15 +7.105427358e-15 -4.871000000e+01 -4.871000000e+01 +5.4454e-01 -3.8112e+00
506 +0.000000000e+00 +0.000000000e+00 -4.871000000e+01 -4.871000000e+01 +5.4454e-01 -3.8112e+00
% function evaluation | noise-free fitness - Fopt (-1.667900000000e+02) | best noise-free fitness - Fopt | measured fitness | best measured fitness | x1 | x2...
1 +1.427877525e+02 +1.427877525e+02 -2.400224755e+01 -2.400224755e+01 +3.0661e+00 -1.8965e+00
5 +7.482028518e+01 +7.482028518e+01 -9.196971482e+01 -9.196971482e+01 +3.9552e+00 -7.5800e-01
11 +2.928734106e+01 +2.928734106e+01 -1.375026589e+02 -1.375026589e+02 +6.0352e+00 -9.0862e-01
20 +1.341480557e+01 +1.341480557e+01 -1.533751944e+02 -1.533751944e+02 +2.8042e+00 -2.4091e+00
53 +1.361175904e+00 +1.361175904e+00 -1.654288241e+02 -1.654288241e+02 +2.3190e+00 -1.5710e+00
255 +7.949754451e-01 +7.949754451e-01 -1.659950246e+02 -1.659950246e+02 +2.5731e+00 -2.1407e+00
270 +2.884888450e-01 +2.884888450e-01 -1.665015112e+02 -1.665015112e+02 +2.4864e+00 -1.9815e+00
274 +8.802005049e-02 +8.802005049e-02 -1.667019799e+02 -1.667019799e+02 +2.4757e+00 -1.9211e+00
285 +2.766704909e-02 +2.766704909e-02 -1.667623330e+02 -1.667623330e+02 +2.4122e+00 -1.7887e+00
355 +1.268902257e-02 +1.268902257e-02 -1.667773110e+02 -1.667773110e+02 +2.4353e+00 -1.8660e+00
356 +1.269490246e-03 +1.269490246e-03 -1.667887305e+02 -1.667887305e+02 +2.4415e+00 -1.8703e+00
394 +3.738909957e-04 +3.738909957e-04 -1.667896261e+02 -1.667896261e+02 +2.4350e+00 -1.8584e+00
398 +6.163882841e-05 +6.163882841e-05 -1.667899384e+02 -1.667899384e+02 +2.4389e+00 -1.8664e+00
471 +1.979654525e-05 +1.979654525e-05 -1.667899802e+02 -1.667899802e+02 +2.4378e+00 -1.8648e+00
472 +1.121324217e-05 +1.121324217e-05 -1.667899888e+02 -1.667899888e+02 +2.4377e+00 -1.8643e+00
487 +2.846294450e-06 +2.846294450e-06 -1.667899972e+02 -1.667899972e+02 +2.4371e+00 -1.8632e+00
513 +2.057842892e-07 +2.057842892e-07 -1.667899998e+02 -1.667899998e+02 +2.4372e+00 -1.8636e+00
534 +8.600835599e-09 +8.600835599e-09 -1.667900000e+02 -1.667900000e+02 +2.4372e+00 -1.8635e+00
558 +2.842170943e-13 +2.842170943e-13 -1.667900000e+02 -1.667900000e+02 +2.4372e+00 -1.8635e+00
646 +0.000000000e+00 +0.000000000e+00 -1.667900000e+02 -1.667900000e+02 +2.4372e+00 -1.8635e+00
% function evaluation | noise-free fitness - Fopt (1.000000000000e+03) | best noise-free fitness - Fopt | measured fitness | best measured fitness | x1 | x2...
1 +8.789472217e+01 +8.789472217e+01 +1.087894722e+03 +1.087894722e+03 +1.4921e+00 +2.7262e+00
2 +1.754028140e+01 +1.754028140e+01 +1.017540281e+03 +1.017540281e+03 +1.9074e-01 +2.2937e+00
3 +3.156969084e+00 +3.156969084e+00 +1.003156969e+03 +1.003156969e+03 -6.8546e-01 +5.8434e-01
26 +9.870104688e-01 +9.870104688e-01 +1.000987010e+03 +1.000987010e+03 -3.0223e+00 +6.6332e-01
86 +5.056665217e-01 +5.056665217e-01 +1.000505667e+03 +1.000505667e+03 +8.6217e-01 +8.5629e-01
116 +3.881300459e-01 +3.881300459e-01 +1.000388130e+03 +1.000388130e+03 +6.4490e-01 +9.5515e-01
156 +6.777877746e-02 +6.777877746e-02 +1.000067779e+03 +1.000067779e+03 +8.3084e-01 +8.9018e-01
207 +3.542597970e-02 +3.542597970e-02 +1.000035426e+03 +1.000035426e+03 +8.6912e-01 +8.7456e-01
222 +1.394782791e-03 +1.394782791e-03 +1.000001395e+03 +1.000001395e+03 +9.5381e-01 +8.5179e-01
290 +7.502476008e-04 +7.502476008e-04 +1.000000750e+03 +1.000000750e+03 +9.6906e-01 +8.4822e-01
293 +5.793912468e-04 +5.793912468e-04 +1.000000579e+03 +1.000000579e+03 +9.6772e-01 +8.4710e-01
296 +6.392450268e-05 +6.392450268e-05 +1.000000064e+03 +1.000000064e+03 +9.6120e-01 +8.4942e-01
297 +4.502945751e-05 +4.502945751e-05 +1.000000045e+03 +1.000000045e+03 +9.6519e-01 +8.4815e-01
301 +9.324476537e-06 +9.324476537e-06 +1.000000009e+03 +1.000000009e+03 +9.6540e-01 +8.4837e-01
356 +6.084247616e-06 +6.084247616e-06 +1.000000006e+03 +1.000000006e+03 +9.6545e-01 +8.4820e-01
369 +1.866503226e-06 +1.866503226e-06 +1.000000002e+03 +1.000000002e+03 +9.6514e-01 +8.4831e-01
373 +7.656665275e-07 +7.656665275e-07 +1.000000001e+03 +1.000000001e+03 +9.6483e-01 +8.4844e-01
388 +2.298154413e-07 +2.298154413e-07 +1.000000000e+03 +1.000000000e+03 +9.6517e-01 +8.4832e-01
407 +7.231176369e-08 +7.231176369e-08 +1.000000000e+03 +1.000000000e+03 +9.6513e-01 +8.4833e-01
414 +1.739408617e-11 +1.739408617e-11 +1.000000000e+03 +1.000000000e+03 +9.6499e-01 +8.4837e-01
435 +6.139089237e-12 +6.139089237e-12 +1.000000000e+03 +1.000000000e+03 +9.6499e-01 +8.4837e-01
476 +0.000000000e+00 +0.000000000e+00 +1.000000000e+03 +1.000000000e+03 +9.6499e-01 +8.4837e-01
% function evaluation | noise-free fitness - Fopt (-1.847000000000e+01) | best noise-free fitness - Fopt | measured fitness | best measured fitness | x1 | x2...
1 +4.119493997e+01 +4.119493997e+01 +2.272493997e+01 +2.272493997e+01 +1.0106e+00 -3.6616e+00
3 +6.918903272e+00 +6.918903272e+00 -1.155109673e+01 -1.155109673e+01 -1.1670e+00 -5.8035e+00
6 +6.212121402e+00 +6.212121402e+00 -1.225787860e+01 -1.225787860e+01 +3.9358e+00 -1.3034e+00
8 +3.979389988e+00 +3.979389988e+00 -1.449061001e+01 -1.449061001e+01 +1.7049e+00 -3.3031e+00
33 +1.808111915e+00 +1.808111915e+00 -1.666188808e+01 -1.666188808e+01 +1.5006e+00 -3.4435e+00
121 +1.356439925e+00 +1.356439925e+00 -1.711356007e+01 -1.711356007e+01 +1.2431e+00 -3.7964e+00
126 +6.611791790e-01 +6.611791790e-01 -1.780882082e+01 -1.780882082e+01 +1.1459e+00 -3.8915e+00
128 +1.343300706e-01 +1.343300706e-01 -1.833566993e+01 -1.833566993e+01 +1.3978e+00 -3.5952e+00
146 +1.271869124e-02 +1.271869124e-02 -1.845728131e+01 -1.845728131e+01 +1.3410e+00 -3.6563e+00
194 +4.634953127e-03 +4.634953127e-03 -1.846536505e+01 -1.846536505e+01 +1.3284e+00 -3.6686e+00
215 +2.716660031e-04 +2.716660031e-04 -1.846972833e+01 -1.846972833e+01 +1.3227e+00 -3.6728e+00
232 +1.924570515e-04 +1.924570515e-04 -1.846980754e+01 -1.846980754e+01 +1.3260e+00 -3.6695e+00
248 +1.165391533e-04 +1.165391533e-04 -1.846988346e+01 -1.846988346e+01 +1.3256e+00 -3.6698e+00
254 +1.928534072e-06 +1.928534072e-06 -1.846999807e+01 -1.846999807e+01 +1.3260e+00 -3.6691e+00
281 +1.535812338e-06 +1.535812338e-06 -1.846999846e+01 -1.846999846e+01 +1.3257e+00 -3.6695e+00
297 +4.269342817e-07 +4.269342817e-07 -1.846999957e+01 -1.846999957e+01 +1.3259e+00 -3.6692e+00
304 +2.975459275e-07 +2.975459275e-07 -1.846999970e+01 -1.846999970e+01 +1.3257e+00 -3.6695e+00
306 +1.380486871e-07 +1.380486871e-07 -1.846999986e+01 -1.846999986e+01 +1.3259e+00 -3.6692e+00
347 +7.638180932e-08 +7.638180932e-08 -1.846999992e+01 -1.846999992e+01 +1.3258e+00 -3.6693e+00
373 +6.195536528e-08 +6.195536528e-08 -1.846999994e+01 -1.846999994e+01 +1.3258e+00 -3.6693e+00
376 +2.526235221e-09 +2.526235221e-09 -1.847000000e+01 -1.847000000e+01 +1.3258e+00 -3.6694e+00
413 +9.699832049e-10 +9.699832049e-10 -1.847000000e+01 -1.847000000e+01 +1.3258e+00 -3.6694e+00
420 +5.325588859e-10 +5.325588859e-10 -1.847000000e+01 -1.847000000e+01 +1.3258e+00 -3.6694e+00
422 +7.656097978e-11 +7.656097978e-11 -1.847000000e+01 -1.847000000e+01 +1.3258e+00 -3.6694e+00
425 +0.000000000e+00 +0.000000000e+00 -1.847000000e+01 -1.847000000e+01 +1.3258e+00 -3.6694e+00
% function evaluation | noise-free fitness - Fopt (-5.971000000000e+01) | best noise-free fitness - Fopt | measured fitness | best measured fitness | x1 | x2...
1 +8.650650165e+01 +8.650650165e+01 +2.679650165e+01 +2.679650165e+01 -3.1516e+00 -2.2980e+00
3 +4.677325118e+01 +4.677325118e+01 -1.293674882e+01 -1.293674882e+01 -5.3292e+00 -4.4398e+00
6 +1.290408953e+01 +1.290408953e+01 -4.680591047e+01 -4.680591047e+01 -2.2642e-01 +6.0219e-02
37 +4.866911252e+00 +4.866911252e+00 -5.484308875e+01 -5.484308875e+01 -1.8258e+00 -1.8032e+00
65 +3.522573728e+00 +3.522573728e+00 -5.618742627e+01 -5.618742627e+01 -1.9979e+00 -2.1418e+00
116 +2.268193243e+00 +2.268193243e+00 -5.744180676e+01 -5.744180676e+01 -2.8707e+00 -3.1241e+00
138 +8.247881113e-01 +8.247881113e-01 -5.888521189e+01 -5.888521189e+01 -2.2074e+00 -2.4277e+00
165 +4.266590125e-01 +4.266590125e-01 -5.928334099e+01 -5.928334099e+01 -2.2304e+00 -2.4730e+00
181 +7.316191944e-02 +7.316191944e-02 -5.963683808e+01 -5.963683808e+01 -2.0571e+00 -2.2924e+00
189 +4.275395939e-02 +4.275395939e-02 -5.966724604e+01 -5.966724604e+01 -2.0195e+00 -2.2600e+00
226 +1.385714607e-02 +1.385714607e-02 -5.969614285e+01 -5.969614285e+01 -2.0748e+00 -2.3219e+00
239 +6.028619009e-03 +6.028619009e-03 -5.970397138e+01 -5.970397138e+01 -2.0542e+00 -2.3031e+00
248 +3.474474061e-03 +3.474474061e-03 -5.970652553e+01 -5.970652553e+01 -2.0324e+00 -2.2843e+00
278 +8.435470940e-04 +8.435470940e-04 -5.970915645e+01 -5.970915645e+01 -2.0453e+00 -2.2945e+00
285 +4.905542600e-04 +4.905542600e-04 -5.970950945e+01 -5.970950945e+01 -2.0318e+00 -2.2806e+00
306 +5.555126329e-05 +5.555126329e-05 -5.970994445e+01 -5.970994445e+01 -2.0336e+00 -2.2829e+00
327 +1.519164228e-05 +1.519164228e-05 -5.970998481e+01 -5.970998481e+01 -2.0334e+00 -2.2828e+00
369 +4.034357545e-06 +4.034357545e-06 -5.970999597e+01 -5.970999597e+01 -2.0351e+00 -2.2844e+00
380 +6.648946425e-07 +6.648946425e-07 -5.970999934e+01 -5.970999934e+01 -2.0348e+00 -2.2842e+00
392 +2.291841810e-07 +2.291841810e-07 -5.970999977e+01 -5.970999977e+01 -2.0346e+00 -2.2840e+00
397 +5.818247928e-08 +5.818247928e-08 -5.970999994e+01 -5.970999994e+01 -2.0347e+00 -2.2841e+00
407 +1.521770088e-08 +1.521770088e-08 -5.970999998e+01 -5.970999998e+01 -2.0347e+00 -2.2841e+00
425 +1.048881870e-09 +1.048881870e-09 -5.971000000e+01 -5.971000000e+01 -2.0347e+00 -2.2841e+00
445 +7.865210705e-10 +7.865210705e-10 -5.971000000e+01 -5.971000000e+01 -2.0347e+00 -2.2841e+00
480 +2.012257028e-11 +2.012257028e-11 -5.971000000e+01 -5.971000000e+01 -2.0346e+00 -2.2840e+00
494 +8.739675650e-13 +8.739675650e-13 -5.971000000e+01 -5.971000000e+01 -2.0346e+00 -2.2840e+00
507 +3.410605132e-13 +3.410605132e-13 -5.971000000e+01 -5.971000000e+01 -2.0346e+00 -2.2840e+00
508 +2.486899575e-13 +2.486899575e-13 -5.971000000e+01 -5.971000000e+01 -2.0346e+00 -2.2840e+00
509 +4.973799150e-14 +4.973799150e-14 -5.971000000e+01 -5.971000000e+01 -2.0346e+00 -2.2840e+00
519 +1.421085472e-14 +1.421085472e-14 -5.971000000e+01 -5.971000000e+01 -2.0346e+00 -2.2840e+00
520 +0.000000000e+00 +0.000000000e+00 -5.971000000e+01 -5.971000000e+01 -2.0346e+00 -2.2840e+00
% function evaluation | noise-free fitness - Fopt (-9.684000000000e+01) | best noise-free fitness - Fopt | measured fitness | best measured fitness | x1 | x2...
1 +1.266573327e+01 +1.266573327e+01 -8.417426673e+01 -8.417426673e+01 -3.6123e+00 +2.2876e+00
3 +5.671098651e+00 +5.671098651e+00 -9.116890135e+01 -9.116890135e+01 -5.7899e+00 +1.4575e-01
197 +2.849550432e+00 +2.849550432e+00 -9.399044957e+01 -9.399044957e+01 +1.9510e+00 +1.4366e+00
221 +2.436743008e+00 +2.436743008e+00 -9.440325699e+01 -9.440325699e+01 +5.0374e-01 +1.7686e+00
284 +9.550097590e-01 +9.550097590e-01 -9.588499024e+01 -9.588499024e+01 +5.4290e-01 +1.8679e+00
1595 +5.057652217e-01 +5.057652217e-01 -9.633423478e+01 -9.633423478e+01 +2.7454e+00 -4.8251e+00
2054 +7.379736895e-02 +7.379736895e-02 -9.676620263e+01 -9.676620263e+01 -5.9315e-01 -5.0087e+00
2129 +3.493001890e-02 +3.493001890e-02 -9.680506998e+01 -9.680506998e+01 -5.9138e-01 -4.9963e+00
2227 +2.634887624e-03 +2.634887624e-03 -9.683736511e+01 -9.683736511e+01 -5.9901e-01 -4.9991e+00
2337 +1.280460857e-03 +1.280460857e-03 -9.683871954e+01 -9.683871954e+01 -5.9777e-01 -5.0035e+00
2344 +1.495546621e-04 +1.495546621e-04 -9.683985045e+01 -9.683985045e+01 -5.9686e-01 -4.9970e+00
2345 +6.397335250e-05 +6.397335250e-05 -9.683993603e+01 -9.683993603e+01 -5.9802e-01 -5.0006e+00
2378 +2.394176093e-05 +2.394176093e-05 -9.683997606e+01 -9.683997606e+01 -5.9761e-01 -4.9985e+00
2409 +5.212952985e-06 +5.212952985e-06 -9.683999479e+01 -9.683999479e+01 -5.9754e-01 -4.9990e+00
2416 +8.205812208e-07 +8.205812208e-07 -9.683999918e+01 -9.683999918e+01 -5.9758e-01 -4.9990e+00
2483 +1.679598540e-07 +1.679598540e-07 -9.683999983e+01 -9.683999983e+01 -5.9759e-01 -4.9989e+00
2503 +2.552962997e-08 +2.552962997e-08 -9.683999997e+01 -9.683999997e+01 -5.9761e-01 -4.9990e+00
2510 +9.382915778e-09 +9.382915778e-09 -9.683999999e+01 -9.683999999e+01 -5.9759e-01 -4.9990e+00
2558 +3.802199444e-09 +3.802199444e-09 -9.684000000e+01 -9.684000000e+01 -5.9760e-01 -4.9990e+00
2572 +7.883897979e-10 +7.883897979e-10 -9.684000000e+01 -9.684000000e+01 -5.9760e-01 -4.9990e+00
2585 +3.861515552e-10 +3.861515552e-10 -9.684000000e+01 -9.684000000e+01 -5.9760e-01 -4.9990e+00
2595 +9.990230865e-12 +9.990230865e-12 -9.684000000e+01 -9.684000000e+01 -5.9760e-01 -4.9990e+00
2620 +9.237055565e-13 +9.237055565e-13 -9.684000000e+01 -9.684000000e+01 -5.9760e-01 -4.9990e+00
2634 +9.947598301e-14 +9.947598301e-14 -9.684000000e+01 -9.684000000e+01 -5.9760e-01 -4.9990e+00
2664 +1.421085472e-14 +1.421085472e-14 -9.684000000e+01 -9.684000000e+01 -5.9760e-01 -4.9990e+00
2668 +0.000000000e+00 +0.000000000e+00 -9.684000000e+01 -9.684000000e+01 -5.9760e-01 -4.9990e+00
% function evaluation | noise-free fitness - Fopt (3.207000000000e+01) | best noise-free fitness - Fopt | measured fitness | best measured fitness | x1 | x2...
1 +1.798746389e+02 +1.798746389e+02 +2.119446389e+02 +2.119446389e+02 -6.6559e-01 +3.0339e+00
2 +3.213277913e+01 +3.213277913e+01 +6.420277913e+01 +6.420277913e+01 -1.9670e+00 +2.6014e+00
5 +2.157298999e+01 +2.157298999e+01 +5.364298999e+01 +5.364298999e+01 +2.2344e-01 +4.1724e+00
33 +1.122855919e+01 +1.122855919e+01 +4.329855919e+01 +4.329855919e+01 -2.6817e+00 +4.0339e+00
43 +4.580147073e+00 +4.580147073e+00 +3.665014707e+01 +3.665014707e+01 -2.6569e+00 +3.9050e+00
121 +2.764197979e+00 +2.764197979e+00 +3.483419798e+01 +3.483419798e+01 -1.7423e+00 +3.1290e+00
130 +8.640125493e-01 +8.640125493e-01 +3.293401255e+01 +3.293401255e+01 -1.8408e+00 +3.1878e+00
147 +5.450596870e-01 +5.450596870e-01 +3.261505969e+01 +3.261505969e+01 -1.9284e+00 +3.2606e+00
150 +1.337472562e-01 +1.337472562e-01 +3.220374726e+01 +3.220374726e+01 -2.0942e+00 +3.3955e+00
161 +4.129670045e-02 +4.129670045e-02 +3.211129670e+01 +3.211129670e+01 -2.1307e+00 +3.4531e+00
195 +1.549511484e-02 +1.549511484e-02 +3.208549511e+01 +3.208549511e+01 -2.1590e+00 +3.4788e+00
201 +6.974221039e-03 +6.974221039e-03 +3.207697422e+01 +3.207697422e+01 -2.1704e+00 +3.4874e+00
224 +4.523209500e-03 +4.523209500e-03 +3.207452321e+01 +3.207452321e+01 -2.1596e+00 +3.4756e+00
232 +2.119959614e-03 +2.119959614e-03 +3.207211996e+01 +3.207211996e+01 -2.1562e+00 +3.4720e+00
245 +2.613411446e-05 +2.613411446e-05 +3.207002613e+01 +3.207002613e+01 -2.1463e+00 +3.4630e+00
268 +5.356857372e-06 +5.356857372e-06 +3.207000536e+01 +3.207000536e+01 -2.1448e+00 +3.4617e+00
306 +2.950547774e-06 +2.950547774e-06 +3.207000295e+01 +3.207000295e+01 -2.1455e+00 +3.4623e+00
321 +1.796654935e-06 +1.796654935e-06 +3.207000180e+01 +3.207000180e+01 -2.1450e+00 +3.4618e+00
328 +1.041037166e-06 +1.041037166e-06 +3.207000104e+01 +3.207000104e+01 -2.1452e+00 +3.4620e+00
342 +6.937509056e-07 +6.937509056e-07 +3.207000069e+01 +3.207000069e+01 -2.1451e+00 +3.4619e+00
349 +1.829941709e-07 +1.829941709e-07 +3.207000018e+01 +3.207000018e+01 -2.1451e+00 +3.4619e+00
369 +6.905083438e-08 +6.905083438e-08 +3.207000007e+01 +3.207000007e+01 -2.1450e+00 +3.4618e+00
413 +4.438756918e-08 +4.438756918e-08 +3.207000004e+01 +3.207000004e+01 -2.1450e+00 +3.4618e+00
416 +1.955113049e-08 +1.955113049e-08 +3.207000002e+01 +3.207000002e+01 -2.1451e+00 +3.4619e+00
418 +2.681375122e-10 +2.681375122e-10 +3.207000000e+01 +3.207000000e+01 -2.1450e+00 +3.4618e+00
475 +1.765698698e-11 +1.765698698e-11 +3.207000000e+01 +3.207000000e+01 -2.1451e+00 +3.4618e+00
476 +1.000444172e-11 +1.000444172e-11 +3.207000000e+01 +3.207000000e+01 -2.1451e+00 +3.4619e+00
483 +7.148059922e-12 +7.148059922e-12 +3.207000000e+01 +3.207000000e+01 -2.1451e+00 +3.4619e+00
484 +5.826450433e-13 +5.826450433e-13 +3.207000000e+01 +3.207000000e+01 -2.1451e+00 +3.4619e+00
502 +3.197442311e-13 +3.197442311e-13 +3.207000000e+01 +3.207000000e+01 -2.1451e+00 +3.4619e+00
519 +3.552713679e-14 +3.552713679e-14 +3.207000000e+01 +3.207000000e+01 -2.1451e+00 +3.4619e+00
529 +1.421085472e-14 +1.421085472e-14 +3.207000000e+01 +3.207000000e+01 -2.1451e+00 +3.4619e+00
530 +0.000000000e+00 +0.000000000e+00 +3.207000000e+01 +3.207000000e+01 -2.1451e+00 +3.4619e+00
% function evaluation | noise-free fitness - Fopt (2.624000000000e+01) | best noise-free fitness - Fopt | measured fitness | best measured fitness | x1 | x2...
1 +4.199907440e+01 +4.199907440e+01 +6.823907440e+01 +6.823907440e+01 +2.9480e+00 -2.1447e+00
4 +4.653732902e+00 +4.653732902e+00 +3.089373290e+01 +3.089373290e+01 +3.5134e+00 -2.0798e+00
118 +2.833375630e+00 +2.833375630e+00 +2.907337563e+01 +2.907337563e+01 -2.6343e+00 -3.1105e+00
146 +2.111356998e+00 +2.111356998e+00 +2.835135700e+01 +2.835135700e+01 -3.0770e+00 -3.3184e+00
152 +6.118618542e-01 +6.118618542e-01 +2.685186185e+01 +2.685186185e+01 -3.2641e+00 -3.4750e+00
153 +1.871961657e-01 +1.871961657e-01 +2.642719617e+01 +2.642719617e+01 -3.1752e+00 -3.4100e+00
165 +1.049069095e-01 +1.049069095e-01 +2.634490691e+01 +2.634490691e+01 -3.1531e+00 -3.4058e+00
252 +9.566594045e-02 +9.566594045e-02 +2.633566594e+01 +2.633566594e+01 -3.1734e+00 -3.4120e+00
258 +7.110393989e-03 +7.110393989e-03 +2.624711039e+01 +2.624711039e+01 -3.0633e+00 -3.3407e+00
310 +3.910910513e-04 +3.910910513e-04 +2.624039109e+01 +2.624039109e+01 -3.0898e+00 -3.3545e+00
321 +2.248573339e-04 +2.248573339e-04 +2.624022486e+01 +2.624022486e+01 -3.0908e+00 -3.3556e+00
362 +8.679528863e-05 +8.679528863e-05 +2.624008680e+01 +2.624008680e+01 -3.0907e+00 -3.3553e+00
369 +2.873975766e-05 +2.873975766e-05 +2.624002874e+01 +2.624002874e+01 -3.0924e+00 -3.3562e+00
380 +1.349384611e-06 +1.349384611e-06 +2.624000135e+01 +2.624000135e+01 -3.0928e+00 -3.3564e+00
418 +1.953043842e-07 +1.953043842e-07 +2.624000020e+01 +2.624000020e+01 -3.0925e+00 -3.3562e+00
456 +1.507116565e-07 +1.507116565e-07 +2.624000015e+01 +2.624000015e+01 -3.0927e+00 -3.3563e+00
461 +2.101540275e-09 +2.101540275e-09 +2.624000000e+01 +2.624000000e+01 -3.0926e+00 -3.3563e+00
484 +3.552713679e-15 +3.552713679e-15 +2.624000000e+01 +2.624000000e+01 -3.0926e+00 -3.3562e+00
537 +0.000000000e+00 +0.000000000e+00 +2.624000000e+01 +2.624000000e+01 -3.0926e+00 -3.3562e+00
% function evaluation | noise-free fitness - Fopt (-1.610000000000e+01) | best noise-free fitness - Fopt | measured fitness | best measured fitness | x1 | x2...
1 +7.145852568e+01 +7.145852568e+01 +5.535852568e+01 +5.535852568e+01 +1.9967e+00 +2.4394e+00
3 +5.233587559e+01 +5.233587559e+01 +3.623587559e+01 +3.623587559e+01 -1.8085e-01 +2.9751e-01
10 +2.451632173e+01 +2.451632173e+01 +8.416321728e+00 +8.416321728e+00 -2.4928e+00 +1.9025e-01
12 +1.227540951e+00 +1.227540951e+00 -1.487245905e+01 -1.487245905e+01 -1.7051e-01 +6.6215e-01
57 +7.584229559e-01 +7.584229559e-01 -1.534157704e+01 -1.534157704e+01 -3.9807e-01 -5.1351e-01
81 +4.517785683e-01 +4.517785683e-01 -1.564822143e+01 -1.564822143e+01 -5.7913e-01 -4.3454e-01
108 +2.045263419e-01 +2.045263419e-01 -1.589547366e+01 -1.589547366e+01 -6.8954e-01 -3.2823e-01
126 +1.114452383e-01 +1.114452383e-01 -1.598855476e+01 -1.598855476e+01 -6.7279e-01 -3.3539e-01
157 +7.353640304e-02 +7.353640304e-02 -1.602646360e+01 -1.602646360e+01 -6.2133e-01 -3.7989e-01
162 +5.522386501e-02 +5.522386501e-02 -1.604477613e+01 -1.604477613e+01 -6.6609e-01 -3.4614e-01
215 +3.565952374e-02 +3.565952374e-02 -1.606434048e+01 -1.606434048e+01 -6.7550e-01 -3.3824e-01
285 +2.464564646e-02 +2.464564646e-02 -1.607535435e+01 -1.607535435e+01 -6.7676e-01 -3.3696e-01
1077 +1.161850922e-03 +1.161850922e-03 -1.609883815e+01 -1.609883815e+01 -1.0986e-01 +3.4855e+00
1094 +2.883269136e-04 +2.883269136e-04 -1.609971167e+01 -1.609971167e+01 -1.0253e-01 +3.4750e+00
1133 +2.126161354e-04 +2.126161354e-04 -1.609978738e+01 -1.609978738e+01 -1.0086e-01 +3.4719e+00
1138 +1.417430979e-04 +1.417430979e-04 -1.609985826e+01 -1.609985826e+01 -1.0091e-01 +3.4718e+00
1164 +8.075991171e-05 +8.075991171e-05 -1.609991924e+01 -1.609991924e+01 -1.0089e-01 +3.4718e+00
1189 +2.766175381e-05 +2.766175381e-05 -1.609997234e+01 -1.609997234e+01 -1.0231e-01 +3.4741e+00
1190 +2.411566362e-05 +2.411566362e-05 -1.609997588e+01 -1.609997588e+01 -1.0197e-01 +3.4733e+00
1209 +8.594814194e-06 +8.594814194e-06 -1.609999141e+01 -1.609999141e+01 -1.0232e-01 +3.4740e+00
1221 +5.481776412e-06 +5.481776412e-06 -1.609999452e+01 -1.609999452e+01 -1.0192e-01 +3.4734e+00
1247 +1.646834455e-07 +1.646834455e-07 -1.609999984e+01 -1.609999984e+01 -1.0213e-01 +3.4737e+00
1271 +1.068282529e-08 +1.068282529e-08 -1.609999999e+01 -1.609999999e+01 -1.0212e-01 +3.4736e+00
1333 +1.999936217e-09 +1.999936217e-09 -1.610000000e+01 -1.610000000e+01 -1.0211e-01 +3.4736e+00
1362 +4.511946372e-13 +4.511946372e-13 -1.610000000e+01 -1.610000000e+01 -1.0211e-01 +3.4736e+00
1365 +7.105427358e-15 +7.105427358e-15 -1.610000000e+01 -1.610000000e+01 -1.0211e-01 +3.4736e+00
1413 +0.000000000e+00 +0.000000000e+00 -1.610000000e+01 -1.610000000e+01 -1.0211e-01 +3.4736e+00
