% function evaluation | noise-free fitness - Fopt (1.491500000000e+02) | best noise-free fitness - Fopt | measured fitness | best measured fitness | x1 | x2...
1 +1.762236466e+05 +1.762236466e+05 +1.763727966e+05 +1.763727966e+05 -1.3607e+00 -2.6090e+00 -1.1112e+00 +4.8200e+00 +1.3879e+00 +6.6367e-01 +6.1786e-01 +3.2237e+00 +3.9940e+00 +8.9526e-01
5 +1.992519128e+04 +1.992519128e+04 +2.007434128e+04 +2.007434128e+04 -1.6183e+00 -1.9063e+00 +1.6625e+00 -2.2093e+00 -2.3427e+00 -3.4288e+00 -3.6425e-01 +4.1399e-01 +1.4032e+00 +3.1237e+00
194 +1.420767402e+04 +1.420767402e+04 +1.435682402e+04 +1.435682402e+04 +8.5111e-01 +5.4768e-01 +4.7288e-01 +1.9798e+00 -1.1006e+00 -1.5824e+00 -3.7474e+00 -4.1070e-01 -3.1920e+00 -2.7411e+00
431 +7.709279851e+03 +7.709279851e+03 +7.858429851e+03 +7.858429851e+03 -3.4585e+00 +5.4768e-01 +4.7288e-01 +1.9798e+00 -1.1006e+00 -1.5824e+00 -3.7474e+00 -4.1070e-01 -5.1444e-02 +1.0690e+00
983 +5.381105330e+03 +5.381105330e+03 +5.530255330e+03 +5.530255330e+03 -1.5107e+00 +1.0943e+00 -2.5996e-01 -1.8654e-02 -4.0367e+00 -1.5824e+00 -3.7474e+00 -4.1070e-01 -6.9348e-01 +1.5903e-01
1025 +3.661710402e+03 +3.661710402e+03 +3.810860402e+03 +3.810860402e+03 -1.6183e+00 -1.5812e+00 +1.2142e+00 +1.9415e+00 -2.9484e+00 -2.7221e+00 -3.6535e+00 +1.6399e-01 +1.4032e+00 +3.1081e+00
1229 +1.942193908e+03 +1.942193908e+03 +2.091343908e+03 +2.091343908e+03 -3.5358e-01 -2.0053e+00 +4.7288e-01 +2.3036e+00 -2.2906e+00 -3.2628e+00 -3.6620e-01 -1.6921e+00 -2.0870e+00 +2.0363e+00
1720 +1.007198935e+03 +1.007198935e+03 +1.156348935e+03 +1.156348935e+03 -3.5358e-01 -2.0053e+00 +4.7288e-01 +1.9700e+00 -3.8323e+00 -3.2550e+00 -1.3662e+00 -1.6931e+00 -2.0870e+00 +2.0519e+00
2002 +8.679969064e+02 +8.679969064e+02 +1.017146906e+03 +1.017146906e+03 +4.8067e-01 -1.0700e+00 -7.2466e-01 -1.8654e-02 -4.0367e+00 -1.5824e+00 -1.3662e+00 -1.6921e+00 -2.0870e+00 +3.9877e-01
2469 +5.693193399e+02 +5.693193399e+02 +7.184693399e+02 +7.184693399e+02 -1.4385e+00 -2.0365e+00 -7.2466e-01 -1.8654e-02 -4.0367e+00 -1.5824e+00 -1.3662e+00 -2.9062e+00 +9.8560e-01 +3.4014e+00
2521 +3.543255211e+02 +3.543255211e+02 +5.034755211e+02 +5.034755211e+02 -1.6183e+00 -1.0700e+00 -6.9341e-01 -1.8654e-02 -4.0387e+00 -1.5824e+00 -2.3662e+00 -1.6921e+00 -7.0123e-01 +3.6294e-02
3469 +2.414924590e+02 +2.414924590e+02 +3.906424590e+02 +3.906424590e+02 -1.6183e+00 -1.0700e+00 -6.9341e-01 -1.8623e-02 -3.2960e+00 -1.5824e+00 -2.3660e+00 -1.6921e+00 -7.0123e-01 +3.6294e-02
3567 +1.302167887e+02 +1.302167887e+02 +2.793667887e+02 +2.793667887e+02 -3.5358e-01 -1.0856e+00 -7.2466e-01 +7.3024e-01 -4.0367e+00 -1.5824e+00 -1.3661e+00 -1.2764e+00 -7.0123e-01 +3.6294e-02
4070 +9.281982219e+01 +9.281982219e+01 +2.419698222e+02 +2.419698222e+02 -1.6185e+00 -1.0700e+00 -7.2462e-01 +7.3024e-01 -4.0445e+00 -1.5200e+00 -1.3662e+00 -1.2764e+00 -2.0123e-01 +3.6287e-02
% function evaluation | noise-free fitness - Fopt (-1.000000000000e+03) | best noise-free fitness - Fopt | measured fitness | best measured fitness | x1 | x2...
1 +7.157090378e+05 +7.157090378e+05 +7.147090378e+05 +7.147090378e+05 +3.7073e+00 +5.1378e-01 -2.5863e+00 +1.9937e+00 +3.1503e+00 -1.4930e-01 +1.8328e+00 +4.4481e+00 -4.6887e-02 -7.2947e-03
2 +3.854367120e+05 +3.854367120e+05 +3.844367120e+05 +3.844367120e+05 +3.3151e+00 -1.0197e+00 -1.8995e+00 +3.0452e+00 -2.0508e+00 +2.0709e+00 -4.3652e+00 -3.1210e+00 +1.4194e+00 -3.7267e+00
6 +1.470743454e+05 +1.470743454e+05 +1.460743454e+05 +1.460743454e+05 -1.3980e+00 +4.3848e+00 +2.7458e+00 -8.5440e-01 -2.1498e+00 -1.7670e+00 -4.0203e+00 +2.5317e+00 -4.6794e+00 +4.5536e+00
12 +9.896849640e+04 +9.896849640e+04 +9.796849640e+04 +9.796849640e+04 -3.5778e+00 +2.8881e-01 -2.9986e+00 +1.8534e+00 +4.6172e-01 +1.9353e+00 -2.9662e+00 +2.3827e+00 -8.6016e-01 +2.9570e+00
42 +1.645564211e+04 +1.645564211e+04 +1.545564211e+04 +1.545564211e+04 -3.1449e+00 +2.1893e+00 +1.8073e+00 +3.0867e-02 -1.1571e+00 -1.8949e+00 +2.5876e-01 -1.9994e+00 +1.5911e+00 +3.9291e+00
199 +8.988264494e+03 +8.988264494e+03 +7.988264494e+03 +7.988264494e+03 -3.3020e+00 +5.8576e-01 -2.1419e+00 -2.1402e+00 -1.8926e+00 -2.0559e+00 -2.0734e+00 -4.1902e+00 +2.1421e-02 +4.0553e+00
921 +4.885482324e+03 +4.885482324e+03 +3.885482324e+03 +3.885482324e+03 -3.1454e+00 +2.0643e+00 +1.8073e+00 -3.1623e+00 -1.8441e+00 -3.9756e-01 -6.0751e-01 -1.9994e+00 +1.5911e+00 +3.9291e+00
1163 +2.639292413e+03 +2.639292413e+03 +1.639292413e+03 +1.639292413e+03 -2.6196e+00 +9.0729e-01 -7.8886e-01 -1.3936e+00 -3.1122e+00 +2.6985e-01 -2.2668e+00 -3.4401e-01 -2.2742e-01 +3.3132e+00
1164 +1.090385775e+03 +1.090385775e+03 +9.038577514e+01 +9.038577514e+01 -2.6196e+00 +9.0729e-01 -7.8886e-01 -1.3936e+00 -3.1122e+00 +2.6984e-01 -2.2726e+00 -1.3440e+00 -2.2748e-01 +3.3210e+00
1411 +9.184912598e+02 +9.184912598e+02 -8.150874020e+01 -8.150874020e+01 -2.9377e+00 +5.3191e-01 -7.8886e-01 -1.3937e+00 -3.1122e+00 +2.6984e-01 -2.2726e+00 -1.3440e+00 -2.2748e-01 +3.3210e+00
1759 +6.139258062e+02 +6.139258062e+02 -3.860741938e+02 -3.860741938e+02 -2.8321e+00 +1.2964e+00 +1.0048e+00 -3.6963e+00 -1.8451e+00 -1.4756e-01 -2.2726e+00 -1.3440e+00 -2.2748e-01 +3.3210e+00
2202 +3.761357852e+02 +3.761357852e+02 -6.238642148e+02 -6.238642148e+02 -3.8321e+00 +2.9640e-01 +1.2735e+00 -1.7433e+00 -2.2756e+00 +4.6361e-02 -1.8734e+00 -1.3440e+00 -2.2748e-01 +3.3210e+00
3104 +2.255868056e+02 +2.255868056e+02 -7.744131944e+02 -7.744131944e+02 -2.9377e+00 +9.0729e-01 +1.2754e+00 -1.7433e+00 -2.2756e+00 +2.6984e-01 -2.1245e+00 -1.8440e+00 -4.4650e-01 +3.3210e+00
3189 +1.552087448e+02 +1.552087448e+02 -8.447912552e+02 -8.447912552e+02 -3.8321e+00 +2.9640e-01 +1.2735e+00 -1.7433e+00 -2.2756e+00 +3.8549e-02 -2.0523e+00 -1.9999e+00 -3.8400e-01 +2.3210e+00
3973 +6.730505151e+01 +6.730505151e+01 -9.326949485e+02 -9.326949485e+02 -2.9377e+00 +9.0729e-01 +1.2735e+00 -1.7433e+00 -2.2756e+00 +3.8549e-02 -2.1241e+00 -1.8518e+00 +8.8463e-01 +2.3209e+00
4495 +5.435043591e+01 +5.435043591e+01 -9.456495641e+02 -9.456495641e+02 -2.9377e+00 +9.0729e-01 +1.2735e+00 -1.7433e+00 -2.2756e+00 +3.8549e-02 -2.1241e+00 -1.1473e+00 +8.8463e-01 +2.3209e+00
4707 +3.569739810e+01 +3.569739810e+01 -9.643026019e+02 -9.643026019e+02 -2.9397e+00 +9.0729e-01 +1.2735e+00 -1.7433e+00 -2.2756e+00 +3.8427e-02 -2.2668e+00 -1.7494e+00 +3.8403e-01 +2.3209e+00
% function evaluation | noise-free fitness - Fopt (9.862000000000e+01) | best noise-free fitness - Fopt | measured fitness | best measured fitness | x1 | x2...
1 +5.613216804e+05 +5.613216804e+05 +5.614203004e+05 +5.614203004e+05 -4.8910e-01 +2.7240e+00 +3.9837e+00 +2.8816e+00 +7.5885e-01 -2.5639e+00 +1.9789e+00 -3.6705e+00 +4.2038e+00 +3.4319e+00
2 +4.150670520e+04 +4.150670520e+04 +4.160532520e+04 +4.160532520e+04 +1.7560e+00 -2.9501e+00 -1.5649e+00 -5.5695e-01 -2.7529e+00 -3.2606e-02 -2.3841e+00 -4.6434e+00 -1.3836e+00 +2.2773e-01
20 +1.618952420e+04 +1.618952420e+04 +1.628814420e+04 +1.628814420e+04 -1.8430e+00 -2.0131e+00 +1.0301e-01 -4.6804e+00 -1.4595e+00 +4.1494e+00 -2.7528e+00 -4.1969e+00 -2.7457e+00 +1.0816e-01
485 +1.544226412e+04 +1.544226412e+04 +1.554088412e+04 +1.554088412e+04 -2.7161e+00 -6.7600e-01 -1.6132e+00 -5.5409e-01 -1.0024e+00 +1.7751e+00 -3.8537e+00 -4.2607e+00 -2.1649e+00 +2.6631e+00
847 +3.587664380e+03 +3.587664380e+03 +3.686284380e+03 +3.686284380e+03 -1.8430e+00 -2.0121e+00 +4.3530e-01 -1.4413e+00 -1.0024e+00 +1.7751e+00 -3.8537e+00 -4.2607e+00 -2.1649e+00 +2.6631e+00
1005 +2.463355954e+03 +2.463355954e+03 +2.561975954e+03 +2.561975954e+03 -3.2073e+00 -1.8275e+00 +8.1376e-01 -3.1986e+00 -1.9687e-01 -1.1661e-01 -7.8363e-01 -2.1827e+00 -3.2170e+00 -4.7411e+00
1147 +1.509868042e+03 +1.509868042e+03 +1.608488042e+03 +1.608488042e+03 -2.1971e+00 -2.5956e+00 +2.8749e+00 -1.4413e+00 +1.5153e+00 +2.0627e+00 -1.7177e+00 -2.1969e+00 -2.8801e+00 -2.4303e+00
1367 +7.908639084e+02 +7.908639084e+02 +8.894839084e+02 +8.894839084e+02 -1.8430e+00 -1.1514e+00 +7.0213e-01 -3.1069e+00 -1.9690e-01 -1.1710e-01 -2.7528e+00 -4.1969e+00 -2.7438e+00 +1.0816e-01
2145 +5.357339124e+02 +5.357339124e+02 +6.343539124e+02 +6.343539124e+02 -1.9680e+00 -2.3436e+00 +4.3530e-01 -3.1986e+00 -1.9686e-01 -1.1662e-01 -1.8187e+00 -4.8640e+00 -2.7457e+00 +1.0816e-01
2460 +3.663020862e+02 +3.663020862e+02 +4.649220862e+02 +4.649220862e+02 -1.8430e+00 -1.1514e+00 +1.7892e+00 -3.1069e+00 -1.9688e-01 -1.1710e-01 -1.8187e+00 -2.7378e+00 -2.9707e+00 +1.0816e-01
3086 +2.186740792e+02 +2.186740792e+02 +3.172940792e+02 +3.172940792e+02 -1.9680e+00 -2.3436e+00 +1.7892e+00 -3.1069e+00 -1.9688e-01 -1.1710e-01 -1.8187e+00 -2.7378e+00 -2.8801e+00 +1.0816e-01
3111 +1.153050082e+02 +1.153050082e+02 +2.139250082e+02 +2.139250082e+02 -1.8430e+00 -2.0131e+00 +1.4348e+00 -3.2142e+00 -1.9687e-01 +1.1661e-01 -1.7177e+00 -2.7378e+00 -2.7457e+00 +1.0816e-01
4571 +9.423025390e+01 +9.423025390e+01 +1.928502539e+02 +1.928502539e+02 -1.8430e+00 -2.2642e+00 +1.4348e+00 -3.2141e+00 -1.9687e-01 +1.5251e+00 -1.5687e+00 -2.7378e+00 -2.7457e+00 +1.0816e-01
% function evaluation | noise-free fitness - Fopt (-4.715000000000e+01) | best noise-free fitness - Fopt | measured fitness | best measured fitness | x1 | x2...
1 +2.096964081e+05 +2.096964081e+05 +2.096492581e+05 +2.096492581e+05 +4.8815e+00 +3.3412e+00 +9.6797e-01 -2.7417e+00 -2.6103e+00 +3.8964e+00 +1.7199e+00 -1.4522e+00 -1.5040e-01 -4.1283e+00
2 +1.094741399e+05 +1.094741399e+05 +1.094269899e+05 +1.094269899e+05 +1.3090e+00 -3.9876e+00 +2.5352e+00 -1.1726e+00 -1.5356e+00 -1.7447e+00 +1.3717e+00 -2.2698e+00 +2.7445e+00 +2.9974e-01
6 +5.061282492e+04 +5.061282492e+04 +5.056567492e+04 +5.056567492e+04 -1.8622e+00 -1.7830e+00 +3.3482e-01 -2.6243e+00 +1.6618e+00 -1.5986e+00 -4.7118e+00 -3.6121e+00 +2.6161e+00 -1.1105e+00
9 +1.830155248e+04 +1.830155248e+04 +1.825440248e+04 +1.825440248e+04 -2.3841e+00 -7.6397e-01 -1.5908e+00 -1.6409e-01 +1.1151e+00 -2.0601e+00 -2.2556e-01 -3.1526e+00 -4.6445e+00 +1.8921e+00
139 +1.166762074e+04 +1.166762074e+04 +1.162047074e+04 +1.162047074e+04 +5.4300e-01 -2.0422e+00 -1.1761e-01 -4.8213e-01 -8.9416e-02 +2.6653e+00 -1.4376e+00 -3.8352e+00 -4.7371e+00 +4.3704e+00
324 +5.050649165e+03 +5.050649165e+03 +5.003499165e+03 +5.003499165e+03 -6.2373e-01 -2.3306e-03 -2.1198e+00 -2.4797e+00 +1.4112e+00 +1.0120e+00 -1.3455e+00 -1.9856e+00 -3.9796e+00 -2.6333e+00
657 +2.618297280e+03 +2.618297280e+03 +2.571147280e+03 +2.571147280e+03 +1.7052e-01 +5.6777e-01 -1.0442e+00 -1.7880e+00 +1.4442e-01 +1.6228e-01 -1.5964e+00 -2.5219e+00 -2.3046e+00 -1.5437e+00
1255 +1.575433227e+03 +1.575433227e+03 +1.528283227e+03 +1.528283227e+03 -2.3841e+00 -8.2647e-01 -1.0442e+00 -2.4797e+00 +1.4112e+00 +1.0120e+00 -1.3455e+00 -3.1526e+00 -1.2550e+00 -3.6091e+00
1448 +7.789210507e+02 +7.789210507e+02 +7.317710507e+02 +7.317710507e+02 -2.3841e+00 -8.2647e-01 -1.1370e+00 -1.7880e+00 +1.4442e-01 +1.6228e-01 -1.7214e+00 -2.5219e+00 -3.3046e+00 -1.5437e+00
1897 +6.017756225e+02 +6.017756225e+02 +5.546256225e+02 +5.546256225e+02 -2.3841e+00 -8.2647e-01 -1.0442e+00 -2.4797e+00 +5.6078e-01 +1.0120e+00 -3.5857e+00 -3.1538e+00 -1.2550e+00 -3.6091e+00
2029 +2.572332541e+02 +2.572332541e+02 +2.100832541e+02 +2.100832541e+02 -2.3831e+00 -7.6397e-01 -1.1473e+00 -2.4797e+00 +1.4442e-01 +1.6228e-01 -1.3455e+00 -1.9858e+00 -1.9796e+00 -2.6333e+00
2462 +1.799073487e+02 +1.799073487e+02 +1.327573487e+02 +1.327573487e+02 -2.3841e+00 -7.6395e-01 -1.0442e+00 -2.4797e+00 +1.4442e-01 +1.0130e+00 -1.8455e+00 -1.9856e+00 -1.3176e+00 -3.6091e+00
2968 +1.440535126e+02 +1.440535126e+02 +9.690351261e+01 +9.690351261e+01 -2.3831e+00 -7.9522e-01 -1.0442e+00 -2.4802e+00 +1.9415e-02 +4.1228e-01 -1.7214e+00 -2.5229e+00 -1.9796e+00 -2.6333e+00
3355 +9.719839253e+01 +9.719839253e+01 +5.004839253e+01 +5.004839253e+01 -2.3841e+00 -9.5147e-01 -1.0403e+00 -2.4797e+00 +1.4442e-01 +1.0130e+00 -1.8455e+00 -1.9855e+00 -1.2551e+00 -2.6333e+00
3765 +6.090183970e+01 +6.090183970e+01 +1.375183970e+01 +1.375183970e+01 -3.7633e-01 -7.6397e-01 -1.0442e+00 -2.4797e+00 +1.4442e-01 +1.1623e+00 -1.8455e+00 -1.9855e+00 -1.2551e+00 -2.6333e+00
4523 +2.523073690e+01 +2.523073690e+01 -2.191926310e+01 -2.191926310e+01 -2.3841e+00 -8.2647e-01 -1.0443e+00 -2.2297e+00 +5.6103e-01 +1.6370e+00 -1.7214e+00 -1.9855e+00 -1.2551e+00 -2.6333e+00
4989 +1.730892521e+01 +1.730892521e+01 -2.984107479e+01 -2.984107479e+01 -2.3841e+00 -8.2647e-01 -1.1371e+00 -2.2297e+00 +5.6103e-01 +1.6370e+00 -1.7214e+00 -1.9855e+00 -1.2551e+00 -2.6333e+00
% function evaluation | noise-free fitness - Fopt (3.752000000000e+01) | best noise-free fitness - Fopt | measured fitness | best measured fitness | x1 | x2...
1 +8.144892190e+05 +8.144892190e+05 +8.145267390e+05 +8.145267390e+05 -4.4991e+00 -4.1549e+00 -3.0739e+00 +4.3868e+00 -4.6494e+00 +3.9376e+00 -4.2320e+00 +4.6362e+00 -3.6955e+00 -3.1040e+00
2 +3.994867835e+05 +3.994867835e+05 +3.995243035e+05 +3.995243035e+05 -4.0441e+00 +7.5581e-01 -2.7245e+00 +2.9349e+00 -3.8165e+00 +7.8768e-01 +1.0555e+00 -1.4520e+00 -2.4099e+00 +3.5854e+00
3 +6.857530197e+04 +6.857530197e+04 +6.861282197e+04 +6.861282197e+04 +1.5722e+00 -3.1876e-01 +4.7369e+00 -2.0624e+00 +2.5372e+00 -4.0287e+00 +3.2157e+00 +4.6378e+00 +2.7430e+00 -4.5310e+00
45 +2.531361754e+04 +2.531361754e+04 +2.535113754e+04 +2.535113754e+04 +2.7573e+00 +5.2617e-02 +4.2109e+00 +1.0298e+00 +4.0987e+00 -3.9924e-01 +3.8123e+00 +4.3722e+00 +7.8998e-01 +4.2691e-01
88 +7.275851634e+03 +7.275851634e+03 +7.313371634e+03 +7.313371634e+03 +8.5621e-01 -3.1120e+00 -7.8591e-01 -1.3550e+00 +1.7099e+00 +2.0850e+00 +2.5395e+00 +1.7910e+00 -1.7473e+00 +4.0513e+00
719 +4.710277261e+03 +4.710277261e+03 +4.747797261e+03 +4.747797261e+03 +2.7167e-01 -1.1203e+00 +2.3503e+00 -1.5018e+00 +8.4165e-01 +1.1384e+00 +1.3143e+00 +2.9469e-01 +1.9188e+00 +4.1822e+00
815 +1.483555836e+03 +1.483555836e+03 +1.521075836e+03 +1.521075836e+03 +2.7167e-01 -1.1203e+00 +3.0194e+00 -2.0405e+00 +2.9690e+00 +7.3665e-01 +7.5220e-01 +2.2788e+00 -3.6289e-01 +2.9773e+00
1701 +9.593072415e+02 +9.593072415e+02 +9.968272415e+02 +9.968272415e+02 +2.6120e+00 -1.6908e+00 +2.1243e+00 -2.3661e+00 +8.1338e-01 +1.1387e+00 +1.3143e+00 +2.9481e-01 +2.3490e+00 -9.4816e-01
1987 +3.390575907e+02 +3.390575907e+02 +3.765775907e+02 +3.765775907e+02 +2.6120e+00 -1.6908e+00 +2.4753e+00 -1.5016e+00 +2.9690e+00 +7.3665e-01 +7.5220e-01 +2.2788e+00 +1.9188e+00 -9.4816e-01
2285 +2.362884095e+02 +2.362884095e+02 +2.738084095e+02 +2.738084095e+02 +2.6120e+00 -2.0024e+00 +2.1243e+00 -2.6028e+00 +1.7099e+00 +1.1387e+00 +1.3143e+00 +2.2788e+00 +2.3490e+00 -9.4816e-01
3299 +1.427100394e+02 +1.427100394e+02 +1.802300394e+02 +1.802300394e+02 +2.6099e+00 -2.0811e+00 +2.7254e+00 -1.9243e+00 +1.7099e+00 +1.1387e+00 +1.3299e+00 +2.3116e+00 +1.4915e+00 -2.1422e+00
3497 +9.630279332e+01 +9.630279332e+01 +1.338227933e+02 +1.338227933e+02 +2.6115e+00 -2.0191e+00 +2.7256e+00 -2.1030e+00 +1.8134e+00 +1.1382e+00 +7.8346e-01 +2.2808e+00 +1.9188e+00 -9.4816e-01
3957 +5.746219138e+01 +5.746219138e+01 +9.498219138e+01 +9.498219138e+01 +2.5962e+00 -2.0191e+00 +2.7256e+00 -2.0444e+00 +2.4378e+00 +1.1376e+00 +1.3197e+00 +2.2552e+00 +1.4877e+00 -9.4816e-01
% function evaluation | noise-free fitness - Fopt (-4.257500000000e+02) | best noise-free fitness - Fopt | measured fitness | best measured fitness | x1 | x2...
1 +7.831473055e+05 +7.831473055e+05 +7.827215555e+05 +7.827215555e+05 +3.0781e+00 -2.0572e+00 +4.0472e+00 +2.0505e+00 -2.8174e+00 +2.4346e+00 -4.9350e+00 +2.9342e+00 +3.3632e+00 +3.4680e+00
2 +2.657719826e+05 +2.657719826e+05 +2.653462326e+05 +2.653462326e+05 -4.4110e+00 -2.8257e+00 -1.9807e+00 -1.7868e+00 +1.2209e+00 -2.5151e+00 -2.6779e+00 +3.0210e+00 +6.6605e-01 +2.7876e+00
3 +1.512629449e+05 +1.512629449e+05 +1.508371949e+05 +1.508371949e+05 +4.2672e-01 -9.0981e-01 -2.2051e+00 -4.1411e-01 -4.9758e-01 -4.2876e-01 +9.0441e-01 -2.8580e+00 +3.9269e+00 +4.5267e+00
6 +1.131422523e+04 +1.131422523e+04 +1.088847523e+04 +1.088847523e+04 -2.8201e+00 -7.0099e-02 -3.8435e+00 -4.9992e-01 +1.8437e+00 -6.6055e-01 +1.2082e+00 -1.6462e+00 +2.6312e-01 +5.5581e-02
331 +6.847644770e+03 +6.847644770e+03 +6.421894770e+03 +6.421894770e+03 -3.2666e+00 -3.1670e-01 -1.9578e-01 -4.7237e-01 -2.3193e-02 -1.7773e+00 +4.7952e-01 -4.1754e+00 -4.5103e+00 +1.7560e+00
640 +4.215575009e+03 +4.215575009e+03 +3.789825009e+03 +3.789825009e+03 -4.1937e+00 +1.5129e+00 -1.0827e+00 -2.0278e-01 +2.9229e+00 -1.3649e+00 +1.6684e-01 -3.1469e+00 -2.2654e+00 -2.2948e+00
1275 +3.778140680e+03 +3.778140680e+03 +3.352390680e+03 +3.352390680e+03 -3.2657e+00 +2.0032e+00 -1.8555e+00 -4.7237e-01 -2.3192e-02 -2.0983e+00 +1.6686e-01 -4.1431e+00 -4.5103e+00 +1.7560e+00
1439 +1.277522161e+03 +1.277522161e+03 +8.517721605e+02 +8.517721605e+02 -3.2657e+00 +2.0032e+00 -2.8878e+00 -3.5656e+00 +6.8366e-01 -1.7773e+00 +4.7952e-01 -4.1754e+00 -4.5103e+00 +1.7560e+00
2267 +7.135628051e+02 +7.135628051e+02 +2.878128051e+02 +2.878128051e+02 -3.3282e+00 +1.5129e+00 -1.9947e+00 -1.9185e+00 +1.9881e+00 -2.0983e+00 +1.6686e-01 -4.1743e+00 -8.8285e-01 -1.5425e-01
2487 +5.677296819e+02 +5.677296819e+02 +1.419796819e+02 +1.419796819e+02 -3.2657e+00 +2.0032e+00 -2.8878e+00 -1.4724e+00 +2.9249e+00 -1.8066e+00 +1.2958e+00 -3.1469e+00 -2.7654e+00 -2.2948e+00
2563 +2.204294748e+02 +2.204294748e+02 -2.053205252e+02 -2.053205252e+02 -3.2657e+00 +2.0032e+00 -1.9947e+00 -1.9185e+00 +1.9881e+00 -2.0983e+00 +1.2919e+00 -3.1468e+00 -2.2654e+00 -2.2948e+00
3687 +1.283893910e+02 +1.283893910e+02 -2.973606090e+02 -2.973606090e+02 -1.7298e+00 +2.0032e+00 -1.9947e+00 -1.9185e+00 +1.9881e+00 -2.0983e+00 +9.7952e-01 -3.1323e+00 -2.2654e+00 -2.2948e+00
4591 +9.472094889e+01 +9.472094889e+01 -3.310290511e+02 -3.310290511e+02 -2.9724e+00 +2.0032e+00 -1.9947e+00 -1.9185e+00 +1.9881e+00 -2.3483e+00 +6.7505e-01 -3.3969e+00 -2.3279e+00 -2.2948e+00
% function evaluation | noise-free fitness - Fopt (-2.209000000000e+02) | best noise-free fitness - Fopt | measured fitness | best measured fitness | x1 | x2...
1 +1.673872893e+05 +1.673872893e+05 +1.671663893e+05 +1.671663893e+05 -3.5950e+00 +3.4560e+00 +3.4794e+00 +1.7228e+00 -7.6096e-01 -1.9516e+00 -4.4888e-01 +1.2742e+00 +2.2816e+00 -2.7229e+00
8 +1.820654439e+04 +1.820654439e+04 +1.798564439e+04 +1.798564439e+04 -1.8331e+00 -3.9103e+00 -2.7157e+00 +1.8847e+00 -9.0551e-01 +5.5745e-01 -1.0085e+00 -9.5990e-01 +9.3409e-01 +3.5631e+00
256 +1.073711719e+04 +1.073711719e+04 +1.051621719e+04 +1.051621719e+04 +2.6457e-01 -2.7469e-01 -2.6903e+00 +2.1700e+00 -1.3307e-02 +1.9343e+00 +3.9573e-01 +4.3073e+00 +2.4211e+00 +4.1629e+00
283 +4.609627232e+03 +4.609627232e+03 +4.388727232e+03 +4.388727232e+03 -2.7987e+00 -2.4253e+00 -4.0153e+00 +9.3313e-01 -1.4430e+00 +1.9350e+00 -2.1954e+00 +1.2798e-01 +4.7727e+00 +3.6828e+00
1013 +3.746702781e+03 +3.746702781e+03 +3.525802781e+03 +3.525802781e+03 -2.4213e+00 -1.3486e+00 -3.3157e+00 +2.0331e+00 +2.9201e-01 +2.4119e+00 -3.6138e+00 +2.2019e+00 -9.2698e-01 +3.8093e+00
1417 +1.223807726e+03 +1.223807726e+03 +1.002907726e+03 +1.002907726e+03 +2.6408e-01 -2.7469e-01 -2.6903e+00 +2.7717e-01 -1.3307e-02 +1.9343e+00 -1.4884e+00 +1.2309e+00 -6.3389e-01 +2.7532e+00
2297 +7.439045903e+02 +7.439045903e+02 +5.230045903e+02 +5.230045903e+02 -1.6182e+00 -1.3486e+00 -3.3157e+00 +9.3215e-01 -1.3307e-02 +4.7926e-01 -2.4462e+00 +1.1475e-02 +4.7806e+00 +4.1261e+00
2643 +6.264111819e+02 +6.264111819e+02 +4.055111819e+02 +4.055111819e+02 -4.9148e-01 -7.8915e-01 -2.4166e+00 +2.7717e-01 -1.3322e-02 +4.7926e-01 -2.4775e+00 +2.5496e+00 +4.5228e+00 +4.1423e+00
3775 +3.662133374e+02 +3.662133374e+02 +1.453133374e+02 +1.453133374e+02 -1.5869e+00 -1.3486e+00 -2.6903e+00 +9.3215e-01 -1.3307e-02 +4.7926e-01 -2.4462e+00 +2.9788e+00 +4.5227e+00 +4.1261e+00
4719 +2.485870166e+02 +2.485870166e+02 +2.768701662e+01 +2.768701662e+01 -4.9148e-01 -7.8915e-01 -2.4166e+00 +9.3313e-01 -1.3309e-02 +9.7875e-01 -2.9462e+00 +2.9788e+00 +4.5227e+00 +4.1261e+00
% function evaluation | noise-free fitness - Fopt (-3.594800000000e+02) | best noise-free fitness - Fopt | measured fitness | best measured fitness | x1 | x2...
1 +2.232244547e+05 +2.232244547e+05 +2.228649747e+05 +2.228649747e+05 +1.6805e+00 -9.3835e-01 +1.3644e+00 +3.1712e+00 +1.4522e+00 +2.9585e+00 -7.0400e-01 +2.5473e+00 -3.9027e+00 +2.1229e+00
7 +1.399814683e+05 +1.399814683e+05 +1.396219883e+05 +1.396219883e+05 -4.4569e+00 -3.3206e+00 +2.3718e+00 +3.2311e+00 +2.3129e+00 -1.3858e+00 +3.3734e-01 -3.7896e+00 +2.2289e+00 +3.0103e+00
17 +8.860347041e+04 +8.860347041e+04 +8.824399041e+04 +8.824399041e+04 -2.5065e+00 -2.9570e-01 -2.1656e+00 -1.2524e+00 -1.1228e+00 -1.8079e+00 +2.0874e+00 +2.4262e+00 +4.7403e+00 -4.6399e+00
20 +5.926359720e+04 +5.926359720e+04 +5.890411720e+04 +5.890411720e+04 -2.2104e+00 -1.0385e+00 +3.6150e+00 -2.7572e+00 +1.3065e+00 -3.7418e+00 +5.9832e-01 +4.5604e+00 -2.5933e+00 -3.4263e+00
83 +2.104616732e+04 +2.104616732e+04 +2.068668732e+04 +2.068668732e+04 -1.9739e+00 -2.2286e+00 -1.4401e+00 -1.2211e+00 -2.8273e+00 -3.5065e+00 -3.5454e+00 +8.8051e-01 +4.4421e+00 -1.7347e+00
125 +1.178522665e+04 +1.178522665e+04 +1.142574665e+04 +1.142574665e+04 -1.4425e+00 -3.7093e+00 +1.6229e+00 +8.2047e-01 -9.3442e-01 +4.6947e-01 -6.4071e-01 -3.8142e-01 +3.8977e+00 -1.2527e-01
572 +6.966603526e+03 +6.966603526e+03 +6.607123526e+03 +6.607123526e+03 -2.3571e+00 -4.4199e+00 +3.2357e+00 -1.9104e+00 -2.6989e+00 -1.8588e+00 -3.8174e+00 +8.0910e-01 -1.0184e+00 +4.6739e+00
1015 +3.473228764e+03 +3.473228764e+03 +3.113748764e+03 +3.113748764e+03 -2.2129e+00 -2.5925e+00 +2.2657e+00 +1.0892e+00 +4.1408e-01 -1.1605e+00 -6.4309e-01 +2.3246e+00 +2.4097e+00 -3.9455e+00
1196 +1.769623111e+03 +1.769623111e+03 +1.410143111e+03 +1.410143111e+03 -3.3175e+00 -3.7093e+00 +1.8651e+00 +3.2047e-01 +3.3339e-01 -7.5884e-01 -2.4489e+00 -3.1936e-01 +2.6112e+00 -1.2527e-01
1723 +1.344927387e+03 +1.344927387e+03 +9.854473867e+02 +9.854473867e+02 -2.6561e+00 -4.7062e+00 +2.2657e+00 +8.9158e-02 +4.1408e-01 -1.1249e+00 -2.1705e+00 +2.1814e+00 +2.1587e+00 -3.9455e+00
2053 +5.692884630e+02 +5.692884630e+02 +2.098084630e+02 +2.098084630e+02 -4.8060e+00 -2.6557e+00 +1.8651e+00 +7.0467e-02 +2.7089e-01 -7.5884e-01 -2.1984e+00 +2.3246e+00 +2.4097e+00 -3.3105e+00
2935 +3.282379165e+02 +3.282379165e+02 -3.124208352e+01 -3.124208352e+01 -3.3175e+00 -3.7091e+00 +1.6432e+00 -3.2230e-01 -5.6323e-01 -1.8588e+00 -2.4489e+00 +2.1736e+00 +2.7330e+00 -1.2527e-01
3221 +2.234838004e+02 +2.234838004e+02 -1.359961996e+02 -1.359961996e+02 -3.3175e+00 -2.7181e+00 +2.2657e+00 +8.9158e-02 +4.1408e-01 -1.1247e+00 -2.1705e+00 +2.1814e+00 +2.1587e+00 -1.9455e+00
4385 +1.509484172e+02 +1.509484172e+02 -2.085315828e+02 -2.085315828e+02 -4.2776e+00 -3.1365e+00 +1.6432e+00 -3.2231e-01 -3.3339e-01 -1.9374e+00 -2.0898e+00 +2.1814e+00 +2.1587e+00 -1.8557e+00
4835 +9.012917217e+01 +9.012917217e+01 -2.693508278e+02 -2.693508278e+02 -3.3175e+00 -3.3206e+00 +1.8932e+00 -8.2621e-01 -5.6421e-01 -1.6247e+00 -2.0742e+00 +2.1814e+00 +2.2292e+00 -1.9455e+00
% function evaluation | noise-free fitness - Fopt (2.748000000000e+01) | best noise-free fitness - Fopt | measured fitness | best measured fitness | x1 | x2...
1 +3.394555503e+05 +3.394555503e+05 +3.394830303e+05 +3.394830303e+05 +5.6879e-01 +4.4528e+00 +4.7824e+00 +1.7522e+00 -1.1651e+00 +4.6913e+00 +1.2513e+00 -3.3719e+00 -3.0332e-01 -1.1218e+00
3 +1.305913079e+05 +1.305913079e+05 +1.306187879e+05 +1.306187879e+05 -2.5030e+00 +4.9922e+00 +4.1364e+00 -1.7899e+00 -3.4895e+00 +1.4248e+00 +1.4552e+00 +2.4836e+00 -3.9876e+00 -1.9305e+00
4 +3.962193127e+04 +3.962193127e+04 +3.964941127e+04 +3.964941127e+04 +7.0339e-01 -2.5580e-01 -1.9975e+00 -4.9194e+00 -1.5555e+00 -4.2728e+00 +4.0449e+00 -5.6056e-01 -2.0125e+00 -3.4655e+00
166 +2.502153042e+04 +2.502153042e+04 +2.504901042e+04 +2.504901042e+04 +4.1100e-01 -3.8437e-01 +2.4515e-02 -5.7373e-01 +3.5693e+00 -2.0870e+00 +2.8782e+00 -2.3928e+00 +1.7173e+00 +4.5054e-01
314 +1.143541274e+04 +1.143541274e+04 +1.146289274e+04 +1.146289274e+04 +3.8141e+00 +3.0363e+00 +2.1437e+00 -3.6310e-03 +1.9478e+00 -4.5067e+00 +1.2548e+00 -9.8474e-01 -4.0746e+00 -1.2106e+00
349 +3.430479377e+03 +3.430479377e+03 +3.457959377e+03 +3.457959377e+03 +9.7526e-02 +1.8605e+00 +5.7628e-01 -9.9115e-01 +2.7331e+00 -3.4432e+00 +8.0981e-01 +4.0925e-01 -1.2138e+00 -3.2991e+00
1588 +1.786924835e+03 +1.786924835e+03 +1.814404835e+03 +1.814404835e+03 +8.0828e-01 +7.1151e-01 +3.9049e-01 -9.9115e-01 +2.7331e+00 -3.4432e+00 +8.0988e-01 -7.4967e-01 -3.6667e+00 +2.3289e+00
1743 +1.471226927e+03 +1.471226927e+03 +1.498706927e+03 +1.498706927e+03 +9.7526e-02 +1.8605e+00 +2.1692e+00 -9.9115e-01 +2.7331e+00 -3.4432e+00 +8.0981e-01 +4.0925e-01 -1.2138e+00 +2.3289e+00
1949 +6.951071349e+02 +6.951071349e+02 +7.225871349e+02 +7.225871349e+02 +8.0828e-01 +7.1151e-01 +5.7628e-01 -2.7653e+00 +1.9942e+00 -1.9393e+00 +1.4598e+00 +3.3361e-01 -3.6667e+00 +2.3289e+00
2263 +5.728531208e+02 +5.728531208e+02 +6.003331208e+02 +6.003331208e+02 +4.1100e-01 +1.9749e+00 +5.7628e-01 -2.7653e+00 +1.9766e+00 -3.4432e+00 +9.1919e-01 +4.0925e-01 -1.1513e+00 +4.5054e-01
2484 +3.363322182e+02 +3.363322182e+02 +3.638122182e+02 +3.638122182e+02 +8.0828e-01 +7.1151e-01 +5.7677e-01 -2.7653e+00 +1.9942e+00 -1.9393e+00 +1.4598e+00 +3.3361e-01 -1.2138e+00 -2.9501e-02
2683 +2.441857242e+02 +2.441857242e+02 +2.716657242e+02 +2.716657242e+02 +8.0828e-01 +7.1151e-01 +5.7677e-01 -2.7653e+00 +1.9942e+00 -1.9393e+00 +1.4598e+00 +3.3361e-01 -1.2138e+00 +4.5054e-01
3193 +1.068158259e+02 +1.068158259e+02 +1.342958259e+02 +1.342958259e+02 +1.4767e+00 +6.4901e-01 +5.1378e-01 -2.7653e+00 +1.9942e+00 -1.9393e+00 +1.4598e+00 +3.3367e-01 -2.0128e+00 +4.6616e-01
3709 +9.760243121e+01 +9.760243121e+01 +1.250824312e+02 +1.250824312e+02 +2.4110e+00 +1.7249e+00 +5.6895e-01 -2.5153e+00 +1.9942e+00 -1.9393e+00 +1.4600e+00 +3.3361e-01 -1.7138e+00 +4.5054e-01
4236 +5.933539806e+01 +5.933539806e+01 +8.681539806e+01 +8.681539806e+01 +1.4767e+00 +7.1151e-01 +5.7628e-01 -2.5153e+00 +1.9942e+00 -1.9393e+00 +1.4608e+00 -3.3373e-01 -2.0753e+00 +4.6617e-01
% function evaluation | noise-free fitness - Fopt (3.609000000000e+01) | best noise-free fitness - Fopt | measured fitness | best measured fitness | x1 | x2...
1 +1.860163936e+05 +1.860163936e+05 +1.860524836e+05 +1.860524836e+05 +1.7716e+00 +3.2113e+00 +8.2878e-01 +1.9330e+00 -4.6926e-01 -1.3982e+00 +3.6557e-01 +2.9168e+00 -2.7520e+00 -3.6279e-01
14 +2.324332225e+04 +2.324332225e+04 +2.327941225e+04 +2.327941225e+04 -5.7629e-01 +2.2690e+00 -3.2946e+00 -5.4391e-01 -1.9883e+00 +3.8234e+00 -3.5372e+00 -4.9349e-01 -1.8737e+00 -3.8288e-01
243 +5.331676726e+03 +5.331676726e+03 +5.367766726e+03 +5.367766726e+03 -8.8892e-01 -1.5728e+00 -3.1804e+00 +1.7114e+00 +1.1342e+00 -6.3318e-01 -1.5262e+00 -3.0594e+00 -4.0126e+00 +4.6629e+00
747 +3.257254555e+03 +3.257254555e+03 +3.293344555e+03 +3.293344555e+03 -1.7839e+00 +2.9325e+00 -9.4358e-01 +9.3095e-01 +8.0184e-01 +1.1763e+00 -3.0646e+00 -3.0594e+00 -4.0126e+00 +4.6629e+00
1479 +1.578056938e+03 +1.578056938e+03 +1.614146938e+03 +1.614146938e+03 -7.5849e-01 +2.2690e+00 -1.2946e+00 +9.3095e-01 +8.0184e-01 +1.1763e+00 -3.0646e+00 -3.0594e+00 -4.0127e+00 +4.3561e+00
2067 +9.573402457e+02 +9.573402457e+02 +9.934302457e+02 +9.934302457e+02 -6.3350e-01 +2.2690e+00 -1.2946e+00 +9.3095e-01 +1.3846e+00 +1.1763e+00 -3.3146e+00 -3.0594e+00 -3.4274e+00 +1.2696e+00
2290 +5.880308281e+02 +5.880308281e+02 +6.241208281e+02 +6.241208281e+02 -1.7839e+00 +1.9848e+00 -1.2946e+00 +9.3095e-01 +8.0184e-01 +1.1763e+00 -3.0646e+00 -3.0594e+00 -3.4267e+00 +3.5605e-01
2648 +3.236399472e+02 +3.236399472e+02 +3.597299472e+02 +3.597299472e+02 -6.3350e-01 +9.8581e-01 -1.5446e+00 +9.3095e-01 +1.3836e+00 +1.1763e+00 -3.3146e+00 -3.0516e+00 -3.4277e+00 +1.2696e+00
3417 +2.424405615e+02 +2.424405615e+02 +2.785305615e+02 +2.785305615e+02 -8.8367e-01 +8.1693e-01 -3.2936e+00 +9.3095e-01 +7.9225e-01 +1.1763e+00 -3.0646e+00 -3.5594e+00 -3.4277e+00 +1.2696e+00
3815 +1.352705766e+02 +1.352705766e+02 +1.713605766e+02 +1.713605766e+02 -8.9930e-01 +8.1693e-01 -3.2936e+00 +1.9858e+00 +8.0187e-01 +1.1763e+00 -3.0646e+00 -3.0514e+00 -3.4277e+00 +1.2696e+00
4035 +8.889069196e+01 +8.889069196e+01 +1.249806920e+02 +1.249806920e+02 -8.8369e-01 +8.2475e-01 -2.2936e+00 +1.9897e+00 +8.0184e-01 +1.1451e+00 -3.3146e+00 -3.0535e+00 -3.4277e+00 +1.2696e+00
% function evaluation | noise-free fitness - Fopt (-5.791000000000e+01) | best noise-free fitness - Fopt | measured fitness | best measured fitness | x1 | x2...
1 +9.440573647e+04 +9.440573647e+04 +9.434782647e+04 +9.434782647e+04 +6.6698e-01 +5.0933e-01 -2.0871e-02 +4.9927e+00 +3.8160e+00 -4.4274e+00 -7.5817e-01 +4.6733e-02 +3.8302e+00 +2.5126e+00
6 +5.810446293e+04 +5.810446293e+04 +5.804655293e+04 +5.804655293e+04 -1.4793e+00 +1.2008e+00 +4.1623e+00 -6.6659e-01 -1.8816e+00 -2.8912e+00 -9.4588e-01 -2.9643e+00 -4.5194e+00 -1.3857e+00
45 +3.020790997e+04 +3.020790997e+04 +3.014999997e+04 +3.014999997e+04 +2.8934e+00 +4.3049e+00 -2.9554e+00 +2.6220e+00 +4.0839e+00 -4.2181e+00 +2.2855e-02 -1.3293e+00 +1.9560e-01 -2.3042e+00
185 +7.526242871e+03 +7.526242871e+03 +7.468332871e+03 +7.468332871e+03 -8.1950e-01 +2.1534e+00 -1.7193e-01 -1.3002e-01 -5.7857e-01 -4.1161e+00 +4.0627e-01 -4.1131e+00 +1.3538e+00 +3.6007e+00
891 +5.176300840e+03 +5.176300840e+03 +5.118390840e+03 +5.118390840e+03 +1.7784e+00 +1.3333e+00 -2.0475e-01 +2.2483e+00 -5.7553e-01 -4.2541e+00 -3.0106e+00 -2.2401e+00 -9.7229e-01 +3.8084e-02
1223 +2.160130975e+03 +2.160130975e+03 +2.102220975e+03 +2.102220975e+03 +1.8788e+00 +7.9787e-01 -8.1990e-01 +1.5839e+00 +4.2826e-01 -2.9537e+00 -9.4783e-01 -3.9643e+00 -4.3607e+00 +3.2007e+00
1531 +1.155667749e+03 +1.155667749e+03 +1.097757749e+03 +1.097757749e+03 +1.7784e+00 +7.9787e-01 -8.1990e-01 +1.6151e+00 +4.2826e-01 -2.6412e+00 -9.4783e-01 -4.1740e+00 -2.8133e+00 -1.4703e+00
1785 +5.825475641e+02 +5.825475641e+02 +5.246375641e+02 +5.246375641e+02 +1.7785e+00 +7.9787e-01 +8.1990e-01 +1.5839e+00 +4.2826e-01 -2.6412e+00 -9.4783e-01 -4.1739e+00 -9.7229e-01 +3.8084e-02
2315 +3.069432148e+02 +3.069432148e+02 +2.490332148e+02 +2.490332148e+02 +1.7784e+00 +7.9787e-01 +8.1990e-01 +1.5839e+00 +4.2826e-01 -2.6412e+00 -9.4783e-01 -4.1739e+00 -9.7229e-01 -1.4703e+00
2858 +2.248438843e+02 +2.248438843e+02 +1.669338843e+02 +1.669338843e+02 +1.8097e+00 +1.3333e+00 +8.1990e-01 +1.5839e+00 +4.2826e-01 -2.6412e+00 -1.0106e+00 -4.1739e+00 -8.1607e-01 -1.4693e+00
3422 +1.265895513e+02 +1.265895513e+02 +6.867955132e+01 +6.867955132e+01 +9.2176e-01 +1.6228e+00 -1.8912e-01 +1.5834e+00 +1.1783e+00 -2.9556e+00 -9.4784e-01 -4.0506e+00 -8.5285e-01 -1.5025e+00
4543 +9.632746951e+01 +9.632746951e+01 +3.841746951e+01 +3.841746951e+01 +1.8097e+00 +1.9278e+00 +2.1695e-01 +1.5839e+00 +1.1783e+00 -2.9556e+00 -9.4786e-01 -3.9643e+00 -9.7229e-01 -1.4693e+00
% function evaluation | noise-free fitness - Fopt (-3.349100000000e+02) | best noise-free fitness - Fopt | measured fitness | best measured fitness | x1 | x2...
1 +3.344334532e+05 +3.344334532e+05 +3.340985432e+05 +3.340985432e+05 +2.9765e-01 -4.8586e+00 +3.2944e+00 +7.4116e-01 -4.0605e+00 -2.6185e+00 +3.0331e+00 -2.5408e+00 +4.6581e+00 -1.7848e+00
2 +2.032059957e+05 +2.032059957e+05 +2.028710857e+05 +2.028710857e+05 +2.7039e+00 +2.9180e+00 -2.3155e+00 -1.2427e+00 -3.3081e+00 -1.1621e+00 +5.1617e-01 +3.5431e+00 +2.6224e+00 -1.9454e+00
3 +1.378512087e+05 +1.378512087e+05 +1.375162987e+05 +1.375162987e+05 -1.4190e+00 -3.8127e-01 +2.4023e+00 -1.2306e-01 -2.5659e+00 +4.4798e+00 -4.1521e+00 +1.6982e+00 +1.7189e+00 -3.5604e-01
4 +4.348135208e+04 +4.348135208e+04 +4.314644208e+04 +4.314644208e+04 -4.5186e+00 -2.2740e+00 -3.6916e+00 +3.0576e+00 -1.5423e+00 +3.6065e+00 +1.0668e+00 +2.0169e+00 -1.9501e+00 +1.1472e+00
14 +2.225355388e+04 +2.225355388e+04 +2.191864388e+04 +2.191864388e+04 -3.4912e+00 -2.1713e+00 +2.7817e+00 +3.3417e+00 -6.2552e-01 +5.1265e-01 +3.8589e-01 +4.1958e-01 +1.4382e+00 +1.6491e+00
210 +9.626369077e+03 +9.626369077e+03 +9.291459077e+03 +9.291459077e+03 -5.8556e-01 +1.0033e+00 -1.1186e+00 +3.1900e+00 -2.5306e+00 +9.9419e-01 -5.1104e-01 +1.9759e+00 -2.3065e+00 -9.3622e-01
741 +5.805132104e+03 +5.805132104e+03 +5.470222104e+03 +5.470222104e+03 -3.4919e+00 +1.5891e+00 +1.8261e+00 +3.3417e+00 -6.2552e-01 -3.5873e-01 +3.8589e-01 +4.1983e-01 -2.2962e+00 +1.9159e+00
1057 +2.808001727e+03 +2.808001727e+03 +2.473091727e+03 +2.473091727e+03 -3.6293e+00 -2.3464e+00 -1.8261e+00 +3.3417e+00 -6.2553e-01 -3.5873e-01 +3.8589e-01 +4.1958e-01 -2.0462e+00 +1.9159e+00
1219 +1.944464846e+03 +1.944464846e+03 +1.609554846e+03 +1.609554846e+03 -1.6707e+00 -1.1782e+00 -1.4146e+00 +1.2418e+00 +1.3019e+00 +5.1216e-01 +1.5151e-01 -8.8998e-01 -5.6183e-01 +1.4593e+00
1375 +1.484869258e+03 +1.484869258e+03 +1.149959258e+03 +1.149959258e+03 -1.8429e+00 -1.1782e+00 +7.8172e-01 +3.3417e+00 -6.2552e-01 -3.5873e-01 +3.8980e-01 +4.1958e-01 -9.0059e-01 +1.6491e+00
1981 +8.740259769e+02 +8.740259769e+02 +5.391159769e+02 +5.391159769e+02 -1.6859e+00 -1.0972e+00 +1.3533e+00 +2.6026e+00 -6.2552e-01 +5.1265e-01 +7.2021e-01 -7.4730e-01 -5.6183e-01 +3.9367e+00
2015 +6.237864834e+02 +6.237864834e+02 +2.888764834e+02 +2.888764834e+02 -2.3020e+00 -2.0397e+00 +4.7702e-01 +2.3252e+00 -6.2552e-01 +5.1265e-01 +4.0151e-01 -8.8998e-01 -8.0089e-01 +1.4905e+00
2818 +2.875460794e+02 +2.875460794e+02 -4.736392062e+01 -4.736392062e+01 -2.2727e+00 -1.0962e+00 +3.5931e-01 +1.5021e+00 -6.2662e-01 +5.1265e-01 +3.9956e-01 -4.1983e-01 -2.0462e+00 +1.4903e+00
3102 +2.417733007e+02 +2.417733007e+02 -9.313669930e+01 -9.313669930e+01 -2.2727e+00 -1.0962e+00 +3.5931e-01 +1.6896e+00 -6.2662e-01 -3.5867e-01 +4.3081e-01 -4.1983e-01 -2.0462e+00 +1.4903e+00
3564 +1.413036024e+02 +1.413036024e+02 -1.936063976e+02 -1.936063976e+02 -2.2727e+00 -1.0962e+00 +3.5931e-01 +2.6118e+00 +6.2565e-01 +4.0465e-01 +6.2284e-01 +8.9574e-01 -1.8009e+00 +1.6413e+00
3601 +7.343918897e+01 +7.343918897e+01 -2.614708110e+02 -2.614708110e+02 -2.3040e+00 -1.1010e+00 +4.3245e-02 +1.5021e+00 -6.2662e-01 -3.5876e-01 +2.6088e-01 +7.4632e-01 -2.0462e+00 +1.2417e+00
4460 +6.183410201e+01 +6.183410201e+01 -2.730758980e+02 -2.730758980e+02 -2.3020e+00 -1.0962e+00 +4.3245e-02 +1.5021e+00 -6.2662e-01 -3.5873e-01 +1.5175e-01 +8.8012e-01 -1.8009e+00 +6.7252e-01
% function evaluation | noise-free fitness - Fopt (-4.670000000000e+01) | best noise-free fitness - Fopt | measured fitness | best measured fitness | x1 | x2...
1 +8.220962876e+05 +8.220962876e+05 +8.220495876e+05 +8.220495876e+05 +1.7435e+00 +4.7593e+00 -1.0897e+00 +4.2376e+00 -1.3147e+00 +4.8190e+00 +2.2447e+00 +3.6090e+00 +4.3216e-02 -2.4617e+00
2 +2.209671095e+05 +2.209671095e+05 +2.209204095e+05 +2.209204095e+05 +3.4084e+00 -3.7692e-01 +7.1052e-01 -1.0625e+00 +9.6573e-01 -2.9182e-01 +9.8083e-01 +4.8953e+00 +3.2241e+00 +1.1225e+00
3 +6.615933734e+04 +6.615933734e+04 +6.611263734e+04 +6.611263734e+04 -2.5466e+00 -4.9246e-01 -6.3670e-01 -1.0935e+00 +9.2031e-01 -4.2240e+00 -3.2657e+00 +2.4702e+00 +4.7678e+00 +2.4882e+00
8 +3.299088507e+04 +3.299088507e+04 +3.294418507e+04 +3.294418507e+04 +1.4196e+00 +2.8992e+00 -7.7721e-01 +1.4394e-02 -2.7378e+00 -3.2096e+00 +1.9562e+00 -1.4219e-01 -2.5963e+00 +4.1711e+00
48 +1.389047623e+04 +1.389047623e+04 +1.384377623e+04 +1.384377623e+04 -1.0722e+00 +9.5408e-02 -3.4080e+00 -4.0000e+00 +2.6190e-01 -2.4922e+00 -3.4781e+00 +8.5235e-01 +3.0873e+00 +3.3505e-02
716 +9.754157036e+03 +9.754157036e+03 +9.707457036e+03 +9.707457036e+03 +2.3947e+00 +1.5490e+00 -1.4083e+00 -4.8452e+00 -6.6677e-01 -1.7504e+00 -1.0667e+00 -2.8950e+00 +1.9647e+00 +3.0128e+00
811 +4.428724320e+03 +4.428724320e+03 +4.382024320e+03 +4.382024320e+03 +2.7640e-01 +1.7553e+00 -3.9830e+00 -3.9159e+00 -2.0194e+00 -6.3140e-01 -2.0228e-01 -2.5017e+00 +1.6406e+00 +3.5854e+00
962 +2.746835319e+03 +2.746835319e+03 +2.700135319e+03 +2.700135319e+03 -5.7239e-01 +1.5490e+00 -3.4738e+00 -1.9159e+00 -2.1934e+00 -1.7504e+00 -1.0667e+00 -2.8950e+00 +1.9647e+00 +3.5854e+00
1334 +2.303405111e+03 +2.303405111e+03 +2.256705111e+03 +2.256705111e+03 -5.7239e-01 +5.4897e-01 -3.4738e+00 -1.9159e+00 -2.1934e+00 -1.7504e+00 -1.0667e+00 -1.7166e+00 -5.4287e-01 +3.5854e+00
1529 +1.463813285e+03 +1.463813285e+03 +1.417113285e+03 +1.417113285e+03 -5.7239e-01 +9.5408e-02 -3.4080e+00 -4.0000e+00 +2.6190e-01 -1.7504e+00 -1.0667e+00 -1.7166e+00 -5.4287e-01 +3.5854e+00
1701 +8.175274784e+02 +8.175274784e+02 +7.708274784e+02 +7.708274784e+02 -5.7237e-01 +5.7451e-01 -3.4816e+00 -3.9159e+00 -2.1934e+00 -1.7504e+00 -1.0667e+00 -1.7166e+00 -1.5429e+00 +3.5854e+00
1956 +3.588667733e+02 +3.588667733e+02 +3.121667733e+02 +3.121667733e+02 -5.7239e-01 +5.4897e-01 -3.4738e+00 -3.9159e+00 -2.0194e+00 -2.6314e+00 -2.0228e-01 -2.5017e+00 +1.6562e+00 +3.7104e+00
2886 +2.002656433e+02 +2.002656433e+02 +1.535656433e+02 +1.535656433e+02 -1.5127e+00 +5.4897e-01 -3.4314e+00 -3.0994e+00 -6.6775e-01 -1.7504e+00 +4.4261e-01 -3.1739e-01 +1.9647e+00 +3.2409e+00
3459 +1.240974739e+02 +1.240974739e+02 +7.739747388e+01 +7.739747388e+01 -1.5127e+00 +5.4897e-01 -3.4314e+00 -3.0994e+00 -6.6775e-01 -1.7504e+00 +4.4261e-01 -3.1739e-01 +1.6406e+00 +3.2409e+00
% function evaluation | noise-free fitness - Fopt (-9.308000000000e+01) | best noise-free fitness - Fopt | measured fitness | best measured fitness | x1 | x2...
1 +2.880292830e+05 +2.880292830e+05 +2.879362030e+05 +2.879362030e+05 -5.2953e-01 +2.0840e+00 +1.3054e+00 +3.0766e+00 -3.8937e+00 +1.8462e+00 +4.8790e+00 +4.9528e+00 -4.9549e+00 -1.6411e+00
2 +1.824804246e+05 +1.824804246e+05 +1.823873446e+05 +1.823873446e+05 -2.4177e+00 -9.6380e-01 -4.1737e+00 -4.4037e+00 -4.5581e+00 +1.4903e+00 -3.2081e+00 +2.9933e-02 +2.5165e+00 -3.7234e+00
7 +1.057005243e+05 +1.057005243e+05 +1.056074443e+05 +1.056074443e+05 -6.0067e-01 +1.5301e+00 -1.9550e+00 -2.3828e-01 -9.4282e-02 +2.6940e+00 +2.1334e+00 +1.2167e+00 -1.1739e+00 -1.5270e+00
8 +6.366813622e+04 +6.366813622e+04 +6.357505622e+04 +6.357505622e+04 -3.8354e+00 -3.9351e+00 -9.2619e-01 +2.2127e+00 -4.8875e+00 +1.8304e+00 -3.3905e+00 -1.5645e+00 -1.9443e+00 +3.9895e+00
11 +6.086642553e+04 +6.086642553e+04 +6.077334553e+04 +6.077334553e+04 +1.1804e+00 -4.9679e+00 -3.3587e+00 -1.8567e+00 +6.8766e-01 +6.6137e-01 -3.4217e+00 -2.8348e+00 -4.1941e+00 +4.2677e+00
58 +3.867618735e+04 +3.867618735e+04 +3.858310735e+04 +3.858310735e+04 -4.7010e-01 -3.4787e+00 +2.1096e+00 +1.5970e+00 -4.1023e+00 -6.4642e-01 -4.1676e+00 -4.3542e-01 +1.4588e+00 +1.2975e+00
97 +2.029612676e+04 +2.029612676e+04 +2.020304676e+04 +2.020304676e+04 -1.8751e+00 +3.3897e-01 +3.3234e-01 -6.5219e-01 +6.5977e-01 -7.3203e-01 -3.1068e+00 -2.3930e+00 -1.5163e+00 -1.0462e+00
387 +1.570363886e+04 +1.570363886e+04 +1.561055886e+04 +1.561055886e+04 -4.9496e+00 -7.0428e-01 -3.3612e+00 +1.9696e+00 -4.0525e-01 -4.2326e+00 -3.1476e+00 -1.3559e+00 -2.6265e+00 -4.2091e+00
665 +4.436431388e+03 +4.436431388e+03 +4.343351388e+03 +4.343351388e+03 -4.1539e+00 -2.4085e+00 -2.6163e+00 +1.2606e+00 -2.8412e+00 -2.4187e+00 -1.7206e+00 +1.5405e+00 -1.8948e-01 +2.1982e+00
1199 +3.925632806e+03 +3.925632806e+03 +3.832552806e+03 +3.832552806e+03 -3.1508e+00 -2.4085e+00 -2.6163e+00 +1.2606e+00 -3.8412e+00 -2.4187e+00 -1.7206e+00 -1.3887e+00 -1.8947e-01 +2.1982e+00
1424 +1.915156444e+03 +1.915156444e+03 +1.822076444e+03 +1.822076444e+03 -1.9877e+00 -2.1035e+00 -2.6163e+00 +1.2606e+00 -9.6836e-01 -2.8231e+00 +7.6413e-01 -1.1116e+00 -2.4039e+00 -1.7634e+00
1836 +1.480660174e+03 +1.480660174e+03 +1.387580174e+03 +1.387580174e+03 -1.0249e+00 -3.4086e+00 -2.6163e+00 +1.2606e+00 -2.8412e+00 -2.4187e+00 -1.7206e+00 -1.3887e+00 -1.8947e-01 +1.9804e-01
2132 +7.721369322e+02 +7.721369322e+02 +6.790569322e+02 +6.790569322e+02 -3.0250e+00 -1.4921e+00 -1.3630e-01 +1.2606e+00 -2.8412e+00 -2.4187e+00 -1.1183e+00 -7.4442e-01 -2.6265e+00 -1.3967e+00
2299 +6.052043708e+02 +6.052043708e+02 +5.121243708e+02 +5.121243708e+02 -3.1509e+00 -2.4085e+00 -2.9913e+00 +1.8397e+00 -1.3521e+00 -2.4187e+00 -1.1183e+00 -7.4442e-01 -2.4034e+00 -1.8810e+00
2560 +3.488306078e+02 +3.488306078e+02 +2.557506078e+02 +2.557506078e+02 -1.6752e+00 -2.1035e+00 -2.6163e+00 +1.7606e+00 -9.6836e-01 -2.4187e+00 -1.1032e+00 -7.4442e-01 -1.5163e+00 -3.0462e+00
2691 +2.388369355e+02 +2.388369355e+02 +1.457569355e+02 +1.457569355e+02 -1.0250e+00 -1.4918e+00 -6.6755e-01 +8.3967e-01 -2.3521e+00 -2.1687e+00 -1.1183e+00 -7.4442e-01 -1.5159e+00 -3.0462e+00
3993 +1.471310929e+02 +1.471310929e+02 +5.405109285e+01 +5.405109285e+01 -3.1508e+00 -2.4095e+00 -6.6756e-01 +1.7606e+00 -9.6836e-01 -2.1687e+00 -1.1032e+00 -9.9442e-01 -1.5159e+00 -3.0462e+00
4181 +9.209487172e+01 +9.209487172e+01 -9.851282752e-01 -9.851282752e-01 -1.6752e+00 -2.1035e+00 -6.6755e-01 +1.8856e+00 -9.6836e-01 -2.1687e+00 -1.1032e+00 -7.4442e-01 -1.5163e+00 -3.0462e+00
% function evaluation | noise-free fitness - Fopt (4.168000000000e+01) | best noise-free fitness - Fopt | measured fitness | best measured fitness | x1 | x2...
1 +2.710374267e+05 +2.710374267e+05 +2.710791067e+05 +2.710791067e+05 +4.0244e+00 +3.0253e+00 -3.2362e+00 +2.9200e+00 +1.8194e+00 +9.6810e-01 -4.4025e+00 -2.3061e-01 +1.1219e+00 -5.5820e-01
2 +1.801639261e+05 +1.801639261e+05 +1.802056061e+05 +1.802056061e+05 +3.6486e+00 +2.7755e-01 -1.7402e+00 -3.6966e+00 -4.0298e+00 +1.1022e+00 -4.9091e+00 -2.7554e+00 -2.2598e+00 +1.7088e+00
3 +9.296841431e+04 +9.296841431e+04 +9.301009431e+04 +9.301009431e+04 +4.8385e+00 -3.4878e+00 -2.9459e+00 +5.2541e-01 +2.3123e+00 +2.1376e+00 +1.0701e+00 -4.9243e+00 -2.3222e+00 +3.8263e+00
9 +2.871534675e+04 +2.871534675e+04 +2.875702675e+04 +2.875702675e+04 +1.0317e+00 -2.4108e+00 -6.8124e-01 -3.5231e+00 -5.2737e-01 -3.4024e+00 +1.8712e+00 -3.6289e+00 -5.9595e-01 -3.4079e-01
12 +2.484971627e+04 +2.484971627e+04 +2.489139627e+04 +2.489139627e+04 +1.2526e+00 -3.4124e+00 +1.4953e+00 +1.7442e+00 -4.3253e+00 -2.1558e+00 +2.7278e+00 -3.9069e+00 -1.2082e+00 -4.1089e+00
392 +1.403627142e+04 +1.403627142e+04 +1.407795142e+04 +1.407795142e+04 +1.8536e+00 -4.6896e+00 +2.5136e+00 +9.3861e-01 -5.1682e-02 -2.7123e+00 +1.9460e+00 +1.5707e+00 -3.0719e+00 +8.7247e-01
591 +6.215056409e+03 +6.215056409e+03 +6.256736409e+03 +6.256736409e+03 -1.1254e+00 -1.9271e+00 -2.2510e-01 +1.1092e+00 -2.7259e+00 -1.1881e+00 -1.4060e+00 +9.5477e-01 -2.3830e+00 +3.5964e+00
1085 +3.965063285e+03 +3.965063285e+03 +4.006743285e+03 +4.006743285e+03 +1.2526e+00 -1.0371e+00 +1.4953e+00 +1.7423e+00 -3.2532e-01 +2.7619e-01 +2.2564e+00 -3.9484e+00 -1.4597e+00 +3.5564e+00
1207 +1.954778686e+03 +1.954778686e+03 +1.996458686e+03 +1.996458686e+03 -6.5457e-01 -2.2743e+00 +1.0747e-01 +3.2128e-01 -2.7689e+00 -2.6498e+00 +1.8210e+00 -5.7674e-01 -1.0719e+00 +4.5809e+00
1372 +5.790984709e+02 +5.790984709e+02 +6.207784709e+02 +6.207784709e+02 +1.2182e+00 -2.2743e+00 +1.4190e+00 +5.6083e-01 -1.3628e+00 -2.2265e+00 +1.6358e+00 -2.7808e+00 -2.7467e+00 +8.3341e-01
2345 +3.269561706e+02 +3.269561706e+02 +3.686361706e+02 +3.686361706e+02 +7.1824e-01 -2.2626e+00 +1.4190e+00 +5.6083e-01 -1.3316e+00 -2.2265e+00 +1.8212e+00 -1.4359e+00 -4.1752e+00 +8.1778e-01
2864 +2.158041377e+02 +2.158041377e+02 +2.574841377e+02 +2.574841377e+02 +1.2182e+00 -1.5371e+00 +1.4953e+00 +6.8583e-01 -1.3472e+00 -1.5026e+00 +1.6358e+00 -1.4360e+00 -2.7389e+00 +8.3347e-01
3694 +1.374505418e+02 +1.374505418e+02 +1.791305418e+02 +1.791305418e+02 +1.2183e+00 -2.2743e+00 +3.7310e-01 +5.6083e-01 -1.3604e+00 -1.5065e+00 +1.2019e+00 -1.3109e+00 -2.7467e+00 +8.3341e-01
4265 +7.429665546e+01 +7.429665546e+01 +1.159766555e+02 +1.159766555e+02 +1.2182e+00 -1.5371e+00 +1.4953e+00 +5.6083e-01 -1.3628e+00 -1.2195e+00 +7.0179e-01 -1.1869e+00 -2.9342e+00 +1.1541e-01
