% function evaluation | noise-free fitness - Fopt (-1.694000000000e+01) | best noise-free fitness - Fopt | measured fitness | best measured fitness | x1 | x2...
1 +5.585972454e+02 +5.585972454e+02 +5.416572454e+02 +5.416572454e+02 -2.6653e+00 -5.9140e-01
4 +1.134895896e+02 +1.134895896e+02 +9.654958963e+01 +9.654958963e+01 -2.0998e+00 -5.2647e-01
7 +6.802893498e+01 +6.802893498e+01 +5.108893498e+01 +5.108893498e+01 -1.4298e+00 -2.5595e+00
10 +2.421562916e+01 +2.421562916e+01 +7.275629164e+00 +7.275629164e+00 +1.1635e+00 -3.3977e+00
11 +1.555307397e+01 +1.555307397e+01 -1.386926033e+00 -1.386926033e+00 +1.1512e+00 -1.7812e+00
31 +8.813697232e+00 +8.813697232e+00 -8.126302768e+00 -8.126302768e+00 +5.2184e+00 -2.1107e+00
37 +4.546160486e+00 +4.546160486e+00 -1.239383951e+01 -1.239383951e+01 +4.6321e+00 -1.3661e+00
72 +1.849497321e+00 +1.849497321e+00 -1.509050268e+01 -1.509050268e+01 +3.8703e+00 +7.6346e-01
104 +8.101301542e-01 +8.101301542e-01 -1.612986985e+01 -1.612986985e+01 +3.9105e+00 +2.4876e+00
137 +3.673432024e-01 +3.673432024e-01 -1.657265680e+01 -1.657265680e+01 +3.7358e+00 +2.5676e+00
167 +2.491453460e-01 +2.491453460e-01 -1.669085465e+01 -1.669085465e+01 +3.6663e+00 +2.6286e+00
194 +1.015262628e-01 +1.015262628e-01 -1.683847374e+01 -1.683847374e+01 +3.6167e+00 +2.5370e+00
195 +5.777989711e-02 +5.777989711e-02 -1.688222010e+01 -1.688222010e+01 +3.6264e+00 +2.5870e+00
217 +3.200060799e-02 +3.200060799e-02 -1.690799939e+01 -1.690799939e+01 +3.6407e+00 +2.5605e+00
252 +1.635349378e-02 +1.635349378e-02 -1.692364651e+01 -1.692364651e+01 +3.6509e+00 +2.5655e+00
256 +7.797434484e-03 +7.797434484e-03 -1.693220257e+01 -1.693220257e+01 +3.6536e+00 +2.5564e+00
274 +6.118385614e-03 +6.118385614e-03 -1.693388161e+01 -1.693388161e+01 +3.6573e+00 +2.5472e+00
312 +2.544661020e-03 +2.544661020e-03 -1.693745534e+01 -1.693745534e+01 +3.6556e+00 +2.5495e+00
319 +2.166390398e-03 +2.166390398e-03 -1.693783361e+01 -1.693783361e+01 +3.6560e+00 +2.5506e+00
347 +9.944581708e-04 +9.944581708e-04 -1.693900554e+01 -1.693900554e+01 +3.6557e+00 +2.5506e+00
1299 +3.704891277e-04 +3.704891277e-04 -1.693962951e+01 -1.693962951e+01 +3.6561e+00 +2.5493e+00
1337 +2.298943738e-04 +2.298943738e-04 -1.693977011e+01 -1.693977011e+01 +3.6560e+00 +2.5498e+00
1402 +1.137221495e-04 +1.137221495e-04 -1.693988628e+01 -1.693988628e+01 +3.6560e+00 +2.5496e+00
1417 +3.853191090e-05 +3.853191090e-05 -1.693996147e+01 -1.693996147e+01 +3.6560e+00 +2.5496e+00
1655 +3.806865653e-06 +3.806865653e-06 -1.693999619e+01 -1.693999619e+01 +3.6560e+00 +2.5496e+00
1705 +1.148831000e-06 +1.148831000e-06 -1.693999885e+01 -1.693999885e+01 +3.6560e+00 +2.5496e+00
1769 +6.847861513e-07 +6.847861513e-07 -1.693999932e+01 -1.693999932e+01 +3.6560e+00 +2.5496e+00
1800 +6.239141932e-07 +6.239141932e-07 -1.693999938e+01 -1.693999938e+01 +3.6560e+00 +2.5496e+00
1842 +2.498752529e-07 +2.498752529e-07 -1.693999975e+01 -1.693999975e+01 +3.6560e+00 +2.5496e+00
1862 +1.492778701e-07 +1.492778701e-07 -1.693999985e+01 -1.693999985e+01 +3.6560e+00 +2.5496e+00
1899 +6.773729666e-08 +6.773729666e-08 -1.693999993e+01 -1.693999993e+01 +3.6560e+00 +2.5496e+00
1903 +1.629764057e-08 +1.629764057e-08 -1.693999998e+01 -1.693999998e+01 +3.6560e+00 +2.5496e+00
1968 +9.026571490e-09 +9.026571490e-09 -1.693999999e+01 -1.693999999e+01 +3.6560e+00 +2.5496e+00
1972 +3.485443045e-09 +3.485443045e-09 -1.694000000e+01 -1.694000000e+01 +3.6560e+00 +2.5496e+00
2033 +1.385416226e-09 +1.385416226e-09 -1.694000000e+01 -1.694000000e+01 +3.6560e+00 +2.5496e+00
2037 +7.656453249e-10 +7.656453249e-10 -1.694000000e+01 -1.694000000e+01 +3.6560e+00 +2.5496e+00
2052 +4.831051115e-10 +4.831051115e-10 -1.694000000e+01 -1.694000000e+01 +3.6560e+00 +2.5496e+00
2076 +3.315605568e-10 +3.315605568e-10 -1.694000000e+01 -1.694000000e+01 +3.6560e+00 +2.5496e+00
2082 +1.075228795e-10 +1.075228795e-10 -1.694000000e+01 -1.694000000e+01 +3.6560e+00 +2.5496e+00
2116 +7.443290428e-11 +7.443290428e-11 -1.694000000e+01 -1.694000000e+01 +3.6560e+00 +2.5496e+00
2124 +2.700062396e-12 +2.700062396e-12 -1.694000000e+01 -1.694000000e+01 +3.6560e+00 +2.5496e+00
2237 +1.449507181e-12 +1.449507181e-12 -1.694000000e+01 -1.694000000e+01 +3.6560e+00 +2.5496e+00
2267 +6.856737400e-13 +6.856737400e-13 -1.694000000e+01 -1.694000000e+01 +3.6560e+00 +2.5496e+00
4182 +3.552713679e-13 +3.552713679e-13 -1.694000000e+01 -1.694000000e+01 +3.6560e+00 +2.5496e+00
% function evaluation | noise-free fitness - Fopt (1.881000000000e+01) | best noise-free fitness - Fopt | measured fitness | best measured fitness | x1 | x2...
1 +2.166387915e+01 +2.166387915e+01 +4.047387915e+01 +4.047387915e+01 -7.0568e-01 -4.8486e-02
2 +9.838025675e+00 +9.838025675e+00 +2.864802567e+01 +2.864802567e+01 -2.0071e+00 -4.8099e-01
5 +5.683061971e+00 +5.683061971e+00 +2.449306197e+01 +2.449306197e+01 +1.8335e-01 +1.0900e+00
8 +1.390683619e+00 +1.390683619e+00 +2.020068362e+01 +2.020068362e+01 +5.6010e-02 +1.2882e+00
46 +4.238227199e-01 +4.238227199e-01 +1.923382272e+01 +1.923382272e+01 -7.8723e-02 +1.7966e+00
50 +3.850411403e-01 +3.850411403e-01 +1.919504114e+01 +1.919504114e+01 +7.8411e-02 +1.6335e+00
116 +1.920899394e-01 +1.920899394e-01 +1.900208994e+01 +1.900208994e+01 +4.4078e-03 +1.7205e+00
121 +9.791376051e-02 +9.791376051e-02 +1.890791376e+01 +1.890791376e+01 -6.1292e-02 +1.7622e+00
149 +5.953276068e-02 +5.953276068e-02 +1.886953276e+01 +1.886953276e+01 -1.1696e-01 +1.7650e+00
167 +1.662095601e-02 +1.662095601e-02 +1.882662096e+01 +1.882662096e+01 -1.9489e-01 +1.7758e+00
245 +5.445438734e-03 +5.445438734e-03 +1.881544544e+01 +1.881544544e+01 -1.8862e-01 +1.7807e+00
268 +3.268178511e-03 +3.268178511e-03 +1.881326818e+01 +1.881326818e+01 -1.9128e-01 +1.7812e+00
307 +1.639237792e-03 +1.639237792e-03 +1.881163924e+01 +1.881163924e+01 -1.9043e-01 +1.7804e+00
328 +1.066971877e-03 +1.066971877e-03 +1.881106697e+01 +1.881106697e+01 -1.9224e-01 +1.7808e+00
359 +9.922164896e-04 +9.922164896e-04 +1.881099222e+01 +1.881099222e+01 -1.9202e-01 +1.7807e+00
1221 +3.337747867e-04 +3.337747867e-04 +1.881033377e+01 +1.881033377e+01 -1.9121e-01 +1.7808e+00
1308 +2.301890215e-04 +2.301890215e-04 +1.881023019e+01 +1.881023019e+01 -1.9118e-01 +1.7807e+00
1324 +7.125402744e-05 +7.125402744e-05 +1.881007125e+01 +1.881007125e+01 -1.9123e-01 +1.7808e+00
1346 +4.531877509e-05 +4.531877509e-05 +1.881004532e+01 +1.881004532e+01 -1.9122e-01 +1.7808e+00
1349 +3.857152390e-05 +3.857152390e-05 +1.881003857e+01 +1.881003857e+01 -1.9119e-01 +1.7808e+00
3035 +1.407102119e-05 +1.407102119e-05 +1.881001407e+01 +1.881001407e+01 -1.9120e-01 +1.7808e+00
3099 +3.973230260e-06 +3.973230260e-06 +1.881000397e+01 +1.881000397e+01 -1.9120e-01 +1.7808e+00
3389 +2.164584345e-06 +2.164584345e-06 +1.881000216e+01 +1.881000216e+01 -1.9120e-01 +1.7808e+00
3433 +8.007237291e-07 +8.007237291e-07 +1.881000080e+01 +1.881000080e+01 -1.9120e-01 +1.7808e+00
3499 +5.629134705e-07 +5.629134705e-07 +1.881000056e+01 +1.881000056e+01 -1.9120e-01 +1.7808e+00
3506 +1.370709874e-07 +1.370709874e-07 +1.881000014e+01 +1.881000014e+01 -1.9120e-01 +1.7808e+00
3615 +9.214491570e-08 +9.214491570e-08 +1.881000009e+01 +1.881000009e+01 -1.9120e-01 +1.7808e+00
3703 +6.190906632e-08 +6.190906632e-08 +1.881000006e+01 +1.881000006e+01 -1.9120e-01 +1.7808e+00
3717 +6.738094527e-09 +6.738094527e-09 +1.881000001e+01 +1.881000001e+01 -1.9120e-01 +1.7808e+00
3722 +3.185881781e-09 +3.185881781e-09 +1.881000000e+01 +1.881000000e+01 -1.9120e-01 +1.7808e+00
3772 +2.248921049e-09 +2.248921049e-09 +1.881000000e+01 +1.881000000e+01 -1.9120e-01 +1.7808e+00
3855 +9.572005411e-10 +9.572005411e-10 +1.881000000e+01 +1.881000000e+01 -1.9120e-01 +1.7808e+00
3872 +3.004423377e-10 +3.004423377e-10 +1.881000000e+01 +1.881000000e+01 -1.9120e-01 +1.7808e+00
3941 +1.468656308e-10 +1.468656308e-10 +1.881000000e+01 +1.881000000e+01 -1.9120e-01 +1.7808e+00
4010 +4.086686545e-11 +4.086686545e-11 +1.881000000e+01 +1.881000000e+01 -1.9120e-01 +1.7808e+00
4043 +1.962163765e-11 +1.962163765e-11 +1.881000000e+01 +1.881000000e+01 -1.9120e-01 +1.7808e+00
4065 +1.396927019e-11 +1.396927019e-11 +1.881000000e+01 +1.881000000e+01 -1.9120e-01 +1.7808e+00
4128 +8.633094239e-13 +8.633094239e-13 +1.881000000e+01 +1.881000000e+01 -1.9120e-01 +1.7808e+00
4272 +1.207922651e-13 +1.207922651e-13 +1.881000000e+01 +1.881000000e+01 -1.9120e-01 +1.7808e+00
% function evaluation | noise-free fitness - Fopt (2.731500000000e+02) | best noise-free fitness - Fopt | measured fitness | best measured fitness | x1 | x2...
1 +3.872669201e+01 +3.872669201e+01 +3.118766920e+02 +3.118766920e+02 -1.8416e+00 -3.7328e+00
2 +2.058706510e+01 +2.058706510e+01 +2.937370651e+02 +2.937370651e+02 -3.1430e+00 -4.1653e+00
10 +1.170029502e+01 +1.170029502e+01 +2.848502950e+02 +2.848502950e+02 -3.8485e+00 -3.8276e+00
47 +9.866190215e+00 +9.866190215e+00 +2.830161902e+02 +2.830161902e+02 -3.7992e+00 -2.5438e+00
126 +5.222968963e+00 +5.222968963e+00 +2.783729690e+02 +2.783729690e+02 -4.8426e+00 -6.9484e-01
149 +3.869877819e+00 +3.869877819e+00 +2.770198778e+02 +2.770198778e+02 -4.1499e+00 +1.1163e+00
162 +2.432475482e+00 +2.432475482e+00 +2.755824755e+02 +2.755824755e+02 -3.7589e+00 +2.0144e+00
195 +7.821827000e-01 +7.821827000e-01 +2.739321827e+02 +2.739321827e+02 -3.4159e+00 +3.5450e+00
200 +5.503600820e-01 +5.503600820e-01 +2.737003601e+02 +2.737003601e+02 -3.7141e+00 +3.8664e+00
216 +2.405973878e-01 +2.405973878e-01 +2.733905974e+02 +2.733905974e+02 -3.5490e+00 +3.6955e+00
249 +1.580681511e-01 +1.580681511e-01 +2.733080682e+02 +2.733080682e+02 -3.5072e+00 +3.9548e+00
281 +6.554759301e-02 +6.554759301e-02 +2.732155476e+02 +2.732155476e+02 -3.5930e+00 +3.7690e+00
307 +1.660013025e-02 +1.660013025e-02 +2.731666001e+02 +2.731666001e+02 -3.5834e+00 +3.7565e+00
1256 +1.500821360e-02 +1.500821360e-02 +2.731650082e+02 +2.731650082e+02 -3.5819e+00 +3.7483e+00
1258 +3.062792393e-03 +3.062792393e-03 +2.731530628e+02 +2.731530628e+02 -3.5790e+00 +3.7559e+00
1315 +3.552636634e-04 +3.552636634e-04 +2.731503553e+02 +2.731503553e+02 -3.5792e+00 +3.7538e+00
1324 +2.308494231e-04 +2.308494231e-04 +2.731502308e+02 +2.731502308e+02 -3.5791e+00 +3.7538e+00
1351 +4.472353959e-05 +4.472353959e-05 +2.731500447e+02 +2.731500447e+02 -3.5792e+00 +3.7536e+00
1465 +2.106198565e-05 +2.106198565e-05 +2.731500211e+02 +2.731500211e+02 -3.5792e+00 +3.7536e+00
1573 +4.577697780e-06 +4.577697780e-06 +2.731500046e+02 +2.731500046e+02 -3.5792e+00 +3.7536e+00
1628 +8.257800346e-07 +8.257800346e-07 +2.731500008e+02 +2.731500008e+02 -3.5792e+00 +3.7536e+00
1690 +5.483888117e-07 +5.483888117e-07 +2.731500005e+02 +2.731500005e+02 -3.5792e+00 +3.7536e+00
1793 +1.861297392e-07 +1.861297392e-07 +2.731500002e+02 +2.731500002e+02 -3.5792e+00 +3.7536e+00
1824 +1.408914159e-07 +1.408914159e-07 +2.731500001e+02 +2.731500001e+02 -3.5792e+00 +3.7536e+00
1831 +7.643978961e-08 +7.643978961e-08 +2.731500001e+02 +2.731500001e+02 -3.5792e+00 +3.7536e+00
1833 +5.995707397e-08 +5.995707397e-08 +2.731500001e+02 +2.731500001e+02 -3.5792e+00 +3.7536e+00
1866 +1.070543476e-08 +1.070543476e-08 +2.731500000e+02 +2.731500000e+02 -3.5792e+00 +3.7536e+00
1917 +6.076049885e-09 +6.076049885e-09 +2.731500000e+02 +2.731500000e+02 -3.5792e+00 +3.7536e+00
1929 +9.733298612e-10 +9.733298612e-10 +2.731500000e+02 +2.731500000e+02 -3.5792e+00 +3.7536e+00
2013 +5.775859790e-10 +5.775859790e-10 +2.731500000e+02 +2.731500000e+02 -3.5792e+00 +3.7536e+00
2015 +1.782609615e-10 +1.782609615e-10 +2.731500000e+02 +2.731500000e+02 -3.5792e+00 +3.7536e+00
2061 +9.947598301e-12 +9.947598301e-12 +2.731500000e+02 +2.731500000e+02 -3.5792e+00 +3.7536e+00
2140 +3.922195901e-12 +3.922195901e-12 +2.731500000e+02 +2.731500000e+02 -3.5792e+00 +3.7536e+00
2203 +2.103206498e-12 +2.103206498e-12 +2.731500000e+02 +2.731500000e+02 -3.5792e+00 +3.7536e+00
2211 +7.958078641e-13 +7.958078641e-13 +2.731500000e+02 +2.731500000e+02 -3.5792e+00 +3.7536e+00
2224 +2.273736754e-13 +2.273736754e-13 +2.731500000e+02 +2.731500000e+02 -3.5792e+00 +3.7536e+00
% function evaluation | noise-free fitness - Fopt (3.718000000000e+01) | best noise-free fitness - Fopt | measured fitness | best measured fitness | x1 | x2...
1 +1.424765991e+01 +1.424765991e+01 +5.142765991e+01 +5.142765991e+01 -1.5293e+00 +3.4933e+00
2 +4.410470903e+00 +4.410470903e+00 +4.159047090e+01 +4.159047090e+01 -2.8306e+00 +3.0608e+00
8 +5.905600828e-01 +5.905600828e-01 +3.777056008e+01 +3.777056008e+01 -3.4616e+00 +1.9226e+00
670 +3.882128715e-01 +3.882128715e-01 +3.756821287e+01 +3.756821287e+01 -3.6488e+00 +2.1827e+00
784 +1.279256741e-01 +1.279256741e-01 +3.730792567e+01 +3.730792567e+01 -3.9638e+00 +2.0637e+00
832 +6.865858353e-02 +6.865858353e-02 +3.724865858e+01 +3.724865858e+01 -3.8878e+00 +2.0480e+00
857 +4.185090179e-02 +4.185090179e-02 +3.722185090e+01 +3.722185090e+01 -3.9197e+00 +2.0689e+00
890 +3.736536142e-02 +3.736536142e-02 +3.721736536e+01 +3.721736536e+01 -3.9001e+00 +2.0568e+00
916 +1.822370615e-02 +1.822370615e-02 +3.719822371e+01 +3.719822371e+01 -3.8850e+00 +2.0615e+00
917 +9.680000916e-03 +9.680000916e-03 +3.718968000e+01 +3.718968000e+01 -3.9014e+00 +2.0591e+00
944 +6.032857034e-03 +6.032857034e-03 +3.718603286e+01 +3.718603286e+01 -3.9021e+00 +2.0610e+00
966 +3.323113879e-03 +3.323113879e-03 +3.718332311e+01 +3.718332311e+01 -3.9020e+00 +2.0602e+00
1007 +1.122272448e-03 +1.122272448e-03 +3.718112227e+01 +3.718112227e+01 -3.8998e+00 +2.0599e+00
1020 +9.852675888e-04 +9.852675888e-04 +3.718098527e+01 +3.718098527e+01 -3.8982e+00 +2.0600e+00
1045 +5.453538134e-04 +5.453538134e-04 +3.718054535e+01 +3.718054535e+01 -3.8990e+00 +2.0601e+00
1071 +2.607608152e-04 +2.607608152e-04 +3.718026076e+01 +3.718026076e+01 -3.8990e+00 +2.0600e+00
1082 +2.297261538e-04 +2.297261538e-04 +3.718022973e+01 +3.718022973e+01 -3.8990e+00 +2.0600e+00
2628 +2.885745175e-05 +2.885745175e-05 +3.718002886e+01 +3.718002886e+01 -3.8992e+00 +2.0600e+00
2802 +1.982724875e-06 +1.982724875e-06 +3.718000198e+01 +3.718000198e+01 -3.8992e+00 +2.0600e+00
2930 +1.557255274e-06 +1.557255274e-06 +3.718000156e+01 +3.718000156e+01 -3.8992e+00 +2.0600e+00
3067 +9.948400077e-07 +9.948400077e-07 +3.718000099e+01 +3.718000099e+01 -3.8992e+00 +2.0600e+00
3115 +6.019497363e-07 +6.019497363e-07 +3.718000060e+01 +3.718000060e+01 -3.8992e+00 +2.0600e+00
3181 +1.680654123e-07 +1.680654123e-07 +3.718000017e+01 +3.718000017e+01 -3.8992e+00 +2.0600e+00
3229 +1.225215556e-07 +1.225215556e-07 +3.718000012e+01 +3.718000012e+01 -3.8992e+00 +2.0600e+00
3266 +9.543868629e-08 +9.543868629e-08 +3.718000010e+01 +3.718000010e+01 -3.8992e+00 +2.0600e+00
3297 +4.543392862e-08 +4.543392862e-08 +3.718000005e+01 +3.718000005e+01 -3.8992e+00 +2.0600e+00
3320 +2.294075330e-08 +2.294075330e-08 +3.718000002e+01 +3.718000002e+01 -3.8992e+00 +2.0600e+00
3321 +1.525370408e-08 +1.525370408e-08 +3.718000002e+01 +3.718000002e+01 -3.8992e+00 +2.0600e+00
3399 +1.069686562e-09 +1.069686562e-09 +3.718000000e+01 +3.718000000e+01 -3.8992e+00 +2.0600e+00
3454 +2.778079988e-10 +2.778079988e-10 +3.718000000e+01 +3.718000000e+01 -3.8992e+00 +2.0600e+00
3483 +1.763211799e-10 +1.763211799e-10 +3.718000000e+01 +3.718000000e+01 -3.8992e+00 +2.0600e+00
3554 +6.989608892e-11 +6.989608892e-11 +3.718000000e+01 +3.718000000e+01 -3.8992e+00 +2.0600e+00
3623 +1.935518412e-11 +1.935518412e-11 +3.718000000e+01 +3.718000000e+01 -3.8992e+00 +2.0600e+00
3692 +6.913580819e-12 +6.913580819e-12 +3.718000000e+01 +3.718000000e+01 -3.8992e+00 +2.0600e+00
3725 +2.323474746e-12 +2.323474746e-12 +3.718000000e+01 +3.718000000e+01 -3.8992e+00 +2.0600e+00
3810 +4.263256415e-13 +4.263256415e-13 +3.718000000e+01 +3.718000000e+01 -3.8992e+00 +2.0600e+00
% function evaluation | noise-free fitness - Fopt (-1.479000000000e+02) | best noise-free fitness - Fopt | measured fitness | best measured fitness | x1 | x2...
1 +1.916651131e+02 +1.916651131e+02 +4.376511313e+01 +4.376511313e+01 +3.7519e+00 -1.6041e-01
2 +8.948745500e+01 +8.948745500e+01 -5.841254500e+01 -5.841254500e+01 +2.4506e+00 -5.9292e-01
3 +2.028962075e+01 +2.028962075e+01 -1.276103792e+02 -1.276103792e+02 +1.5744e+00 -2.3023e+00
8 +1.025683390e+01 +1.025683390e+01 -1.376431661e+02 -1.376431661e+02 +1.3911e+00 -2.3076e+00
9 +6.097257321e+00 +6.097257321e+00 -1.418027427e+02 -1.418027427e+02 +1.5393e+00 -3.7519e+00
14 +2.681176821e+00 +2.681176821e+00 -1.452188232e+02 -1.452188232e+02 -1.1110e+00 -5.2115e-01
57 +1.139393255e+00 +1.139393255e+00 -1.467606067e+02 -1.467606067e+02 -8.3761e-01 -2.9140e-01
67 +8.260798398e-01 +8.260798398e-01 -1.470739202e+02 -1.470739202e+02 -1.3649e+00 +2.8794e-01
148 +5.304435323e-01 +5.304435323e-01 -1.473695565e+02 -1.473695565e+02 -1.6479e+00 +3.8613e-01
161 +2.919444081e-01 +2.919444081e-01 -1.476080556e+02 -1.476080556e+02 -1.8355e+00 +2.4592e-01
182 +1.868479967e-01 +1.868479967e-01 -1.477131520e+02 -1.477131520e+02 -1.5468e+00 +1.1398e-01
194 +1.573071020e-01 +1.573071020e-01 -1.477426929e+02 -1.477426929e+02 -1.7743e+00 +2.5098e-01
207 +3.872091799e-02 +3.872091799e-02 -1.478612791e+02 -1.478612791e+02 -1.6947e+00 +1.5863e-01
278 +1.469604195e-02 +1.469604195e-02 -1.478853040e+02 -1.478853040e+02 -1.6749e+00 +1.3882e-01
290 +4.208044463e-03 +4.208044463e-03 -1.478957920e+02 -1.478957920e+02 -1.6710e+00 +1.3621e-01
319 +1.076772133e-03 +1.076772133e-03 -1.478989232e+02 -1.478989232e+02 -1.6706e+00 +1.3572e-01
1191 +3.369153106e-04 +3.369153106e-04 -1.478996631e+02 -1.478996631e+02 -1.6703e+00 +1.3509e-01
1295 +1.637102954e-04 +1.637102954e-04 -1.478998363e+02 -1.478998363e+02 -1.6704e+00 +1.3523e-01
1403 +1.226773195e-04 +1.226773195e-04 -1.478998773e+02 -1.478998773e+02 -1.6704e+00 +1.3518e-01
1410 +3.996141788e-05 +3.996141788e-05 -1.478999600e+02 -1.478999600e+02 -1.6704e+00 +1.3522e-01
1441 +3.128252027e-05 +3.128252027e-05 -1.478999687e+02 -1.478999687e+02 -1.6704e+00 +1.3521e-01
1550 +2.182969035e-05 +2.182969035e-05 -1.478999782e+02 -1.478999782e+02 -1.6704e+00 +1.3520e-01
1563 +9.315863338e-06 +9.315863338e-06 -1.478999907e+02 -1.478999907e+02 -1.6704e+00 +1.3520e-01
1632 +4.640741253e-06 +4.640741253e-06 -1.478999954e+02 -1.478999954e+02 -1.6704e+00 +1.3520e-01
1635 +5.754972392e-07 +5.754972392e-07 -1.478999994e+02 -1.478999994e+02 -1.6704e+00 +1.3520e-01
1741 +1.502379519e-07 +1.502379519e-07 -1.478999998e+02 -1.478999998e+02 -1.6704e+00 +1.3520e-01
1783 +7.203928476e-08 +7.203928476e-08 -1.478999999e+02 -1.478999999e+02 -1.6704e+00 +1.3520e-01
1827 +4.217179139e-08 +4.217179139e-08 -1.479000000e+02 -1.479000000e+02 -1.6704e+00 +1.3520e-01
1833 +3.784992941e-08 +3.784992941e-08 -1.479000000e+02 -1.479000000e+02 -1.6704e+00 +1.3520e-01
1839 +2.053624826e-08 +2.053624826e-08 -1.479000000e+02 -1.479000000e+02 -1.6704e+00 +1.3520e-01
1872 +1.056395149e-08 +1.056395149e-08 -1.479000000e+02 -1.479000000e+02 -1.6704e+00 +1.3520e-01
1902 +3.905199719e-09 +3.905199719e-09 -1.479000000e+02 -1.479000000e+02 -1.6704e+00 +1.3520e-01
1906 +8.637641713e-10 +8.637641713e-10 -1.479000000e+02 -1.479000000e+02 -1.6704e+00 +1.3520e-01
1948 +5.780691481e-10 +5.780691481e-10 -1.479000000e+02 -1.479000000e+02 -1.6704e+00 +1.3520e-01
1967 +2.788169695e-10 +2.788169695e-10 -1.479000000e+02 -1.479000000e+02 -1.6704e+00 +1.3520e-01
1982 +2.059437065e-10 +2.059437065e-10 -1.479000000e+02 -1.479000000e+02 -1.6704e+00 +1.3520e-01
1986 +1.095656899e-10 +1.095656899e-10 -1.479000000e+02 -1.479000000e+02 -1.6704e+00 +1.3520e-01
2010 +3.896616363e-11 +3.896616363e-11 -1.479000000e+02 -1.479000000e+02 -1.6704e+00 +1.3520e-01
2050 +1.205080480e-11 +1.205080480e-11 -1.479000000e+02 -1.479000000e+02 -1.6704e+00 +1.3520e-01
2058 +7.503331290e-12 +7.503331290e-12 -1.479000000e+02 -1.479000000e+02 -1.6704e+00 +1.3520e-01
2121 +2.671640686e-12 +2.671640686e-12 -1.479000000e+02 -1.479000000e+02 -1.6704e+00 +1.3520e-01
2123 +9.094947018e-13 +9.094947018e-13 -1.479000000e+02 -1.479000000e+02 -1.6704e+00 +1.3520e-01
3948 +4.263256415e-13 +4.263256415e-13 -1.479000000e+02 -1.479000000e+02 -1.6704e+00 +1.3520e-01
% function evaluation | noise-free fitness - Fopt (-2.218900000000e+02) | best noise-free fitness - Fopt | measured fitness | best measured fitness | x1 | x2...
1 +9.974710993e+00 +9.974710993e+00 -2.119152890e+02 -2.119152890e+02 -2.9401e+00 -3.6445e+00
53 +5.651290331e+00 +5.651290331e+00 -2.162387097e+02 -2.162387097e+02 -3.3190e+00 -1.7487e+00
59 +2.516754542e+00 +2.516754542e+00 -2.193732455e+02 -2.193732455e+02 -4.2372e+00 +1.8905e-01
67 +2.380135087e+00 +2.380135087e+00 -2.195098649e+02 -2.195098649e+02 -4.1780e+00 +7.2722e-01
115 +8.782792369e-01 +8.782792369e-01 -2.210117208e+02 -2.210117208e+02 -3.6576e+00 +2.4734e-01
116 +1.753801232e-01 +1.753801232e-01 -2.217146199e+02 -2.217146199e+02 -3.9216e+00 +1.8727e-01
189 +9.832885589e-02 +9.832885589e-02 -2.217916711e+02 -2.217916711e+02 -3.9871e+00 +2.3823e-01
204 +4.169029218e-02 +4.169029218e-02 -2.218483097e+02 -2.218483097e+02 -3.9457e+00 +2.3891e-01
226 +2.614753150e-02 +2.614753150e-02 -2.218638525e+02 -2.218638525e+02 -3.9494e+00 +2.5312e-01
232 +7.557221846e-03 +7.557221846e-03 -2.218824428e+02 -2.218824428e+02 -3.9376e+00 +2.4371e-01
282 +2.283601443e-03 +2.283601443e-03 -2.218877164e+02 -2.218877164e+02 -3.9419e+00 +2.4754e-01
317 +1.059724162e-03 +1.059724162e-03 -2.218889403e+02 -2.218889403e+02 -3.9439e+00 +2.4815e-01
347 +9.973460074e-04 +9.973460074e-04 -2.218890027e+02 -2.218890027e+02 -3.9423e+00 +2.4761e-01
374 +2.961564450e-04 +2.961564450e-04 -2.218897038e+02 -2.218897038e+02 -3.9433e+00 +2.4814e-01
379 +2.310663819e-04 +2.310663819e-04 -2.218897689e+02 -2.218897689e+02 -3.9432e+00 +2.4794e-01
423 +1.381215152e-04 +1.381215152e-04 -2.218898619e+02 -2.218898619e+02 -3.9431e+00 +2.4797e-01
428 +3.225233368e-05 +3.225233368e-05 -2.218899677e+02 -2.218899677e+02 -3.9432e+00 +2.4800e-01
474 +2.124117984e-05 +2.124117984e-05 -2.218899788e+02 -2.218899788e+02 -3.9432e+00 +2.4800e-01
512 +1.273030688e-05 +1.273030688e-05 -2.218899873e+02 -2.218899873e+02 -3.9432e+00 +2.4800e-01
525 +9.443747928e-06 +9.443747928e-06 -2.218899906e+02 -2.218899906e+02 -3.9432e+00 +2.4800e-01
526 +1.082965980e-06 +1.082965980e-06 -2.218899989e+02 -2.218899989e+02 -3.9432e+00 +2.4800e-01
570 +7.751451960e-07 +7.751451960e-07 -2.218899992e+02 -2.218899992e+02 -3.9432e+00 +2.4800e-01
591 +3.018602968e-07 +3.018602968e-07 -2.218899997e+02 -2.218899997e+02 -3.9432e+00 +2.4800e-01
666 +1.815331245e-07 +1.815331245e-07 -2.218899998e+02 -2.218899998e+02 -3.9432e+00 +2.4800e-01
699 +1.253284267e-07 +1.253284267e-07 -2.218899999e+02 -2.218899999e+02 -3.9432e+00 +2.4800e-01
706 +5.463800790e-08 +5.463800790e-08 -2.218899999e+02 -2.218899999e+02 -3.9432e+00 +2.4800e-01
717 +1.275265049e-08 +1.275265049e-08 -2.218900000e+02 -2.218900000e+02 -3.9432e+00 +2.4800e-01
750 +7.707086525e-09 +7.707086525e-09 -2.218900000e+02 -2.218900000e+02 -3.9432e+00 +2.4800e-01
805 +5.941501513e-09 +5.941501513e-09 -2.218900000e+02 -2.218900000e+02 -3.9432e+00 +2.4800e-01
808 +2.028457402e-09 +2.028457402e-09 -2.218900000e+02 -2.218900000e+02 -3.9432e+00 +2.4800e-01
831 +1.253596338e-09 +1.253596338e-09 -2.218900000e+02 -2.218900000e+02 -3.9432e+00 +2.4800e-01
835 +7.798064416e-10 +7.798064416e-10 -2.218900000e+02 -2.218900000e+02 -3.9432e+00 +2.4800e-01
847 +2.928857157e-10 +2.928857157e-10 -2.218900000e+02 -2.218900000e+02 -3.9432e+00 +2.4800e-01
854 +2.100364327e-11 +2.100364327e-11 -2.218900000e+02 -2.218900000e+02 -3.9432e+00 +2.4800e-01
930 +9.094947018e-12 +9.094947018e-12 -2.218900000e+02 -2.218900000e+02 -3.9432e+00 +2.4800e-01
934 +4.234834705e-12 +4.234834705e-12 -2.218900000e+02 -2.218900000e+02 -3.9432e+00 +2.4800e-01
954 +2.245315045e-12 +2.245315045e-12 -2.218900000e+02 -2.218900000e+02 -3.9432e+00 +2.4800e-01
976 +9.663381206e-13 +9.663381206e-13 -2.218900000e+02 -2.218900000e+02 -3.9432e+00 +2.4800e-01
2367 +5.115907697e-13 +5.115907697e-13 -2.218900000e+02 -2.218900000e+02 -3.9432e+00 +2.4800e-01
% function evaluation | noise-free fitness - Fopt (1.195400000000e+02) | best noise-free fitness - Fopt | measured fitness | best measured fitness | x1 | x2...
1 +1.958957963e+01 +1.958957963e+01 +1.391295796e+02 +1.391295796e+02 +3.8702e+00 -2.9933e+00
5 +7.889704461e+00 +7.889704461e+00 +1.274297045e+02 +1.274297045e+02 +4.7592e+00 -1.8548e+00
38 +5.883147381e+00 +5.883147381e+00 +1.254231474e+02 +1.254231474e+02 +8.9163e-01 +4.6317e-01
53 +2.034836708e+00 +2.034836708e+00 +1.215748367e+02 +1.215748367e+02 +3.7421e-01 +5.3874e-01
84 +5.894418481e-01 +5.894418481e-01 +1.201294418e+02 +1.201294418e+02 +1.5363e+00 +9.3364e-01
135 +1.573600914e-01 +1.573600914e-01 +1.196973601e+02 +1.196973601e+02 +1.1830e+00 +9.5406e-01
154 +3.268730228e-02 +3.268730228e-02 +1.195726873e+02 +1.195726873e+02 +1.3116e+00 +9.0035e-01
256 +7.567013915e-03 +7.567013915e-03 +1.195475670e+02 +1.195475670e+02 +1.3119e+00 +9.0982e-01
285 +3.748013368e-03 +3.748013368e-03 +1.195437480e+02 +1.195437480e+02 +1.3170e+00 +9.0872e-01
306 +1.664035996e-03 +1.664035996e-03 +1.195416640e+02 +1.195416640e+02 +1.3197e+00 +9.0892e-01
1227 +1.124982364e-03 +1.124982364e-03 +1.195411250e+02 +1.195411250e+02 +1.3201e+00 +9.0891e-01
1236 +9.989772676e-04 +9.989772676e-04 +1.195409990e+02 +1.195409990e+02 +1.3187e+00 +9.0863e-01
1308 +5.062818611e-04 +5.062818611e-04 +1.195405063e+02 +1.195405063e+02 +1.3189e+00 +9.0881e-01
1320 +2.750959463e-04 +2.750959463e-04 +1.195402751e+02 +1.195402751e+02 +1.3194e+00 +9.0872e-01
1342 +2.398809076e-04 +2.398809076e-04 +1.195402399e+02 +1.195402399e+02 +1.3191e+00 +9.0889e-01
1355 +3.526287244e-05 +3.526287244e-05 +1.195400353e+02 +1.195400353e+02 +1.3192e+00 +9.0879e-01
1464 +2.421595252e-05 +2.421595252e-05 +1.195400242e+02 +1.195400242e+02 +1.3192e+00 +9.0880e-01
1506 +1.256870462e-06 +1.256870462e-06 +1.195400013e+02 +1.195400013e+02 +1.3192e+00 +9.0880e-01
1719 +7.119075178e-07 +7.119075178e-07 +1.195400007e+02 +1.195400007e+02 +1.3192e+00 +9.0880e-01
1779 +5.503366793e-07 +5.503366793e-07 +1.195400006e+02 +1.195400006e+02 +1.3192e+00 +9.0880e-01
1859 +1.404835785e-07 +1.404835785e-07 +1.195400001e+02 +1.195400001e+02 +1.3192e+00 +9.0880e-01
1938 +9.075620255e-08 +9.075620255e-08 +1.195400001e+02 +1.195400001e+02 +1.3192e+00 +9.0880e-01
1959 +4.053320879e-08 +4.053320879e-08 +1.195400000e+02 +1.195400000e+02 +1.3192e+00 +9.0880e-01
1961 +1.865114996e-08 +1.865114996e-08 +1.195400000e+02 +1.195400000e+02 +1.3192e+00 +9.0880e-01
1986 +1.140323036e-08 +1.140323036e-08 +1.195400000e+02 +1.195400000e+02 +1.3192e+00 +9.0880e-01
2003 +9.621970776e-09 +9.621970776e-09 +1.195400000e+02 +1.195400000e+02 +1.3192e+00 +9.0880e-01
2007 +5.556302085e-10 +5.556302085e-10 +1.195400000e+02 +1.195400000e+02 +1.3192e+00 +9.0880e-01
2086 +3.667963711e-10 +3.667963711e-10 +1.195400000e+02 +1.195400000e+02 +1.3192e+00 +9.0880e-01
2094 +7.800338153e-11 +7.800338153e-11 +1.195400000e+02 +1.195400000e+02 +1.3192e+00 +9.0880e-01
2157 +1.818989404e-11 +1.818989404e-11 +1.195400000e+02 +1.195400000e+02 +1.3192e+00 +9.0880e-01
2200 +1.473665634e-11 +1.473665634e-11 +1.195400000e+02 +1.195400000e+02 +1.3192e+00 +9.0880e-01
2208 +4.504840945e-12 +4.504840945e-12 +1.195400000e+02 +1.195400000e+02 +1.3192e+00 +9.0880e-01
2248 +1.293187779e-12 +1.293187779e-12 +1.195400000e+02 +1.195400000e+02 +1.3192e+00 +9.0880e-01
2273 +9.521272659e-13 +9.521272659e-13 +1.195400000e+02 +1.195400000e+02 +1.3192e+00 +9.0880e-01
2298 +4.263256415e-13 +4.263256415e-13 +1.195400000e+02 +1.195400000e+02 +1.3192e+00 +9.0880e-01
2302 +1.989519660e-13 +1.989519660e-13 +1.195400000e+02 +1.195400000e+02 +1.3192e+00 +9.0880e-01
% function evaluation | noise-free fitness - Fopt (6.983000000000e+01) | best noise-free fitness - Fopt | measured fitness | best measured fitness | x1 | x2...
1 +1.826524735e+01 +1.826524735e+01 +8.809524735e+01 +8.809524735e+01 -1.0895e+00 -1.7452e-01
2 +5.419703095e+00 +5.419703095e+00 +7.524970309e+01 +7.524970309e+01 -2.3909e+00 -6.0702e-01
7 +3.248392410e+00 +3.248392410e+00 +7.307839241e+01 +7.307839241e+01 +1.4594e-01 -2.1426e+00
22 +1.453014264e+00 +1.453014264e+00 +7.128301426e+01 +7.128301426e+01 -4.0757e+00 -9.9776e-01
43 +7.181835895e-01 +7.181835895e-01 +7.054818359e+01 +7.054818359e+01 -2.5675e+00 -1.6711e+00
45 +2.577478534e-01 +2.577478534e-01 +7.008774785e+01 +7.008774785e+01 -3.1241e+00 -1.4787e+00
53 +1.926886277e-01 +1.926886277e-01 +7.002268863e+01 +7.002268863e+01 -2.7952e+00 -1.4564e+00
76 +1.581403454e-01 +1.581403454e-01 +6.998814035e+01 +6.998814035e+01 -2.7480e+00 -1.5154e+00
143 +9.655513707e-02 +9.655513707e-02 +6.992655514e+01 +6.992655514e+01 -2.8457e+00 -1.4500e+00
148 +2.108567529e-02 +2.108567529e-02 +6.985108568e+01 +6.985108568e+01 -2.8522e+00 -1.4608e+00
195 +8.539180625e-03 +8.539180625e-03 +6.983853918e+01 +6.983853918e+01 -2.8606e+00 -1.4556e+00
223 +3.957127634e-03 +3.957127634e-03 +6.983395713e+01 +6.983395713e+01 -2.8666e+00 -1.4566e+00
286 +1.975439524e-03 +1.975439524e-03 +6.983197544e+01 +6.983197544e+01 -2.8650e+00 -1.4560e+00
288 +1.162662124e-03 +1.162662124e-03 +6.983116266e+01 +6.983116266e+01 -2.8662e+00 -1.4557e+00
321 +9.844952859e-04 +9.844952859e-04 +6.983098450e+01 +6.983098450e+01 -2.8660e+00 -1.4562e+00
1222 +2.425097592e-04 +2.425097592e-04 +6.983024251e+01 +6.983024251e+01 -2.8658e+00 -1.4560e+00
1285 +8.681413769e-05 +8.681413769e-05 +6.983008681e+01 +6.983008681e+01 -2.8656e+00 -1.4560e+00
1293 +5.879090932e-05 +5.879090932e-05 +6.983005879e+01 +6.983005879e+01 -2.8656e+00 -1.4560e+00
1332 +3.227350891e-05 +3.227350891e-05 +6.983003227e+01 +6.983003227e+01 -2.8656e+00 -1.4560e+00
1355 +1.966712315e-05 +1.966712315e-05 +6.983001967e+01 +6.983001967e+01 -2.8656e+00 -1.4560e+00
1512 +1.515004848e-05 +1.515004848e-05 +6.983001515e+01 +6.983001515e+01 -2.8656e+00 -1.4560e+00
1514 +2.978352484e-06 +2.978352484e-06 +6.983000298e+01 +6.983000298e+01 -2.8656e+00 -1.4560e+00
1597 +8.189476830e-07 +8.189476830e-07 +6.983000082e+01 +6.983000082e+01 -2.8656e+00 -1.4560e+00
1642 +4.981094435e-07 +4.981094435e-07 +6.983000050e+01 +6.983000050e+01 -2.8656e+00 -1.4560e+00
1674 +3.266263064e-07 +3.266263064e-07 +6.983000033e+01 +6.983000033e+01 -2.8656e+00 -1.4560e+00
1676 +1.009694159e-07 +1.009694159e-07 +6.983000010e+01 +6.983000010e+01 -2.8656e+00 -1.4560e+00
1744 +5.355535393e-08 +5.355535393e-08 +6.983000005e+01 +6.983000005e+01 -2.8656e+00 -1.4560e+00
1763 +3.574542973e-08 +3.574542973e-08 +6.983000004e+01 +6.983000004e+01 -2.8656e+00 -1.4560e+00
1794 +2.491925954e-08 +2.491925954e-08 +6.983000002e+01 +6.983000002e+01 -2.8656e+00 -1.4560e+00
1801 +6.768246408e-09 +6.768246408e-09 +6.983000001e+01 +6.983000001e+01 -2.8656e+00 -1.4560e+00
1836 +2.607194460e-09 +2.607194460e-09 +6.983000000e+01 +6.983000000e+01 -2.8656e+00 -1.4560e+00
1843 +1.928185611e-09 +1.928185611e-09 +6.983000000e+01 +6.983000000e+01 -2.8656e+00 -1.4560e+00
1853 +1.289478746e-09 +1.289478746e-09 +6.983000000e+01 +6.983000000e+01 -2.8656e+00 -1.4560e+00
1856 +4.475992910e-10 +4.475992910e-10 +6.983000000e+01 +6.983000000e+01 -2.8656e+00 -1.4560e+00
1893 +2.277289468e-10 +2.277289468e-10 +6.983000000e+01 +6.983000000e+01 -2.8656e+00 -1.4560e+00
1962 +6.758682503e-11 +6.758682503e-11 +6.983000000e+01 +6.983000000e+01 -2.8656e+00 -1.4560e+00
1966 +2.755484729e-11 +2.755484729e-11 +6.983000000e+01 +6.983000000e+01 -2.8656e+00 -1.4560e+00
2008 +1.978150976e-11 +1.978150976e-11 +6.983000000e+01 +6.983000000e+01 -2.8656e+00 -1.4560e+00
2027 +1.078603873e-11 +1.078603873e-11 +6.983000000e+01 +6.983000000e+01 -2.8656e+00 -1.4560e+00
2031 +3.780087354e-12 +3.780087354e-12 +6.983000000e+01 +6.983000000e+01 -2.8656e+00 -1.4560e+00
2070 +2.259525900e-12 +2.259525900e-12 +6.983000000e+01 +6.983000000e+01 -2.8656e+00 -1.4560e+00
2076 +1.108446668e-12 +1.108446668e-12 +6.983000000e+01 +6.983000000e+01 -2.8656e+00 -1.4560e+00
2110 +9.805489753e-13 +9.805489753e-13 +6.983000000e+01 +6.983000000e+01 -2.8656e+00 -1.4560e+00
% function evaluation | noise-free fitness - Fopt (7.000000000000e-02) | best noise-free fitness - Fopt | measured fitness | best measured fitness | x1 | x2...
1 +7.342174178e+01 +7.342174178e+01 +7.349174178e+01 +7.349174178e+01 -3.3024e+00 -4.1397e-01
3 +3.240708767e+01 +3.240708767e+01 +3.247708767e+01 +3.247708767e+01 -5.4800e+00 -2.5558e+00
4 +1.693590644e+01 +1.693590644e+01 +1.700590644e+01 +1.700590644e+01 -2.7370e+00 -3.4904e-01
638 +1.563777463e+01 +1.563777463e+01 +1.570777463e+01 +1.570777463e+01 +1.3600e+00 -1.2245e-01
653 +6.397258618e+00 +6.397258618e+00 +6.467258618e+00 +6.467258618e+00 +5.0169e+00 -7.9843e-01
659 +5.212088734e+00 +5.212088734e+00 +5.282088734e+00 +5.282088734e+00 +2.4569e+00 -7.9640e-02
663 +1.675906854e+00 +1.675906854e+00 +1.745906854e+00 +1.745906854e+00 +3.8294e+00 -1.5356e+00
678 +1.421000946e+00 +1.421000946e+00 +1.491000946e+00 +1.491000946e+00 +3.1086e+00 -1.4239e+00
699 +5.780417068e-01 +5.780417068e-01 +6.480417068e-01 +6.480417068e-01 +3.6459e+00 -2.1982e+00
797 +1.998972627e-01 +1.998972627e-01 +2.698972627e-01 +2.698972627e-01 +3.8193e+00 -2.1104e+00
839 +6.323772235e-02 +6.323772235e-02 +1.332377224e-01 +1.332377224e-01 +3.7451e+00 -2.0389e+00
888 +5.833074801e-02 +5.833074801e-02 +1.283307480e-01 +1.283307480e-01 +3.7559e+00 -2.0488e+00
914 +2.890011208e-02 +2.890011208e-02 +9.890011208e-02 +9.890011208e-02 +3.7406e+00 -1.9820e+00
923 +1.074896321e-02 +1.074896321e-02 +8.074896321e-02 +8.074896321e-02 +3.7410e+00 -1.9941e+00
932 +7.551915951e-03 +7.551915951e-03 +7.755191595e-02 +7.755191595e-02 +3.7433e+00 -2.0038e+00
960 +3.037330482e-03 +3.037330482e-03 +7.303733048e-02 +7.303733048e-02 +3.7397e+00 -1.9967e+00
1071 +1.151505883e-03 +1.151505883e-03 +7.115150588e-02 +7.115150588e-02 +3.7408e+00 -1.9975e+00
1091 +9.968419509e-04 +9.968419509e-04 +7.099684195e-02 +7.099684195e-02 +3.7405e+00 -1.9969e+00
1116 +2.302561027e-04 +2.302561027e-04 +7.023025610e-02 +7.023025610e-02 +3.7408e+00 -1.9970e+00
1200 +8.146215174e-05 +8.146215174e-05 +7.008146215e-02 +7.008146215e-02 +3.7408e+00 -1.9968e+00
1227 +3.339510160e-05 +3.339510160e-05 +7.003339510e-02 +7.003339510e-02 +3.7408e+00 -1.9968e+00
1441 +2.036510850e-05 +2.036510850e-05 +7.002036511e-02 +7.002036511e-02 +3.7408e+00 -1.9968e+00
1483 +8.990328701e-06 +8.990328701e-06 +7.000899033e-02 +7.000899033e-02 +3.7408e+00 -1.9968e+00
1490 +4.530958049e-06 +4.530958049e-06 +7.000453096e-02 +7.000453096e-02 +3.7408e+00 -1.9968e+00
1512 +1.032458612e-06 +1.032458612e-06 +7.000103246e-02 +7.000103246e-02 +3.7408e+00 -1.9968e+00
1564 +4.137260253e-07 +4.137260253e-07 +7.000041373e-02 +7.000041373e-02 +3.7408e+00 -1.9968e+00
1580 +3.216323929e-07 +3.216323929e-07 +7.000032163e-02 +7.000032163e-02 +3.7408e+00 -1.9968e+00
1608 +2.288992284e-07 +2.288992284e-07 +7.000022890e-02 +7.000022890e-02 +3.7408e+00 -1.9968e+00
1659 +1.048346932e-07 +1.048346932e-07 +7.000010483e-02 +7.000010483e-02 +3.7408e+00 -1.9968e+00
1671 +2.754593492e-08 +2.754593492e-08 +7.000002755e-02 +7.000002755e-02 +3.7408e+00 -1.9968e+00
1738 +1.253696361e-08 +1.253696361e-08 +7.000001254e-02 +7.000001254e-02 +3.7408e+00 -1.9968e+00
1780 +8.441479890e-09 +8.441479890e-09 +7.000000844e-02 +7.000000844e-02 +3.7408e+00 -1.9968e+00
1799 +3.922875344e-09 +3.922875344e-09 +7.000000392e-02 +7.000000392e-02 +3.7408e+00 -1.9968e+00
1803 +7.959617548e-10 +7.959617548e-10 +7.000000080e-02 +7.000000080e-02 +3.7408e+00 -1.9968e+00
1818 +5.021827398e-11 +5.021827398e-11 +7.000000005e-02 +7.000000005e-02 +3.7408e+00 -1.9968e+00
1953 +1.606971500e-11 +1.606971500e-11 +7.000000002e-02 +7.000000002e-02 +3.7408e+00 -1.9968e+00
1996 +1.177792586e-11 +1.177792586e-11 +7.000000001e-02 +7.000000001e-02 +3.7408e+00 -1.9968e+00
2004 +7.488398790e-12 +7.488398790e-12 +7.000000001e-02 +7.000000001e-02 +3.7408e+00 -1.9968e+00
2010 +5.340769493e-12 +5.340769493e-12 +7.000000001e-02 +7.000000001e-02 +3.7408e+00 -1.9968e+00
2019 +3.611805299e-12 +3.611805299e-12 +7.000000000e-02 +7.000000000e-02 +3.7408e+00 -1.9968e+00
2063 +2.269004429e-12 +2.269004429e-12 +7.000000000e-02 +7.000000000e-02 +3.7408e+00 -1.9968e+00
2075 +1.059333177e-12 +1.059333177e-12 +7.000000000e-02 +7.000000000e-02 +3.7408e+00 -1.9968e+00
2080 +8.484046798e-13 +8.484046798e-13 +7.000000000e-02 +7.000000000e-02 +3.7408e+00 -1.9968e+00
2098 +6.030037580e-13 +6.030037580e-13 +7.000000000e-02 +7.000000000e-02 +3.7408e+00 -1.9968e+00
% function evaluation | noise-free fitness - Fopt (4.960000000000e+00) | best noise-free fitness - Fopt | measured fitness | best measured fitness | x1 | x2...
1 +2.009234342e+01 +2.009234342e+01 +2.505234342e+01 +2.505234342e+01 -2.5783e+00 -1.1179e+00
10 +1.244340474e+01 +1.244340474e+01 +1.740340474e+01 +1.740340474e+01 +2.4135e+00 +1.1253e+00
17 +6.235368096e+00 +6.235368096e+00 +1.119536810e+01 +1.119536810e+01 +2.6097e+00 +2.2533e-01
50 +3.354633832e+00 +3.354633832e+00 +8.314633832e+00 +8.314633832e+00 +3.4264e+00 +1.3084e+00
53 +8.850302838e-01 +8.850302838e-01 +5.845030284e+00 +5.845030284e+00 +2.8868e+00 +1.9108e+00
121 +5.927362123e-01 +5.927362123e-01 +5.552736212e+00 +5.552736212e+00 +3.4737e+00 +1.8732e+00
126 +2.522049592e-01 +2.522049592e-01 +5.212204959e+00 +5.212204959e+00 +3.4890e+00 +1.6829e+00
171 +2.451642438e-01 +2.451642438e-01 +5.205164244e+00 +5.205164244e+00 +3.1577e+00 +2.0000e+00
209 +1.575750553e-01 +1.575750553e-01 +5.117575055e+00 +5.117575055e+00 +3.1656e+00 +1.8675e+00
231 +5.827854380e-02 +5.827854380e-02 +5.018278544e+00 +5.018278544e+00 +3.2224e+00 +1.8420e+00
258 +1.959911058e-02 +1.959911058e-02 +4.979599111e+00 +4.979599111e+00 +3.2509e+00 +1.8207e+00
263 +5.669962044e-03 +5.669962044e-03 +4.965669962e+00 +4.965669962e+00 +3.2630e+00 +1.8147e+00
1166 +3.479876944e-03 +3.479876944e-03 +4.963479877e+00 +4.963479877e+00 +3.2583e+00 +1.8197e+00
1192 +1.490852593e-03 +1.490852593e-03 +4.961490853e+00 +4.961490853e+00 +3.2601e+00 +1.8172e+00
1263 +9.972835600e-04 +9.972835600e-04 +4.960997284e+00 +4.960997284e+00 +3.2604e+00 +1.8176e+00
1320 +2.295574528e-04 +2.295574528e-04 +4.960229557e+00 +4.960229557e+00 +3.2599e+00 +1.8176e+00
1391 +2.883591544e-05 +2.883591544e-05 +4.960028836e+00 +4.960028836e+00 +3.2600e+00 +1.8176e+00
1467 +8.588891991e-06 +8.588891991e-06 +4.960008589e+00 +4.960008589e+00 +3.2600e+00 +1.8176e+00
1550 +2.676591524e-06 +2.676591524e-06 +4.960002677e+00 +4.960002677e+00 +3.2600e+00 +1.8176e+00
1570 +2.113128505e-06 +2.113128505e-06 +4.960002113e+00 +4.960002113e+00 +3.2600e+00 +1.8176e+00
1612 +8.660857969e-07 +8.660857969e-07 +4.960000866e+00 +4.960000866e+00 +3.2600e+00 +1.8176e+00
1646 +6.113954187e-07 +6.113954187e-07 +4.960000611e+00 +4.960000611e+00 +3.2600e+00 +1.8176e+00
1677 +3.526870636e-07 +3.526870636e-07 +4.960000353e+00 +4.960000353e+00 +3.2600e+00 +1.8176e+00
1684 +1.620664625e-07 +1.620664625e-07 +4.960000162e+00 +4.960000162e+00 +3.2600e+00 +1.8176e+00
1733 +9.250038779e-08 +9.250038779e-08 +4.960000093e+00 +4.960000093e+00 +3.2600e+00 +1.8176e+00
1771 +5.879486586e-08 +5.879486586e-08 +4.960000059e+00 +4.960000059e+00 +3.2600e+00 +1.8176e+00
1806 +1.992568865e-08 +1.992568865e-08 +4.960000020e+00 +4.960000020e+00 +3.2600e+00 +1.8176e+00
1853 +1.486694678e-08 +1.486694678e-08 +4.960000015e+00 +4.960000015e+00 +3.2600e+00 +1.8176e+00
1857 +6.488120263e-09 +6.488120263e-09 +4.960000006e+00 +4.960000006e+00 +3.2600e+00 +1.8176e+00
1869 +1.885774203e-09 +1.885774203e-09 +4.960000002e+00 +4.960000002e+00 +3.2600e+00 +1.8176e+00
1932 +7.379563627e-10 +7.379563627e-10 +4.960000001e+00 +4.960000001e+00 +3.2600e+00 +1.8176e+00
1955 +4.171445411e-10 +4.171445411e-10 +4.960000000e+00 +4.960000000e+00 +3.2600e+00 +1.8176e+00
1969 +2.836140212e-10 +2.836140212e-10 +4.960000000e+00 +4.960000000e+00 +3.2600e+00 +1.8176e+00
1986 +2.352802397e-10 +2.352802397e-10 +4.960000000e+00 +4.960000000e+00 +3.2600e+00 +1.8176e+00
1997 +1.003535033e-10 +1.003535033e-10 +4.960000000e+00 +4.960000000e+00 +3.2600e+00 +1.8176e+00
2009 +9.550138458e-11 +9.550138458e-11 +4.960000000e+00 +4.960000000e+00 +3.2600e+00 +1.8176e+00
2016 +3.514077918e-11 +3.514077918e-11 +4.960000000e+00 +4.960000000e+00 +3.2600e+00 +1.8176e+00
2046 +1.279065742e-11 +1.279065742e-11 +4.960000000e+00 +4.960000000e+00 +3.2600e+00 +1.8176e+00
2080 +8.524736472e-12 +8.524736472e-12 +4.960000000e+00 +4.960000000e+00 +3.2600e+00 +1.8176e+00
2088 +2.138733635e-12 +2.138733635e-12 +4.960000000e+00 +4.960000000e+00 +3.2600e+00 +1.8176e+00
2151 +3.268496584e-13 +3.268496584e-13 +4.960000000e+00 +4.960000000e+00 +3.2600e+00 +1.8176e+00
% function evaluation | noise-free fitness - Fopt (1.923000000000e+02) | best noise-free fitness - Fopt | measured fitness | best measured fitness | x1 | x2...
1 +3.177459224e+00 +3.177459224e+00 +1.954774592e+02 +1.954774592e+02 -3.3795e+00 +3.2557e+00
4 +1.409548652e+00 +1.409548652e+00 +1.937095487e+02 +1.937095487e+02 -2.8141e+00 +3.3206e+00
15 +3.747634974e-01 +3.747634974e-01 +1.926747635e+02 +1.926747635e+02 -3.0968e+00 +4.1884e+00
71 +2.383773744e-01 +2.383773744e-01 +1.925383774e+02 +1.925383774e+02 -3.0659e+00 +4.0519e+00
89 +1.575798271e-01 +1.575798271e-01 +1.924575798e+02 +1.924575798e+02 -3.0689e+00 +3.8320e+00
102 +4.307935410e-02 +4.307935410e-02 +1.923430794e+02 +1.923430794e+02 -3.0098e+00 +3.9886e+00
146 +1.635665313e-02 +1.635665313e-02 +1.923163567e+02 +1.923163567e+02 -3.0082e+00 +3.9938e+00
207 +7.994463683e-03 +7.994463683e-03 +1.923079945e+02 +1.923079945e+02 -3.0121e+00 +3.9759e+00
215 +4.391204990e-03 +4.391204990e-03 +1.923043912e+02 +1.923043912e+02 -3.0121e+00 +3.9810e+00
256 +2.676793080e-04 +2.676793080e-04 +1.923002677e+02 +1.923002677e+02 -3.0136e+00 +3.9786e+00
326 +2.361085576e-04 +2.361085576e-04 +1.923002361e+02 +1.923002361e+02 -3.0137e+00 +3.9783e+00
1398 +6.088680405e-05 +6.088680405e-05 +1.923000609e+02 +1.923000609e+02 -3.0136e+00 +3.9784e+00
1401 +3.097708088e-05 +3.097708088e-05 +1.923000310e+02 +1.923000310e+02 -3.0136e+00 +3.9784e+00
1546 +2.403256516e-05 +2.403256516e-05 +1.923000240e+02 +1.923000240e+02 -3.0136e+00 +3.9784e+00
1683 +1.151261586e-06 +1.151261586e-06 +1.923000012e+02 +1.923000012e+02 -3.0136e+00 +3.9784e+00
1766 +7.350957674e-07 +7.350957674e-07 +1.923000007e+02 +1.923000007e+02 -3.0136e+00 +3.9784e+00
1788 +6.283125060e-07 +6.283125060e-07 +1.923000006e+02 +1.923000006e+02 -3.0136e+00 +3.9784e+00
1884 +3.921269922e-07 +3.921269922e-07 +1.923000004e+02 +1.923000004e+02 -3.0136e+00 +3.9784e+00
1914 +1.737730031e-07 +1.737730031e-07 +1.923000002e+02 +1.923000002e+02 -3.0136e+00 +3.9784e+00
1918 +1.310996538e-07 +1.310996538e-07 +1.923000001e+02 +1.923000001e+02 -3.0136e+00 +3.9784e+00
1937 +6.530893870e-08 +6.530893870e-08 +1.923000001e+02 +1.923000001e+02 -3.0136e+00 +3.9784e+00
1974 +5.546297643e-08 +5.546297643e-08 +1.923000001e+02 +1.923000001e+02 -3.0136e+00 +3.9784e+00
1979 +2.822986289e-08 +2.822986289e-08 +1.923000000e+02 +1.923000000e+02 -3.0136e+00 +3.9784e+00
1983 +1.134571903e-08 +1.134571903e-08 +1.923000000e+02 +1.923000000e+02 -3.0136e+00 +3.9784e+00
1998 +6.017444321e-09 +6.017444321e-09 +1.923000000e+02 +1.923000000e+02 -3.0136e+00 +3.9784e+00
2028 +3.446416486e-09 +3.446416486e-09 +1.923000000e+02 +1.923000000e+02 -3.0136e+00 +3.9784e+00
2070 +1.088636736e-09 +1.088636736e-09 +1.923000000e+02 +1.923000000e+02 -3.0136e+00 +3.9784e+00
2112 +5.541380688e-10 +5.541380688e-10 +1.923000000e+02 +1.923000000e+02 -3.0136e+00 +3.9784e+00
2114 +3.977334018e-10 +3.977334018e-10 +1.923000000e+02 +1.923000000e+02 -3.0136e+00 +3.9784e+00
2133 +1.953139872e-10 +1.953139872e-10 +1.923000000e+02 +1.923000000e+02 -3.0136e+00 +3.9784e+00
2135 +8.421352504e-11 +8.421352504e-11 +1.923000000e+02 +1.923000000e+02 -3.0136e+00 +3.9784e+00
2176 +3.805666893e-11 +3.805666893e-11 +1.923000000e+02 +1.923000000e+02 -3.0136e+00 +3.9784e+00
2188 +1.978150976e-11 +1.978150976e-11 +1.923000000e+02 +1.923000000e+02 -3.0136e+00 +3.9784e+00
2219 +1.557509677e-11 +1.557509677e-11 +1.923000000e+02 +1.923000000e+02 -3.0136e+00 +3.9784e+00
2224 +5.059064279e-12 +5.059064279e-12 +1.923000000e+02 +1.923000000e+02 -3.0136e+00 +3.9784e+00
2249 +2.273736754e-12 +2.273736754e-12 +1.923000000e+02 +1.923000000e+02 -3.0136e+00 +3.9784e+00
2304 +1.506350600e-12 +1.506350600e-12 +1.923000000e+02 +1.923000000e+02 -3.0136e+00 +3.9784e+00
2314 +6.252776075e-13 +6.252776075e-13 +1.923000000e+02 +1.923000000e+02 -3.0136e+00 +3.9784e+00
4476 +3.410605132e-13 +3.410605132e-13 +1.923000000e+02 +1.923000000e+02 -3.0136e+00 +3.9784e+00
% function evaluation | noise-free fitness - Fopt (4.971000000000e+01) | best noise-free fitness - Fopt | measured fitness | best measured fitness | x1 | x2...
1 +4.121869486e+01 +4.121869486e+01 +9.092869486e+01 +9.092869486e+01 -1.4244e+00 -3.3752e+00
6 +3.543079035e+01 +3.543079035e+01 +8.514079035e+01 +8.514079035e+01 +1.5008e+00 -1.0170e+00
9 +2.342446025e+01 +2.342446025e+01 +7.313446025e+01 +7.313446025e+01 -3.4213e-01 -3.9871e+00
10 +1.268466779e+01 +1.268466779e+01 +6.239466779e+01 +6.239466779e+01 +3.5674e+00 -1.1320e+00
14 +8.878137282e+00 +8.878137282e+00 +5.858813728e+01 +5.858813728e+01 +4.0052e+00 -5.2980e+00
15 +5.172467077e+00 +5.172467077e+00 +5.488246708e+01 +5.488246708e+01 +1.3327e+00 -3.5849e+00
33 +2.523098269e+00 +2.523098269e+00 +5.223309827e+01 +5.223309827e+01 +3.7543e+00 -4.2231e+00
36 +1.044480237e+00 +1.044480237e+00 +5.075448024e+01 +5.075448024e+01 +2.8707e+00 -3.9726e+00
43 +4.690074330e-01 +4.690074330e-01 +5.017900743e+01 +5.017900743e+01 +3.3761e+00 -3.9388e+00
90 +2.976330030e-01 +2.976330030e-01 +5.000763300e+01 +5.000763300e+01 +3.6151e+00 -3.8434e+00
115 +1.582759352e-01 +1.582759352e-01 +4.986827594e+01 +4.986827594e+01 +3.7049e+00 -3.7347e+00
134 +6.794768524e-02 +6.794768524e-02 +4.977794769e+01 +4.977794769e+01 +3.6681e+00 -3.7375e+00
135 +2.733810744e-02 +2.733810744e-02 +4.973733811e+01 +4.973733811e+01 +3.7516e+00 -3.7022e+00
177 +1.705762281e-02 +1.705762281e-02 +4.972705762e+01 +4.972705762e+01 +3.7256e+00 -3.7129e+00
195 +1.331425806e-02 +1.331425806e-02 +4.972331426e+01 +4.972331426e+01 +3.7411e+00 -3.7055e+00
207 +7.816597358e-03 +7.816597358e-03 +4.971781660e+01 +4.971781660e+01 +3.7471e+00 -3.6985e+00
215 +4.398645927e-03 +4.398645927e-03 +4.971439865e+01 +4.971439865e+01 +3.7445e+00 -3.7017e+00
224 +3.749714968e-03 +3.749714968e-03 +4.971374971e+01 +4.971374971e+01 +3.7408e+00 -3.7032e+00
232 +1.645591126e-03 +1.645591126e-03 +4.971164559e+01 +4.971164559e+01 +3.7434e+00 -3.7021e+00
256 +1.487654893e-03 +1.487654893e-03 +4.971148765e+01 +4.971148765e+01 +3.7442e+00 -3.7018e+00
279 +4.305759219e-04 +4.305759219e-04 +4.971043058e+01 +4.971043058e+01 +3.7430e+00 -3.7026e+00
323 +2.765964606e-04 +2.765964606e-04 +4.971027660e+01 +4.971027660e+01 +3.7431e+00 -3.7025e+00
327 +2.157300578e-04 +2.157300578e-04 +4.971021573e+01 +4.971021573e+01 +3.7432e+00 -3.7024e+00
1478 +1.155068644e-04 +1.155068644e-04 +4.971011551e+01 +4.971011551e+01 +3.7432e+00 -3.7024e+00
1529 +2.960511949e-05 +2.960511949e-05 +4.971002961e+01 +4.971002961e+01 +3.7432e+00 -3.7024e+00
1612 +8.189874265e-06 +8.189874265e-06 +4.971000819e+01 +4.971000819e+01 +3.7432e+00 -3.7024e+00
1704 +5.277214477e-06 +5.277214477e-06 +4.971000528e+01 +4.971000528e+01 +3.7432e+00 -3.7024e+00
1733 +9.630986568e-07 +9.630986568e-07 +4.971000096e+01 +4.971000096e+01 +3.7432e+00 -3.7024e+00
1813 +5.630566946e-07 +5.630566946e-07 +4.971000056e+01 +4.971000056e+01 +3.7432e+00 -3.7024e+00
1816 +2.238847685e-07 +2.238847685e-07 +4.971000022e+01 +4.971000022e+01 +3.7432e+00 -3.7024e+00
1904 +1.530637377e-07 +1.530637377e-07 +4.971000015e+01 +4.971000015e+01 +3.7432e+00 -3.7024e+00
1932 +6.877667147e-08 +6.877667147e-08 +4.971000007e+01 +4.971000007e+01 +3.7432e+00 -3.7024e+00
1936 +2.720292258e-08 +2.720292258e-08 +4.971000003e+01 +4.971000003e+01 +3.7432e+00 -3.7024e+00
1980 +1.262161220e-08 +1.262161220e-08 +4.971000001e+01 +4.971000001e+01 +3.7432e+00 -3.7024e+00
2001 +4.772708451e-09 +4.772708451e-09 +4.971000000e+01 +4.971000000e+01 +3.7432e+00 -3.7024e+00
2016 +3.744709431e-09 +3.744709431e-09 +4.971000000e+01 +4.971000000e+01 +3.7432e+00 -3.7024e+00
2040 +1.203922295e-09 +1.203922295e-09 +4.971000000e+01 +4.971000000e+01 +3.7432e+00 -3.7024e+00
2073 +7.516476330e-10 +7.516476330e-10 +4.971000000e+01 +4.971000000e+01 +3.7432e+00 -3.7024e+00
2080 +5.426059602e-10 +5.426059602e-10 +4.971000000e+01 +4.971000000e+01 +3.7432e+00 -3.7024e+00
2088 +6.615863413e-11 +6.615863413e-11 +4.971000000e+01 +4.971000000e+01 +3.7432e+00 -3.7024e+00
2151 +3.598898957e-11 +3.598898957e-11 +4.971000000e+01 +4.971000000e+01 +3.7432e+00 -3.7024e+00
2194 +1.705302566e-11 +1.705302566e-11 +4.971000000e+01 +4.971000000e+01 +3.7432e+00 -3.7024e+00
2202 +1.054445420e-11 +1.054445420e-11 +4.971000000e+01 +4.971000000e+01 +3.7432e+00 -3.7024e+00
2206 +9.727330053e-12 +9.727330053e-12 +4.971000000e+01 +4.971000000e+01 +3.7432e+00 -3.7024e+00
2242 +2.494005003e-12 +2.494005003e-12 +4.971000000e+01 +4.971000000e+01 +3.7432e+00 -3.7024e+00
2291 +1.485034318e-12 +1.485034318e-12 +4.971000000e+01 +4.971000000e+01 +3.7432e+00 -3.7024e+00
2319 +8.100187188e-13 +8.100187188e-13 +4.971000000e+01 +4.971000000e+01 +3.7432e+00 -3.7024e+00
2320 +4.618527782e-13 +4.618527782e-13 +4.971000000e+01 +4.971000000e+01 +3.7432e+00 -3.7024e+00
% function evaluation | noise-free fitness - Fopt (2.051200000000e+02) | best noise-free fitness - Fopt | measured fitness | best measured fitness | x1 | x2...
1 +2.791143689e+01 +2.791143689e+01 +2.330314369e+02 +2.330314369e+02 +1.7767e+00 -2.1619e+00
4 +7.796475545e+00 +7.796475545e+00 +2.129164755e+02 +2.129164755e+02 +2.3422e+00 -2.0970e+00
49 +6.165024161e+00 +6.165024161e+00 +2.112850242e+02 +2.112850242e+02 +8.0736e-01 -8.2066e-01
77 +2.140617329e+00 +2.140617329e+00 +2.072606173e+02 +2.072606173e+02 -3.5395e-01 +2.3574e+00
893 +1.401804546e+00 +1.401804546e+00 +2.065218045e+02 +2.065218045e+02 -1.6883e+00 +3.9835e+00
909 +9.638369252e-01 +9.638369252e-01 +2.060838369e+02 +2.060838369e+02 -1.0452e+00 +3.6958e+00
1021 +3.689284285e-01 +3.689284285e-01 +2.054889284e+02 +2.054889284e+02 -1.0554e+00 +3.8700e+00
1065 +2.436550138e-01 +2.436550138e-01 +2.053636550e+02 +2.053636550e+02 -1.2175e+00 +4.1941e+00
1071 +1.516898166e-01 +1.516898166e-01 +2.052716898e+02 +2.052716898e+02 -1.2372e+00 +3.9564e+00
1094 +7.403434780e-02 +7.403434780e-02 +2.051940343e+02 +2.051940343e+02 -1.2086e+00 +3.9169e+00
1116 +3.544806599e-02 +3.544806599e-02 +2.051554481e+02 +2.051554481e+02 -1.1923e+00 +3.9353e+00
1166 +1.866742322e-02 +1.866742322e-02 +2.051386674e+02 +2.051386674e+02 -1.2008e+00 +3.9199e+00
1188 +5.578062621e-03 +5.578062621e-03 +2.051255781e+02 +2.051255781e+02 -1.1939e+00 +3.9054e+00
1248 +1.178237780e-03 +1.178237780e-03 +2.051211782e+02 +2.051211782e+02 -1.1937e+00 +3.9068e+00
1306 +9.855924887e-04 +9.855924887e-04 +2.051209856e+02 +2.051209856e+02 -1.1933e+00 +3.9055e+00
1312 +2.480970772e-04 +2.480970772e-04 +2.051202481e+02 +2.051202481e+02 -1.1936e+00 +3.9062e+00
1403 +1.046249921e-04 +1.046249921e-04 +2.051201046e+02 +2.051201046e+02 -1.1936e+00 +3.9064e+00
1417 +8.599807356e-05 +8.599807356e-05 +2.051200860e+02 +2.051200860e+02 -1.1936e+00 +3.9064e+00
1418 +5.948741489e-05 +5.948741489e-05 +2.051200595e+02 +2.051200595e+02 -1.1936e+00 +3.9064e+00
1441 +3.772829336e-05 +3.772829336e-05 +2.051200377e+02 +2.051200377e+02 -1.1936e+00 +3.9064e+00
1473 +1.524750425e-05 +1.524750425e-05 +2.051200152e+02 +2.051200152e+02 -1.1936e+00 +3.9064e+00
1494 +6.969989983e-06 +6.969989983e-06 +2.051200070e+02 +2.051200070e+02 -1.1936e+00 +3.9064e+00
1500 +2.045335634e-06 +2.045335634e-06 +2.051200020e+02 +2.051200020e+02 -1.1936e+00 +3.9064e+00
1572 +9.796104052e-07 +9.796104052e-07 +2.051200010e+02 +2.051200010e+02 -1.1936e+00 +3.9064e+00
1621 +5.258063140e-07 +5.258063140e-07 +2.051200005e+02 +2.051200005e+02 -1.1936e+00 +3.9064e+00
1684 +5.494408128e-08 +5.494408128e-08 +2.051200001e+02 +2.051200001e+02 -1.1936e+00 +3.9064e+00
1764 +3.917739377e-08 +3.917739377e-08 +2.051200000e+02 +2.051200000e+02 -1.1936e+00 +3.9064e+00
1787 +1.810130357e-08 +1.810130357e-08 +2.051200000e+02 +2.051200000e+02 -1.1936e+00 +3.9064e+00
1825 +5.966313665e-09 +5.966313665e-09 +2.051200000e+02 +2.051200000e+02 -1.1936e+00 +3.9064e+00
1860 +5.207425602e-10 +5.207425602e-10 +2.051200000e+02 +2.051200000e+02 -1.1936e+00 +3.9064e+00
1911 +1.977298325e-10 +1.977298325e-10 +2.051200000e+02 +2.051200000e+02 -1.1936e+00 +3.9064e+00
1986 +1.011528639e-10 +1.011528639e-10 +2.051200000e+02 +2.051200000e+02 -1.1936e+00 +3.9064e+00
1990 +4.104094842e-11 +4.104094842e-11 +2.051200000e+02 +2.051200000e+02 -1.1936e+00 +3.9064e+00
2029 +3.134914550e-11 +3.134914550e-11 +2.051200000e+02 +2.051200000e+02 -1.1936e+00 +3.9064e+00
2051 +9.379164112e-12 +9.379164112e-12 +2.051200000e+02 +2.051200000e+02 -1.1936e+00 +3.9064e+00
2070 +5.087485988e-12 +5.087485988e-12 +2.051200000e+02 +2.051200000e+02 -1.1936e+00 +3.9064e+00
2094 +3.154809747e-12 +3.154809747e-12 +2.051200000e+02 +2.051200000e+02 -1.1936e+00 +3.9064e+00
2100 +1.591615728e-12 +1.591615728e-12 +2.051200000e+02 +2.051200000e+02 -1.1936e+00 +3.9064e+00
2126 +1.506350600e-12 +1.506350600e-12 +2.051200000e+02 +2.051200000e+02 -1.1936e+00 +3.9064e+00
2134 +7.958078641e-13 +7.958078641e-13 +2.051200000e+02 +2.051200000e+02 -1.1936e+00 +3.9064e+00
2142 +2.557953849e-13 +2.557953849e-13 +2.051200000e+02 +2.051200000e+02 -1.1936e+00 +3.9064e+00
% function evaluation | noise-free fitness - Fopt (-1.729000000000e+02) | best noise-free fitness - Fopt | measured fitness | best measured fitness | x1 | x2...
1 +2.133372928e+01 +2.133372928e+01 -1.515662707e+02 -1.515662707e+02 +4.1353e-01 -2.6468e+00
8 +1.064915658e+01 +1.064915658e+01 -1.622508434e+02 -1.622508434e+02 -1.6035e+00 -4.0054e+00
22 +4.235756636e+00 +4.235756636e+00 -1.686642434e+02 -1.686642434e+02 -3.7798e+00 -3.3767e+00
54 +3.732874947e+00 +3.732874947e+00 -1.691671251e+02 -1.691671251e+02 -5.2102e+00 -2.5642e+00
67 +2.465671296e+00 +2.465671296e+00 -1.704343287e+02 -1.704343287e+02 -4.2689e+00 -2.8224e+00
170 +1.462676460e+00 +1.462676460e+00 -1.714373235e+02 -1.714373235e+02 -3.6644e+00 -2.0551e+00
172 +3.629680732e-01 +3.629680732e-01 -1.725370319e+02 -1.725370319e+02 -3.0523e+00 -1.2644e+00
219 +1.513723228e-01 +1.513723228e-01 -1.727486277e+02 -1.727486277e+02 -2.9647e+00 -1.0119e+00
274 +7.698019234e-02 +7.698019234e-02 -1.728230198e+02 -1.728230198e+02 -2.9594e+00 -1.0709e+00
281 +2.164546367e-02 +2.164546367e-02 -1.728783545e+02 -1.728783545e+02 -2.9327e+00 -1.0238e+00
327 +7.954473453e-03 +7.954473453e-03 -1.728920455e+02 -1.728920455e+02 -2.9316e+00 -1.0309e+00
342 +3.161219389e-03 +3.161219389e-03 -1.728968388e+02 -1.728968388e+02 -2.9321e+00 -1.0267e+00
1109 +1.912058327e-03 +1.912058327e-03 -1.728980879e+02 -1.728980879e+02 -2.9311e+00 -1.0265e+00
1184 +1.436744422e-03 +1.436744422e-03 -1.728985633e+02 -1.728985633e+02 -2.9310e+00 -1.0272e+00
1232 +6.636958763e-04 +6.636958763e-04 -1.728993363e+02 -1.728993363e+02 -2.9311e+00 -1.0270e+00
1251 +4.027670545e-04 +4.027670545e-04 -1.728995972e+02 -1.728995972e+02 -2.9311e+00 -1.0271e+00
1259 +2.533206841e-04 +2.533206841e-04 -1.728997467e+02 -1.728997467e+02 -2.9312e+00 -1.0273e+00
1289 +2.430137405e-04 +2.430137405e-04 -1.728997570e+02 -1.728997570e+02 -2.9314e+00 -1.0273e+00
1310 +6.036288707e-05 +6.036288707e-05 -1.728999396e+02 -1.728999396e+02 -2.9312e+00 -1.0272e+00
1324 +3.819983260e-05 +3.819983260e-05 -1.728999618e+02 -1.728999618e+02 -2.9312e+00 -1.0272e+00
1409 +1.236168922e-05 +1.236168922e-05 -1.728999876e+02 -1.728999876e+02 -2.9312e+00 -1.0272e+00
1423 +8.203030859e-06 +8.203030859e-06 -1.728999918e+02 -1.728999918e+02 -2.9312e+00 -1.0272e+00
1456 +2.125229400e-06 +2.125229400e-06 -1.728999979e+02 -1.728999979e+02 -2.9312e+00 -1.0272e+00
1516 +7.250462204e-07 +7.250462204e-07 -1.728999993e+02 -1.728999993e+02 -2.9312e+00 -1.0272e+00
1594 +3.904055461e-07 +3.904055461e-07 -1.728999996e+02 -1.728999996e+02 -2.9312e+00 -1.0272e+00
1647 +1.518810961e-07 +1.518810961e-07 -1.728999998e+02 -1.728999998e+02 -2.9312e+00 -1.0272e+00
1721 +1.845134534e-08 +1.845134534e-08 -1.729000000e+02 -1.729000000e+02 -2.9312e+00 -1.0272e+00
1794 +1.693251761e-09 +1.693251761e-09 -1.729000000e+02 -1.729000000e+02 -2.9312e+00 -1.0272e+00
1857 +5.328502084e-10 +5.328502084e-10 -1.729000000e+02 -1.729000000e+02 -2.9312e+00 -1.0272e+00
1924 +3.046523034e-10 +3.046523034e-10 -1.729000000e+02 -1.729000000e+02 -2.9312e+00 -1.0272e+00
1941 +8.671463547e-11 +8.671463547e-11 -1.729000000e+02 -1.729000000e+02 -2.9312e+00 -1.0272e+00
1968 +4.399680620e-11 +4.399680620e-11 -1.729000000e+02 -1.729000000e+02 -2.9312e+00 -1.0272e+00
1989 +2.080469130e-11 +2.080469130e-11 -1.729000000e+02 -1.729000000e+02 -2.9312e+00 -1.0272e+00
2028 +1.142552719e-11 +1.142552719e-11 -1.729000000e+02 -1.729000000e+02 -2.9312e+00 -1.0272e+00
2038 +9.890754882e-12 +9.890754882e-12 -1.729000000e+02 -1.729000000e+02 -2.9312e+00 -1.0272e+00
2060 +3.524291969e-12 +3.524291969e-12 -1.729000000e+02 -1.729000000e+02 -2.9312e+00 -1.0272e+00
2068 +1.307398634e-12 +1.307398634e-12 -1.729000000e+02 -1.729000000e+02 -2.9312e+00 -1.0272e+00
2116 +6.252776075e-13 +6.252776075e-13 -1.729000000e+02 -1.729000000e+02 -2.9312e+00 -1.0272e+00
% function evaluation | noise-free fitness - Fopt (-3.506200000000e+02) | best noise-free fitness - Fopt | measured fitness | best measured fitness | x1 | x2...
1 +1.317051673e+01 +1.317051673e+01 -3.374494833e+02 -3.374494833e+02 -2.7762e+00 -7.2096e-01
2 +8.692613065e+00 +8.692613065e+00 -3.419273869e+02 -3.419273869e+02 -4.0776e+00 -1.1535e+00
3 +5.338032476e+00 +5.338032476e+00 -3.452819675e+02 -3.452819675e+02 -4.9538e+00 -2.8628e+00
27 +1.037386409e+00 +1.037386409e+00 -3.495826136e+02 -3.495826136e+02 -4.3125e+00 -3.9282e+00
37 +7.957611845e-01 +7.957611845e-01 -3.498242388e+02 -3.498242388e+02 -3.8540e+00 -3.2394e+00
71 +4.854384226e-01 +4.854384226e-01 -3.501345616e+02 -3.501345616e+02 -3.9597e+00 -3.7591e+00
79 +1.160896418e-01 +1.160896418e-01 -3.505039104e+02 -3.505039104e+02 -3.8843e+00 -3.7603e+00
134 +3.227816651e-02 +3.227816651e-02 -3.505877218e+02 -3.505877218e+02 -3.8922e+00 -3.7296e+00
165 +1.406508144e-02 +1.406508144e-02 -3.506059349e+02 -3.506059349e+02 -3.9103e+00 -3.7371e+00
1034 +7.845241026e-03 +7.845241026e-03 -3.506121548e+02 -3.506121548e+02 -3.9119e+00 -3.7472e+00
1073 +3.461088569e-03 +3.461088569e-03 -3.506165389e+02 -3.506165389e+02 -3.9097e+00 -3.7419e+00
1078 +3.943887681e-04 +3.943887681e-04 -3.506196056e+02 -3.506196056e+02 -3.9097e+00 -3.7403e+00
1177 +2.315289639e-04 +2.315289639e-04 -3.506197685e+02 -3.506197685e+02 -3.9096e+00 -3.7402e+00
1236 +2.878004210e-05 +2.878004210e-05 -3.506199712e+02 -3.506199712e+02 -3.9096e+00 -3.7400e+00
2895 +1.032216278e-05 +1.032216278e-05 -3.506199897e+02 -3.506199897e+02 -3.9096e+00 -3.7400e+00
2930 +1.088189890e-06 +1.088189890e-06 -3.506199989e+02 -3.506199989e+02 -3.9096e+00 -3.7400e+00
3020 +7.163371265e-07 +7.163371265e-07 -3.506199993e+02 -3.506199993e+02 -3.9096e+00 -3.7400e+00
3108 +6.146639748e-07 +6.146639748e-07 -3.506199994e+02 -3.506199994e+02 -3.9096e+00 -3.7400e+00
3222 +2.621014232e-07 +2.621014232e-07 -3.506199997e+02 -3.506199997e+02 -3.9096e+00 -3.7400e+00
3229 +1.698195433e-07 +1.698195433e-07 -3.506199998e+02 -3.506199998e+02 -3.9096e+00 -3.7400e+00
3281 +1.225957362e-07 +1.225957362e-07 -3.506199999e+02 -3.506199999e+02 -3.9096e+00 -3.7400e+00
3295 +5.870145969e-08 +5.870145969e-08 -3.506199999e+02 -3.506199999e+02 -3.9096e+00 -3.7400e+00
3327 +2.287754342e-08 +2.287754342e-08 -3.506200000e+02 -3.506200000e+02 -3.9096e+00 -3.7400e+00
3343 +9.878817764e-09 +9.878817764e-09 -3.506200000e+02 -3.506200000e+02 -3.9096e+00 -3.7400e+00
3411 +4.558728506e-09 +4.558728506e-09 -3.506200000e+02 -3.506200000e+02 -3.9096e+00 -3.7400e+00
3424 +3.884508715e-09 +3.884508715e-09 -3.506200000e+02 -3.506200000e+02 -3.9096e+00 -3.7400e+00
3434 +2.202568794e-09 +2.202568794e-09 -3.506200000e+02 -3.506200000e+02 -3.9096e+00 -3.7400e+00
3435 +8.048459677e-10 +8.048459677e-10 -3.506200000e+02 -3.506200000e+02 -3.9096e+00 -3.7400e+00
3513 +3.747686605e-10 +3.747686605e-10 -3.506200000e+02 -3.506200000e+02 -3.9096e+00 -3.7400e+00
3518 +2.265210242e-10 +2.265210242e-10 -3.506200000e+02 -3.506200000e+02 -3.9096e+00 -3.7400e+00
3532 +7.412381819e-11 +7.412381819e-11 -3.506200000e+02 -3.506200000e+02 -3.9096e+00 -3.7400e+00
3597 +5.610445442e-11 +5.610445442e-11 -3.506200000e+02 -3.506200000e+02 -3.9096e+00 -3.7400e+00
3651 +2.262368071e-11 +2.262368071e-11 -3.506200000e+02 -3.506200000e+02 -3.9096e+00 -3.7400e+00
3668 +1.483613232e-11 +1.483613232e-11 -3.506200000e+02 -3.506200000e+02 -3.9096e+00 -3.7400e+00
3737 +5.400124792e-12 +5.400124792e-12 -3.506200000e+02 -3.506200000e+02 -3.9096e+00 -3.7400e+00
3788 +3.296918294e-12 +3.296918294e-12 -3.506200000e+02 -3.506200000e+02 -3.9096e+00 -3.7400e+00
3806 +1.421085472e-12 +1.421085472e-12 -3.506200000e+02 -3.506200000e+02 -3.9096e+00 -3.7400e+00
3839 +6.252776075e-13 +6.252776075e-13 -3.506200000e+02 -3.506200000e+02 -3.9096e+00 -3.7400e+00
3861 +3.979039320e-13 +3.979039320e-13 -3.506200000e+02 -3.506200000e+02 -3.9096e+00 -3.7400e+00
