% function evaluation | noise-free fitness - Fopt (1.238300000000e+02) | best noise-free fitness - Fopt | measured fitness | best measured fitness | x1 | x2...
1 +3.596364348e+05 +3.596364348e+05 +3.597602648e+05 +3.597602648e+05 +4.0221e+00 +3.5425e+00 +1.5697e+00 -4.4081e+00 -1.6904e+00 +1.6847e+00 -1.0853e+00 -3.6119e+00 +2.9799e-02 +6.1067e-01 -1.8691e+00 -4.9538e+00 +3.4528e+00 -1.8035e+00 -1.9106e+00 +4.8315e+00 +2.7214e+00 +7.6963e-01 +4.5782e+00 +1.9789e+00
5 +2.388675903e+05 +2.388675903e+05 +2.389914203e+05 +2.389914203e+05 +7.2592e-01 +2.8503e+00 -8.5801e-01 -7.5896e-01 -8.8528e-01 -6.4154e-01 +1.2522e+00 -2.9224e+00 +1.9162e+00 -1.9298e+00 +3.4065e+00 +1.5119e+00 +1.7667e+00 -6.8940e-02 -4.2555e+00 +3.5025e+00 +4.9109e+00 +1.0994e+00 -1.5597e+00 +3.8832e+00
15 +1.228507281e+05 +1.228507281e+05 +1.229745581e+05 +1.229745581e+05 +9.6537e-01 -1.3354e+00 -1.7049e+00 -3.5587e+00 +3.9795e+00 +2.7455e-01 +2.4180e+00 +1.3872e+00 +2.5553e+00 -4.3081e+00 +1.6716e+00 +4.5455e+00 +3.3151e+00 -2.5956e+00 -3.9635e+00 +1.3719e+00 -2.2338e-01 -8.7330e-01 +4.0854e+00 -2.1026e-01
85 +9.038200161e+04 +9.038200161e+04 +9.050583161e+04 +9.050583161e+04 -2.1566e+00 -1.1768e-02 -3.0714e+00 +2.7271e+00 -2.3361e+00 -1.0109e+00 +1.9725e+00 -6.2206e-01 -7.0080e-01 +3.4010e+00 -1.1511e+00 -3.5162e+00 +2.0756e+00 +2.6119e-02 -1.1710e+00 +1.1008e+00 +2.5688e+00 +2.2057e+00 +7.9150e-01 -2.9296e+00
1012 +6.069600530e+04 +6.069600530e+04 +6.081983530e+04 +6.081983530e+04 +1.4162e+00 -8.4753e-01 +1.6824e+00 -1.3333e+00 -2.5116e+00 -1.8696e+00 +2.7244e-01 -1.5790e-01 -5.0257e-01 -4.1323e+00 +1.7363e+00 -3.8376e+00 +5.3484e-01 -3.7220e+00 -3.1708e+00 +2.2890e+00 +3.0901e-01 +2.2453e-01 +7.2894e-01 -3.4178e+00
% function evaluation | noise-free fitness - Fopt (4.751000000000e+01) | best noise-free fitness - Fopt | measured fitness | best measured fitness | x1 | x2...
1 +2.011531638e+05 +2.011531638e+05 +2.012006738e+05 +2.012006738e+05 +4.0789e-01 -3.2166e+00 +3.0972e+00 -4.5681e-01 -3.3884e+00 -9.0361e-01 -1.5538e+00 -1.0866e+00 +1.9312e+00 -2.1627e+00 +4.3054e+00 -3.8473e+00 +3.9705e+00 +1.6232e-01 -2.6213e+00 +7.7773e-02 -1.4649e+00 +3.4533e+00 +3.6532e+00 +2.3322e+00
14 +1.456984857e+05 +1.456984857e+05 +1.457459957e+05 +1.457459957e+05 +2.2227e+00 -5.8249e-01 +6.5756e-01 +2.4969e+00 -9.4295e-01 -4.0854e+00 -3.5384e+00 -2.3831e+00 -3.6133e+00 -1.2186e+00 +7.2637e-01 -1.4732e+00 -4.5114e+00 +2.0627e-01 +6.1473e-01 +9.1016e-01 +1.2904e+00 +3.1919e+00 -1.9404e+00 +2.2882e-01
203 +9.297229693e+04 +9.297229693e+04 +9.301980693e+04 +9.301980693e+04 -1.6724e+00 +2.2390e+00 -2.0879e+00 -3.2463e+00 +1.6436e+00 +9.8095e-01 +4.1058e+00 -1.7047e+00 +1.5581e+00 +1.4609e+00 -1.9215e+00 +1.7115e+00 -1.8828e+00 +3.3818e+00 +1.8675e+00 +2.3767e+00 -2.7236e+00 +1.2208e+00 -2.0466e-02 -1.6901e-02
710 +5.349450565e+04 +5.349450565e+04 +5.354201565e+04 +5.354201565e+04 +1.1875e+00 +2.7842e+00 -4.8460e-01 +6.6014e-01 +9.9508e-01 -4.4909e+00 -1.0128e+00 +2.5557e+00 +4.0587e+00 -8.1227e-01 -4.7885e-01 -1.3824e+00 -3.4476e-02 +1.4041e+00 +2.1671e+00 -1.6421e+00 -1.7946e+00 +1.1123e+00 -2.8948e+00 +2.8262e+00
% function evaluation | noise-free fitness - Fopt (5.534000000000e+01) | best noise-free fitness - Fopt | measured fitness | best measured fitness | x1 | x2...
1 +5.002459486e+05 +5.002459486e+05 +5.003012886e+05 +5.003012886e+05 -3.0635e+00 -2.7469e+00 +3.4767e+00 -4.5830e+00 +1.6447e+00 -7.3029e-01 +4.1414e+00 -2.1663e+00 +2.0886e+00 -3.3493e+00 +2.5164e+00 -9.9349e-01 +1.4225e-01 -2.9781e+00 +2.9079e+00 -2.3224e+00 +9.9922e-01 -3.1058e+00 +4.1644e+00 +2.5833e+00
2 +1.634573818e+05 +1.634573818e+05 +1.635127218e+05 +1.635127218e+05 +1.1228e+00 +2.9799e+00 -2.7867e+00 +1.1041e-01 -3.1045e+00 -3.6488e+00 -1.3755e+00 -4.0142e+00 +7.4937e-01 -1.3843e+00 +6.2469e-01 -4.9499e+00 -8.4818e-01 -1.6297e+00 +1.8862e+00 -1.0226e+00 -4.7243e+00 -5.8366e-01 -3.8575e+00 -1.5989e+00
30 +1.490539752e+05 +1.490539752e+05 +1.491093152e+05 +1.491093152e+05 -4.8805e+00 +2.8492e-01 -1.6741e+00 +4.0716e-01 +9.7440e-01 -9.7866e-01 -2.0718e+00 -2.5782e+00 -1.0809e+00 -3.4782e+00 +3.5070e+00 +3.0677e+00 -3.7453e+00 +4.4186e+00 +1.3748e+00 -2.1257e+00 -3.0976e+00 +1.2366e+00 -2.1123e+00 -1.0341e+00
128 +8.596895547e+04 +8.596895547e+04 +8.602429547e+04 +8.602429547e+04 +3.4614e+00 -3.8723e+00 +1.9428e+00 +1.0292e+00 -1.0418e+00 +5.7413e-01 +3.3192e-01 -2.4114e+00 -4.1963e+00 -1.3784e+00 +6.3113e-01 -1.1667e+00 -7.7335e-01 -1.8192e-01 +3.9655e-01 -2.3888e+00 +1.3914e+00 -1.2458e+00 -2.4585e+00 +3.2074e+00
446 +4.709309385e+04 +4.709309385e+04 +4.714843385e+04 +4.714843385e+04 -8.9460e-01 -3.1056e+00 -2.7876e+00 -2.1534e+00 +7.8620e-01 +2.4501e+00 +4.0952e-01 +6.8706e-01 -1.1070e+00 -2.4347e+00 -2.4098e+00 +2.3103e+00 -7.4091e-01 +3.8107e-01 -2.1011e-01 +1.3710e+00 +2.4311e-01 -4.6269e+00 +4.6646e+00 -3.7746e+00
4040 +3.115408195e+04 +3.115408195e+04 +3.120942195e+04 +3.120942195e+04 +1.3966e+00 +2.0427e+00 -4.3013e-01 -1.5608e+00 -8.6322e-01 +2.1108e+00 -1.4865e-01 +4.0446e-01 -1.4826e+00 +3.6867e+00 -1.7319e+00 +1.2658e+00 +2.2920e+00 -2.3223e+00 +5.5353e-01 +6.5096e-01 +1.9082e+00 -3.1287e+00 +2.9951e+00 -2.4750e-01
% function evaluation | noise-free fitness - Fopt (-9.033000000000e+01) | best noise-free fitness - Fopt | measured fitness | best measured fitness | x1 | x2...
1 +1.794802630e+05 +1.794802630e+05 +1.793899330e+05 +1.793899330e+05 +2.1269e+00 +3.6946e+00 -1.5223e+00 -3.2166e+00 -1.1415e+00 +1.2966e+00 -2.8167e+00 +2.4321e+00 -4.0541e+00 +1.8374e+00 -4.3004e+00 +2.3340e+00 +8.5465e-01 -1.9156e+00 -3.4793e+00 -2.6180e-01 +3.9546e+00 +1.2618e+00 -3.5832e+00 +1.5778e+00
36 +1.377857643e+05 +1.377857643e+05 +1.376954343e+05 +1.376954343e+05 +1.4677e+00 -6.1504e-01 -1.4945e+00 -4.4279e+00 +3.0012e+00 +2.1152e+00 -7.2261e-01 -4.6004e-01 +3.0908e+00 +3.8817e+00 -2.7948e+00 -3.1567e+00 -1.5360e+00 +1.1409e-01 +3.5363e+00 -2.6813e+00 +2.8951e+00 +6.3727e-01 -2.0022e+00 +2.7422e-02
228 +6.918769427e+04 +6.918769427e+04 +6.909736427e+04 +6.909736427e+04 -3.1563e+00 -2.7594e+00 +2.6473e+00 +4.9072e-01 -1.3386e+00 +2.9352e+00 +3.3804e-01 +1.6680e+00 -2.2860e+00 -5.4156e-01 -6.2376e-01 +1.9899e+00 +5.6437e-01 +2.7214e+00 +7.3163e-01 +1.4081e+00 +1.0481e+00 +2.4284e+00 +3.4096e-01 +1.3210e+00
578 +4.882715841e+04 +4.882715841e+04 +4.873682841e+04 +4.873682841e+04 +1.2792e+00 -7.4650e-01 +4.3701e-01 +1.0681e+00 +2.4491e+00 +4.1356e+00 -8.4043e-01 -1.4708e+00 -3.6370e+00 +1.6738e+00 -7.7671e-01 -4.7787e-01 -3.5883e+00 +1.3772e+00 +3.2092e+00 +7.2755e-01 +2.6455e+00 -9.0801e-01 -6.5954e-01 -2.0047e+00
% function evaluation | noise-free fitness - Fopt (6.561000000000e+01) | best noise-free fitness - Fopt | measured fitness | best measured fitness | x1 | x2...
1 +2.652353769e+05 +2.652353769e+05 +2.653009869e+05 +2.653009869e+05 +4.9883e+00 +3.8071e+00 +1.0226e+00 +1.4907e-03 +1.9332e+00 -1.8952e+00 +1.4674e+00 +5.3028e-01 -3.9834e+00 -3.5149e-01 +2.0059e+00 +2.4663e-01 -1.0189e+00 +4.4923e+00 +8.2838e-01 +2.7275e+00 -3.3747e+00 -4.4907e-01 +6.5210e-01 +3.0730e+00
4 +1.372448868e+05 +1.372448868e+05 +1.373104968e+05 +1.373104968e+05 +1.3739e+00 +2.9891e+00 +3.2426e+00 -7.4368e-01 -3.9480e+00 +1.8832e+00 -5.1826e-01 +4.3407e+00 +3.8123e+00 +5.2459e-01 +4.0273e-01 -7.3326e-01 -4.4729e+00 +1.9795e+00 -1.7092e-01 +3.8487e+00 +2.4401e+00 -1.5215e+00 +1.0279e-01 -8.3313e-01
60 +7.903261525e+04 +7.903261525e+04 +7.909822525e+04 +7.909822525e+04 -4.0042e+00 +8.4588e-01 -4.4366e+00 -4.1040e-01 -1.1613e+00 -3.1530e+00 +3.0560e-01 +2.6745e-01 +8.0308e-01 +1.9409e+00 +2.3789e+00 -1.4562e+00 +3.2330e+00 +3.1227e-01 -2.0346e+00 -2.6595e+00 +3.3671e+00 -5.3728e-01 -1.6067e+00 -1.3297e+00
105 +6.058580002e+04 +6.058580002e+04 +6.065141002e+04 +6.065141002e+04 +1.4835e+00 +3.6471e+00 -2.2419e+00 -3.0191e-02 +1.5882e+00 -9.0717e-01 -1.2799e+00 +3.8747e+00 +1.1805e+00 +1.2117e+00 +1.7141e+00 -3.7840e-01 -2.1636e+00 -2.3906e+00 +2.0711e+00 +3.5071e+00 +4.4213e-01 -5.0898e-01 -1.1030e+00 +3.5805e-01
654 +2.390031374e+04 +2.390031374e+04 +2.396592374e+04 +2.396592374e+04 -3.8581e+00 +2.8432e+00 -3.2757e+00 +1.4521e+00 +4.9053e+00 +3.9882e-01 -2.7067e+00 -3.3742e+00 -2.2425e+00 -1.0777e+00 +4.6551e+00 -1.9456e+00 +7.9101e-01 -2.8189e+00 -3.6498e-01 -4.3335e-01 -4.8830e-01 -1.2734e+00 -1.4625e+00 -1.9023e+00
% function evaluation | noise-free fitness - Fopt (-2.900800000000e+02) | best noise-free fitness - Fopt | measured fitness | best measured fitness | x1 | x2...
1 +4.740277735e+05 +4.740277735e+05 +4.737376935e+05 +4.737376935e+05 -1.3262e-01 +1.9789e+00 -4.0023e+00 -1.1873e+00 -4.4614e+00 -2.6262e-01 +3.1970e+00 -1.1747e+00 -3.2875e+00 -4.3760e+00 -2.8127e+00 -2.4310e+00 -4.1944e+00 +4.8074e+00 +2.0498e+00 -3.6146e+00 +4.1774e+00 +4.7378e+00 -4.0773e+00 -4.8823e+00
3 +2.668415506e+05 +2.668415506e+05 +2.665514706e+05 +2.665514706e+05 +6.6975e-01 +2.3070e+00 -1.5828e+00 -9.4870e-01 +2.9464e+00 -2.2642e+00 -2.5138e+00 -3.0574e-01 -3.0958e+00 -1.9944e+00 +1.2424e+00 -3.5826e+00 +4.3116e+00 -3.1596e+00 +3.8091e+00 +2.9111e+00 -2.5185e+00 +2.5306e+00 -3.0991e+00 +2.9326e+00
7 +1.300387963e+05 +1.300387963e+05 +1.297487163e+05 +1.297487163e+05 +2.4155e+00 +3.4253e+00 +3.8573e+00 -3.8413e+00 +2.5805e-01 +1.0561e-01 +4.7555e+00 +2.4505e+00 -2.4009e+00 +1.7324e+00 +3.0420e+00 -3.2187e+00 -3.4245e+00 -1.4707e+00 +3.6034e+00 +1.9086e+00 +2.7496e+00 +2.2343e-01 -3.7485e+00 +4.8408e+00
28 +3.927656158e+04 +3.927656158e+04 +3.898648158e+04 +3.898648158e+04 +3.2156e-01 +3.8346e+00 +2.2502e+00 -1.1519e+00 -4.7182e+00 -4.5084e-01 -2.3958e+00 -9.6592e-01 -4.1418e+00 +2.7906e-01 +7.5839e-01 -2.7435e+00 -5.4196e-01 -1.1897e+00 -7.2553e-01 -8.6144e-01 -7.9923e-01 -1.6246e-01 -2.8450e-01 +4.1436e+00
% function evaluation | noise-free fitness - Fopt (2.510000000000e+01) | best noise-free fitness - Fopt | measured fitness | best measured fitness | x1 | x2...
1 +2.055050575e+05 +2.055050575e+05 +2.055301575e+05 +2.055301575e+05 -2.3749e+00 +1.3227e+00 +1.7219e+00 -4.5611e+00 +1.7615e+00 +4.2118e-02 +2.2495e+00 +2.6746e+00 +1.3700e+00 +1.5811e+00 -3.6876e+00 -3.0222e+00 -7.0466e-01 +2.9435e+00 -4.4331e+00 +5.3985e-01 +1.2466e+00 +4.4135e+00 +1.2127e+00 -2.6431e+00
41 +1.530251769e+05 +1.530251769e+05 +1.530502769e+05 +1.530502769e+05 +3.7318e-02 -1.5825e-01 +2.2507e+00 +1.4689e+00 -2.1113e-01 +6.2663e-01 +2.9457e+00 +5.5679e-01 -3.3352e-01 -2.7581e-01 -7.6301e-02 -4.4564e+00 +6.5116e-01 -1.4187e+00 +1.6655e+00 -4.7815e+00 -3.5121e+00 +2.0635e+00 +2.9057e+00 -2.1899e+00
196 +8.914640264e+04 +8.914640264e+04 +8.917150264e+04 +8.917150264e+04 -1.7522e+00 -1.8651e-01 -5.5475e-01 -3.1880e+00 -1.3788e+00 -5.8212e-01 -3.9528e+00 -2.8125e+00 -1.3879e+00 -2.2088e+00 +9.5986e-01 -3.6720e+00 -2.8732e+00 +9.6627e-01 +1.2222e+00 +1.6368e+00 -2.4369e+00 -2.9782e-01 -2.0196e+00 -4.0031e+00
201 +6.062761719e+04 +6.062761719e+04 +6.065271719e+04 +6.065271719e+04 -2.2290e+00 +1.0724e+00 -2.2195e+00 +1.8300e+00 -1.7121e+00 -5.8745e-01 -1.6571e+00 +2.7726e+00 -3.8570e+00 +2.3462e-01 +3.3652e+00 +1.4676e+00 -3.2795e+00 +2.5000e+00 -2.2933e+00 +8.0934e-02 -5.2565e-01 +5.8278e-01 +2.9608e+00 -3.2596e+00
1129 +3.596341470e+04 +3.596341470e+04 +3.598851470e+04 +3.598851470e+04 +2.2798e+00 -5.3564e-01 -1.2842e-01 +2.3734e+00 +3.9656e+00 +7.6539e-01 +2.4175e+00 -2.1346e+00 -9.4361e-01 -5.6075e-02 +3.6375e+00 -1.6058e+00 +7.0569e-03 -3.1522e-01 +2.0957e+00 -4.5867e-01 -4.5175e+00 -5.2494e-01 +6.8257e-01 +1.1871e+00
% function evaluation | noise-free fitness - Fopt (-8.756000000000e+01) | best noise-free fitness - Fopt | measured fitness | best measured fitness | x1 | x2...
1 +2.763581574e+05 +2.763581574e+05 +2.762705974e+05 +2.762705974e+05 +8.6734e-01 +3.7788e+00 +5.8531e-01 +4.8998e+00 -2.8942e+00 -1.3315e+00 -5.9081e-01 +2.4954e+00 +7.8628e-01 -3.0835e-01 -3.7363e+00 -3.2558e+00 +3.1871e+00 +3.3983e+00 +3.3086e+00 -1.5193e+00 -3.6867e+00 +4.7166e+00 -9.6023e-01 -1.7499e+00
11 +2.312619032e+05 +2.312619032e+05 +2.311743432e+05 +2.311743432e+05 +2.3918e+00 +1.6373e+00 +2.2267e+00 -4.1855e+00 -3.5554e+00 -3.5175e+00 -2.2772e+00 -1.0984e+00 -4.8021e+00 -4.6222e+00 +1.9172e+00 +1.7614e+00 -1.7795e-01 +9.8471e-01 +3.0911e+00 -2.7796e+00 -1.9353e-01 -1.9051e+00 -4.0626e+00 +3.4486e+00
16 +1.371014438e+05 +1.371014438e+05 +1.370138838e+05 +1.370138838e+05 -1.7363e+00 -3.4427e+00 -2.2240e+00 +9.3969e-01 +4.7671e+00 -4.9927e-01 +1.9041e-01 -3.9985e-03 -2.8079e+00 -4.3916e+00 +2.4233e+00 -4.2034e+00 +2.1832e+00 -1.9532e+00 -1.5909e+00 -1.9081e-01 +1.7382e-02 -2.8674e+00 +1.4259e+00 +3.0095e+00
101 +7.753323651e+04 +7.753323651e+04 +7.744567651e+04 +7.744567651e+04 -3.0621e+00 -9.6596e-01 -1.0805e-01 -7.2371e-01 +2.3354e+00 +8.1532e-01 +2.7302e+00 +3.6716e+00 +4.3264e+00 -4.1773e+00 +1.5603e+00 +3.6722e+00 -4.9773e-01 +1.0281e+00 -2.7511e+00 +4.0386e-01 -1.7887e+00 +2.3757e+00 +3.1816e+00 +2.7751e-01
281 +6.266040504e+04 +6.266040504e+04 +6.257284504e+04 +6.257284504e+04 +1.4871e+00 +1.9725e+00 -7.2813e-01 +1.5524e-01 +3.0447e+00 -4.9016e-01 -2.4747e+00 -1.8641e+00 -2.7125e+00 +1.0956e+00 +5.1290e-01 +9.7265e-01 +1.8749e+00 -1.2201e+00 +2.1082e+00 +4.6431e+00 +9.9872e-01 -1.9334e+00 -8.7295e-01 +3.3939e+00
853 +3.163909633e+04 +3.163909633e+04 +3.155153633e+04 +3.155153633e+04 +4.1223e+00 -1.4282e-01 -2.2368e+00 +8.9771e-01 -6.8571e-01 -1.0246e-01 +3.6803e-01 -4.4362e-01 -2.3279e+00 -2.7144e+00 +2.0395e-01 -1.1279e+00 -1.3070e+00 +9.0512e-01 +1.3153e+00 +3.1572e+00 -1.1895e+00 -9.0893e-01 -8.1070e-01 +4.8515e-01
% function evaluation | noise-free fitness - Fopt (6.007000000000e+01) | best noise-free fitness - Fopt | measured fitness | best measured fitness | x1 | x2...
1 +9.611524798e+05 +9.611524798e+05 +9.612125498e+05 +9.612125498e+05 +4.4757e+00 +9.7854e-01 +3.6664e+00 +4.7950e+00 -4.4709e+00 +2.8934e+00 +2.2646e+00 -1.1580e+00 -4.7816e+00 +4.6279e+00 -1.9059e-01 -1.8404e-01 +4.8959e+00 -5.9479e-02 -3.9083e+00 +3.4696e+00 +4.1527e+00 -3.9509e+00 +3.3785e+00 +4.5904e+00
2 +1.839379984e+05 +1.839379984e+05 +1.839980684e+05 +1.839980684e+05 -2.2606e+00 +3.4599e+00 +4.4020e+00 -3.5498e+00 -1.4689e+00 -3.9352e-01 -3.0418e+00 -3.1637e-02 -2.7045e+00 -1.5801e+00 +5.5139e-01 +1.1783e+00 -2.2492e+00 +2.7584e+00 -3.4580e+00 -2.5067e+00 +1.0323e+00 +7.4740e-01 +1.6190e+00 +3.7540e+00
3 +7.609072589e+04 +7.609072589e+04 +7.615079589e+04 +7.615079589e+04 +2.4888e+00 -1.5511e+00 +3.2416e+00 +9.4430e-01 -1.9105e-01 +5.5687e-01 -1.4780e+00 +3.1040e+00 -3.3647e+00 -1.6903e+00 +2.4010e+00 -4.3377e+00 +2.4531e+00 -2.6790e+00 +2.3271e+00 +5.4271e-01 +4.5725e+00 -3.8440e+00 +4.5381e-01 -2.4096e-01
123 +5.407199656e+04 +5.407199656e+04 +5.413206656e+04 +5.413206656e+04 -1.1600e+00 +2.3173e+00 +3.1015e+00 -1.8307e-01 +6.9435e-01 -1.6739e+00 -3.1089e+00 +4.2018e+00 -2.1011e-01 +5.3002e-01 +2.2241e-01 -2.4664e+00 +3.5238e+00 +2.0419e+00 -1.9123e+00 +8.1680e-01 +2.4434e+00 -4.0601e-01 +2.9712e-01 -4.0070e+00
% function evaluation | noise-free fitness - Fopt (-1.366300000000e+02) | best noise-free fitness - Fopt | measured fitness | best measured fitness | x1 | x2...
1 +2.727060472e+05 +2.727060472e+05 +2.725694172e+05 +2.725694172e+05 +4.1533e+00 +3.0011e-01 +4.1688e+00 -1.6755e+00 -4.1405e+00 +3.2038e+00 +6.4688e-01 +2.5461e-01 -3.2628e+00 +2.6559e+00 +2.2953e+00 -3.2389e+00 +3.1549e+00 -3.1703e+00 -2.1629e+00 -3.8539e+00 -3.1654e+00 -8.9820e-02 +4.3124e+00 -2.0301e+00
3 +2.282183960e+05 +2.282183960e+05 +2.280817660e+05 +2.280817660e+05 -3.0249e+00 -3.1586e+00 -2.8637e+00 -4.2433e+00 -1.7345e+00 +3.2551e+00 -3.1861e+00 -1.8824e+00 -1.7741e+00 +4.3323e+00 +3.4655e-01 +4.6010e+00 -3.2109e+00 -1.2791e+00 +3.9164e+00 +3.2755e+00 +2.8248e+00 +1.5014e+00 +5.2159e-01 -1.5701e+00
7 +1.567686738e+05 +1.567686738e+05 +1.566320438e+05 +1.566320438e+05 -1.3566e+00 +8.8607e-01 -3.2034e+00 -3.9737e+00 +3.5347e+00 -6.4428e-01 -3.4494e+00 +3.9613e-02 +3.1717e+00 +3.9467e-01 -1.5571e+00 -3.5750e-01 +7.0281e-01 -3.7311e+00 -1.9534e+00 +4.9424e+00 -7.1874e-01 +2.8113e+00 +2.8479e+00 +2.5837e+00
216 +8.741911019e+04 +8.741911019e+04 +8.728248019e+04 +8.728248019e+04 -2.9464e-01 +6.0615e-01 -2.7414e+00 +1.9566e+00 +1.1112e+00 +8.0780e-01 +1.4750e+00 -4.4558e+00 -4.0423e+00 -2.8683e+00 -8.3353e-01 -3.4661e+00 +1.3493e+00 +3.9205e-01 -1.8149e+00 -2.8182e-01 -9.1547e-01 +2.0517e+00 +1.7671e+00 -6.0714e-01
685 +2.988680810e+04 +2.988680810e+04 +2.975017810e+04 +2.975017810e+04 +1.0413e+00 +2.0483e+00 +1.4293e+00 +3.0446e+00 -1.6627e+00 +1.5071e+00 -2.2337e+00 +5.4143e-01 +3.1378e+00 -1.0232e+00 +1.4930e-01 +2.7238e-01 -1.5178e-01 +2.9502e+00 +4.0112e-02 +1.9313e+00 -3.7160e-01 -9.4725e-01 -2.8346e-01 -1.8554e+00
% function evaluation | noise-free fitness - Fopt (1.639300000000e+02) | best noise-free fitness - Fopt | measured fitness | best measured fitness | x1 | x2...
1 +4.195452073e+05 +4.195452073e+05 +4.197091373e+05 +4.197091373e+05 -2.8426e+00 +2.7537e+00 +4.1790e+00 -9.7164e-01 +3.5806e+00 +4.2919e+00 -1.5690e+00 +4.3330e+00 -1.5731e+00 -8.0584e-01 +3.3608e+00 -4.7164e+00 -3.2871e+00 +1.8191e+00 +8.4432e-01 -3.4436e+00 -2.5243e+00 -2.8056e+00 -7.9408e-01 +1.4701e+00
4 +2.374827961e+05 +2.374827961e+05 +2.376467261e+05 +2.376467261e+05 +2.9262e+00 -2.0959e+00 -6.6372e-01 +6.3639e-01 +4.9804e+00 +3.3900e-01 +4.5729e-01 -9.1609e-01 -2.6145e+00 +4.2529e+00 -2.9421e-01 -3.4865e+00 -2.6337e+00 +2.3884e+00 -4.5009e+00 -9.0022e-01 -4.4241e+00 -5.0522e-01 +2.9724e+00 -2.6892e+00
8 +1.498466421e+05 +1.498466421e+05 +1.500105721e+05 +1.500105721e+05 -3.2268e+00 -2.8553e+00 -3.1303e+00 -3.8546e+00 -4.8080e+00 -2.2516e+00 -3.4899e+00 +2.8121e+00 -2.1696e+00 +1.1960e+00 -2.4888e+00 -1.2053e+00 +6.5395e-02 -5.2127e-01 -1.9789e+00 +8.0312e-01 -1.9910e-02 +3.2834e+00 +1.0625e+00 +1.4489e+00
13 +9.949978981e+04 +9.949978981e+04 +9.966371981e+04 +9.966371981e+04 +1.5134e+00 +3.5492e+00 +1.0896e+00 +4.3246e+00 -3.7549e+00 +4.9364e+00 +1.7353e+00 +5.9853e-02 +3.1398e-01 -3.4156e-01 -1.9121e-01 -3.7743e+00 -1.9896e+00 +3.6019e+00 +1.7798e+00 -2.4067e+00 +1.6167e+00 +5.0573e-01 +1.0589e+00 +4.7866e-01
1394 +6.128917690e+04 +6.128917690e+04 +6.145310690e+04 +6.145310690e+04 -2.4964e+00 -1.9700e+00 +4.8270e+00 +4.3904e+00 -4.6539e-01 +2.0571e+00 -6.1417e-01 +1.3145e+00 +2.1902e+00 +4.0106e+00 +1.5798e+00 +8.1315e-03 -2.4125e+00 +2.6253e+00 +1.6133e-01 -1.4040e+00 +7.2246e-01 -9.5581e-01 +5.6223e-01 +5.2804e-01
% function evaluation | noise-free fitness - Fopt (-5.002000000000e+01) | best noise-free fitness - Fopt | measured fitness | best measured fitness | x1 | x2...
1 +1.014568011e+06 +1.014568011e+06 +1.014517991e+06 +1.014517991e+06 +3.9000e+00 -4.5352e+00 +4.7178e+00 +4.5144e+00 -1.2952e+00 +2.2080e+00 -3.9611e+00 -4.2332e+00 -8.1593e-01 +3.1474e+00 +3.5853e+00 +2.4206e+00 +3.4139e+00 -2.8987e+00 -4.0541e+00 -7.3869e-01 +1.6993e+00 +4.1800e+00 +1.7573e+00 -1.3361e-01
2 +9.115762498e+05 +9.115762498e+05 +9.115262298e+05 +9.115262298e+05 +2.8646e-01 +4.3435e+00 +7.4213e-01 -1.8236e+00 +1.6324e+00 +6.5695e-01 -2.0271e+00 +2.3731e+00 +2.7208e+00 -4.5685e+00 -4.1005e+00 -4.6401e+00 +4.3486e+00 +5.5833e-02 -8.7156e-01 +4.3178e+00 +4.4173e+00 +3.6279e+00 +5.2339e-01 -4.4035e+00
3 +1.723032090e+05 +1.723032090e+05 +1.722531890e+05 +1.722531890e+05 -3.1888e-01 +1.2681e+00 +1.4209e+00 -1.8376e+00 +9.5695e-02 -4.3214e+00 -4.4945e+00 -1.0137e+00 +3.3634e+00 -2.9419e+00 -8.3519e-01 -1.4877e+00 +2.5862e+00 +4.0541e+00 +2.1344e+00 +8.8242e-01 +1.3532e+00 -4.8543e+00 +1.3885e+00 +8.3340e-01
4 +1.325255909e+05 +1.325255909e+05 +1.324755709e+05 +1.324755709e+05 -3.9936e+00 +1.8864e+00 +3.4576e+00 -8.3202e-02 -2.7534e+00 +1.0853e+00 +2.6860e+00 -2.0892e+00 +2.2452e+00 -1.1645e+00 +7.7877e-01 +5.2089e-01 -4.9073e+00 +4.0721e+00 -8.3172e-01 -6.9939e-01 +5.3274e-01 -2.4359e+00 +4.4459e-01 -1.9652e+00
199 +5.563498009e+04 +5.563498009e+04 +5.558496009e+04 +5.558496009e+04 -4.5156e+00 +5.9097e-01 +1.4780e-01 -1.6221e+00 +2.2934e+00 +2.1549e+00 +1.2734e-01 +1.4382e+00 +1.7606e+00 -1.0715e+00 -6.0204e-01 -1.0512e+00 -8.3657e-01 -1.2230e+00 -2.2331e+00 +3.0589e+00 +1.8428e+00 -1.9024e+00 -1.7965e+00 -3.2610e+00
2069 +3.859003566e+04 +3.859003566e+04 +3.854001566e+04 +3.854001566e+04 -2.0056e+00 +1.7988e+00 -2.4667e+00 +1.5794e+00 -1.4480e+00 +5.9883e-02 -2.5534e+00 +6.2933e-01 +4.9057e-01 -1.6195e+00 -1.0185e+00 +3.8331e+00 -2.7721e+00 +2.1182e-01 -4.1420e+00 -1.0405e+00 -1.3987e+00 +2.3751e+00 +5.2283e-01 +2.2841e+00
% function evaluation | noise-free fitness - Fopt (5.888600000000e+02) | best noise-free fitness - Fopt | measured fitness | best measured fitness | x1 | x2...
1 +5.582315548e+05 +5.582315548e+05 +5.588204148e+05 +5.588204148e+05 -3.0304e+00 +3.7817e+00 -4.3229e+00 +3.4488e+00 +5.4366e-01 +1.1105e+00 +1.6843e+00 -3.9589e+00 +2.2244e+00 +2.4522e+00 -3.6231e+00 -1.3686e+00 -2.4254e+00 +2.6096e+00 -4.6993e-01 -2.3966e+00 -4.6855e+00 +1.2659e+00 +9.7997e-02 -2.1985e+00
2 +2.823430367e+05 +2.823430367e+05 +2.829318967e+05 +2.829318967e+05 -5.2157e-01 -1.9717e+00 -2.2702e+00 -4.3456e+00 +4.2348e+00 -1.3873e+00 +1.3869e-01 -3.6180e+00 -2.4975e+00 +3.6213e+00 -3.5315e+00 +2.0617e+00 -2.2727e+00 +7.3705e-01 -9.5110e-01 -1.4438e+00 -3.5804e+00 -4.5063e-01 +3.6977e+00 +3.1691e+00
9 +1.276049220e+05 +1.276049220e+05 +1.281937820e+05 +1.281937820e+05 +7.1766e-01 +2.0780e+00 +2.7936e+00 -2.9212e-01 -4.9913e+00 +6.0722e-01 -3.0355e+00 -3.0088e+00 +6.7283e-01 +2.1394e+00 -3.9078e+00 +2.4117e+00 -1.6682e-01 +1.1872e+00 -3.4286e+00 +2.3667e+00 -3.3663e+00 -2.6739e+00 -1.9491e+00 -2.4467e+00
31 +8.251378979e+04 +8.251378979e+04 +8.310264979e+04 +8.310264979e+04 +1.3627e+00 +2.3843e-01 +7.3105e-01 +3.3401e+00 +3.5710e+00 +3.1520e+00 -3.1372e+00 +2.3874e-01 +4.4193e-01 -2.1444e+00 +1.7344e+00 +2.7115e+00 -1.1082e+00 +1.6865e+00 -1.8065e-01 -4.1736e+00 -5.9355e-01 +1.9662e-01 -2.2565e+00 +3.7447e+00
559 +5.474268381e+04 +5.474268381e+04 +5.533154381e+04 +5.533154381e+04 -1.4391e-01 -3.1498e+00 +1.6464e+00 -1.6476e+00 +4.4289e+00 +1.6908e+00 -1.8717e+00 +1.5880e-01 -8.5248e-01 -9.0875e-01 +4.6464e+00 -2.2333e+00 -9.7974e-01 +3.2463e+00 -9.1243e-02 -1.0596e+00 -1.6092e+00 +1.1055e+00 -1.2607e-01 -8.4380e-01
3982 +2.659310740e+04 +2.659310740e+04 +2.718196740e+04 +2.718196740e+04 +1.6376e+00 +2.1454e+00 +2.4863e+00 +1.8099e-01 -4.8674e-01 +1.5825e+00 +4.5140e-01 +1.5929e+00 +2.4919e+00 -1.1076e+00 -2.5549e+00 -2.0019e+00 +2.3243e-01 +8.1301e-01 +1.1055e+00 +2.7227e+00 -2.5162e+00 -4.6110e-01 +7.1727e-02 +2.3063e+00
% function evaluation | noise-free fitness - Fopt (-3.294000000000e+01) | best noise-free fitness - Fopt | measured fitness | best measured fitness | x1 | x2...
1 +1.798670411e+05 +1.798670411e+05 +1.798341011e+05 +1.798341011e+05 -1.9454e-01 -1.4838e-01 -1.0582e+00 -3.0789e+00 +1.9363e+00 -4.9292e+00 +4.6289e+00 -3.5558e+00 +2.6466e+00 +3.5944e-01 +4.5278e+00 +2.4510e+00 +3.0244e+00 -3.4536e-01 +1.6842e+00 -2.2512e+00 +5.5605e-01 -1.0512e-01 -4.2842e-01 +2.7604e+00
5 +1.319422898e+05 +1.319422898e+05 +1.319093498e+05 +1.319093498e+05 -2.4501e+00 +1.3462e+00 -2.8938e+00 -3.4314e-01 +1.4837e+00 +2.7470e+00 -9.0566e-01 +1.5173e+00 -2.0240e+00 +4.5490e+00 +1.0577e+00 -1.0222e+00 -3.4727e+00 -3.9786e+00 +2.7795e-01 -3.6213e+00 -1.0560e+00 +3.5071e-01 -3.8499e-01 +2.2466e+00
12 +7.592675494e+04 +7.592675494e+04 +7.589381494e+04 +7.589381494e+04 +1.3146e+00 -6.9499e-01 +1.2443e+00 -1.0986e+00 -2.8813e+00 -1.3233e+00 -1.1171e+00 +3.6137e+00 -5.3784e-01 -1.0235e+00 +3.2926e+00 +2.4733e+00 +2.5231e+00 +4.7832e-01 +3.4330e+00 +1.0411e-01 -3.2384e+00 +2.1357e+00 +1.8341e+00 -3.8585e+00
1024 +5.508172445e+04 +5.508172445e+04 +5.504878445e+04 +5.504878445e+04 -4.6925e+00 -1.1771e+00 +2.1743e+00 -1.3462e+00 +2.9600e+00 +1.1523e+00 -5.8593e-01 -2.4725e+00 +4.0343e-01 +1.7418e+00 -1.4084e+00 -8.1456e-01 -1.7326e+00 +3.5788e+00 -1.7275e+00 +3.8897e+00 +5.5909e-01 +1.4838e+00 +1.2804e+00 -5.5548e-02
1447 +3.789150790e+04 +3.789150790e+04 +3.785856790e+04 +3.785856790e+04 -2.0629e+00 +4.2867e-01 +2.4858e+00 -3.2563e+00 +7.0948e-01 +4.7559e+00 +2.6980e+00 -2.3689e+00 +3.3376e+00 +1.1886e+00 -3.1874e-01 -1.6568e+00 -3.3885e+00 +1.2024e+00 +1.2544e+00 -8.1804e-01 -2.0398e+00 -1.7895e+00 +1.4356e+00 +4.4296e+00
% function evaluation | noise-free fitness - Fopt (-1.116200000000e+02) | best noise-free fitness - Fopt | measured fitness | best measured fitness | x1 | x2...
1 +2.397143982e+05 +2.397143982e+05 +2.396027782e+05 +2.396027782e+05 +1.2355e+00 -1.3454e+00 -4.0926e+00 +2.0916e+00 -1.3972e+00 +1.1432e+00 +4.2342e+00 +1.9357e+00 -2.0824e+00 -1.1834e+00 +1.0106e+00 -9.3738e-01 -4.5021e+00 -2.5281e+00 -1.2991e+00 -1.8136e+00 +6.7984e-01 -5.7624e-01 -1.2380e-01 +4.2665e+00
2 +1.493358524e+05 +1.493358524e+05 +1.492242324e+05 +1.492242324e+05 -1.6128e+00 -2.8533e+00 -2.4627e+00 -4.2296e+00 +1.9630e+00 -3.3018e+00 -3.2778e+00 +2.7013e+00 +1.1596e+00 -3.4964e+00 -9.9239e-01 -4.7214e-01 -4.6496e-01 -3.5441e-01 +2.8825e+00 +1.5750e+00 -3.3889e+00 -2.7643e-01 +2.0988e+00 +2.7799e+00
16 +6.994331859e+04 +6.994331859e+04 +6.983169859e+04 +6.983169859e+04 -3.7087e+00 +8.9682e-01 +1.0308e+00 -1.8682e+00 +1.4302e-03 +8.0925e-01 +1.5274e+00 +5.9452e-01 -1.1631e+00 +3.5379e+00 +8.4760e-01 +6.3568e-01 +4.3695e+00 -2.3172e+00 -1.5190e+00 +3.6243e+00 +4.0156e-01 -4.5071e-01 -1.0336e+00 -3.5150e-01
1541 +4.638389688e+04 +4.638389688e+04 +4.627227688e+04 +4.627227688e+04 -2.6095e+00 +3.7468e+00 +1.7361e+00 -4.6305e+00 -1.8148e+00 -1.8068e+00 +3.6995e-01 -2.5476e+00 -1.4367e+00 +2.5617e+00 -6.2804e-01 +6.1327e-01 -3.8970e-01 +1.0661e+00 -4.8329e-01 -1.8305e+00 +8.1952e-01 +2.2902e+00 -9.7639e-01 -4.8775e-01
2396 +3.919838805e+04 +3.919838805e+04 +3.908676805e+04 +3.908676805e+04 +2.7703e+00 +1.4564e+00 -5.2443e-01 -7.0628e-01 -5.3186e-01 -2.2135e+00 -3.7130e-03 +4.3703e+00 +1.8417e+00 +6.7933e-02 -1.1752e-01 -2.2781e+00 +2.1421e+00 +9.3634e-01 -2.2944e+00 +2.1367e+00 -6.8280e-01 -4.3276e+00 -1.0268e+00 +1.9009e-02
