% function evaluation | noise-free fitness - Fopt (7.627000000000e+01) | best noise-free fitness - Fopt | measured fitness | best measured fitness | x1 | x2...
1 +1.243550114e+03 +1.243550114e+03 +1.319820114e+03 +1.319820114e+03 -4.6191e+00 +1.3608e+00 -9.5625e-01 -1.3249e+00 +9.8875e-01 +3.4528e+00 +1.5647e+00 -9.5073e-01 -3.9361e+00 -2.8694e-01
101 +6.907377420e+02 +6.907377420e+02 +7.670077420e+02 +7.670077420e+02 -4.8113e+00 +1.8232e+00 -8.6475e+00 -9.8000e+00 +8.8756e+00 +1.0200e+01 +3.3153e+00 -6.6808e+00 -9.4122e+00 +1.5943e+00
125 +5.258157319e+02 +5.258157319e+02 +6.020857319e+02 +6.020857319e+02 -5.2502e+00 +2.0972e+00 -7.9358e+00 -7.5647e+00 +7.8733e+00 +9.2633e+00 +7.5742e+00 -2.5240e+00 -8.6707e+00 +8.9874e-01
150 +2.560448563e+02 +2.560448563e+02 +3.323148563e+02 +3.323148563e+02 +2.5369e+00 -1.0656e+00 -1.6535e+00 +3.2911e+00 -1.2801e+00 -1.3493e-01 +4.8093e+00 +1.5848e+00 +2.9176e+00 +3.5065e+00
164 +9.675764584e+01 +9.675764584e+01 +1.730276458e+02 +1.730276458e+02 +6.8203e-01 -2.5790e+00 -1.5073e+00 +2.0379e-01 -4.4641e-01 +2.8496e+00 +2.1063e+00 -7.8652e-01 +5.5849e+00 +1.8449e+00
1416 +5.619542070e+01 +5.619542070e+01 +1.324654207e+02 +1.324654207e+02 -1.5503e+00 -2.1303e-01 +2.7195e+00 +3.3611e-01 -2.3520e+00 -2.7563e+00 -1.5042e+00 -1.5409e+00 +3.3515e+00 +1.2450e+00
1787 +3.533881132e+01 +3.533881132e+01 +1.116088113e+02 +1.116088113e+02 -1.0522e+00 -1.2181e+00 +1.0613e+00 +1.9927e-01 -1.6038e+00 -1.3800e+00 -8.2880e-02 -2.2776e+00 +2.3610e+00 +2.6057e+00
2592 +2.496288623e+01 +2.496288623e+01 +1.012328862e+02 +1.012328862e+02 -1.7168e+00 -6.6334e-01 +5.0967e-01 +1.2063e+00 -1.3312e+00 -1.0671e+00 +1.3291e+00 -1.4136e+00 +7.2219e-01 +2.6746e+00
% function evaluation | noise-free fitness - Fopt (-2.255000000000e+01) | best noise-free fitness - Fopt | measured fitness | best measured fitness | x1 | x2...
1 +1.239148126e+05 +1.239148126e+05 +1.238922626e+05 +1.238922626e+05 +3.2475e+00 -2.5523e+00 -4.6322e+00 +2.4666e+00 +9.7401e-01 -1.1581e+00 +4.0647e+00 +1.6154e+00 +1.6325e-01 -1.4367e+00
3 +4.590989087e+04 +4.590989087e+04 +4.588734087e+04 +4.588734087e+04 -4.8057e+00 -4.8523e+00 -1.5731e+00 +3.8734e+00 +4.6354e+00 +1.1183e+00 -1.4787e+00 -9.9085e-01 -2.2687e-01 -4.6993e+00
34 +3.947428978e+04 +3.947428978e+04 +3.945173978e+04 +3.945173978e+04 -3.2205e+00 +1.8557e+00 +4.6990e+00 -2.2979e+00 +8.1176e+00 -4.4799e+00 -6.2428e+00 -8.1824e+00 +3.8521e+00 -3.1765e+00
58 +3.382591255e+02 +3.382591255e+02 +3.157091255e+02 +3.157091255e+02 -5.4083e+00 +3.4163e+00 +9.5769e-01 -6.7074e-01 +2.7378e+00 -6.5532e+00 -1.0752e+01 -1.0702e+01 +5.1656e+00 -4.8421e+00
96 +1.757056985e+02 +1.757056985e+02 +1.531556985e+02 +1.531556985e+02 -2.2418e+00 -1.7439e+00 -3.7262e-01 +3.7705e+00 -2.0079e+00 +2.5169e+00 -2.6273e+00 -3.8285e+00 +5.5766e+00 -5.9493e+00
109 +1.226693511e+02 +1.226693511e+02 +1.001193511e+02 +1.001193511e+02 -1.7331e-01 -3.0433e+00 +3.0484e+00 +2.8680e+00 +5.4794e+00 +4.8851e-01 +1.1096e+00 -3.8790e+00 +8.2040e+00 -1.8348e+00
285 +5.150847503e+01 +5.150847503e+01 +2.895847503e+01 +2.895847503e+01 +1.8149e+00 +4.0027e-01 -8.6564e-01 -9.2585e-02 +1.3156e+00 +1.6447e+00 +1.5045e+00 -9.9584e-02 +1.4294e+00 -1.5597e+00
344 +3.252996259e+01 +3.252996259e+01 +9.979962588e+00 +9.979962588e+00 +2.8582e+00 +2.5930e+00 +5.5285e-01 -1.8451e+00 +2.9909e+00 +7.9154e-01 +1.1754e+00 -1.0445e+00 +2.5300e+00 -3.6135e-01
473 +1.579100856e+01 +1.579100856e+01 -6.758991436e+00 -6.758991436e+00 +2.7137e+00 +2.8665e+00 +2.1088e+00 -2.1208e+00 +4.8880e+00 -2.0620e-01 +6.2312e-01 -2.3093e+00 +3.9125e+00 -1.0031e-01
1015 +9.879345968e+00 +9.879345968e+00 -1.267065403e+01 -1.267065403e+01 +1.0416e+00 +2.7713e+00 +1.4245e+00 -2.8647e+00 +3.0617e+00 -1.4280e+00 -1.1132e+00 -2.7642e+00 +2.4998e+00 -7.2034e-01
1246 +5.663375420e+00 +5.663375420e+00 -1.688662458e+01 -1.688662458e+01 +2.8894e+00 +3.7516e+00 +2.3225e+00 -3.1589e+00 +2.0787e+00 -1.1915e+00 -2.0633e-01 -3.1632e+00 +3.6701e+00 -2.9865e-01
1344 +3.890780103e+00 +3.890780103e+00 -1.865921990e+01 -1.865921990e+01 +2.2729e+00 +2.1526e+00 +2.3145e+00 -2.8230e+00 +1.2335e+00 -1.6463e+00 +2.6184e-01 -2.7097e+00 +3.1575e+00 -3.3478e-01
1621 +2.404376004e+00 +2.404376004e+00 -2.014562400e+01 -2.014562400e+01 +2.7721e+00 +2.6591e+00 +2.4749e+00 -3.0368e+00 +1.5608e+00 -1.9202e+00 +2.9967e-01 -2.8739e+00 +2.8856e+00 -1.5576e-01
2077 +1.519284114e+00 +1.519284114e+00 -2.103071589e+01 -2.103071589e+01 +2.9788e+00 +2.6235e+00 +2.4481e+00 -2.8268e+00 +1.8404e+00 -1.7471e+00 +4.4810e-01 -3.0534e+00 +2.6323e+00 -3.5636e-01
2470 +9.149591721e-01 +9.149591721e-01 -2.163504083e+01 -2.163504083e+01 +2.6888e+00 +2.5907e+00 +2.4077e+00 -2.3328e+00 +1.7926e+00 -1.5581e+00 +2.1522e-01 -3.3161e+00 +2.4865e+00 -2.6986e-01
2703 +6.082311025e-01 +6.082311025e-01 -2.194176890e+01 -2.194176890e+01 +2.8397e+00 +2.6658e+00 +2.5949e+00 -2.4258e+00 +1.6934e+00 -1.3069e+00 +3.2411e-01 -3.6302e+00 +2.4955e+00 -4.1895e-01
2884 +3.880235110e-01 +3.880235110e-01 -2.216197649e+01 -2.216197649e+01 +2.5771e+00 +2.5502e+00 +2.5915e+00 -2.5469e+00 +1.8494e+00 -1.3833e+00 +2.7126e-01 -3.5810e+00 +2.3403e+00 -2.7803e-01
3023 +2.467457021e-01 +2.467457021e-01 -2.230325430e+01 -2.230325430e+01 +2.4275e+00 +2.5517e+00 +2.5812e+00 -2.5085e+00 +1.8018e+00 -1.1284e+00 +2.8424e-01 -3.6790e+00 +2.2056e+00 -1.3957e-01
3120 +1.570032454e-01 +1.570032454e-01 -2.239299675e+01 -2.239299675e+01 +2.4748e+00 +2.6106e+00 +2.4948e+00 -2.6254e+00 +1.9390e+00 -1.1862e+00 +3.1609e-01 -3.7660e+00 +2.1488e+00 -8.6082e-02
3242 +8.946451490e-02 +8.946451490e-02 -2.246053549e+01 -2.246053549e+01 +2.6076e+00 +2.6367e+00 +2.5901e+00 -2.6112e+00 +1.9014e+00 -1.2055e+00 +4.1401e-01 -3.7892e+00 +2.2911e+00 +5.5472e-03
3442 +6.168822928e-02 +6.168822928e-02 -2.248831177e+01 -2.248831177e+01 +2.5584e+00 +2.6551e+00 +2.5882e+00 -2.6310e+00 +1.9259e+00 -1.0802e+00 +4.0842e-01 -3.8104e+00 +2.2336e+00 -8.4095e-03
3609 +3.948065286e-02 +3.948065286e-02 -2.251051935e+01 -2.251051935e+01 +2.5615e+00 +2.6065e+00 +2.5504e+00 -2.6387e+00 +1.9759e+00 -1.0707e+00 +4.5639e-01 -3.8867e+00 +2.2477e+00 -1.1747e-02
3821 +2.505096325e-02 +2.505096325e-02 -2.252494904e+01 -2.252494904e+01 +2.5901e+00 +2.6272e+00 +2.5403e+00 -2.6746e+00 +1.9475e+00 -1.0216e+00 +4.7586e-01 -3.8890e+00 +2.2338e+00 -5.0956e-02
3978 +1.579381432e-02 +1.579381432e-02 -2.253420619e+01 -2.253420619e+01 +2.5947e+00 +2.6248e+00 +2.5100e+00 -2.6626e+00 +1.9147e+00 -1.0306e+00 +4.7677e-01 -3.9173e+00 +2.2843e+00 -4.2112e-02
4070 +9.592086819e-03 +9.592086819e-03 -2.254040791e+01 -2.254040791e+01 +2.5900e+00 +2.6007e+00 +2.5009e+00 -2.6760e+00 +1.9177e+00 -1.0415e+00 +4.9619e-01 -3.9463e+00 +2.2828e+00 -3.0002e-02
4169 +5.717085041e-03 +5.717085041e-03 -2.254428291e+01 -2.254428291e+01 +2.5875e+00 +2.5774e+00 +2.5142e+00 -2.6811e+00 +1.8987e+00 -1.0634e+00 +5.0284e-01 -3.9287e+00 +2.3234e+00 -3.1175e-02
4229 +3.885677688e-03 +3.885677688e-03 -2.254611432e+01 -2.254611432e+01 +2.5691e+00 +2.5662e+00 +2.5496e+00 -2.7042e+00 +1.8997e+00 -1.0370e+00 +5.0502e-01 -3.9272e+00 +2.3304e+00 -4.6952e-02
4302 +2.438534559e-03 +2.438534559e-03 -2.254756147e+01 -2.254756147e+01 +2.5696e+00 +2.5695e+00 +2.5366e+00 -2.7213e+00 +1.8895e+00 -1.0433e+00 +5.0981e-01 -3.9318e+00 +2.3211e+00 -3.5142e-02
4423 +1.285662366e-03 +1.285662366e-03 -2.254871434e+01 -2.254871434e+01 +2.5735e+00 +2.5695e+00 +2.5226e+00 -2.7185e+00 +1.8765e+00 -1.0371e+00 +5.0865e-01 -3.9417e+00 +2.3324e+00 -5.0552e-02
4450 +9.174821675e-04 +9.174821675e-04 -2.254908252e+01 -2.254908252e+01 +2.5742e+00 +2.5748e+00 +2.5223e+00 -2.7244e+00 +1.8794e+00 -1.0469e+00 +5.0450e-01 -3.9406e+00 +2.3293e+00 -4.7175e-02
4563 +6.066175249e-04 +6.066175249e-04 -2.254939338e+01 -2.254939338e+01 +2.5760e+00 +2.5748e+00 +2.5166e+00 -2.7344e+00 +1.8783e+00 -1.0443e+00 +5.1030e-01 -3.9330e+00 +2.3234e+00 -4.6048e-02
4634 +3.679481281e-04 +3.679481281e-04 -2.254963205e+01 -2.254963205e+01 +2.5693e+00 +2.5729e+00 +2.5120e+00 -2.7319e+00 +1.8780e+00 -1.0439e+00 +5.0652e-01 -3.9343e+00 +2.3292e+00 -4.4312e-02
4681 +2.407399661e-04 +2.407399661e-04 -2.254975926e+01 -2.254975926e+01 +2.5709e+00 +2.5727e+00 +2.5142e+00 -2.7361e+00 +1.8787e+00 -1.0456e+00 +5.0906e-01 -3.9324e+00 +2.3341e+00 -4.2262e-02
4814 +1.469070664e-04 +1.469070664e-04 -2.254985309e+01 -2.254985309e+01 +2.5663e+00 +2.5799e+00 +2.5137e+00 -2.7402e+00 +1.8787e+00 -1.0364e+00 +5.0383e-01 -3.9356e+00 +2.3317e+00 -4.3443e-02
4883 +9.929847657e-05 +9.929847657e-05 -2.254990070e+01 -2.254990070e+01 +2.5667e+00 +2.5766e+00 +2.5153e+00 -2.7431e+00 +1.8779e+00 -1.0376e+00 +5.0697e-01 -3.9317e+00 +2.3349e+00 -4.2984e-02
4925 +6.291108357e-05 +6.291108357e-05 -2.254993709e+01 -2.254993709e+01 +2.5657e+00 +2.5779e+00 +2.5113e+00 -2.7401e+00 +1.8783e+00 -1.0405e+00 +5.0543e-01 -3.9309e+00 +2.3313e+00 -3.8128e-02
4966 +3.917492755e-05 +3.917492755e-05 -2.254996083e+01 -2.254996083e+01 +2.5677e+00 +2.5788e+00 +2.5102e+00 -2.7391e+00 +1.8768e+00 -1.0374e+00 +5.0632e-01 -3.9282e+00 +2.3332e+00 -4.0379e-02
% function evaluation | noise-free fitness - Fopt (1.366000000000e+01) | best noise-free fitness - Fopt | measured fitness | best measured fitness | x1 | x2...
1 +4.405364493e+07 +4.405364493e+07 +4.405365859e+07 +4.405365859e+07 -9.5530e-01 +4.1512e+00 +4.1297e-02 +3.9341e+00 -4.3189e+00 +3.3770e+00 -4.7424e+00 -1.6982e-01 +4.6425e+00 -4.9712e+00
3 +3.878929941e+06 +3.878929941e+06 +3.878943601e+06 +3.878943601e+06 -4.2842e+00 +2.7858e+00 +2.2482e+00 +2.5639e+00 -8.6900e-01 +2.5453e+00 +4.9966e+00 -8.5479e-01 -2.8397e+00 +3.8515e+00
6 +2.003708493e+06 +2.003708493e+06 +2.003722153e+06 +2.003722153e+06 +9.5314e-01 -3.5496e+00 -1.7365e-02 +3.8229e+00 +1.0779e+00 -1.5818e+00 -6.8660e-01 -1.4696e+00 -4.9938e+00 +1.4934e+00
8 +9.717379760e+05 +9.717379760e+05 +9.717516360e+05 +9.717516360e+05 -7.4997e-01 +4.2488e+00 -3.7505e+00 -2.0439e+00 +1.2420e+00 +1.1521e+00 -1.9630e+00 +1.0040e+00 -2.5815e+00 -1.1440e-01
9 +4.264473805e+04 +4.264473805e+04 +4.265839805e+04 +4.265839805e+04 -3.2882e+00 -3.1697e+00 +1.7735e+00 -3.5308e-02 +3.0036e+00 -8.6048e-02 +2.8332e+00 -7.7344e-01 -2.3813e+00 +3.1686e+00
14 +5.806339329e+03 +5.806339329e+03 +5.819999329e+03 +5.819999329e+03 +1.8800e+00 +3.5212e+00 +4.1797e+00 +3.9282e+00 +2.1722e+00 +1.6784e+00 +1.0022e+00 -1.8124e+00 -3.7118e+00 +2.3636e+00
42 +2.712585583e+03 +2.712585583e+03 +2.726245583e+03 +2.726245583e+03 -3.1906e+00 -1.1103e-01 -9.2182e-02 -1.8169e+00 +6.1198e+00 +3.4183e+00 +2.4151e+00 -3.8580e+00 -1.2425e+00 +1.1366e+00
87 +2.366090906e+03 +2.366090906e+03 +2.379750906e+03 +2.379750906e+03 -1.0261e+00 +1.6087e+00 +1.9158e+00 -1.2561e+00 +5.1375e+00 +2.5914e+00 +3.5722e+00 -5.2875e-01 +8.7846e-01 -3.5327e-01
137 +7.316457752e+02 +7.316457752e+02 +7.453057752e+02 +7.453057752e+02 -4.5668e+00 +3.1840e+00 +2.3385e+00 -5.6194e+00 +3.6541e+00 +4.6826e+00 +3.4180e+00 -3.7988e+00 +1.2488e+00 +4.2623e+00
141 +4.798732868e+02 +4.798732868e+02 +4.935332868e+02 +4.935332868e+02 -6.2151e+00 +4.6980e+00 +2.2618e+00 -3.7093e+00 +3.5200e+00 +6.3918e+00 +3.9320e+00 -1.5481e+00 +1.6639e+00 +3.4899e+00
146 +1.754604983e+02 +1.754604983e+02 +1.891204983e+02 +1.891204983e+02 -3.3753e+00 +2.3540e+00 +1.5907e+00 -5.6927e+00 +3.2953e+00 +3.3051e+00 +3.2744e+00 -2.2565e+00 +3.3691e-02 +3.4339e+00
287 +1.265092455e+02 +1.265092455e+02 +1.401692455e+02 +1.401692455e+02 +3.9397e+00 +7.6300e+00 -1.3196e+00 -2.2624e+00 +2.9325e+00 +2.0210e+00 -8.2715e-01 -3.4264e+00 +3.7597e+00 -1.9452e+00
383 +8.800211040e+01 +8.800211040e+01 +1.016621104e+02 +1.016621104e+02 +3.2530e+00 +3.8061e+00 -1.8423e+00 -2.5466e+00 +1.0628e+00 +4.4515e-01 +1.0514e+00 -1.2829e+00 +4.9064e+00 -8.9413e-01
402 +5.182280462e+01 +5.182280462e+01 +6.548280462e+01 +6.548280462e+01 +2.4199e+00 +1.3974e+00 +2.2647e+00 +7.6674e-01 +2.2017e+00 -1.0692e+00 +1.7637e+00 +2.7190e-01 -8.9404e-01 -3.8967e-01
1968 +3.786571265e+01 +3.786571265e+01 +5.152571265e+01 +5.152571265e+01 +2.3240e+00 +2.8893e+00 +2.5202e+00 +1.7745e-01 +1.8310e+00 -2.5080e-01 +1.9424e+00 -2.6023e-01 +6.3182e-01 -6.8229e-01
2262 +2.505604446e+01 +2.505604446e+01 +3.871604446e+01 +3.871604446e+01 +2.3759e+00 +1.1003e+00 +3.4081e+00 +1.7982e+00 +8.6107e-01 -6.2750e-01 +3.8611e+00 -3.1486e-01 +3.9926e-01 -2.8644e+00
2384 +1.529941182e+01 +1.529941182e+01 +2.895941182e+01 +2.895941182e+01 +2.0661e+00 +1.2335e+00 +2.6896e+00 +1.0209e+00 -8.8011e-01 -7.6058e-01 +3.8364e+00 -7.0871e-01 +1.3248e+00 -2.0838e+00
2449 +7.061745790e+00 +7.061745790e+00 +2.072174579e+01 +2.072174579e+01 +1.5787e+00 +1.2963e+00 +2.0390e+00 +6.6845e-02 -1.1623e+00 +2.1950e-02 +3.8526e+00 -3.0784e+00 +5.1324e-01 -2.2612e+00
2486 +6.020899608e+00 +6.020899608e+00 +1.968089961e+01 +1.968089961e+01 +1.8172e+00 +1.5869e+00 +2.9756e+00 -7.2008e-02 -1.4202e+00 +3.3277e-01 +4.7730e+00 -3.3738e+00 +1.2016e+00 -3.1155e+00
2679 +3.838676026e+00 +3.838676026e+00 +1.749867603e+01 +1.749867603e+01 +1.2276e+00 +1.5913e+00 +2.0568e+00 -2.1979e-02 -1.2681e+00 +5.7589e-01 +4.6189e+00 -3.2956e+00 +9.5931e-01 -3.6736e+00
3169 +2.502442048e+00 +2.502442048e+00 +1.616244205e+01 +1.616244205e+01 +1.1680e+00 +2.0636e+00 +2.4139e+00 +3.1429e-01 -1.7102e+00 +3.8366e-01 +4.3730e+00 -3.1163e+00 +4.0676e-01 -3.5970e+00
3441 +1.558630329e+00 +1.558630329e+00 +1.521863033e+01 +1.521863033e+01 +9.0474e-01 +2.2986e+00 +2.5056e+00 +4.1130e-01 -1.8185e+00 +1.7583e-01 +4.2009e+00 -3.0179e+00 +6.5660e-01 -3.7325e+00
3763 +9.911332566e-01 +9.911332566e-01 +1.465113326e+01 +1.465113326e+01 +6.7525e-01 +2.4759e+00 +2.3413e+00 +5.7372e-01 -1.7663e+00 +5.1290e-02 +3.9662e+00 -3.0617e+00 +1.0876e+00 -3.9993e+00
3963 +5.430901654e-01 +5.430901654e-01 +1.420309017e+01 +1.420309017e+01 +7.9937e-01 +2.4847e+00 +2.6168e+00 +4.5987e-01 -1.7247e+00 -2.6795e-01 +3.8770e+00 -3.2265e+00 +1.2562e+00 -4.0809e+00
4076 +3.632992344e-01 +3.632992344e-01 +1.402329923e+01 +1.402329923e+01 +7.4732e-01 +2.5033e+00 +2.7496e+00 +2.7834e-01 -1.5997e+00 -3.2961e-01 +3.8478e+00 -3.3831e+00 +1.2936e+00 -4.0747e+00
4309 +2.468426575e-01 +2.468426575e-01 +1.390684266e+01 +1.390684266e+01 +5.9659e-01 +2.4737e+00 +2.7624e+00 +4.0048e-01 -1.4237e+00 -3.0460e-01 +3.7879e+00 -3.3766e+00 +1.3082e+00 -4.0585e+00
4447 +1.517680626e-01 +1.517680626e-01 +1.381176806e+01 +1.381176806e+01 +5.2124e-01 +2.4031e+00 +2.6963e+00 +2.4242e-01 -1.4628e+00 -4.2733e-01 +3.7800e+00 -3.3390e+00 +1.2805e+00 -4.0993e+00
4565 +8.774010724e-02 +8.774010724e-02 +1.374774011e+01 +1.374774011e+01 +4.2476e-01 +2.3691e+00 +2.6902e+00 +2.8329e-01 -1.4735e+00 -3.6219e-01 +3.7893e+00 -3.4244e+00 +1.1706e+00 -4.0499e+00
4630 +5.348113768e-02 +5.348113768e-02 +1.371348114e+01 +1.371348114e+01 +4.4193e-01 +2.3278e+00 +2.6764e+00 +2.9492e-01 -1.4985e+00 -4.1545e-01 +3.7506e+00 -3.4541e+00 +1.1942e+00 -3.9933e+00
4661 +3.845669692e-02 +3.845669692e-02 +1.369845670e+01 +1.369845670e+01 +4.8290e-01 +2.2705e+00 +2.6647e+00 +2.9816e-01 -1.5361e+00 -4.3983e-01 +3.7806e+00 -3.4093e+00 +1.1102e+00 -3.9936e+00
4710 +2.161355743e-02 +2.161355743e-02 +1.368161356e+01 +1.368161356e+01 +4.4744e-01 +2.2942e+00 +2.6987e+00 +3.2567e-01 -1.5288e+00 -4.7207e-01 +3.7143e+00 -3.4558e+00 +1.0358e+00 -3.9522e+00
4728 +1.002724512e-02 +1.002724512e-02 +1.367002725e+01 +1.367002725e+01 +4.2230e-01 +2.2075e+00 +2.6693e+00 +3.7495e-01 -1.5088e+00 -5.0352e-01 +3.7311e+00 -3.4537e+00 +1.0939e+00 -3.9951e+00
4842 +7.920554083e-03 +7.920554083e-03 +1.366792055e+01 +1.366792055e+01 +4.1259e-01 +2.1820e+00 +2.6834e+00 +3.7404e-01 -1.4576e+00 -5.3366e-01 +3.7045e+00 -3.4526e+00 +1.1111e+00 -3.9655e+00
4874 +4.102016435e-03 +4.102016435e-03 +1.366410202e+01 +1.366410202e+01 +4.2111e-01 +2.2508e+00 +2.6901e+00 +3.6716e-01 -1.4694e+00 -5.3171e-01 +3.6732e+00 -3.4505e+00 +1.1063e+00 -3.9688e+00
4935 +2.986262683e-03 +2.986262683e-03 +1.366298626e+01 +1.366298626e+01 +4.2444e-01 +2.2334e+00 +2.6786e+00 +3.3264e-01 -1.4724e+00 -5.4985e-01 +3.6756e+00 -3.4428e+00 +1.1168e+00 -3.9621e+00
4948 +2.313003688e-03 +2.313003688e-03 +1.366231300e+01 +1.366231300e+01 +4.2754e-01 +2.2117e+00 +2.6551e+00 +3.2637e-01 -1.4950e+00 -5.4289e-01 +3.6933e+00 -3.4615e+00 +1.0810e+00 -3.9834e+00
4983 +1.471378670e-03 +1.471378670e-03 +1.366147138e+01 +1.366147138e+01 +4.2121e-01 +2.2282e+00 +2.6635e+00 +3.4417e-01 -1.4691e+00 -5.2799e-01 +3.6862e+00 -3.4580e+00 +1.0629e+00 -3.9912e+00
% function evaluation | noise-free fitness - Fopt (9.378400000000e+02) | best noise-free fitness - Fopt | measured fitness | best measured fitness | x1 | x2...
1 +1.458664389e+07 +1.458664389e+07 +1.458758173e+07 +1.458758173e+07 +4.9243e+00 -2.2925e+00 -4.6932e+00 +5.6321e-01 +2.9107e-01 +2.3639e-01 +4.2442e+00 -1.0678e+00 +2.2144e+00 +1.8083e+00
3 +1.102156655e+05 +1.102156655e+05 +1.111535055e+05 +1.111535055e+05 +2.6803e+00 +9.1541e-01 -3.2424e-01 -1.6111e-01 +4.6112e+00 +2.3663e+00 -4.5510e+00 +8.3084e-01 +1.7415e+00 +2.4513e+00
17 +1.065001336e+04 +1.065001336e+04 +1.158785336e+04 +1.158785336e+04 -4.5571e+00 +1.3706e-01 +2.3283e+00 -2.7701e+00 -2.2061e+00 -1.1447e+00 +2.3633e+00 -3.6428e-01 -4.5217e+00 +4.2096e+00
42 +9.213975262e+03 +9.213975262e+03 +1.015181526e+04 +1.015181526e+04 -4.5369e+00 +4.0023e+00 -7.7895e-01 -2.1886e+00 -1.4201e+00 -2.2181e+00 -9.9221e-01 +1.4449e+00 -3.4758e+00 +2.9064e+00
52 +1.290295451e+03 +1.290295451e+03 +2.228135451e+03 +2.228135451e+03 -7.5842e+00 +7.2630e-01 +4.6968e+00 -8.8810e+00 -4.2974e+00 -2.3196e+00 +7.3461e+00 +2.4371e+00 -8.8185e+00 +5.2039e+00
71 +5.110271167e+02 +5.110271167e+02 +1.448867117e+03 +1.448867117e+03 -1.4189e+01 -3.7624e+00 +5.5704e+00 -2.2140e+00 -3.9137e+00 -2.9128e+00 +4.8376e+00 +6.2073e+00 -3.9358e+00 +9.8345e+00
117 +3.771149430e+02 +3.771149430e+02 +1.314954943e+03 +1.314954943e+03 -1.1495e+01 -2.1144e+00 +6.2334e+00 -5.2120e+00 -2.5228e+00 +7.8693e-01 +2.6560e+00 +4.2228e+00 -7.0093e+00 +4.6761e+00
308 +1.584198194e+02 +1.584198194e+02 +1.096259819e+03 +1.096259819e+03 -6.2794e+00 +1.6362e+00 +3.2147e+00 -3.4182e+00 +2.9901e-01 -9.3432e-01 +2.5553e+00 +2.5950e+00 -6.3227e+00 +3.4049e+00
455 +9.581893358e+01 +9.581893358e+01 +1.033658934e+03 +1.033658934e+03 -2.6522e+00 +6.6776e+00 -3.8573e-01 -2.8288e+00 -2.2653e+00 -2.0369e-01 -1.4144e+00 +4.6136e+00 -2.2588e+00 +5.0521e+00
486 +6.223235239e+01 +6.223235239e+01 +1.000072352e+03 +1.000072352e+03 -3.7114e+00 +3.7786e+00 +1.7544e+00 +1.0200e+00 -1.2022e+00 -1.4814e+00 -3.9763e+00 +2.6522e+00 -1.0141e+00 +4.8013e+00
1229 +3.870524185e+01 +3.870524185e+01 +9.765452418e+02 +9.765452418e+02 -6.8763e-01 +6.1826e+00 +3.5433e+00 -4.1418e+00 -1.2404e+00 +3.6513e+00 -4.4865e+00 +3.4252e+00 -4.7796e-01 +3.9359e-02
1410 +2.048879597e+01 +2.048879597e+01 +9.583287960e+02 +9.583287960e+02 -1.6007e+00 +4.5823e+00 +2.2277e+00 -1.7875e+00 -3.2864e+00 +3.2849e+00 -4.7267e+00 +3.4759e+00 +2.6444e+00 +2.5636e+00
1785 +1.563298135e+01 +1.563298135e+01 +9.534729814e+02 +9.534729814e+02 -2.7264e+00 +3.3929e+00 +3.3680e+00 -2.6052e+00 -2.3483e+00 +3.0827e+00 -3.7024e+00 +2.9752e+00 +6.2434e-01 +1.7946e+00
2349 +9.614043317e+00 +9.614043317e+00 +9.474540433e+02 +9.474540433e+02 -2.3858e+00 +3.3964e+00 +3.2635e+00 -1.7414e+00 -2.3200e+00 +2.8528e+00 -3.1890e+00 +2.8098e+00 +1.3684e+00 +2.0734e+00
2507 +6.129421766e+00 +6.129421766e+00 +9.439694218e+02 +9.439694218e+02 -1.6053e+00 +3.2881e+00 +3.1597e+00 -1.7127e+00 -2.4682e+00 +2.7946e+00 -2.1396e+00 +2.0081e+00 +1.5363e+00 +1.8851e+00
2667 +3.800113876e+00 +3.800113876e+00 +9.416401139e+02 +9.416401139e+02 -1.3891e+00 +3.7977e+00 +3.6964e+00 -1.0572e+00 -1.8497e+00 +3.2498e+00 -1.1013e+00 +2.4642e+00 +1.7375e+00 +1.6890e+00
2862 +2.287783389e+00 +2.287783389e+00 +9.401277834e+02 +9.401277834e+02 -9.3809e-01 +4.1693e+00 +3.4444e+00 -1.1546e+00 -1.8476e+00 +3.1294e+00 -1.1246e+00 +2.5831e+00 +1.8884e+00 +1.9045e+00
3090 +1.560255439e+00 +1.560255439e+00 +9.394002554e+02 +9.394002554e+02 -9.8386e-01 +4.1809e+00 +3.4978e+00 -1.3649e+00 -1.8490e+00 +3.4504e+00 -1.2970e+00 +3.0062e+00 +1.7369e+00 +2.3069e+00
3279 +9.924757744e-01 +9.924757744e-01 +9.388324758e+02 +9.388324758e+02 -8.2837e-01 +3.8078e+00 +3.6749e+00 -1.3749e+00 -1.8098e+00 +3.7477e+00 -1.5824e+00 +2.9557e+00 +1.9020e+00 +2.4756e+00
3347 +6.219880849e-01 +6.219880849e-01 +9.384619881e+02 +9.384619881e+02 -5.9905e-01 +3.6112e+00 +3.8270e+00 -1.0777e+00 -1.6593e+00 +3.8672e+00 -1.5185e+00 +2.7502e+00 +2.0078e+00 +2.5182e+00
3485 +3.743996490e-01 +3.743996490e-01 +9.382143996e+02 +9.382143996e+02 -4.9381e-01 +3.5691e+00 +3.6989e+00 -1.1720e+00 -1.4298e+00 +3.6635e+00 -1.5807e+00 +2.7663e+00 +1.8272e+00 +2.7066e+00
3661 +2.309076613e-01 +2.309076613e-01 +9.380709077e+02 +9.380709077e+02 -5.1848e-01 +3.4852e+00 +3.8513e+00 -1.3321e+00 -1.4505e+00 +3.4937e+00 -1.5967e+00 +2.8322e+00 +1.9028e+00 +2.7922e+00
3902 +1.548349081e-01 +1.548349081e-01 +9.379948349e+02 +9.379948349e+02 -4.3983e-01 +3.5495e+00 +3.8880e+00 -1.2579e+00 -1.4232e+00 +3.4527e+00 -1.4533e+00 +2.8048e+00 +1.8975e+00 +2.8025e+00
4185 +9.975852160e-02 +9.975852160e-02 +9.379397585e+02 +9.379397585e+02 -3.9595e-01 +3.5340e+00 +3.8822e+00 -1.3176e+00 -1.3827e+00 +3.3106e+00 -1.5005e+00 +2.7460e+00 +1.8891e+00 +2.7791e+00
4382 +6.058943668e-02 +6.058943668e-02 +9.379005894e+02 +9.379005894e+02 -3.7759e-01 +3.5337e+00 +3.9070e+00 -1.3404e+00 -1.3926e+00 +3.3261e+00 -1.4713e+00 +2.7845e+00 +1.9849e+00 +2.7785e+00
4601 +3.905167065e-02 +3.905167065e-02 +9.378790517e+02 +9.378790517e+02 -3.3869e-01 +3.5607e+00 +3.8627e+00 -1.3738e+00 -1.3522e+00 +3.2840e+00 -1.5145e+00 +2.8110e+00 +2.0189e+00 +2.7861e+00
4827 +2.222642085e-02 +2.222642085e-02 +9.378622264e+02 +9.378622264e+02 -2.9942e-01 +3.5982e+00 +3.9286e+00 -1.4129e+00 -1.3118e+00 +3.2811e+00 -1.5307e+00 +2.8431e+00 +2.0016e+00 +2.7746e+00
4928 +1.564472245e-02 +1.564472245e-02 +9.378556447e+02 +9.378556447e+02 -2.7071e-01 +3.6194e+00 +3.9080e+00 -1.4376e+00 -1.2956e+00 +3.2685e+00 -1.5447e+00 +2.8039e+00 +2.0009e+00 +2.7019e+00
4988 +7.076541675e-03 +7.076541675e-03 +9.378470765e+02 +9.378470765e+02 -2.9806e-01 +3.5734e+00 +3.9667e+00 -1.3746e+00 -1.2691e+00 +3.2825e+00 -1.5404e+00 +2.7983e+00 +1.9992e+00 +2.7128e+00
% function evaluation | noise-free fitness - Fopt (-7.872000000000e+01) | best noise-free fitness - Fopt | measured fitness | best measured fitness | x1 | x2...
1 +2.747834605e+06 +2.747834605e+06 +2.747755885e+06 +2.747755885e+06 -1.6134e+00 -2.4044e-01 +1.7290e+00 -3.5624e+00 -4.0755e+00 -2.9340e-01 +4.6850e+00 -1.0899e+00 +3.1775e+00 -3.8416e+00
3 +5.880192078e+04 +5.880192078e+04 +5.872320078e+04 +5.872320078e+04 +4.7620e+00 +1.1806e+00 +4.9970e+00 -1.9173e+00 -2.2167e+00 +1.6805e+00 -1.3620e+00 +4.2455e-01 -3.9753e+00 +4.8928e+00
10 +1.667496298e+04 +1.667496298e+04 +1.659624298e+04 +1.659624298e+04 -2.5889e-01 +3.5092e+00 -1.3510e+00 +3.5726e+00 -1.7105e+00 +4.8195e+00 +3.0261e+00 +7.4136e-01 +9.6022e-01 +6.5360e-01
55 +1.506435468e+04 +1.506435468e+04 +1.498563468e+04 +1.498563468e+04 +5.4983e-01 +4.1282e+00 -7.2859e+00 +9.4111e+00 -3.7367e+00 +7.7328e+00 +3.4029e+00 +2.8199e+00 +3.6685e+00 +2.5012e+00
61 +8.078351134e+03 +8.078351134e+03 +7.999631134e+03 +7.999631134e+03 +1.3008e+00 -2.1130e+00 -2.0306e+00 +1.5221e+00 -3.5751e+00 -4.2847e+00 +8.7749e+00 +9.4869e+00 +3.3266e-01 -7.5379e+00
63 +5.643786568e+02 +5.643786568e+02 +4.856586568e+02 +4.856586568e+02 +9.2641e-01 -2.1765e+00 -2.0767e+00 +1.1825e-02 -2.7376e+00 -1.4484e+00 +6.5925e+00 +5.1737e+00 -7.7549e-01 -5.2111e+00
98 +1.226149569e+02 +1.226149569e+02 +4.389495686e+01 +4.389495686e+01 +2.0712e+00 -7.2375e+00 -3.0832e-01 +1.7101e+00 -1.3274e+00 +1.7024e+00 +5.9266e+00 +3.4433e+00 -1.1521e+00 -1.5599e+00
264 +9.063311325e+01 +9.063311325e+01 +1.191311325e+01 +1.191311325e+01 +1.1270e+00 -1.8065e+00 -6.2847e-01 -1.2704e+00 +1.1071e+00 -4.6581e-01 +3.8170e+00 +2.3162e+00 -2.6972e+00 -5.7179e+00
462 +4.599407653e+01 +4.599407653e+01 -3.272592347e+01 -3.272592347e+01 +2.6262e+00 -5.5692e+00 -3.0802e+00 +4.0824e+00 -1.0364e+00 -3.6879e+00 +4.0661e+00 +3.0919e+00 +2.2305e+00 -3.7956e+00
545 +3.270041242e+01 +3.270041242e+01 -4.601958758e+01 -4.601958758e+01 +2.1608e+00 -1.7864e+00 -3.7234e+00 +1.3413e+00 -7.1603e-01 -4.8372e-01 +3.7415e+00 +2.4190e+00 +1.0256e+00 -3.9893e+00
960 +2.186644541e+01 +2.186644541e+01 -5.685355459e+01 -5.685355459e+01 +3.3029e+00 -2.2445e+00 -4.1611e+00 +2.5325e+00 -3.7847e-01 -3.4344e+00 +2.1825e+00 +1.4501e+00 +2.5767e+00 -4.1829e+00
1084 +1.485468748e+01 +1.485468748e+01 -6.386531252e+01 -6.386531252e+01 +2.0281e+00 -2.9527e+00 -3.7229e+00 +1.1418e+00 -3.7423e-01 -2.7040e+00 +2.0417e+00 +2.1256e+00 +2.0434e+00 -2.6982e+00
1286 +8.827219489e+00 +8.827219489e+00 -6.989278051e+01 -6.989278051e+01 +2.6155e+00 -1.7712e+00 -3.0825e+00 +1.6387e+00 -5.1966e-01 -2.8603e+00 +1.8583e+00 +2.7129e+00 +2.1581e+00 -2.4150e+00
1374 +6.203433517e+00 +6.203433517e+00 -7.251656648e+01 -7.251656648e+01 +2.9408e+00 -2.1550e+00 -3.1133e+00 +1.4851e+00 -4.1850e-01 -3.2969e+00 +1.2866e+00 +2.7637e+00 +2.7780e+00 -1.6706e+00
1472 +3.234408745e+00 +3.234408745e+00 -7.548559125e+01 -7.548559125e+01 +3.5711e+00 -1.5824e+00 -3.1106e+00 +7.8788e-01 -7.1818e-01 -3.0679e+00 +1.4777e+00 +2.8830e+00 +3.0351e+00 -1.7395e+00
1703 +2.508793449e+00 +2.508793449e+00 -7.621120655e+01 -7.621120655e+01 +3.5003e+00 -1.8233e+00 -2.8524e+00 +6.0746e-01 -1.0985e+00 -3.2393e+00 +1.7719e+00 +2.5820e+00 +2.9864e+00 -1.8502e+00
1803 +1.555105190e+00 +1.555105190e+00 -7.716489481e+01 -7.716489481e+01 +3.8557e+00 -1.5005e+00 -2.8589e+00 +6.4218e-01 -1.5068e+00 -3.2569e+00 +1.6386e+00 +2.7838e+00 +3.3586e+00 -1.2753e+00
1985 +9.943133014e-01 +9.943133014e-01 -7.772568670e+01 -7.772568670e+01 +3.7681e+00 -1.7769e+00 -2.4674e+00 +1.4584e-01 -1.2205e+00 -3.1718e+00 +1.8808e+00 +2.8433e+00 +3.3373e+00 -1.5125e+00
2110 +5.207322523e-01 +5.207322523e-01 -7.819926775e+01 -7.819926775e+01 +3.6509e+00 -1.6960e+00 -2.2349e+00 +3.3656e-01 -1.2269e+00 -3.4430e+00 +1.9508e+00 +2.6739e+00 +3.5281e+00 -1.6938e+00
2125 +3.078820523e-01 +3.078820523e-01 -7.841211795e+01 -7.841211795e+01 +3.5191e+00 -1.6523e+00 -2.3032e+00 +5.0988e-01 -1.4004e+00 -3.5248e+00 +2.1322e+00 +2.7786e+00 +3.6350e+00 -1.7800e+00
2141 +2.501766252e-01 +2.501766252e-01 -7.846982337e+01 -7.846982337e+01 +3.6095e+00 -1.5776e+00 -2.3768e+00 +1.8188e-01 -1.4275e+00 -3.4892e+00 +2.1409e+00 +2.8334e+00 +3.7062e+00 -1.7853e+00
2162 +1.091214077e-01 +1.091214077e-01 -7.861087859e+01 -7.861087859e+01 +3.5330e+00 -1.5602e+00 -2.1666e+00 +3.9716e-01 -1.4076e+00 -3.6053e+00 +2.1074e+00 +2.6798e+00 +3.7665e+00 -1.7702e+00
2201 +5.580075022e-02 +5.580075022e-02 -7.866419925e+01 -7.866419925e+01 +3.3569e+00 -1.4549e+00 -2.2051e+00 +2.0576e-01 -1.5407e+00 -3.6065e+00 +2.1332e+00 +2.7152e+00 +3.7845e+00 -1.6969e+00
2321 +3.451589133e-02 +3.451589133e-02 -7.868548411e+01 -7.868548411e+01 +3.3831e+00 -1.3302e+00 -2.1093e+00 +2.3250e-01 -1.5573e+00 -3.5964e+00 +2.1328e+00 +2.6880e+00 +3.7929e+00 -1.6949e+00
2393 +2.455635655e-02 +2.455635655e-02 -7.869544364e+01 -7.869544364e+01 +3.4919e+00 -1.4309e+00 -2.1100e+00 +3.4306e-01 -1.5358e+00 -3.6472e+00 +2.1120e+00 +2.6946e+00 +3.8842e+00 -1.6591e+00
2460 +9.535963156e-03 +9.535963156e-03 -7.871046404e+01 -7.871046404e+01 +3.4782e+00 -1.4083e+00 -2.1069e+00 +2.8461e-01 -1.5005e+00 -3.5848e+00 +2.1338e+00 +2.7049e+00 +3.9020e+00 -1.6746e+00
2482 +5.137326677e-03 +5.137326677e-03 -7.871486267e+01 -7.871486267e+01 +3.4289e+00 -1.4183e+00 -2.0749e+00 +3.0741e-01 -1.5015e+00 -3.5766e+00 +2.1757e+00 +2.7106e+00 +3.8693e+00 -1.7082e+00
2629 +3.868059749e-03 +3.868059749e-03 -7.871613194e+01 -7.871613194e+01 +3.4271e+00 -1.4401e+00 -2.0889e+00 +2.7068e-01 -1.5261e+00 -3.5797e+00 +2.1740e+00 +2.6972e+00 +3.8680e+00 -1.6899e+00
2809 +1.864915144e-03 +1.864915144e-03 -7.871813508e+01 -7.871813508e+01 +3.4188e+00 -1.4148e+00 -2.0702e+00 +2.9414e-01 -1.5229e+00 -3.5669e+00 +2.1743e+00 +2.6863e+00 +3.8658e+00 -1.6893e+00
2868 +1.546319764e-03 +1.546319764e-03 -7.871845368e+01 -7.871845368e+01 +3.4234e+00 -1.4115e+00 -2.0725e+00 +2.8009e-01 -1.5238e+00 -3.5694e+00 +2.1711e+00 +2.6977e+00 +3.8822e+00 -1.6783e+00
2921 +9.708471992e-04 +9.708471992e-04 -7.871902915e+01 -7.871902915e+01 +3.4260e+00 -1.4132e+00 -2.0691e+00 +2.7729e-01 -1.5171e+00 -3.5653e+00 +2.1627e+00 +2.6836e+00 +3.8900e+00 -1.6712e+00
3110 +6.148201928e-04 +6.148201928e-04 -7.871938518e+01 -7.871938518e+01 +3.4166e+00 -1.4177e+00 -2.0681e+00 +2.9572e-01 -1.5211e+00 -3.5686e+00 +2.1705e+00 +2.6904e+00 +3.8866e+00 -1.6745e+00
3313 +3.756389022e-04 +3.756389022e-04 -7.871962436e+01 -7.871962436e+01 +3.4146e+00 -1.4170e+00 -2.0668e+00 +2.9004e-01 -1.5205e+00 -3.5692e+00 +2.1652e+00 +2.6879e+00 +3.8888e+00 -1.6677e+00
3423 +1.973398603e-04 +1.973398603e-04 -7.871980266e+01 -7.871980266e+01 +3.4112e+00 -1.4209e+00 -2.0639e+00 +2.8744e-01 -1.5158e+00 -3.5646e+00 +2.1637e+00 +2.6834e+00 +3.8859e+00 -1.6662e+00
3507 +1.535835220e-04 +1.535835220e-04 -7.871984642e+01 -7.871984642e+01 +3.4107e+00 -1.4231e+00 -2.0615e+00 +2.8905e-01 -1.5138e+00 -3.5674e+00 +2.1642e+00 +2.6871e+00 +3.8892e+00 -1.6657e+00
3574 +8.608568859e-05 +8.608568859e-05 -7.871991391e+01 -7.871991391e+01 +3.4099e+00 -1.4230e+00 -2.0616e+00 +2.8984e-01 -1.5126e+00 -3.5638e+00 +2.1640e+00 +2.6865e+00 +3.8871e+00 -1.6650e+00
3683 +5.780770560e-05 +5.780770560e-05 -7.871994219e+01 -7.871994219e+01 +3.4123e+00 -1.4230e+00 -2.0614e+00 +2.9037e-01 -1.5154e+00 -3.5646e+00 +2.1640e+00 +2.6884e+00 +3.8872e+00 -1.6625e+00
3772 +3.598637531e-05 +3.598637531e-05 -7.871996401e+01 -7.871996401e+01 +3.4107e+00 -1.4246e+00 -2.0605e+00 +2.9272e-01 -1.5130e+00 -3.5627e+00 +2.1650e+00 +2.6894e+00 +3.8874e+00 -1.6627e+00
3782 +2.225505530e-05 +2.225505530e-05 -7.871997774e+01 -7.871997774e+01 +3.4114e+00 -1.4236e+00 -2.0605e+00 +2.9234e-01 -1.5133e+00 -3.5616e+00 +2.1645e+00 +2.6886e+00 +3.8863e+00 -1.6624e+00
3828 +1.379100104e-05 +1.379100104e-05 -7.871998621e+01 -7.871998621e+01 +3.4109e+00 -1.4223e+00 -2.0580e+00 +2.9073e-01 -1.5143e+00 -3.5607e+00 +2.1659e+00 +2.6894e+00 +3.8884e+00 -1.6610e+00
3862 +8.551714700e-06 +8.551714700e-06 -7.871999145e+01 -7.871999145e+01 +3.4111e+00 -1.4223e+00 -2.0584e+00 +2.9172e-01 -1.5134e+00 -3.5611e+00 +2.1651e+00 +2.6905e+00 +3.8883e+00 -1.6608e+00
3874 +4.493220629e-06 +4.493220629e-06 -7.871999551e+01 -7.871999551e+01 +3.4110e+00 -1.4212e+00 -2.0589e+00 +2.9248e-01 -1.5138e+00 -3.5596e+00 +2.1646e+00 +2.6903e+00 +3.8863e+00 -1.6602e+00
3968 +3.440859658e-06 +3.440859658e-06 -7.871999656e+01 -7.871999656e+01 +3.4112e+00 -1.4227e+00 -2.0585e+00 +2.9288e-01 -1.5129e+00 -3.5599e+00 +2.1648e+00 +2.6912e+00 +3.8867e+00 -1.6600e+00
4008 +1.644375928e-06 +1.644375928e-06 -7.871999836e+01 -7.871999836e+01 +3.4115e+00 -1.4220e+00 -2.0580e+00 +2.9249e-01 -1.5137e+00 -3.5598e+00 +2.1643e+00 +2.6904e+00 +3.8861e+00 -1.6593e+00
4025 +1.579143884e-06 +1.579143884e-06 -7.871999842e+01 -7.871999842e+01 +3.4112e+00 -1.4214e+00 -2.0572e+00 +2.9299e-01 -1.5140e+00 -3.5596e+00 +2.1650e+00 +2.6909e+00 +3.8862e+00 -1.6593e+00
4191 +4.049030196e-07 +4.049030196e-07 -7.871999960e+01 -7.871999960e+01 +3.4112e+00 -1.4216e+00 -2.0575e+00 +2.9295e-01 -1.5136e+00 -3.5601e+00 +2.1646e+00 +2.6908e+00 +3.8862e+00 -1.6596e+00
4369 +3.193944167e-07 +3.193944167e-07 -7.871999968e+01 -7.871999968e+01 +3.4114e+00 -1.4215e+00 -2.0577e+00 +2.9290e-01 -1.5138e+00 -3.5601e+00 +2.1649e+00 +2.6908e+00 +3.8866e+00 -1.6600e+00
4383 +2.248088435e-07 +2.248088435e-07 -7.871999978e+01 -7.871999978e+01 +3.4112e+00 -1.4217e+00 -2.0574e+00 +2.9292e-01 -1.5134e+00 -3.5602e+00 +2.1648e+00 +2.6907e+00 +3.8864e+00 -1.6601e+00
4534 +1.374307743e-07 +1.374307743e-07 -7.871999986e+01 -7.871999986e+01 +3.4110e+00 -1.4217e+00 -2.0575e+00 +2.9292e-01 -1.5137e+00 -3.5601e+00 +2.1649e+00 +2.6904e+00 +3.8864e+00 -1.6601e+00
4636 +6.588996371e-08 +6.588996371e-08 -7.871999993e+01 -7.871999993e+01 +3.4112e+00 -1.4216e+00 -2.0576e+00 +2.9267e-01 -1.5136e+00 -3.5601e+00 +2.1649e+00 +2.6904e+00 +3.8864e+00 -1.6601e+00
4638 +5.754162657e-08 +5.754162657e-08 -7.871999994e+01 -7.871999994e+01 +3.4111e+00 -1.4216e+00 -2.0576e+00 +2.9271e-01 -1.5137e+00 -3.5601e+00 +2.1648e+00 +2.6905e+00 +3.8865e+00 -1.6599e+00
4709 +1.957003803e-08 +1.957003803e-08 -7.871999998e+01 -7.871999998e+01 +3.4112e+00 -1.4216e+00 -2.0576e+00 +2.9285e-01 -1.5136e+00 -3.5601e+00 +2.1648e+00 +2.6904e+00 +3.8864e+00 -1.6601e+00
4741 +1.551613593e-08 +1.551613593e-08 -7.871999998e+01 -7.871999998e+01 +3.4112e+00 -1.4216e+00 -2.0576e+00 +2.9284e-01 -1.5136e+00 -3.5601e+00 +2.1648e+00 +2.6905e+00 +3.8864e+00 -1.6601e+00
4867 +5.582265317e-09 +5.582265317e-09 -7.871999999e+01 -7.871999999e+01 +3.4112e+00 -1.4216e+00 -2.0576e+00 +2.9279e-01 -1.5136e+00 -3.5600e+00 +2.1648e+00 +2.6904e+00 +3.8864e+00 -1.6600e+00
4931 +3.527972581e-09 +3.527972581e-09 -7.872000000e+01 -7.872000000e+01 +3.4112e+00 -1.4216e+00 -2.0576e+00 +2.9279e-01 -1.5136e+00 -3.5600e+00 +2.1648e+00 +2.6904e+00 +3.8864e+00 -1.6600e+00
% function evaluation | noise-free fitness - Fopt (-5.984300000000e+02) | best noise-free fitness - Fopt | measured fitness | best measured fitness | x1 | x2...
1 +6.010413312e+07 +6.010413312e+07 +6.010353469e+07 +6.010353469e+07 -1.3462e+00 -1.8679e+00 -4.5651e+00 -4.1567e+00 -4.7414e+00 -5.7387e-01 +1.6638e+00 -2.8586e+00 -3.4356e+00 -1.1078e+00
4 +6.492335816e+06 +6.492335816e+06 +6.491737386e+06 +6.491737386e+06 -3.8817e+00 -3.5373e+00 -1.5857e+00 +4.0143e+00 +2.2445e+00 +8.8014e-01 -4.9628e+00 +2.7114e+00 +1.2291e+00 -1.7868e+00
11 +2.865477483e+04 +2.865477483e+04 +2.805634483e+04 +2.805634483e+04 +2.2938e+00 +2.4228e+00 -3.0882e+00 +4.3807e+00 -1.7330e-01 -4.7807e+00 -4.7034e+00 +2.1137e+00 -8.1958e-01 +1.9872e+00
52 +1.224460732e+03 +1.224460732e+03 +6.260307323e+02 +6.260307323e+02 +6.2462e+00 +1.3748e+00 -4.1153e+00 +7.4819e+00 -3.6699e-01 -5.9447e+00 -1.0115e+00 +4.8360e+00 -4.4543e-01 +3.9134e+00
170 +7.010848981e+02 +7.010848981e+02 +1.026548981e+02 +1.026548981e+02 +3.1654e-01 +8.8500e+00 -3.5945e+00 +1.7513e+01 +4.9641e+00 -2.1672e+00 +4.3831e+00 +2.5545e+00 +3.7405e+00 +7.4465e+00
213 +5.742666583e+02 +5.742666583e+02 -2.416334168e+01 -2.416334168e+01 -5.4156e+00 +9.0698e+00 -5.7394e+00 +1.4416e+01 +5.1302e+00 -3.7461e-01 +1.8239e+00 +1.9115e+00 +3.1625e+00 +3.7485e+00
224 +1.766412457e+02 +1.766412457e+02 -4.217887543e+02 -4.217887543e+02 -4.0324e+00 +4.9543e+00 -2.6368e+00 +5.5092e+00 +4.5492e+00 -1.9888e+00 -3.9002e-02 +1.3455e+00 -1.5884e-01 +2.5474e+00
297 +1.518231136e+02 +1.518231136e+02 -4.466068864e+02 -4.466068864e+02 -4.4538e+00 +9.3823e-01 -3.5842e+00 -3.4972e+00 +5.0208e+00 -2.4851e+00 -3.7120e+00 -4.4264e-01 +8.9800e-01 +1.0077e+00
464 +7.258762887e+01 +7.258762887e+01 -5.258423711e+02 -5.258423711e+02 -6.8234e+00 -4.0788e-01 -5.2957e+00 -3.5210e+00 +2.1460e+00 -2.4146e+00 -4.4102e+00 +9.1801e-01 +6.6018e-01 -8.1635e-01
764 +6.118043328e+01 +6.118043328e+01 -5.372495667e+02 -5.372495667e+02 -3.8518e+00 +1.2325e+00 -3.3435e+00 -2.1750e+00 +3.9768e+00 -2.8935e+00 -2.7598e+00 +6.1838e-01 +3.5266e-01 +5.5932e-01
977 +3.812167184e+01 +3.812167184e+01 -5.603083282e+02 -5.603083282e+02 -3.1001e+00 +5.5092e-01 -3.0739e+00 -2.0209e+00 +2.3410e+00 -3.5208e+00 -2.6990e+00 +1.5575e+00 -5.1118e-01 +1.7906e-01
1097 +2.503916285e+01 +2.503916285e+01 -5.733908371e+02 -5.733908371e+02 -2.0461e+00 -8.2546e-02 -3.5502e+00 -1.6088e+00 +1.5869e+00 -3.9607e+00 -2.5512e+00 +1.8104e+00 +2.1903e-01 +1.4702e+00
2974 +1.542610833e+01 +1.542610833e+01 -5.830038917e+02 -5.830038917e+02 -2.7868e+00 -1.1976e+00 -3.7346e+00 -2.4178e+00 -1.0515e-01 -4.4177e+00 -2.5463e+00 +1.5217e+00 +1.2083e+00 +1.9304e+00
3583 +9.984793887e+00 +9.984793887e+00 -5.884452061e+02 -5.884452061e+02 -2.7670e+00 +8.8019e-02 -3.5683e+00 -2.3976e+00 -1.1724e+00 -4.7242e+00 -2.3715e+00 +9.4122e-01 +1.3480e+00 +2.7072e+00
3887 +6.201361377e+00 +6.201361377e+00 -5.922286386e+02 -5.922286386e+02 -2.8809e+00 +4.9389e-01 -3.5008e+00 -3.4030e+00 -1.1972e+00 -4.5565e+00 -2.7252e+00 +6.6350e-01 +8.4866e-01 +4.0993e+00
4443 +3.767373792e+00 +3.767373792e+00 -5.946626262e+02 -5.946626262e+02 -3.1712e+00 +1.0788e+00 -3.4857e+00 -3.5890e+00 -1.2958e+00 -4.3246e+00 -2.1067e+00 +1.4052e+00 +7.5579e-01 +3.9854e+00
4895 +2.503230851e+00 +2.503230851e+00 -5.959267691e+02 -5.959267691e+02 -3.0245e+00 +1.3030e+00 -3.3689e+00 -4.1276e+00 -1.2505e+00 -4.1170e+00 -2.2724e+00 +1.8584e+00 +6.6559e-01 +4.0291e+00
% function evaluation | noise-free fitness - Fopt (-8.542000000000e+01) | best noise-free fitness - Fopt | measured fitness | best measured fitness | x1 | x2...
1 +1.548488573e+06 +1.548488573e+06 +1.548403153e+06 +1.548403153e+06 +4.8923e+00 +4.6876e+00 -3.2512e+00 +5.8539e-03 +4.6776e+00 -3.6838e+00 -6.3253e-01 +3.0970e+00 +1.5096e-01 -7.6372e-01
10 +4.495457364e+04 +4.495457364e+04 +4.486915364e+04 +4.486915364e+04 +2.3939e+00 +4.7398e-01 -1.2660e+00 +2.3202e+00 +2.1379e-01 -8.0293e-01 +3.3932e+00 +3.2311e+00 +1.8023e+00 +2.5959e+00
22 +2.641615943e+04 +2.641615943e+04 +2.633073943e+04 +2.633073943e+04 -4.0151e+00 -5.9036e-01 +2.7548e+00 +3.1934e+00 -4.3748e+00 -7.2222e-01 +8.3807e+00 +4.9722e+00 -1.7580e+00 +1.4446e+00
68 +2.137082183e+04 +2.137082183e+04 +2.128540183e+04 +2.128540183e+04 -1.9364e+00 -3.2466e+00 +1.8449e+00 +1.9933e+00 -3.3814e+00 -1.0313e+00 +1.0470e+01 +3.9042e+00 -1.7040e+00 -2.3933e+00
95 +4.266220530e+03 +4.266220530e+03 +4.180800530e+03 +4.180800530e+03 -4.1273e+00 +3.0815e+00 +9.0524e-01 +2.6534e+00 +9.1266e-01 +3.8823e-01 +8.6970e+00 +6.3190e+00 -3.1713e+00 +5.5160e+00
102 +3.542252389e+02 +3.542252389e+02 +2.688052389e+02 +2.688052389e+02 -5.3755e+00 +1.6718e+00 +2.5412e+00 +1.9769e+00 -1.7064e+00 +1.6002e-01 +1.0419e+01 +6.7564e+00 -4.5231e+00 +3.2828e+00
411 +2.346520199e+02 +2.346520199e+02 +1.492320199e+02 +1.492320199e+02 -5.1132e+00 -5.1780e+00 +3.5692e+00 +2.2290e+00 -2.9122e+00 +9.5070e-01 +6.7563e+00 +4.2155e-01 -1.9231e+00 +4.5228e-01
416 +1.517089400e+02 +1.517089400e+02 +6.628894000e+01 +6.628894000e+01 +1.2073e-01 -5.0622e+00 +7.7165e-02 +4.5615e+00 -4.2454e-01 +4.1259e+00 +4.3792e+00 -2.2527e+00 -1.8635e+00 +1.1946e+00
421 +9.452466479e+01 +9.452466479e+01 +9.104664793e+00 +9.104664793e+00 +1.7753e+00 -2.2894e+00 -1.0075e+00 +3.4993e+00 +7.9556e-01 +3.3138e+00 +3.1568e+00 -3.8235e-01 -1.8430e+00 +2.8879e+00
657 +5.711869599e+01 +5.711869599e+01 -2.830130401e+01 -2.830130401e+01 +2.2102e+00 -3.6215e+00 +9.7991e-01 +3.3154e+00 -2.0218e+00 -6.0613e-01 -1.9655e+00 -2.1667e+00 +5.9207e-01 +1.6603e+00
1184 +3.662074258e+01 +3.662074258e+01 -4.879925742e+01 -4.879925742e+01 +1.7673e+00 +8.9040e-01 +5.0462e-01 +3.3708e+00 -4.1928e-01 -1.1184e+00 -1.0598e-01 +1.4987e+00 -1.5564e+00 +4.3214e+00
1639 +2.024586643e+01 +2.024586643e+01 -6.517413357e+01 -6.517413357e+01 +1.1638e+00 +1.1261e+00 +3.4640e-01 +3.4753e+00 -1.2252e+00 -1.8209e+00 -3.1051e-01 +1.7707e+00 +5.7099e-01 +4.6577e+00
1781 +1.576269798e+01 +1.576269798e+01 -6.965730202e+01 -6.965730202e+01 +7.8031e-01 +8.0432e-01 +7.2678e-01 +3.6953e+00 -2.2281e+00 -2.6388e+00 -8.4991e-01 +1.6022e+00 +1.9606e+00 +4.5897e+00
2437 +9.479676173e+00 +9.479676173e+00 -7.594032383e+01 -7.594032383e+01 +1.3904e+00 +2.7021e-01 +1.8878e-01 +2.6720e+00 -2.9373e+00 -2.3733e+00 -7.4832e-01 +1.4681e+00 +2.4405e+00 +3.4088e+00
2681 +6.148772679e+00 +6.148772679e+00 -7.927122732e+01 -7.927122732e+01 +1.9456e+00 +3.0255e-01 -7.1593e-02 +2.2249e+00 -2.0373e+00 -2.6436e+00 -9.3070e-01 +1.4905e+00 +2.4376e+00 +3.5641e+00
2843 +3.140317594e+00 +3.140317594e+00 -8.227968241e+01 -8.227968241e+01 +1.8939e+00 +1.2640e-01 +2.0621e-01 +2.2995e+00 -1.3670e+00 -3.4307e+00 -8.4037e-01 +1.7238e+00 +2.9334e+00 +3.7042e+00
2866 +2.189012297e+00 +2.189012297e+00 -8.323098770e+01 -8.323098770e+01 +2.0142e+00 +3.8480e-02 +3.5095e-01 +2.4263e+00 -1.4170e+00 -3.5069e+00 -6.8072e-01 +1.9189e+00 +2.9081e+00 +3.5609e+00
2978 +1.077926994e+00 +1.077926994e+00 -8.434207301e+01 -8.434207301e+01 +2.1358e+00 -4.0020e-01 +2.2345e-01 +2.3159e+00 -1.3861e+00 -3.1716e+00 -9.0735e-02 +2.0101e+00 +3.0891e+00 +3.1449e+00
3016 +4.420461690e-01 +4.420461690e-01 -8.497795383e+01 -8.497795383e+01 +2.6372e+00 -5.7724e-01 +2.3586e-01 +2.5400e+00 -1.4579e+00 -3.0726e+00 +1.3146e-01 +2.2056e+00 +3.0446e+00 +2.8202e+00
3079 +2.760389273e-01 +2.760389273e-01 -8.514396107e+01 -8.514396107e+01 +2.6744e+00 -5.3694e-01 +3.5946e-01 +2.6448e+00 -1.4398e+00 -3.1938e+00 +2.0264e-01 +2.3566e+00 +2.9618e+00 +2.8172e+00
3158 +2.200905040e-01 +2.200905040e-01 -8.519990950e+01 -8.519990950e+01 +2.6858e+00 -4.5717e-01 +3.9860e-01 +2.7874e+00 -1.1956e+00 -3.4185e+00 -8.2568e-02 +2.2400e+00 +3.0406e+00 +3.0515e+00
3213 +8.278504989e-02 +8.278504989e-02 -8.533721495e+01 -8.533721495e+01 +2.6541e+00 -7.0914e-01 +4.8247e-01 +2.7700e+00 -1.3209e+00 -3.4215e+00 +3.6532e-02 +2.2150e+00 +3.1882e+00 +2.8855e+00
3417 +4.067423107e-02 +4.067423107e-02 -8.537932577e+01 -8.537932577e+01 +2.6887e+00 -5.7620e-01 +4.3341e-01 +2.7794e+00 -1.4323e+00 -3.3981e+00 +6.9792e-02 +2.3415e+00 +3.2311e+00 +2.9184e+00
3430 +2.918992486e-02 +2.918992486e-02 -8.539081008e+01 -8.539081008e+01 +2.6822e+00 -5.7793e-01 +4.4261e-01 +2.7937e+00 -1.2911e+00 -3.5073e+00 +9.4861e-02 +2.3676e+00 +3.2951e+00 +2.9464e+00
3548 +2.027528510e-02 +2.027528510e-02 -8.539972471e+01 -8.539972471e+01 +2.6865e+00 -6.1616e-01 +4.4528e-01 +2.7505e+00 -1.3422e+00 -3.4458e+00 +1.2135e-01 +2.3456e+00 +3.2102e+00 +2.8683e+00
3630 +1.381633224e-02 +1.381633224e-02 -8.540618367e+01 -8.540618367e+01 +2.7141e+00 -6.1656e-01 +4.6095e-01 +2.7427e+00 -1.3546e+00 -3.5109e+00 +1.0497e-01 +2.3798e+00 +3.2679e+00 +2.8614e+00
3945 +9.620011741e-03 +9.620011741e-03 -8.541037999e+01 -8.541037999e+01 +2.7013e+00 -6.0319e-01 +4.5963e-01 +2.7463e+00 -1.3335e+00 -3.5229e+00 +1.0226e-01 +2.3652e+00 +3.2398e+00 +2.8615e+00
4147 +6.210986859e-03 +6.210986859e-03 -8.541378901e+01 -8.541378901e+01 +2.6887e+00 -5.7844e-01 +4.3371e-01 +2.7636e+00 -1.3495e+00 -3.5267e+00 +1.1688e-01 +2.3495e+00 +3.2446e+00 +2.8453e+00
4487 +3.911822912e-03 +3.911822912e-03 -8.541608818e+01 -8.541608818e+01 +2.6990e+00 -5.7128e-01 +4.2948e-01 +2.7518e+00 -1.3578e+00 -3.5439e+00 +1.2976e-01 +2.3436e+00 +3.2334e+00 +2.8484e+00
4587 +2.308871036e-03 +2.308871036e-03 -8.541769113e+01 -8.541769113e+01 +2.7166e+00 -5.6874e-01 +4.1808e-01 +2.7456e+00 -1.3725e+00 -3.5359e+00 +1.2604e-01 +2.3320e+00 +3.2356e+00 +2.8633e+00
4729 +1.579877359e-03 +1.579877359e-03 -8.541842012e+01 -8.541842012e+01 +2.7219e+00 -5.8076e-01 +4.2296e-01 +2.7534e+00 -1.3648e+00 -3.5466e+00 +1.2694e-01 +2.3185e+00 +3.2324e+00 +2.8582e+00
4829 +9.896036321e-04 +9.896036321e-04 -8.541901040e+01 -8.541901040e+01 +2.7162e+00 -5.7407e-01 +4.1925e-01 +2.7450e+00 -1.3670e+00 -3.5464e+00 +1.3002e-01 +2.3154e+00 +3.2264e+00 +2.8644e+00
4924 +6.293266344e-04 +6.293266344e-04 -8.541937067e+01 -8.541937067e+01 +2.7148e+00 -5.8261e-01 +4.2439e-01 +2.7415e+00 -1.3758e+00 -3.5497e+00 +1.3602e-01 +2.3037e+00 +3.2217e+00 +2.8717e+00
% function evaluation | noise-free fitness - Fopt (1.932500000000e+02) | best noise-free fitness - Fopt | measured fitness | best measured fitness | x1 | x2...
1 +4.150905621e+07 +4.150905621e+07 +4.150924946e+07 +4.150924946e+07 -4.7656e-01 -1.0032e-01 +6.9975e-01 -3.7102e+00 -3.8109e+00 +2.3332e+00 +3.3845e+00 +4.1366e+00 -4.1428e+00 +4.7247e+00
2 +1.002540508e+07 +1.002540508e+07 +1.002559833e+07 +1.002559833e+07 +3.6572e+00 -4.9211e-01 -3.0492e+00 +4.9527e+00 +2.6640e+00 -3.3878e+00 +4.1674e+00 -4.0868e+00 +4.0290e+00 -2.5295e+00
6 +7.199852497e+04 +7.199852497e+04 +7.219177497e+04 +7.219177497e+04 +7.5999e-01 -2.9104e+00 -4.9946e+00 -2.2337e+00 +1.4108e+00 +3.5626e+00 -2.2055e+00 +5.3826e-01 -3.8252e+00 -6.5590e-01
50 +4.024328726e+03 +4.024328726e+03 +4.217578726e+03 +4.217578726e+03 +2.5570e-01 -6.7592e-02 -6.6119e+00 -7.6758e-01 +1.0952e+00 +2.8446e+00 +2.9044e+00 +1.0364e+00 -8.5175e+00 -1.0040e+00
82 +3.937523324e+03 +3.937523324e+03 +4.130773324e+03 +4.130773324e+03 -3.2737e-01 -1.3853e+00 -6.6509e+00 +2.5077e+00 +1.3659e+00 +3.3936e+00 +2.2859e+00 -7.9790e-01 -5.7161e+00 -5.5727e+00
108 +9.662441968e+02 +9.662441968e+02 +1.159494197e+03 +1.159494197e+03 -4.2962e-01 -1.2999e-01 -7.1615e+00 +1.7147e+00 +1.0138e+00 +2.9098e+00 +3.9078e+00 +1.2374e+00 -6.6991e+00 -3.4193e+00
140 +2.925260664e+02 +2.925260664e+02 +4.857760664e+02 +4.857760664e+02 +9.2237e-02 +1.5908e+00 -5.8297e+00 +1.2628e+00 +1.2883e+00 +3.0814e+00 +3.0807e+00 -1.6710e+00 -7.0994e+00 -4.7142e+00
187 +2.306191790e+02 +2.306191790e+02 +4.238691790e+02 +4.238691790e+02 +9.1535e-01 +2.3809e+00 -5.8986e+00 +3.0094e+00 +3.1456e+00 +2.5244e+00 +5.4924e+00 +7.1357e-01 -6.6849e+00 -2.6457e+00
410 +1.266579579e+02 +1.266579579e+02 +3.199079579e+02 +3.199079579e+02 +1.3439e-02 +3.9187e+00 -4.6055e+00 +6.5312e-01 +1.6921e+00 +2.8146e+00 +3.9757e+00 -1.6242e+00 -5.0314e+00 -3.3418e+00
587 +8.086809265e+01 +8.086809265e+01 +2.741180926e+02 +2.741180926e+02 -2.3343e+00 +2.1669e+00 -4.8812e+00 +9.8610e-01 +8.1485e-01 +2.2397e+00 +7.1112e-01 +3.9228e+00 -4.6799e+00 -1.1236e+00
688 +3.682118280e+01 +3.682118280e+01 +2.300711828e+02 +2.300711828e+02 -2.2892e+00 +3.6985e+00 -4.3593e+00 -2.6030e+00 +6.7706e-02 +1.6810e-01 +1.0752e+00 -3.1212e-01 -8.9999e-01 -1.0964e+00
849 +2.481692183e+01 +2.481692183e+01 +2.180669218e+02 +2.180669218e+02 -1.7526e+00 +4.9675e+00 -3.8648e+00 -2.7390e+00 +1.3343e+00 -9.8027e-01 +1.2719e+00 +1.4441e+00 -2.4424e+00 +1.7198e+00
1625 +1.556728063e+01 +1.556728063e+01 +2.088172806e+02 +2.088172806e+02 -3.9862e+00 +3.9581e+00 -4.6701e+00 -1.7653e+00 +1.1883e+00 -3.9993e+00 -2.1263e+00 +2.1009e+00 -2.7662e+00 +4.5721e-02
1815 +9.594330921e+00 +9.594330921e+00 +2.028443309e+02 +2.028443309e+02 -1.2478e+00 +3.5640e+00 -4.5376e+00 -2.0286e+00 +2.1812e+00 -3.5252e+00 -2.3105e-01 +1.6262e-01 -2.2978e+00 +1.4762e+00
2216 +6.013477661e+00 +6.013477661e+00 +1.992634777e+02 +1.992634777e+02 -2.4317e+00 +4.0676e+00 -4.1274e+00 -1.9905e+00 +1.5107e+00 -2.9156e+00 -1.3188e+00 +1.2037e+00 -2.6583e+00 +1.0218e+00
3992 +3.976925368e+00 +3.976925368e+00 +1.972269254e+02 +1.972269254e+02 -2.4424e+00 +3.4930e+00 -4.2953e+00 -2.5087e+00 +1.5662e+00 -3.0258e+00 -1.2190e+00 +9.2863e-01 -2.2468e+00 +1.2482e+00
% function evaluation | noise-free fitness - Fopt (-1.815000000000e+02) | best noise-free fitness - Fopt | measured fitness | best measured fitness | x1 | x2...
1 +2.032582694e+06 +2.032582694e+06 +2.032401194e+06 +2.032401194e+06 +2.0008e+00 -1.2896e+00 -2.9450e+00 +2.6014e+00 -4.7951e+00 +1.0501e-01 +4.2363e+00 -4.6750e+00 +1.2678e+00 -4.4712e+00
2 +9.436755271e+05 +9.436755271e+05 +9.434940271e+05 +9.434940271e+05 -2.0289e+00 +4.3087e+00 +3.0577e+00 -4.3485e+00 +1.0236e+00 +4.2685e+00 -1.6173e+00 -2.4744e+00 -4.1878e+00 -2.0173e+00
4 +2.111245346e+05 +2.111245346e+05 +2.109430346e+05 +2.109430346e+05 -6.9300e-01 -4.7191e-01 -1.3857e+00 +9.9489e-01 -1.4995e+00 +4.7942e+00 +3.2562e+00 +3.7318e+00 -1.3584e+00 -1.6634e+00
7 +1.266735776e+05 +1.266735776e+05 +1.264920776e+05 +1.264920776e+05 -3.1976e+00 +3.2098e+00 +3.1389e+00 +4.6635e+00 -1.8582e+00 -2.9355e+00 -9.0941e-01 -3.0084e+00 -1.0720e+00 +4.8515e+00
23 +9.664314823e+02 +9.664314823e+02 +7.849314823e+02 +7.849314823e+02 -2.2642e+00 +1.4167e+00 -1.3857e+00 +6.0274e+00 -1.4995e+00 +6.2147e-01 +3.2562e+00 -5.3195e+00 -2.4233e+00 -1.6634e+00
71 +5.887460585e+01 +5.887460585e+01 -1.226253941e+02 -1.226253941e+02 +4.6578e-02 +2.2151e+00 +1.5408e+00 +3.1400e+00 +2.8380e-01 -1.3973e+00 +4.6347e-01 -3.1640e+00 -1.2743e+00 -2.5411e-01
1073 +3.772797373e+01 +3.772797373e+01 -1.437720263e+02 -1.437720263e+02 -5.7355e-01 +3.4292e+00 -2.1207e-01 +1.8288e+00 +5.2842e-01 -2.7895e+00 -1.1941e+00 -4.6558e+00 -1.9006e+00 -4.8810e-01
1634 +2.148960426e+01 +2.148960426e+01 -1.600103957e+02 -1.600103957e+02 -2.0751e+00 +4.0351e+00 -5.1437e-01 +1.8590e+00 -1.7461e+00 -1.9432e+00 -1.1640e+00 -2.7959e+00 -1.6787e+00 -3.9831e-01
1666 +1.527791475e+01 +1.527791475e+01 -1.662220852e+02 -1.662220852e+02 -1.0024e+00 +4.0463e+00 -1.3625e+00 +1.8019e+00 -1.8701e+00 -1.6885e+00 -3.2240e+00 -3.4784e+00 -1.7538e+00 -1.9052e+00
1921 +9.726753114e+00 +9.726753114e+00 -1.717732469e+02 -1.717732469e+02 -1.3003e+00 +3.7630e+00 -1.9961e+00 +3.2389e-01 -2.3210e+00 -3.4499e-01 -3.3301e+00 -2.7692e+00 -2.1594e+00 -2.4123e+00
2623 +4.890284909e+00 +4.890284909e+00 -1.766097151e+02 -1.766097151e+02 -1.4455e+00 +3.8807e+00 -2.5697e+00 +3.0093e-01 -2.0544e+00 -1.5933e+00 -2.4884e+00 -4.1266e+00 -2.5436e+00 -2.1765e+00
2773 +3.961460406e+00 +3.961460406e+00 -1.775385396e+02 -1.775385396e+02 -1.5162e+00 +3.7846e+00 -2.3380e+00 +4.8043e-01 -2.1106e+00 -1.3529e+00 -2.1825e+00 -3.8243e+00 -2.4560e+00 -2.1282e+00
3043 +2.251641207e+00 +2.251641207e+00 -1.792483588e+02 -1.792483588e+02 -1.4576e+00 +3.3300e+00 -2.6879e+00 +1.5444e-01 -2.3588e+00 -1.1411e+00 -2.1762e+00 -3.7716e+00 -2.0351e+00 -2.5102e+00
3121 +1.174531861e+00 +1.174531861e+00 -1.803254681e+02 -1.803254681e+02 -1.6473e+00 +3.0348e+00 -3.1827e+00 -3.7472e-01 -2.6266e+00 -1.0849e+00 -1.7487e+00 -3.7699e+00 -2.0515e+00 -2.4397e+00
3125 +9.931489719e-01 +9.931489719e-01 -1.805068510e+02 -1.805068510e+02 -1.7653e+00 +3.1097e+00 -3.1248e+00 -1.7219e-01 -2.7563e+00 -1.2670e+00 -1.6096e+00 -3.6733e+00 -1.9122e+00 -2.3337e+00
3347 +5.770068167e-01 +5.770068167e-01 -1.809229932e+02 -1.809229932e+02 -1.6776e+00 +2.7963e+00 -3.4313e+00 -2.0120e-01 -2.5898e+00 -1.3240e+00 -1.0476e+00 -3.7528e+00 -1.9162e+00 -2.2241e+00
3782 +3.738443757e-01 +3.738443757e-01 -1.811261556e+02 -1.811261556e+02 -1.5376e+00 +2.8489e+00 -3.4665e+00 -1.9689e-01 -2.4069e+00 -1.2520e+00 -1.1819e+00 -3.7008e+00 -2.0471e+00 -2.2271e+00
3864 +2.367088228e-01 +2.367088228e-01 -1.812632912e+02 -1.812632912e+02 -1.4169e+00 +2.8990e+00 -3.5957e+00 +1.3488e-01 -2.5312e+00 -1.3892e+00 -1.3441e+00 -3.6842e+00 -1.9689e+00 -2.2631e+00
3968 +1.376532446e-01 +1.376532446e-01 -1.813623468e+02 -1.813623468e+02 -1.2598e+00 +2.7814e+00 -3.6834e+00 -8.9356e-03 -2.4178e+00 -1.3663e+00 -1.3264e+00 -3.5254e+00 -1.9493e+00 -2.1596e+00
4173 +9.588949030e-02 +9.588949030e-02 -1.814041105e+02 -1.814041105e+02 -1.3669e+00 +2.8478e+00 -3.8033e+00 +2.7106e-02 -2.4635e+00 -1.3748e+00 -1.3769e+00 -3.5442e+00 -1.9504e+00 -2.1846e+00
4398 +6.069657060e-02 +6.069657060e-02 -1.814393034e+02 -1.814393034e+02 -1.4530e+00 +2.8755e+00 -3.8347e+00 +4.8874e-03 -2.3205e+00 -1.3870e+00 -1.4451e+00 -3.5397e+00 -1.8466e+00 -2.1906e+00
4527 +3.766730223e-02 +3.766730223e-02 -1.814623327e+02 -1.814623327e+02 -1.4671e+00 +2.8956e+00 -3.8329e+00 +2.4369e-02 -2.2810e+00 -1.3423e+00 -1.3955e+00 -3.5065e+00 -1.8770e+00 -2.2200e+00
4586 +1.684250405e-02 +1.684250405e-02 -1.814831575e+02 -1.814831575e+02 -1.4100e+00 +2.8793e+00 -3.7940e+00 -2.3677e-02 -2.2870e+00 -1.3553e+00 -1.3393e+00 -3.4950e+00 -1.8687e+00 -2.2979e+00
4620 +1.583419087e-02 +1.583419087e-02 -1.814841658e+02 -1.814841658e+02 -1.4321e+00 +2.9003e+00 -3.8325e+00 -5.7122e-02 -2.2736e+00 -1.3415e+00 -1.3390e+00 -3.4851e+00 -1.9109e+00 -2.2799e+00
4664 +9.374889662e-03 +9.374889662e-03 -1.814906251e+02 -1.814906251e+02 -1.4164e+00 +2.9133e+00 -3.8215e+00 -5.1545e-02 -2.3004e+00 -1.3659e+00 -1.3577e+00 -3.4449e+00 -1.8792e+00 -2.2925e+00
4772 +6.135782392e-03 +6.135782392e-03 -1.814938642e+02 -1.814938642e+02 -1.3807e+00 +2.9085e+00 -3.7992e+00 -3.6868e-02 -2.2963e+00 -1.3355e+00 -1.3679e+00 -3.4146e+00 -1.8723e+00 -2.3369e+00
4784 +3.610918528e-03 +3.610918528e-03 -1.814963891e+02 -1.814963891e+02 -1.3955e+00 +2.9354e+00 -3.8335e+00 -3.0896e-02 -2.2608e+00 -1.3797e+00 -1.3241e+00 -3.4137e+00 -1.9005e+00 -2.2922e+00
4821 +2.360371072e-03 +2.360371072e-03 -1.814976396e+02 -1.814976396e+02 -1.3968e+00 +2.9209e+00 -3.8311e+00 -1.7932e-02 -2.2724e+00 -1.3711e+00 -1.3482e+00 -3.4292e+00 -1.8779e+00 -2.3044e+00
4922 +1.454182348e-03 +1.454182348e-03 -1.814985458e+02 -1.814985458e+02 -1.3779e+00 +2.9124e+00 -3.8317e+00 -2.9754e-02 -2.2745e+00 -1.3748e+00 -1.3386e+00 -3.4284e+00 -1.8743e+00 -2.3254e+00
% function evaluation | noise-free fitness - Fopt (4.526200000000e+02) | best noise-free fitness - Fopt | measured fitness | best measured fitness | x1 | x2...
1 +4.577296251e+04 +4.577296251e+04 +4.622558251e+04 +4.622558251e+04 +4.8486e+00 -4.6368e+00 -3.1236e+00 -1.7548e+00 +1.7053e+00 +2.8970e+00 -2.4412e+00 +2.1297e+00 -4.5869e-01 +3.0282e-01
26 +3.748187408e+04 +3.748187408e+04 +3.793449408e+04 +3.793449408e+04 -3.2467e+00 -3.4021e+00 +2.1534e+00 -2.4664e+00 +6.1263e+00 +3.4969e+00 -2.9834e+00 +1.5149e+00 -1.4417e+00 +4.7748e+00
40 +1.325551330e+04 +1.325551330e+04 +1.370813330e+04 +1.370813330e+04 +3.7151e-01 +3.2692e+00 -3.9958e+00 +4.0425e-01 -3.4037e+00 +3.5131e+00 -2.2510e+00 -5.7586e-01 +7.2849e-01 -1.2191e+00
72 +4.837536522e+02 +4.837536522e+02 +9.363736522e+02 +9.363736522e+02 -1.6175e+00 -4.0727e-01 +3.5786e+00 -9.5506e-01 -1.0276e-01 -1.6437e+00 -3.8456e+00 -2.1351e+00 +4.1577e+00 +9.3832e-01
80 +3.327164512e+02 +3.327164512e+02 +7.853364512e+02 +7.853364512e+02 -2.2277e+00 +4.3177e+00 -4.2039e+00 -2.2442e+00 +4.8224e-01 +7.3020e+00 -2.8065e+00 +8.1854e+00 -9.9739e-01 -3.6132e+00
186 +1.408254827e+02 +1.408254827e+02 +5.934454827e+02 +5.934454827e+02 +4.0379e+00 +1.9718e+00 -3.6023e+00 -4.9283e+00 +1.3093e+00 +4.7191e+00 -2.3856e+00 +4.7078e-01 -6.4005e-01 -1.2835e+00
192 +8.356652780e+01 +8.356652780e+01 +5.361865278e+02 +5.361865278e+02 -6.0768e+00 -3.2459e+00 +1.2602e+00 -8.4957e-01 +2.3311e+00 +4.0072e+00 -3.9289e+00 +6.1684e+00 -1.4809e-01 +2.1389e+00
427 +5.418369348e+01 +5.418369348e+01 +5.068036935e+02 +5.068036935e+02 -3.1023e+00 +1.6866e+00 -1.0139e+00 +2.2058e+00 -2.3124e+00 +2.9440e+00 -2.7550e+00 -1.0933e+00 +1.3780e+00 +4.3374e+00
842 +2.611616494e+01 +2.611616494e+01 +4.787361649e+02 +4.787361649e+02 -4.2675e+00 -1.2425e+00 +2.8738e-01 +4.1290e-01 -5.7476e-01 +2.9730e+00 -3.0980e+00 +1.8220e+00 +5.6486e-01 +3.0776e+00
988 +2.439726070e+01 +2.439726070e+01 +4.770172607e+02 +4.770172607e+02 -4.0873e+00 -8.5532e-01 +4.7773e-01 +2.4975e-01 -6.4088e-01 +3.0419e+00 -2.8826e+00 +1.6498e+00 +4.3353e-01 +3.1810e+00
1329 +1.529468874e+01 +1.529468874e+01 +4.679146887e+02 +4.679146887e+02 -3.7848e+00 +6.7014e-01 +1.1880e+00 -2.2647e-02 -1.5190e+00 +3.2423e+00 -2.4468e+00 +1.4741e+00 +2.9575e-01 +2.7338e+00
1787 +9.670231258e+00 +9.670231258e+00 +4.622902313e+02 +4.622902313e+02 -2.8956e+00 +4.4124e-01 +1.6203e+00 -3.5168e-01 -1.9277e+00 +3.3408e+00 -2.2539e+00 +1.4757e+00 +7.5990e-02 +2.8601e+00
1884 +3.804743878e+00 +3.804743878e+00 +4.564247439e+02 +4.564247439e+02 -1.3908e+00 +2.8747e-01 +2.1780e+00 +4.7361e-01 -1.6437e+00 +3.1166e+00 -2.3974e+00 +2.0668e+00 +7.7666e-01 +3.5711e+00
2005 +2.485063498e+00 +2.485063498e+00 +4.551050635e+02 +4.551050635e+02 -1.9141e+00 -1.4748e-01 +2.3811e+00 +3.8864e-01 -2.3378e+00 +3.0938e+00 -2.4881e+00 +2.8084e+00 +7.4050e-01 +2.9870e+00
2313 +1.565231756e+00 +1.565231756e+00 +4.541852318e+02 +4.541852318e+02 -1.4260e+00 +1.3523e-01 +2.6352e+00 +5.1346e-01 -2.4223e+00 +3.0698e+00 -2.5038e+00 +3.0477e+00 +9.6552e-01 +2.9509e+00
2785 +9.920913508e-01 +9.920913508e-01 +4.536120914e+02 +4.536120914e+02 -1.4178e+00 +2.3244e-01 +2.9900e+00 +5.9168e-01 -2.6468e+00 +3.1570e+00 -2.3604e+00 +2.5825e+00 +6.8617e-01 +2.6697e+00
3726 +6.302732948e-01 +6.302732948e-01 +4.532502733e+02 +4.532502733e+02 -1.4020e+00 +9.5179e-02 +2.9360e+00 +7.6571e-01 -2.6582e+00 +3.4039e+00 -2.6501e+00 +2.8506e+00 +7.3632e-01 +2.5852e+00
3762 +3.854614742e-01 +3.854614742e-01 +4.530054615e+02 +4.530054615e+02 -1.3197e+00 +1.2739e-01 +3.1397e+00 +7.9790e-01 -2.6010e+00 +3.4639e+00 -2.7009e+00 +2.8192e+00 +7.3696e-01 +2.6591e+00
3826 +2.450727215e-01 +2.450727215e-01 +4.528650727e+02 +4.528650727e+02 -1.3363e+00 +5.0765e-02 +3.1446e+00 +7.9804e-01 -2.5827e+00 +3.5514e+00 -2.7930e+00 +2.6322e+00 +6.9271e-01 +2.8013e+00
3921 +1.457505631e-01 +1.457505631e-01 +4.527657506e+02 +4.527657506e+02 -1.2033e+00 +1.1721e-01 +3.0933e+00 +9.5408e-01 -2.5787e+00 +3.6264e+00 -2.8872e+00 +2.6002e+00 +7.6057e-01 +2.8088e+00
3988 +8.876433461e-02 +8.876433461e-02 +4.527087643e+02 +4.527087643e+02 -1.2310e+00 +9.2100e-02 +3.1484e+00 +9.4792e-01 -2.6135e+00 +3.7575e+00 -3.0529e+00 +2.3748e+00 +7.2080e-01 +2.7730e+00
4012 +5.260258856e-02 +5.260258856e-02 +4.526726026e+02 +4.526726026e+02 -1.2952e+00 +1.1691e-01 +3.1750e+00 +9.7716e-01 -2.5034e+00 +3.7514e+00 -2.9911e+00 +2.4944e+00 +6.7696e-01 +2.6220e+00
4065 +2.384829733e-02 +2.384829733e-02 +4.526438483e+02 +4.526438483e+02 -1.1960e+00 +2.4510e-02 +2.9993e+00 +8.5645e-01 -2.4944e+00 +3.8106e+00 -3.0538e+00 +2.4647e+00 +6.5682e-01 +2.6482e+00
4147 +1.010625838e-02 +1.010625838e-02 +4.526301063e+02 +4.526301063e+02 -1.1673e+00 +1.0049e-01 +3.0991e+00 +8.4536e-01 -2.5006e+00 +3.7976e+00 -3.0743e+00 +2.4490e+00 +6.9483e-01 +2.6134e+00
4180 +9.964014513e-03 +9.964014513e-03 +4.526299640e+02 +4.526299640e+02 -1.2045e+00 +1.2006e-01 +3.1170e+00 +8.9766e-01 -2.5061e+00 +3.7527e+00 -3.1141e+00 +2.4863e+00 +7.7370e-01 +2.5900e+00
4317 +4.994992681e-03 +4.994992681e-03 +4.526249950e+02 +4.526249950e+02 -1.2055e+00 +8.6670e-02 +3.0956e+00 +8.5310e-01 -2.4542e+00 +3.7591e+00 -3.0742e+00 +2.4948e+00 +7.2788e-01 +2.6379e+00
4330 +1.817153156e-03 +1.817153156e-03 +4.526218172e+02 +4.526218172e+02 -1.1964e+00 +1.0320e-01 +3.0868e+00 +8.3424e-01 -2.4729e+00 +3.7851e+00 -3.0755e+00 +2.5088e+00 +7.1147e-01 +2.6063e+00
4416 +1.410613272e-03 +1.410613272e-03 +4.526214106e+02 +4.526214106e+02 -1.1844e+00 +1.0644e-01 +3.0880e+00 +8.5597e-01 -2.4682e+00 +3.7867e+00 -3.0889e+00 +2.5125e+00 +7.2656e-01 +2.6084e+00
4438 +8.851040662e-04 +8.851040662e-04 +4.526208851e+02 +4.526208851e+02 -1.1967e+00 +8.5082e-02 +3.0672e+00 +8.4310e-01 -2.4726e+00 +3.7886e+00 -3.0849e+00 +2.5148e+00 +7.1395e-01 +2.6055e+00
4529 +5.189490219e-04 +5.189490219e-04 +4.526205189e+02 +4.526205189e+02 -1.1938e+00 +8.9322e-02 +3.0825e+00 +8.5021e-01 -2.4908e+00 +3.7884e+00 -3.0881e+00 +2.5214e+00 +7.2143e-01 +2.6155e+00
4594 +3.542771677e-04 +3.542771677e-04 +4.526203543e+02 +4.526203543e+02 -1.1953e+00 +9.1903e-02 +3.0860e+00 +8.4952e-01 -2.4785e+00 +3.7895e+00 -3.0932e+00 +2.5231e+00 +7.2378e-01 +2.6097e+00
4621 +2.400836763e-04 +2.400836763e-04 +4.526202401e+02 +4.526202401e+02 -1.1991e+00 +9.4065e-02 +3.0748e+00 +8.5037e-01 -2.4860e+00 +3.7935e+00 -3.0994e+00 +2.5215e+00 +7.2734e-01 +2.6167e+00
4647 +1.367198824e-04 +1.367198824e-04 +4.526201367e+02 +4.526201367e+02 -1.1924e+00 +9.2139e-02 +3.0757e+00 +8.4807e-01 -2.4854e+00 +3.7834e+00 -3.0936e+00 +2.5304e+00 +7.3209e-01 +2.6120e+00
4737 +7.325573097e-05 +7.325573097e-05 +4.526200733e+02 +4.526200733e+02 -1.1966e+00 +8.8722e-02 +3.0714e+00 +8.4899e-01 -2.4832e+00 +3.7869e+00 -3.0971e+00 +2.5242e+00 +7.2927e-01 +2.6099e+00
4760 +3.196640739e-05 +3.196640739e-05 +4.526200320e+02 +4.526200320e+02 -1.1961e+00 +9.0013e-02 +3.0724e+00 +8.4566e-01 -2.4834e+00 +3.7866e+00 -3.0963e+00 +2.5257e+00 +7.2872e-01 +2.6067e+00
4895 +2.081821060e-05 +2.081821060e-05 +4.526200208e+02 +4.526200208e+02 -1.1963e+00 +9.0130e-02 +3.0721e+00 +8.4642e-01 -2.4818e+00 +3.7873e+00 -3.0979e+00 +2.5258e+00 +7.2940e-01 +2.6059e+00
4952 +8.423785630e-06 +8.423785630e-06 +4.526200084e+02 +4.526200084e+02 -1.1949e+00 +9.3256e-02 +3.0755e+00 +8.4569e-01 -2.4829e+00 +3.7877e+00 -3.0983e+00 +2.5263e+00 +7.3032e-01 +2.6055e+00
% function evaluation | noise-free fitness - Fopt (-1.184600000000e+02) | best noise-free fitness - Fopt | measured fitness | best measured fitness | x1 | x2...
1 +6.029732327e+05 +6.029732327e+05 +6.028547727e+05 +6.028547727e+05 +5.6015e-01 -3.6159e+00 -2.6219e+00 -1.8639e+00 -4.2391e+00 -1.5200e+00 -3.0438e+00 +4.0866e+00 -4.9971e+00 -3.3555e-01
4 +1.237675974e+05 +1.237675974e+05 +1.236491374e+05 +1.236491374e+05 -2.9263e+00 -2.8664e+00 +3.0374e+00 -2.2038e+00 -2.6971e+00 +2.2260e+00 -4.7740e+00 -7.6971e-01 -4.4996e+00 +1.9030e+00
20 +9.165457062e+03 +9.165457062e+03 +9.046997062e+03 +9.046997062e+03 -3.9877e-01 -3.3447e-01 -4.7906e+00 +9.5114e-01 +5.1915e-01 +3.3194e+00 -4.9291e+00 -2.0873e+00 +5.4557e-01 +4.5205e+00
102 +1.210385164e+03 +1.210385164e+03 +1.091925164e+03 +1.091925164e+03 -5.8192e+00 +1.3930e+00 -9.8122e+00 +1.9199e+00 -1.8911e+00 +7.9564e+00 -2.9390e+00 +7.0890e+00 +4.7588e-01 +1.2676e+01
197 +9.792144205e+02 +9.792144205e+02 +8.607544205e+02 +8.607544205e+02 -1.6159e+00 -6.6041e+00 +1.1210e+00 -9.1541e+00 -5.2877e-01 +4.6138e+00 -5.6322e+00 +8.3546e+00 -1.3064e+00 +8.4282e+00
202 +6.297333308e+02 +6.297333308e+02 +5.112733308e+02 +5.112733308e+02 +7.1545e-01 -6.0422e+00 +4.6047e+00 -7.4312e+00 -1.2540e+00 +2.5163e+00 -2.9997e+00 +2.6880e+00 -3.4380e+00 -4.6236e+00
306 +3.299025139e+02 +3.299025139e+02 +2.114425139e+02 +2.114425139e+02 -3.5013e+00 +6.9567e+00 -1.1040e+01 +5.0134e+00 -2.2997e+00 +3.9676e+00 +2.3078e+00 +5.6376e-01 -1.6657e+00 +4.0754e+00
816 +1.334249663e+02 +1.334249663e+02 +1.496496632e+01 +1.496496632e+01 -8.7604e-01 -2.3916e+00 -2.7816e+00 -2.9037e+00 +5.6031e-01 +3.1548e+00 -5.9762e+00 +3.9609e+00 +9.1078e-01 -3.2297e+00
1302 +9.653442871e+01 +9.653442871e+01 -2.192557129e+01 -2.192557129e+01 -3.1148e+00 -2.6122e+00 -1.8890e+00 -1.3761e+00 -1.9549e+00 +4.8773e+00 -3.6343e+00 +4.7458e+00 -9.4482e-01 -2.0792e+00
1961 +6.273291938e+01 +6.273291938e+01 -5.572708062e+01 -5.572708062e+01 -2.7299e+00 -9.2016e-01 -8.1877e-01 -2.1300e+00 -1.8961e+00 +2.2865e+00 -5.3930e-01 +2.1254e+00 -3.1419e+00 -2.5041e-01
4375 +3.980113558e+01 +3.980113558e+01 -7.865886442e+01 -7.865886442e+01 -4.9290e+00 -6.8070e-01 -3.4929e-01 -7.8295e-01 -1.6397e+00 +1.7182e-01 -2.8249e+00 +2.6542e+00 -3.6980e+00 +1.6578e-01
4849 +2.505336696e+01 +2.505336696e+01 -9.340663304e+01 -9.340663304e+01 -5.1372e+00 -1.5464e+00 -6.3909e-01 -8.9650e-01 -1.9788e+00 -1.6536e+00 -2.0177e+00 +4.4091e+00 -3.9514e+00 -5.3324e-01
% function evaluation | noise-free fitness - Fopt (9.973000000000e+01) | best noise-free fitness - Fopt | measured fitness | best measured fitness | x1 | x2...
1 +6.274615053e+06 +6.274615053e+06 +6.274714783e+06 +6.274714783e+06 +4.0660e+00 -2.3411e+00 -1.1628e+00 -7.3433e-01 -2.6455e+00 +3.3549e+00 -4.2337e+00 -5.2342e-01 +2.7025e+00 +4.5435e+00
7 +3.122394759e+05 +3.122394759e+05 +3.123392059e+05 +3.123392059e+05 +4.2114e+00 -2.1940e+00 -4.0867e+00 +1.3030e+00 -4.7632e+00 +3.9138e+00 +2.6736e+00 +4.5825e+00 +1.5621e+00 +3.7171e+00
15 +1.303851029e+05 +1.303851029e+05 +1.304848329e+05 +1.304848329e+05 -1.9171e+00 -4.1699e+00 -2.5122e+00 +3.6987e+00 -4.9852e+00 -2.8008e+00 -4.0660e+00 +7.2306e-01 -1.0279e+00 +1.3723e+00
18 +3.623574667e+04 +3.623574667e+04 +3.633547667e+04 +3.633547667e+04 -1.8108e+00 +1.5746e+00 -1.8484e+00 -2.5015e+00 -4.8410e+00 +2.8791e+00 +3.8591e+00 -4.3883e+00 +1.1321e-01 +3.5437e-01
32 +1.249131914e+04 +1.249131914e+04 +1.259104914e+04 +1.259104914e+04 +4.3667e-01 +4.1359e+00 -3.3901e+00 -6.8756e-01 -5.2859e+00 +1.6573e+00 +7.2486e+00 +1.1963e+00 +3.0920e+00 -3.4479e-01
45 +2.653365036e+03 +2.653365036e+03 +2.753095036e+03 +2.753095036e+03 +2.3599e+00 +6.1049e+00 -2.2998e+00 -3.7179e+00 -3.4986e+00 +4.0182e+00 +3.5453e+00 +7.8704e-01 +2.8055e+00 -3.2603e+00
71 +1.302604501e+03 +1.302604501e+03 +1.402334501e+03 +1.402334501e+03 +8.1875e-02 +1.8582e+00 -2.5575e+00 -2.3801e+00 -2.1268e+00 +1.7254e+00 -4.8458e+00 +7.5672e-01 +1.3350e+00 -2.5430e+00
102 +1.658718423e+02 +1.658718423e+02 +2.656018423e+02 +2.656018423e+02 -2.0452e+00 -9.4031e-01 -4.4921e+00 +1.8347e+00 -3.7056e+00 +7.4256e+00 +2.2269e+00 +6.3002e-01 -4.3947e-01 +3.9239e+00
396 +1.341997132e+02 +1.341997132e+02 +2.339297132e+02 +2.339297132e+02 +2.6131e+00 +2.0574e-01 -2.3953e+00 -3.6207e+00 -1.4939e+00 +7.2192e-01 -1.7279e+00 +1.9965e+00 +1.3228e-01 -5.9968e-01
402 +5.506388494e+01 +5.506388494e+01 +1.547938849e+02 +1.547938849e+02 -2.1798e+00 +4.2585e-01 -1.4679e+00 -2.3163e+00 +8.1537e-01 +3.2555e+00 -2.5052e+00 -2.3255e-01 -1.4071e+00 -1.0961e+00
887 +3.922967475e+01 +3.922967475e+01 +1.389596748e+02 +1.389596748e+02 -3.2883e+00 -1.1541e+00 -2.3234e+00 -3.1552e+00 -1.6297e+00 -5.9155e-02 +5.3892e+00 -1.4623e+00 -1.2971e+00 +2.5067e+00
1282 +2.108773903e+01 +2.108773903e+01 +1.208177390e+02 +1.208177390e+02 -2.7665e+00 -2.9046e-01 -2.6982e+00 -2.9007e+00 -1.7766e+00 +2.4042e+00 +3.7266e+00 -2.4509e+00 -9.9514e-01 +1.6682e+00
1309 +1.335380575e+01 +1.335380575e+01 +1.130838058e+02 +1.130838058e+02 -3.1874e+00 -3.3970e-01 -2.2847e+00 -4.5286e+00 +4.1572e-01 +3.6398e+00 +4.7325e+00 -2.6104e+00 -1.6108e+00 +2.0249e+00
1626 +9.197921341e+00 +9.197921341e+00 +1.089279213e+02 +1.089279213e+02 -2.9454e+00 +2.7651e-01 -2.2327e+00 -3.1031e+00 +9.0599e-01 +4.1796e+00 +4.3147e+00 -2.0784e+00 -2.2191e+00 +1.1321e+00
1719 +6.306548465e+00 +6.306548465e+00 +1.060365485e+02 +1.060365485e+02 -3.5047e+00 +4.2612e-01 -2.4474e+00 -2.9069e+00 +6.6895e-01 +2.9884e+00 +3.5854e+00 -2.6631e+00 -2.4947e+00 +4.1475e-01
1950 +3.750744451e+00 +3.750744451e+00 +1.034807445e+02 +1.034807445e+02 -3.5141e+00 +1.0731e-01 -1.8492e+00 -3.3518e+00 +1.5134e+00 +2.0528e+00 +3.2361e+00 -3.3279e+00 -1.9596e+00 +4.8619e-02
1963 +2.089600971e+00 +2.089600971e+00 +1.018196010e+02 +1.018196010e+02 -3.3357e+00 +3.6282e-01 -1.9705e+00 -3.3480e+00 +1.3968e+00 +2.5520e+00 +3.3193e+00 -3.2051e+00 -1.8354e+00 +2.5533e-02
2005 +1.566353958e+00 +1.566353958e+00 +1.012963540e+02 +1.012963540e+02 -3.9861e+00 +5.1708e-01 -1.8138e+00 -3.3309e+00 +1.7388e+00 +2.6210e+00 +4.0520e+00 -3.6105e+00 -1.6673e+00 +3.3642e-02
2102 +6.071949217e-01 +6.071949217e-01 +1.003371949e+02 +1.003371949e+02 -3.6634e+00 +5.6848e-01 -2.1096e+00 -2.7688e+00 +1.5906e+00 +2.5742e+00 +3.6994e+00 -3.5935e+00 -1.2047e+00 -1.4172e-01
2374 +3.707148174e-01 +3.707148174e-01 +1.001007148e+02 +1.001007148e+02 -3.3978e+00 +5.7686e-01 -1.9045e+00 -2.8143e+00 +1.9538e+00 +2.6437e+00 +3.8228e+00 -3.3113e+00 -1.0659e+00 -1.6490e-01
2849 +2.485205810e-01 +2.485205810e-01 +9.997852058e+01 +9.997852058e+01 -3.3895e+00 +7.0053e-01 -2.0713e+00 -2.9039e+00 +1.9553e+00 +2.8375e+00 +3.8004e+00 -3.4616e+00 -1.0045e+00 -2.2503e-01
4129 +1.583368858e-01 +1.583368858e-01 +9.988833689e+01 +9.988833689e+01 -3.3847e+00 +7.9479e-01 -2.0235e+00 -2.8400e+00 +1.8687e+00 +2.9112e+00 +3.9065e+00 -3.5167e+00 -1.0277e+00 -2.7778e-01
4830 +9.947264239e-02 +9.947264239e-02 +9.982947264e+01 +9.982947264e+01 -3.4547e+00 +7.5198e-01 -1.8559e+00 -2.7965e+00 +1.8313e+00 +2.9430e+00 +3.8968e+00 -3.6432e+00 -1.0594e+00 -2.7490e-01
% function evaluation | noise-free fitness - Fopt (4.044000000000e+01) | best noise-free fitness - Fopt | measured fitness | best measured fitness | x1 | x2...
1 +2.426962555e+06 +2.426962555e+06 +2.427002995e+06 +2.427002995e+06 +8.0310e-01 -5.2174e-01 -1.2902e+00 +4.6100e+00 +2.9128e+00 -1.4063e+00 +8.0102e-01 -1.9404e+00 +6.1244e-01 +4.8099e-01
2 +5.061576604e+05 +5.061576604e+05 +5.061981004e+05 +5.061981004e+05 +1.5148e-01 -2.6378e+00 +2.5981e+00 +1.9693e+00 -4.5300e+00 -1.9177e+00 +1.9940e+00 +3.9066e+00 +2.6915e+00 +8.2780e-01
4 +3.109920583e+02 +3.109920583e+02 +3.514320583e+02 +3.514320583e+02 +1.9688e+00 +7.0329e-01 -1.5048e+00 +1.0889e+00 -2.4862e+00 +1.6584e+00 +3.3619e+00 +2.6779e+00 +3.0354e+00 +4.7146e+00
57 +1.222207602e+02 +1.222207602e+02 +1.626607602e+02 +1.626607602e+02 +2.0779e+00 +4.7688e+00 -1.2910e+00 -1.6418e+00 -9.4306e-01 -2.8735e-01 +5.8040e+00 -1.5063e+00 +3.6559e+00 +3.2865e+00
216 +7.423719716e+01 +7.423719716e+01 +1.146771972e+02 +1.146771972e+02 -1.4009e+00 +1.9693e+00 -9.7073e-01 -4.1945e-01 -3.8426e-02 -7.4817e-01 +2.5362e+00 -3.2295e+00 +1.2121e+00 +1.0272e+00
262 +3.971521820e+01 +3.971521820e+01 +8.015521820e+01 +8.015521820e+01 -1.0879e+00 +1.8393e+00 -2.3895e-01 -5.1433e-01 -2.2261e-01 -9.8303e-01 +1.5766e+00 -3.1408e+00 -1.4227e-01 +1.4605e+00
482 +2.157117956e+01 +2.157117956e+01 +6.201117956e+01 +6.201117956e+01 -8.2750e-01 +1.3359e+00 -2.0092e-01 +5.1859e-02 +1.3291e+00 -1.6829e+00 -6.1556e-01 -4.5206e+00 -2.6710e+00 +3.0116e+00
733 +1.486409638e+01 +1.486409638e+01 +5.530409638e+01 +5.530409638e+01 -4.0837e-01 +2.6133e+00 +2.3376e-01 -8.9011e-01 +1.0787e+00 -1.8864e+00 +4.5940e-01 -4.7625e+00 -2.6842e+00 +3.6588e+00
968 +9.581824078e+00 +9.581824078e+00 +5.002182408e+01 +5.002182408e+01 +4.2714e-01 +2.6094e+00 +4.4362e-01 -1.4452e+00 +1.1484e+00 -1.8017e+00 +3.1656e-01 -4.5345e+00 -3.2048e+00 +4.1560e+00
1122 +5.878322870e+00 +5.878322870e+00 +4.631832287e+01 +4.631832287e+01 +8.0157e-01 +1.9232e+00 +1.1049e+00 -2.1051e+00 +1.0660e+00 -1.6039e+00 +2.5517e-01 -3.6929e+00 -3.4129e+00 +3.3555e+00
1262 +3.531312954e+00 +3.531312954e+00 +4.397131295e+01 +4.397131295e+01 +7.8945e-01 +2.0114e+00 +7.6329e-01 -2.0386e+00 +1.6205e+00 -1.5404e+00 +2.4186e-01 -4.2455e+00 -3.2313e+00 +3.0267e+00
1444 +2.303383338e+00 +2.303383338e+00 +4.274338334e+01 +4.274338334e+01 +9.9975e-01 +2.3202e+00 +9.2602e-01 -2.3709e+00 +1.8171e+00 -1.6275e+00 +4.7016e-01 -4.2593e+00 -3.2150e+00 +2.6254e+00
1562 +1.513998819e+00 +1.513998819e+00 +4.195399882e+01 +4.195399882e+01 +1.5471e+00 +2.4889e+00 +9.3367e-01 -2.6258e+00 +1.9866e+00 -1.7797e+00 +5.8651e-01 -3.9251e+00 -3.1975e+00 +2.5508e+00
1671 +9.833482151e-01 +9.833482151e-01 +4.142334822e+01 +4.142334822e+01 +2.1466e+00 +2.6021e+00 +8.8687e-01 -2.5521e+00 +2.0142e+00 -1.7768e+00 +2.9070e-01 -3.7762e+00 -3.2628e+00 +2.5152e+00
1804 +5.882655272e-01 +5.882655272e-01 +4.102826553e+01 +4.102826553e+01 +1.7734e+00 +2.7711e+00 +1.0642e+00 -2.3117e+00 +1.9633e+00 -1.8056e+00 +6.0994e-03 -4.1817e+00 -3.4844e+00 +2.1842e+00
1868 +3.459943803e-01 +3.459943803e-01 +4.078599438e+01 +4.078599438e+01 +2.1423e+00 +2.6625e+00 +9.9735e-01 -2.3972e+00 +2.0081e+00 -1.6417e+00 -4.8965e-02 -4.0696e+00 -3.4546e+00 +2.2909e+00
1965 +2.038033200e-01 +2.038033200e-01 +4.064380332e+01 +4.064380332e+01 +2.2052e+00 +2.6114e+00 +1.0088e+00 -2.3314e+00 +2.0497e+00 -1.3944e+00 -1.8977e-01 -4.1479e+00 -3.5117e+00 +2.1922e+00
2164 +1.336919665e-01 +1.336919665e-01 +4.057369197e+01 +4.057369197e+01 +2.1047e+00 +2.7449e+00 +9.7260e-01 -2.2669e+00 +2.0357e+00 -1.4075e+00 -1.4411e-01 -4.1110e+00 -3.4975e+00 +2.0885e+00
2411 +9.813810936e-02 +9.813810936e-02 +4.053813811e+01 +4.053813811e+01 +2.1705e+00 +2.6958e+00 +1.0324e+00 -2.3276e+00 +2.0667e+00 -1.2680e+00 -1.7780e-01 -4.0884e+00 -3.5922e+00 +2.0936e+00
2546 +6.170567448e-02 +6.170567448e-02 +4.050170567e+01 +4.050170567e+01 +2.1382e+00 +2.7084e+00 +1.0053e+00 -2.2871e+00 +2.1292e+00 -1.2510e+00 -1.1893e-01 -4.0896e+00 -3.5572e+00 +2.1440e+00
2723 +3.975903438e-02 +3.975903438e-02 +4.047975903e+01 +4.047975903e+01 +2.1189e+00 +2.7316e+00 +9.9843e-01 -2.2310e+00 +2.1723e+00 -1.2807e+00 -1.4710e-01 -4.0742e+00 -3.6315e+00 +2.2366e+00
2800 +2.412197177e-02 +2.412197177e-02 +4.046412197e+01 +4.046412197e+01 +2.0866e+00 +2.7998e+00 +9.8615e-01 -2.2140e+00 +2.1409e+00 -1.2812e+00 -8.8626e-02 -4.0251e+00 -3.5963e+00 +2.2115e+00
2843 +1.217349794e-02 +1.217349794e-02 +4.045217350e+01 +4.045217350e+01 +2.1007e+00 +2.7957e+00 +1.0187e+00 -2.2298e+00 +2.2045e+00 -1.2812e+00 -1.0437e-01 -4.0003e+00 -3.6462e+00 +2.1550e+00
2862 +9.149580443e-03 +9.149580443e-03 +4.044914958e+01 +4.044914958e+01 +2.1138e+00 +2.8217e+00 +1.0315e+00 -2.2368e+00 +2.2292e+00 -1.2730e+00 -8.3719e-02 -3.9889e+00 -3.6516e+00 +2.1460e+00
2906 +5.252166999e-03 +5.252166999e-03 +4.044525217e+01 +4.044525217e+01 +2.1150e+00 +2.8237e+00 +1.0363e+00 -2.2049e+00 +2.2457e+00 -1.2422e+00 -6.9014e-02 -3.9893e+00 -3.6401e+00 +2.1860e+00
2976 +1.484566732e-03 +1.484566732e-03 +4.044148457e+01 +4.044148457e+01 +2.0891e+00 +2.8159e+00 +1.0603e+00 -2.2039e+00 +2.2198e+00 -1.2467e+00 -6.4256e-02 -3.9838e+00 -3.6360e+00 +2.1727e+00
3130 +8.656397379e-04 +8.656397379e-04 +4.044086564e+01 +4.044086564e+01 +2.0820e+00 +2.8237e+00 +1.0656e+00 -2.2024e+00 +2.2016e+00 -1.2417e+00 -5.7418e-02 -3.9761e+00 -3.6320e+00 +2.1713e+00
3280 +5.800456696e-04 +5.800456696e-04 +4.044058005e+01 +4.044058005e+01 +2.0832e+00 +2.8240e+00 +1.0814e+00 -2.1919e+00 +2.1960e+00 -1.2302e+00 -6.2063e-02 -3.9792e+00 -3.6345e+00 +2.1764e+00
3326 +3.968654601e-04 +3.968654601e-04 +4.044039687e+01 +4.044039687e+01 +2.0907e+00 +2.8238e+00 +1.0836e+00 -2.1911e+00 +2.1991e+00 -1.2363e+00 -6.2527e-02 -3.9697e+00 -3.6315e+00 +2.1681e+00
3401 +1.713774542e-04 +1.713774542e-04 +4.044017138e+01 +4.044017138e+01 +2.0934e+00 +2.8138e+00 +1.0858e+00 -2.1968e+00 +2.2031e+00 -1.2355e+00 -5.9478e-02 -3.9664e+00 -3.6321e+00 +2.1765e+00
3462 +1.502765815e-04 +1.502765815e-04 +4.044015028e+01 +4.044015028e+01 +2.0894e+00 +2.8196e+00 +1.0846e+00 -2.1907e+00 +2.2066e+00 -1.2363e+00 -5.8102e-02 -3.9685e+00 -3.6308e+00 +2.1742e+00
3503 +9.209629064e-05 +9.209629064e-05 +4.044009210e+01 +4.044009210e+01 +2.0906e+00 +2.8124e+00 +1.0825e+00 -2.1908e+00 +2.2089e+00 -1.2392e+00 -6.0906e-02 -3.9700e+00 -3.6305e+00 +2.1792e+00
3661 +5.049605624e-05 +5.049605624e-05 +4.044005050e+01 +4.044005050e+01 +2.0908e+00 +2.8132e+00 +1.0864e+00 -2.1892e+00 +2.2066e+00 -1.2398e+00 -6.1385e-02 -3.9704e+00 -3.6301e+00 +2.1792e+00
3703 +3.293806360e-05 +3.293806360e-05 +4.044003294e+01 +4.044003294e+01 +2.0920e+00 +2.8134e+00 +1.0836e+00 -2.1899e+00 +2.2090e+00 -1.2405e+00 -6.0688e-02 -3.9700e+00 -3.6298e+00 +2.1800e+00
3730 +2.403315779e-05 +2.403315779e-05 +4.044002403e+01 +4.044002403e+01 +2.0916e+00 +2.8156e+00 +1.0832e+00 -2.1911e+00 +2.2079e+00 -1.2380e+00 -6.0780e-02 -3.9713e+00 -3.6311e+00 +2.1787e+00
3804 +1.558362749e-05 +1.558362749e-05 +4.044001558e+01 +4.044001558e+01 +2.0905e+00 +2.8147e+00 +1.0826e+00 -2.1896e+00 +2.2092e+00 -1.2386e+00 -6.1317e-02 -3.9727e+00 -3.6316e+00 +2.1813e+00
3822 +9.459251366e-06 +9.459251366e-06 +4.044000946e+01 +4.044000946e+01 +2.0916e+00 +2.8147e+00 +1.0849e+00 -2.1913e+00 +2.2098e+00 -1.2361e+00 -6.1657e-02 -3.9720e+00 -3.6339e+00 +2.1796e+00
3926 +5.080502405e-06 +5.080502405e-06 +4.044000508e+01 +4.044000508e+01 +2.0912e+00 +2.8136e+00 +1.0837e+00 -2.1910e+00 +2.2097e+00 -1.2375e+00 -6.1378e-02 -3.9712e+00 -3.6325e+00 +2.1795e+00
3986 +3.184498574e-06 +3.184498574e-06 +4.044000318e+01 +4.044000318e+01 +2.0925e+00 +2.8149e+00 +1.0847e+00 -2.1910e+00 +2.2098e+00 -1.2372e+00 -6.1259e-02 -3.9712e+00 -3.6331e+00 +2.1804e+00
4002 +2.325166278e-06 +2.325166278e-06 +4.044000233e+01 +4.044000233e+01 +2.0926e+00 +2.8148e+00 +1.0851e+00 -2.1907e+00 +2.2092e+00 -1.2386e+00 -6.1513e-02 -3.9704e+00 -3.6330e+00 +2.1806e+00
4070 +1.260668860e-06 +1.260668860e-06 +4.044000126e+01 +4.044000126e+01 +2.0920e+00 +2.8144e+00 +1.0848e+00 -2.1912e+00 +2.2093e+00 -1.2379e+00 -6.1297e-02 -3.9707e+00 -3.6329e+00 +2.1799e+00
4122 +6.448889565e-07 +6.448889565e-07 +4.044000064e+01 +4.044000064e+01 +2.0922e+00 +2.8144e+00 +1.0851e+00 -2.1909e+00 +2.2090e+00 -1.2382e+00 -6.1616e-02 -3.9710e+00 -3.6327e+00 +2.1799e+00
4202 +4.967073863e-07 +4.967073863e-07 +4.044000050e+01 +4.044000050e+01 +2.0922e+00 +2.8142e+00 +1.0850e+00 -2.1911e+00 +2.2091e+00 -1.2385e+00 -6.1579e-02 -3.9710e+00 -3.6327e+00 +2.1798e+00
4232 +1.837319985e-07 +1.837319985e-07 +4.044000018e+01 +4.044000018e+01 +2.0921e+00 +2.8146e+00 +1.0846e+00 -2.1911e+00 +2.2090e+00 -1.2384e+00 -6.1667e-02 -3.9710e+00 -3.6330e+00 +2.1801e+00
4388 +1.507716973e-07 +1.507716973e-07 +4.044000015e+01 +4.044000015e+01 +2.0920e+00 +2.8145e+00 +1.0849e+00 -2.1911e+00 +2.2086e+00 -1.2386e+00 -6.1783e-02 -3.9712e+00 -3.6329e+00 +2.1800e+00
4429 +8.917631078e-08 +8.917631078e-08 +4.044000009e+01 +4.044000009e+01 +2.0919e+00 +2.8145e+00 +1.0849e+00 -2.1912e+00 +2.2088e+00 -1.2383e+00 -6.1704e-02 -3.9713e+00 -3.6329e+00 +2.1798e+00
4517 +5.984265528e-08 +5.984265528e-08 +4.044000006e+01 +4.044000006e+01 +2.0920e+00 +2.8145e+00 +1.0847e+00 -2.1912e+00 +2.2089e+00 -1.2384e+00 -6.1578e-02 -3.9712e+00 -3.6328e+00 +2.1799e+00
4585 +3.948066762e-08 +3.948066762e-08 +4.044000004e+01 +4.044000004e+01 +2.0921e+00 +2.8144e+00 +1.0848e+00 -2.1912e+00 +2.2089e+00 -1.2384e+00 -6.1628e-02 -3.9712e+00 -3.6329e+00 +2.1799e+00
4703 +1.972880881e-08 +1.972880881e-08 +4.044000002e+01 +4.044000002e+01 +2.0919e+00 +2.8144e+00 +1.0848e+00 -2.1912e+00 +2.2087e+00 -1.2384e+00 -6.1565e-02 -3.9712e+00 -3.6328e+00 +2.1801e+00
4743 +1.320020004e-08 +1.320020004e-08 +4.044000001e+01 +4.044000001e+01 +2.0921e+00 +2.8144e+00 +1.0848e+00 -2.1912e+00 +2.2088e+00 -1.2384e+00 -6.1600e-02 -3.9712e+00 -3.6328e+00 +2.1801e+00
4824 +9.899608244e-09 +9.899608244e-09 +4.044000001e+01 +4.044000001e+01 +2.0920e+00 +2.8144e+00 +1.0848e+00 -2.1912e+00 +2.2088e+00 -1.2384e+00 -6.1631e-02 -3.9713e+00 -3.6328e+00 +2.1800e+00
4865 +5.508489664e-09 +5.508489664e-09 +4.044000001e+01 +4.044000001e+01 +2.0920e+00 +2.8144e+00 +1.0848e+00 -2.1912e+00 +2.2088e+00 -1.2384e+00 -6.1601e-02 -3.9712e+00 -3.6328e+00 +2.1800e+00
4890 +3.469033061e-09 +3.469033061e-09 +4.044000000e+01 +4.044000000e+01 +2.0920e+00 +2.8144e+00 +1.0848e+00 -2.1912e+00 +2.2088e+00 -1.2384e+00 -6.1632e-02 -3.9712e+00 -3.6328e+00 +2.1800e+00
4933 +2.441311153e-09 +2.441311153e-09 +4.044000000e+01 +4.044000000e+01 +2.0920e+00 +2.8144e+00 +1.0848e+00 -2.1912e+00 +2.2088e+00 -1.2384e+00 -6.1602e-02 -3.9712e+00 -3.6328e+00 +2.1800e+00
4995 +1.432859165e-09 +1.432859165e-09 +4.044000000e+01 +4.044000000e+01 +2.0920e+00 +2.8144e+00 +1.0848e+00 -2.1912e+00 +2.2088e+00 -1.2384e+00 -6.1612e-02 -3.9712e+00 -3.6328e+00 +2.1800e+00
% function evaluation | noise-free fitness - Fopt (-1.216000000000e+02) | best noise-free fitness - Fopt | measured fitness | best measured fitness | x1 | x2...
1 +2.375064539e+07 +2.375064539e+07 +2.375052379e+07 +2.375052379e+07 +4.2809e+00 +2.6649e+00 +4.8473e+00 +2.6132e+00 -9.1631e-01 +3.3167e+00 -4.3338e+00 -2.1141e+00 -2.0348e+00 -2.1971e+00
3 +1.353365495e+07 +1.353365495e+07 +1.353353335e+07 +1.353353335e+07 -1.1846e+00 +4.7033e+00 +2.8224e+00 -2.2413e+00 +3.8013e+00 -4.7657e+00 -4.4282e+00 -3.9633e-01 +2.9697e+00 -4.2330e+00
4 +9.823489939e+06 +9.823489939e+06 +9.823368339e+06 +9.823368339e+06 +1.3081e+00 -5.5958e-01 +2.0195e+00 +1.1446e+00 -1.2321e+00 +3.7782e+00 -3.6709e+00 -3.9134e+00 +5.7538e-01 +5.1318e-01
8 +1.370738535e+06 +1.370738535e+06 +1.370616935e+06 +1.370616935e+06 +1.5954e+00 +1.5958e+00 -1.4489e+00 +4.3601e+00 -1.0789e+00 -1.2648e+00 +2.9608e+00 +1.2878e+00 -4.0808e-01 +4.1324e+00
10 +5.208956062e+05 +5.208956062e+05 +5.207740062e+05 +5.207740062e+05 +4.9400e+00 +1.3637e+00 -1.2966e+00 +9.8967e-01 -4.8910e-01 -5.8364e-01 +4.8925e+00 +2.5019e+00 -2.6388e+00 -5.7805e-01
23 +1.232448241e+05 +1.232448241e+05 +1.231232241e+05 +1.231232241e+05 +4.6899e-01 -2.4469e-01 -1.5567e+00 -1.3034e+00 -2.7949e+00 +3.1319e+00 +3.4882e+00 +1.9568e+00 +5.5051e-01 +2.2115e+00
28 +5.080040410e+04 +5.080040410e+04 +5.067880410e+04 +5.067880410e+04 -4.6887e-01 +1.4951e-01 -7.0600e-01 +4.3869e+00 +6.3218e-01 -1.6015e-01 -4.1756e+00 -4.3976e+00 -6.2127e-01 -8.1068e-01
61 +2.400826619e+04 +2.400826619e+04 +2.388666619e+04 +2.388666619e+04 +2.7283e+00 -3.0254e+00 -3.2560e+00 +3.0045e+00 +1.3374e+00 -2.2507e+00 -2.9566e+00 +2.1977e+00 -7.0579e-01 -4.4868e+00
73 +3.655843096e+03 +3.655843096e+03 +3.534243096e+03 +3.534243096e+03 -2.5008e+00 -1.8040e+00 -1.4804e+00 +3.5286e+00 -2.4089e+00 -2.0083e-02 +7.7116e-01 +1.0071e+00 +3.9678e+00 +2.8571e+00
78 +2.283389763e+03 +2.283389763e+03 +2.161789763e+03 +2.161789763e+03 -2.7662e+00 +2.6559e+00 +1.7199e+00 +1.2383e+00 +2.1067e+00 -3.4586e-01 -9.5255e+00 -8.7986e+00 -4.2445e+00 -2.1472e+00
110 +1.310104905e+03 +1.310104905e+03 +1.188504905e+03 +1.188504905e+03 +1.3535e+00 +3.1690e+00 -2.3840e-01 +2.3460e+00 +1.9015e+00 +1.2457e+00 +1.4509e+00 +1.6391e+00 -2.8305e+00 +2.9816e+00
123 +5.980697907e+02 +5.980697907e+02 +4.764697907e+02 +4.764697907e+02 +2.6860e-01 +3.9158e+00 +1.1236e-02 +3.1087e+00 -5.9218e-01 +2.7742e+00 -1.3641e+00 +8.3123e-01 -1.7469e+00 +5.8261e-01
126 +7.459159277e+01 +7.459159277e+01 -4.700840723e+01 -4.700840723e+01 -3.4988e+00 +7.6945e-01 -7.3669e-01 +1.3037e+00 -2.2475e+00 +2.6765e+00 +1.9029e+00 +1.6700e+00 +3.2247e+00 +4.9951e+00
545 +6.255599665e+01 +6.255599665e+01 -5.904400335e+01 -5.904400335e+01 -4.5998e+00 -1.0571e+00 -1.0116e-01 +5.7612e+00 -9.3415e-01 +7.9630e-01 -2.2775e+00 -1.3525e+00 +3.2849e+00 +4.5834e+00
702 +3.572180060e+01 +3.572180060e+01 -8.587819940e+01 -8.587819940e+01 -9.3757e-01 +7.5782e-01 -3.8395e-01 +2.2670e+00 -1.9940e+00 +3.4487e-01 -1.2961e-01 -4.8800e-01 +1.0603e+00 +2.3395e+00
938 +2.471990736e+01 +2.471990736e+01 -9.688009264e+01 -9.688009264e+01 +5.6375e-02 +3.2344e-01 -1.3272e+00 -2.6727e-01 -6.1969e-01 -1.4787e+00 +1.4359e+00 -6.2830e-01 +1.0727e+00 +1.7523e+00
1463 +1.246984444e+01 +1.246984444e+01 -1.091301556e+02 -1.091301556e+02 -1.9380e+00 -1.0696e+00 -1.2588e+00 +1.0761e+00 -9.1427e-01 -1.5336e+00 -4.2711e-01 -1.6098e+00 +2.6357e+00 +1.9905e+00
1467 +9.308165780e+00 +9.308165780e+00 -1.122918342e+02 -1.122918342e+02 -1.6904e+00 -1.9285e-02 -5.1669e-01 +1.4503e+00 -3.0408e-02 -2.1392e+00 -9.8280e-01 -9.1675e-01 +1.2466e+00 +1.5956e+00
1864 +6.120668248e+00 +6.120668248e+00 -1.154793318e+02 -1.154793318e+02 -1.9252e+00 -6.5986e-01 -8.0110e-01 +1.2058e+00 -5.1693e-01 -2.2003e+00 -6.3908e-01 -2.2586e+00 +1.7239e+00 +1.7558e+00
2070 +2.561644060e+00 +2.561644060e+00 -1.190383559e+02 -1.190383559e+02 -2.8205e+00 -9.3653e-01 -8.8937e-01 +9.5296e-01 +6.4840e-02 -2.2019e+00 +3.5722e-02 -2.1804e+00 +1.1716e+00 +1.4845e+00
2093 +2.430684516e+00 +2.430684516e+00 -1.191693155e+02 -1.191693155e+02 -2.8998e+00 -1.0075e+00 -8.6521e-01 +1.0775e+00 +4.6379e-02 -2.3184e+00 +1.2609e-01 -2.1819e+00 +1.3214e+00 +1.6920e+00
2219 +9.866490081e-01 +9.866490081e-01 -1.206133510e+02 -1.206133510e+02 -3.2310e+00 -8.2850e-01 -2.5345e-01 +1.4108e+00 -6.0411e-01 -3.1055e+00 +4.7286e-01 -2.8389e+00 +1.0594e+00 +1.9704e+00
2421 +5.955418540e-01 +5.955418540e-01 -1.210044581e+02 -1.210044581e+02 -3.1772e+00 -4.9895e-01 -1.0214e-01 +1.4941e+00 -4.9004e-01 -2.9717e+00 +5.2315e-01 -2.1526e+00 +7.1549e-01 +1.8643e+00
2861 +3.950917084e-01 +3.950917084e-01 -1.212049083e+02 -1.212049083e+02 -3.2488e+00 -6.7789e-01 -2.2227e-01 +1.4419e+00 -5.1376e-01 -2.8580e+00 +5.9731e-01 -2.3834e+00 +6.9092e-01 +1.7490e+00
4019 +2.443766358e-01 +2.443766358e-01 -1.213556234e+02 -1.213556234e+02 -3.3243e+00 -8.7260e-01 -2.5533e-01 +1.4936e+00 -6.5840e-01 -2.7647e+00 +6.8784e-01 -2.4306e+00 +5.9328e-01 +1.6256e+00
4149 +1.519321348e-01 +1.519321348e-01 -1.214480679e+02 -1.214480679e+02 -3.3463e+00 -9.6870e-01 -2.3224e-01 +1.4707e+00 -7.4887e-01 -2.6934e+00 +5.6205e-01 -2.3497e+00 +6.2344e-01 +1.6261e+00
4260 +8.050909218e-02 +8.050909218e-02 -1.215194909e+02 -1.215194909e+02 -3.3733e+00 -9.8349e-01 -1.6084e-01 +1.4569e+00 -6.8930e-01 -2.6873e+00 +5.4335e-01 -2.3116e+00 +5.7256e-01 +1.7910e+00
4282 +5.512227003e-02 +5.512227003e-02 -1.215448777e+02 -1.215448777e+02 -3.3323e+00 -1.0190e+00 -1.1082e-01 +1.4818e+00 -7.7345e-01 -2.7001e+00 +4.5560e-01 -2.4066e+00 +5.1225e-01 +1.7721e+00
4363 +3.115608669e-02 +3.115608669e-02 -1.215688439e+02 -1.215688439e+02 -3.3316e+00 -1.0807e+00 -1.1810e-01 +1.4453e+00 -6.9866e-01 -2.7041e+00 +4.2451e-01 -2.3813e+00 +4.9238e-01 +1.8029e+00
4385 +2.258330436e-02 +2.258330436e-02 -1.215774167e+02 -1.215774167e+02 -3.2022e+00 -1.0242e+00 -1.4544e-01 +1.4051e+00 -7.4276e-01 -2.6677e+00 +4.7004e-01 -2.3777e+00 +4.9081e-01 +1.7913e+00
4401 +9.711144894e-03 +9.711144894e-03 -1.215902889e+02 -1.215902889e+02 -3.1930e+00 -1.1063e+00 -1.3494e-01 +1.3845e+00 -7.4402e-01 -2.7454e+00 +5.4538e-01 -2.3311e+00 +4.5440e-01 +1.8157e+00
4486 +4.186094338e-03 +4.186094338e-03 -1.215958139e+02 -1.215958139e+02 -3.1988e+00 -1.1363e+00 -1.1486e-01 +1.4007e+00 -7.2314e-01 -2.7195e+00 +5.1503e-01 -2.3436e+00 +4.0189e-01 +1.8413e+00
4527 +3.111963965e-03 +3.111963965e-03 -1.215968880e+02 -1.215968880e+02 -3.2190e+00 -1.1259e+00 -9.1193e-02 +1.3724e+00 -7.4289e-01 -2.7127e+00 +4.9662e-01 -2.3033e+00 +4.0822e-01 +1.8586e+00
4602 +1.921520568e-03 +1.921520568e-03 -1.215980785e+02 -1.215980785e+02 -3.2282e+00 -1.1111e+00 -1.2013e-01 +1.3974e+00 -7.0616e-01 -2.7129e+00 +4.9074e-01 -2.3127e+00 +4.4083e-01 +1.8354e+00
4649 +1.395407538e-03 +1.395407538e-03 -1.215986046e+02 -1.215986046e+02 -3.2475e+00 -1.1093e+00 -1.1093e-01 +1.3817e+00 -7.1733e-01 -2.7052e+00 +4.9190e-01 -2.3315e+00 +4.2773e-01 +1.8332e+00
4732 +9.124959284e-04 +9.124959284e-04 -1.215990875e+02 -1.215990875e+02 -3.2300e+00 -1.1303e+00 -1.0520e-01 +1.3672e+00 -7.2423e-01 -2.7143e+00 +4.6984e-01 -2.3128e+00 +4.2404e-01 +1.8335e+00
4778 +5.294829578e-04 +5.294829578e-04 -1.215994705e+02 -1.215994705e+02 -3.2272e+00 -1.1283e+00 -1.1861e-01 +1.3776e+00 -7.1469e-01 -2.7041e+00 +4.8542e-01 -2.3301e+00 +4.2268e-01 +1.8281e+00
4783 +3.686153028e-04 +3.686153028e-04 -1.215996314e+02 -1.215996314e+02 -3.2246e+00 -1.1261e+00 -1.1815e-01 +1.3739e+00 -7.2298e-01 -2.7091e+00 +4.8226e-01 -2.3214e+00 +4.3942e-01 +1.8339e+00
4855 +2.284899443e-04 +2.284899443e-04 -1.215997715e+02 -1.215997715e+02 -3.2244e+00 -1.1284e+00 -1.1330e-01 +1.3706e+00 -7.2936e-01 -2.7058e+00 +4.8251e-01 -2.3260e+00 +4.3371e-01 +1.8400e+00
4918 +1.390987247e-04 +1.390987247e-04 -1.215998609e+02 -1.215998609e+02 -3.2247e+00 -1.1316e+00 -1.1525e-01 +1.3761e+00 -7.2707e-01 -2.7095e+00 +4.8112e-01 -2.3257e+00 +4.3717e-01 +1.8387e+00
4929 +8.869204616e-05 +8.869204616e-05 -1.215999113e+02 -1.215999113e+02 -3.2335e+00 -1.1312e+00 -1.0962e-01 +1.3756e+00 -7.3428e-01 -2.7102e+00 +4.8221e-01 -2.3292e+00 +4.3151e-01 +1.8361e+00
% function evaluation | noise-free fitness - Fopt (-3.811000000000e+01) | best noise-free fitness - Fopt | measured fitness | best measured fitness | x1 | x2...
1 +5.249839929e+06 +5.249839929e+06 +5.249801819e+06 +5.249801819e+06 +1.0508e+00 -8.2353e-01 +1.7056e-01 +1.3016e+00 -3.3057e+00 -1.2417e-01 -3.6042e-03 +4.2770e+00 -3.5052e-01 -1.6092e+00
6 +5.333578202e+05 +5.333578202e+05 +5.333197102e+05 +5.333197102e+05 +1.8200e+00 +2.1968e+00 -1.5484e+00 +3.7586e-01 +2.0433e+00 -1.2795e+00 -2.6269e+00 -4.9784e+00 +4.0928e+00 +3.7042e+00
8 +2.744145649e+05 +2.744145649e+05 +2.743764549e+05 +2.743764549e+05 -3.8911e+00 -1.8886e+00 -4.4059e-02 +2.6897e+00 -2.5882e+00 +4.1229e+00 -2.3582e+00 -1.4814e+00 -4.2671e+00 -2.5133e+00
17 +2.392403353e+05 +2.392403353e+05 +2.392022253e+05 +2.392022253e+05 -2.1743e-01 +4.2570e+00 +2.7991e+00 -9.8959e-02 -2.0159e+00 -1.4324e+00 -4.8600e+00 +2.2632e+00 +2.4804e+00 -3.4955e+00
24 +7.414797387e+03 +7.414797387e+03 +7.376687387e+03 +7.376687387e+03 +3.3774e+00 -2.9359e-01 -2.0669e+00 +4.8771e-01 -8.6696e+00 -2.3174e+00 -2.4960e+00 -3.0611e+00 +2.9181e-01 +4.5140e+00
51 +4.368131988e+03 +4.368131988e+03 +4.330021988e+03 +4.330021988e+03 +1.7829e+00 -3.8296e-02 +5.0808e+00 -1.5325e+00 -2.7215e+00 +2.2306e+00 -9.9550e+00 -7.8135e+00 +5.7212e-01 -8.2926e+00
59 +1.797420051e+03 +1.797420051e+03 +1.759310051e+03 +1.759310051e+03 +4.0916e+00 +2.7727e+00 -3.7034e+00 +2.2105e+00 -1.3799e+01 -4.0694e+00 -7.0992e+00 -1.1600e+00 -2.2106e+00 +9.7592e+00
110 +3.760253135e+02 +3.760253135e+02 +3.379153135e+02 +3.379153135e+02 +2.1097e+00 +3.6592e-01 -4.5755e-01 +3.4389e-01 -5.6170e+00 -1.7197e+00 -3.7713e+00 -2.0877e+00 +6.3597e-01 +7.1036e-01
146 +2.270105352e+02 +2.270105352e+02 +1.889005352e+02 +1.889005352e+02 -8.2291e-01 -5.7964e+00 +6.7274e-01 +4.8546e-01 -1.2062e+00 +1.4236e+00 +3.1551e+00 -8.7796e-01 +2.4689e+00 -7.4771e+00
269 +9.086072213e+01 +9.086072213e+01 +5.275072213e+01 +5.275072213e+01 +1.5738e+00 +6.5936e-01 -1.7803e+00 +1.2022e+00 -6.0166e+00 -2.9768e+00 +1.6453e+00 +2.7433e+00 +1.4491e+00 +1.9726e+00
384 +6.061912029e+01 +6.061912029e+01 +2.250912029e+01 +2.250912029e+01 +1.4782e+00 +1.0598e+00 -2.4461e+00 +1.3067e+00 -4.8661e+00 -2.8991e+00 +4.4541e-01 +2.1572e+00 +6.3055e-01 +1.9205e+00
781 +3.683180440e+01 +3.683180440e+01 -1.278195603e+00 -1.278195603e+00 +3.0280e-01 +9.7667e-01 -2.1529e+00 +1.2512e+00 -2.8652e+00 -1.7829e+00 -8.3420e-02 +8.8691e-01 +6.8921e-01 +2.9796e+00
944 +2.287687734e+01 +2.287687734e+01 -1.523312266e+01 -1.523312266e+01 -8.1459e-01 -3.6593e-01 +1.8008e-01 +4.3104e-01 -4.0306e+00 -1.0844e+00 -1.5596e+00 +2.5040e+00 +2.3084e+00 +1.1111e+00
984 +1.339950095e+01 +1.339950095e+01 -2.471049905e+01 -2.471049905e+01 -1.8783e+00 -8.0764e-01 -7.0164e-01 +7.9197e-01 -1.8928e+00 -1.1281e+00 -1.1137e+00 +6.0240e-01 +9.8227e-01 +1.8667e+00
1124 +9.437804561e+00 +9.437804561e+00 -2.867219544e+01 -2.867219544e+01 -2.4845e+00 -1.6679e+00 -1.0443e+00 +3.2155e-01 -1.7114e+00 -1.4675e+00 -1.2517e-01 +1.9763e+00 +1.4448e+00 +2.3293e+00
1285 +5.725970780e+00 +5.725970780e+00 -3.238402922e+01 -3.238402922e+01 -2.7443e+00 -2.2287e+00 -6.1188e-01 +2.0274e-01 -1.8758e+00 -1.4671e+00 -1.4552e+00 +1.0937e+00 +1.2594e+00 +1.8852e+00
1464 +3.889351560e+00 +3.889351560e+00 -3.422064844e+01 -3.422064844e+01 -2.7932e+00 -2.3243e+00 -2.3555e-01 -2.2854e-01 -2.1857e+00 -1.2461e+00 -1.7363e+00 +1.1834e+00 +1.7042e+00 +2.4002e+00
1628 +2.447893409e+00 +2.447893409e+00 -3.566210659e+01 -3.566210659e+01 -2.7817e+00 -1.9910e+00 -4.7995e-01 -4.2365e-01 -1.6207e+00 -1.0774e+00 -2.2158e+00 +1.3986e+00 +2.1195e+00 +3.4284e+00
2083 +1.582659519e+00 +1.582659519e+00 -3.652734048e+01 -3.652734048e+01 -2.6717e+00 -1.8746e+00 -6.6593e-01 -3.8228e-01 -1.2383e+00 -1.2821e+00 -2.1322e+00 +2.1664e+00 +2.5054e+00 +3.1344e+00
2141 +9.950392925e-01 +9.950392925e-01 -3.711496071e+01 -3.711496071e+01 -2.6455e+00 -2.0759e+00 -7.2732e-01 -2.1179e-01 -1.3211e+00 -1.2266e+00 -2.2684e+00 +1.9612e+00 +2.4617e+00 +3.0132e+00
2429 +6.309080958e-01 +6.309080958e-01 -3.747909190e+01 -3.747909190e+01 -2.5390e+00 -2.2019e+00 -6.6803e-01 -2.5803e-01 -1.5606e+00 -1.3545e+00 -2.4853e+00 +1.8718e+00 +2.4749e+00 +2.8643e+00
2679 +3.899776406e-01 +3.899776406e-01 -3.772002236e+01 -3.772002236e+01 -2.4906e+00 -2.2831e+00 -8.1863e-01 -2.6618e-01 -1.3424e+00 -1.6959e+00 -2.5746e+00 +1.8784e+00 +2.5599e+00 +2.8702e+00
2827 +2.387040381e-01 +2.387040381e-01 -3.787129596e+01 -3.787129596e+01 -2.5153e+00 -2.3078e+00 -9.2970e-01 -2.2107e-01 -1.2636e+00 -1.5400e+00 -2.5584e+00 +1.9536e+00 +2.4666e+00 +2.7540e+00
2956 +1.535496148e-01 +1.535496148e-01 -3.795645039e+01 -3.795645039e+01 -2.4960e+00 -2.3035e+00 -1.0324e+00 -1.8843e-01 -1.2127e+00 -1.5032e+00 -2.6900e+00 +1.9872e+00 +2.4264e+00 +2.7419e+00
2983 +8.836535478e-02 +8.836535478e-02 -3.802163465e+01 -3.802163465e+01 -2.4773e+00 -2.4738e+00 -1.0322e+00 -2.2884e-01 -1.2447e+00 -1.5662e+00 -2.7220e+00 +1.8817e+00 +2.4356e+00 +2.6414e+00
3043 +6.272215297e-02 +6.272215297e-02 -3.804727785e+01 -3.804727785e+01 -2.4988e+00 -2.4670e+00 -1.0360e+00 -1.7398e-01 -1.2616e+00 -1.5923e+00 -2.8264e+00 +1.8990e+00 +2.4304e+00 +2.6504e+00
3088 +3.964265299e-02 +3.964265299e-02 -3.807035735e+01 -3.807035735e+01 -2.5121e+00 -2.4420e+00 -1.1080e+00 -1.7386e-01 -1.2774e+00 -1.6373e+00 -2.8733e+00 +1.9079e+00 +2.3662e+00 +2.7784e+00
3103 +2.416153651e-02 +2.416153651e-02 -3.808583846e+01 -3.808583846e+01 -2.4989e+00 -2.4307e+00 -1.1787e+00 -1.6086e-01 -1.2217e+00 -1.5872e+00 -2.8723e+00 +1.9345e+00 +2.3479e+00 +2.7873e+00
3142 +1.260990800e-02 +1.260990800e-02 -3.809739009e+01 -3.809739009e+01 -2.4534e+00 -2.4221e+00 -1.1888e+00 -1.3792e-01 -1.2437e+00 -1.6262e+00 -2.9546e+00 +1.9275e+00 +2.3490e+00 +2.7280e+00
3174 +8.486102760e-03 +8.486102760e-03 -3.810151390e+01 -3.810151390e+01 -2.4571e+00 -2.4439e+00 -1.1745e+00 -1.6701e-01 -1.2354e+00 -1.5676e+00 -2.8840e+00 +1.9422e+00 +2.3686e+00 +2.7072e+00
3227 +5.647555303e-03 +5.647555303e-03 -3.810435244e+01 -3.810435244e+01 -2.4087e+00 -2.4344e+00 -1.1857e+00 -1.5156e-01 -1.2550e+00 -1.5913e+00 -2.9061e+00 +1.9092e+00 +2.3591e+00 +2.6634e+00
3326 +3.272775460e-03 +3.272775460e-03 -3.810672722e+01 -3.810672722e+01 -2.4403e+00 -2.4020e+00 -1.1801e+00 -1.3384e-01 -1.2528e+00 -1.5884e+00 -2.9095e+00 +1.9429e+00 +2.3470e+00 +2.6967e+00
3464 +2.441428330e-03 +2.441428330e-03 -3.810755857e+01 -3.810755857e+01 -2.4248e+00 -2.4021e+00 -1.1784e+00 -1.3613e-01 -1.2534e+00 -1.5892e+00 -2.9123e+00 +1.9338e+00 +2.3436e+00 +2.6617e+00
3514 +1.544933644e-03 +1.544933644e-03 -3.810845507e+01 -3.810845507e+01 -2.4156e+00 -2.3951e+00 -1.1867e+00 -1.4708e-01 -1.2542e+00 -1.5813e+00 -2.9021e+00 +1.9449e+00 +2.3437e+00 +2.6687e+00
3602 +9.584954591e-04 +9.584954591e-04 -3.810904150e+01 -3.810904150e+01 -2.4201e+00 -2.3884e+00 -1.1933e+00 -1.4998e-01 -1.2580e+00 -1.5863e+00 -2.9040e+00 +1.9587e+00 +2.3313e+00 +2.6728e+00
3645 +4.893817769e-04 +4.893817769e-04 -3.810951062e+01 -3.810951062e+01 -2.4282e+00 -2.4059e+00 -1.1830e+00 -1.5909e-01 -1.2774e+00 -1.5894e+00 -2.9055e+00 +1.9529e+00 +2.3265e+00 +2.6693e+00
3704 +2.240065560e-04 +2.240065560e-04 -3.810977599e+01 -3.810977599e+01 -2.4294e+00 -2.4144e+00 -1.1928e+00 -1.5868e-01 -1.2680e+00 -1.5776e+00 -2.8871e+00 +1.9543e+00 +2.3233e+00 +2.6642e+00
3835 +1.512047002e-04 +1.512047002e-04 -3.810984880e+01 -3.810984880e+01 -2.4205e+00 -2.4054e+00 -1.1910e+00 -1.6569e-01 -1.2725e+00 -1.5793e+00 -2.8932e+00 +1.9611e+00 +2.3280e+00 +2.6640e+00
3885 +9.366850228e-05 +9.366850228e-05 -3.810990633e+01 -3.810990633e+01 -2.4223e+00 -2.4095e+00 -1.1940e+00 -1.6487e-01 -1.2701e+00 -1.5866e+00 -2.8900e+00 +1.9558e+00 +2.3245e+00 +2.6655e+00
3982 +5.958796305e-05 +5.958796305e-05 -3.810994041e+01 -3.810994041e+01 -2.4234e+00 -2.4080e+00 -1.1942e+00 -1.6272e-01 -1.2710e+00 -1.5858e+00 -2.8914e+00 +1.9555e+00 +2.3240e+00 +2.6696e+00
4083 +3.418553575e-05 +3.418553575e-05 -3.810996581e+01 -3.810996581e+01 -2.4263e+00 -2.4076e+00 -1.1938e+00 -1.5951e-01 -1.2670e+00 -1.5839e+00 -2.8977e+00 +1.9537e+00 +2.3217e+00 +2.6658e+00
4121 +2.359544886e-05 +2.359544886e-05 -3.810997640e+01 -3.810997640e+01 -2.4262e+00 -2.4057e+00 -1.1921e+00 -1.6310e-01 -1.2669e+00 -1.5838e+00 -2.8953e+00 +1.9582e+00 +2.3240e+00 +2.6665e+00
4127 +9.445218744e-06 +9.445218744e-06 -3.810999055e+01 -3.810999055e+01 -2.4271e+00 -2.4079e+00 -1.1929e+00 -1.6321e-01 -1.2670e+00 -1.5812e+00 -2.8950e+00 +1.9557e+00 +2.3215e+00 +2.6655e+00
4321 +6.046701600e-06 +6.046701600e-06 -3.810999395e+01 -3.810999395e+01 -2.4258e+00 -2.4085e+00 -1.1930e+00 -1.6422e-01 -1.2694e+00 -1.5821e+00 -2.8947e+00 +1.9553e+00 +2.3210e+00 +2.6650e+00
4335 +3.510406827e-06 +3.510406827e-06 -3.810999649e+01 -3.810999649e+01 -2.4260e+00 -2.4070e+00 -1.1926e+00 -1.6403e-01 -1.2681e+00 -1.5831e+00 -2.8942e+00 +1.9550e+00 +2.3209e+00 +2.6654e+00
4406 +2.277541050e-06 +2.277541050e-06 -3.810999772e+01 -3.810999772e+01 -2.4259e+00 -2.4076e+00 -1.1936e+00 -1.6376e-01 -1.2686e+00 -1.5818e+00 -2.8951e+00 +1.9558e+00 +2.3209e+00 +2.6661e+00
4485 +1.503374683e-06 +1.503374683e-06 -3.810999850e+01 -3.810999850e+01 -2.4258e+00 -2.4075e+00 -1.1934e+00 -1.6370e-01 -1.2688e+00 -1.5826e+00 -2.8948e+00 +1.9555e+00 +2.3209e+00 +2.6662e+00
4570 +6.208392094e-07 +6.208392094e-07 -3.810999938e+01 -3.810999938e+01 -2.4253e+00 -2.4076e+00 -1.1930e+00 -1.6419e-01 -1.2690e+00 -1.5827e+00 -2.8951e+00 +1.9551e+00 +2.3216e+00 +2.6661e+00
4601 +3.585508281e-07 +3.585508281e-07 -3.810999964e+01 -3.810999964e+01 -2.4256e+00 -2.4070e+00 -1.1930e+00 -1.6382e-01 -1.2687e+00 -1.5823e+00 -2.8949e+00 +1.9552e+00 +2.3214e+00 +2.6665e+00
4656 +1.795012849e-07 +1.795012849e-07 -3.810999982e+01 -3.810999982e+01 -2.4255e+00 -2.4071e+00 -1.1930e+00 -1.6380e-01 -1.2688e+00 -1.5825e+00 -2.8952e+00 +1.9551e+00 +2.3214e+00 +2.6664e+00
4807 +1.406143113e-07 +1.406143113e-07 -3.810999986e+01 -3.810999986e+01 -2.4256e+00 -2.4070e+00 -1.1929e+00 -1.6382e-01 -1.2688e+00 -1.5826e+00 -2.8953e+00 +1.9552e+00 +2.3215e+00 +2.6663e+00
4830 +8.283586794e-08 +8.283586794e-08 -3.810999992e+01 -3.810999992e+01 -2.4255e+00 -2.4072e+00 -1.1928e+00 -1.6393e-01 -1.2687e+00 -1.5825e+00 -2.8950e+00 +1.9551e+00 +2.3217e+00 +2.6664e+00
4894 +5.714245077e-08 +5.714245077e-08 -3.810999994e+01 -3.810999994e+01 -2.4255e+00 -2.4071e+00 -1.1928e+00 -1.6393e-01 -1.2687e+00 -1.5825e+00 -2.8951e+00 +1.9551e+00 +2.3216e+00 +2.6664e+00
4937 +3.763233991e-08 +3.763233991e-08 -3.810999996e+01 -3.810999996e+01 -2.4256e+00 -2.4072e+00 -1.1929e+00 -1.6391e-01 -1.2688e+00 -1.5824e+00 -2.8952e+00 +1.9551e+00 +2.3215e+00 +2.6664e+00
4992 +1.828985319e-08 +1.828985319e-08 -3.810999998e+01 -3.810999998e+01 -2.4256e+00 -2.4072e+00 -1.1928e+00 -1.6393e-01 -1.2688e+00 -1.5824e+00 -2.8952e+00 +1.9552e+00 +2.3216e+00 +2.6664e+00
