% function evaluation | noise-free fitness - Fopt (-1.000000000000e+03) | best noise-free fitness - Fopt | measured fitness | best measured fitness | x1 | x2...
1 +8.457430396e+01 +8.457430396e+01 -9.154256960e+02 -9.154256960e+02 -1.6691e+00 +5.4326e-01 +2.2416e+00 +5.3568e-01 -3.9020e+00 +4.6552e+00 -4.2984e+00 -4.2218e+00 -1.8933e+00 -1.1408e+00
234 +6.255951293e+01 +6.255951293e+01 -9.374404871e+02 -9.374404871e+02 +4.7699e+00 -4.9749e+00 +2.8677e+00 -1.1534e+00 +3.9401e+00 -3.6174e-01 +1.7184e+00 +3.0925e+00 -3.3783e+00 +3.4383e+00
776 +2.164495245e+01 +2.164495245e+01 -9.783550476e+02 -9.783550476e+02 +1.4489e+00 +4.3438e+00 +4.4197e+00 -2.3124e+00 -1.2135e+00 -3.3456e+00 -2.8469e+00 -3.0098e+00 +3.6859e+00 -1.7130e+00
% function evaluation | noise-free fitness - Fopt (1.000000000000e+03) | best noise-free fitness - Fopt | measured fitness | best measured fitness | x1 | x2...
1 +8.627945613e+01 +8.627945613e+01 +1.086279456e+03 +1.086279456e+03 +3.6100e+00 -4.4581e+00 +4.4549e+00 -2.0709e+00 -1.8502e+00 -1.8025e+00 +2.6376e+00 +3.9565e+00 -1.2142e+00 -1.1023e+00
244 +5.686452453e+01 +5.686452453e+01 +1.056864525e+03 +1.056864525e+03 +2.1232e-02 +6.7392e-01 -2.8926e+00 +3.0285e+00 -1.1375e+00 +4.6676e+00 -8.8406e-01 -2.5672e+00 -2.5543e+00 +3.8159e+00
368 +3.509744959e+01 +3.509744959e+01 +1.035097450e+03 +1.035097450e+03 +1.6403e-02 -4.6450e+00 +3.7530e+00 -2.8582e-01 -7.0223e-01 +2.6595e+00 +3.0626e-01 +2.3349e+00 +1.9187e+00 -1.5882e+00
2056 +2.494395328e+01 +2.494395328e+01 +1.024943953e+03 +1.024943953e+03 -8.0104e-02 -4.6148e+00 +1.5806e+00 +9.1419e-01 -5.5638e-02 +8.1252e-01 +2.1562e+00 +3.3438e+00 +2.2528e+00 -3.5050e+00
% function evaluation | noise-free fitness - Fopt (-4.913000000000e+01) | best noise-free fitness - Fopt | measured fitness | best measured fitness | x1 | x2...
1 +8.649767130e+01 +8.649767130e+01 +3.736767130e+01 +3.736767130e+01 +4.3289e+00 +2.1302e-01 +1.2259e+00 +4.5557e+00 +5.7539e-01 -4.6751e+00 +4.8391e+00 -4.8397e+00 +9.0749e-03 -2.5089e+00
185 +5.794837682e+01 +5.794837682e+01 +8.818376822e+00 +8.818376822e+00 -3.4060e+00 +1.9058e+00 -4.1129e+00 -8.9414e-01 +1.6337e+00 -2.6797e+00 -2.3299e+00 +2.0344e+00 +3.8473e+00 -3.2794e+00
1504 +2.334161625e+01 +2.334161625e+01 -2.578838375e+01 -2.578838375e+01 +3.1369e+00 -3.1583e+00 -2.4276e+00 +1.1725e+00 +1.2327e-02 -8.5333e-01 -3.8000e+00 -9.2770e-01 -3.3549e+00 +2.2905e+00
% function evaluation | noise-free fitness - Fopt (2.977300000000e+02) | best noise-free fitness - Fopt | measured fitness | best measured fitness | x1 | x2...
1 +7.994483759e+01 +7.994483759e+01 +3.776748376e+02 +3.776748376e+02 +4.6501e+00 -4.5069e+00 -4.9418e+00 -1.1894e+00 -3.4745e+00 -9.8153e-01 +1.5547e+00 -1.2396e+00 +1.5584e+00 +1.9161e-01
36 +5.863569168e+01 +5.863569168e+01 +3.563656917e+02 +3.563656917e+02 +2.3389e+00 -8.5902e-01 -3.1944e-01 +1.2754e+00 -2.9761e+00 -2.7713e+00 +1.4671e+00 +3.1222e+00 -1.1775e+00 -1.0090e-01
1239 +3.816014683e+01 +3.816014683e+01 +3.358901468e+02 +3.358901468e+02 -4.3506e+00 +3.4836e+00 +2.5906e+00 -1.8906e-01 +3.4613e-01 +9.6164e-02 -3.5723e+00 -4.9656e+00 +1.5592e+00 +2.7246e+00
2592 +2.047341679e+01 +2.047341679e+01 +3.182034168e+02 +3.182034168e+02 +1.9035e+00 +1.6260e+00 +3.9832e-01 +1.6831e+00 -7.1238e-01 -5.1959e-01 +2.3972e+00 +3.0907e+00 +2.3279e+00 +3.1105e+00
% function evaluation | noise-free fitness - Fopt (5.157000000000e+01) | best noise-free fitness - Fopt | measured fitness | best measured fitness | x1 | x2...
1 +8.396899082e+01 +8.396899082e+01 +1.355389908e+02 +1.355389908e+02 -2.0975e+00 -2.1855e+00 +1.7612e+00 -3.4646e+00 -2.7201e+00 +2.4458e+00 -4.5523e-01 -4.4350e+00 -4.1029e+00 +1.3333e+00
421 +5.205881919e+01 +5.205881919e+01 +1.036288192e+02 +1.036288192e+02 -2.2799e+00 +1.0471e+00 -3.3252e+00 +7.3167e-02 +9.5991e-01 +2.5538e-01 +3.9986e-01 -2.0964e+00 -1.6807e-01 +4.1608e+00
% function evaluation | noise-free fitness - Fopt (3.943000000000e+01) | best noise-free fitness - Fopt | measured fitness | best measured fitness | x1 | x2...
1 +8.641603706e+01 +8.641603706e+01 +1.258460371e+02 +1.258460371e+02 +4.4952e+00 +3.4597e+00 +4.2217e+00 +2.0222e+00 +1.7819e+00 +3.4966e+00 -4.6887e+00 +2.9293e+00 +3.0590e+00 -4.8511e-01
290 +6.147188095e+01 +6.147188095e+01 +1.009018810e+02 +1.009018810e+02 -2.0167e-01 +7.5326e-01 -1.0769e+00 -4.6424e-02 +3.5658e+00 +1.9625e+00 +4.2789e-01 -2.1941e+00 -1.0177e+00 -1.0492e+00
1294 +2.846483023e+01 +2.846483023e+01 +6.789483023e+01 +6.789483023e+01 +1.8486e+00 +2.6869e+00 -2.8316e+00 +4.5365e+00 -5.9227e-01 -3.7158e+00 +2.8794e+00 +1.5487e+00 -2.3929e+00 -2.0210e+00
% function evaluation | noise-free fitness - Fopt (1.322900000000e+02) | best noise-free fitness - Fopt | measured fitness | best measured fitness | x1 | x2...
1 +8.571193185e+01 +8.571193185e+01 +2.180019319e+02 +2.180019319e+02 -2.3412e-01 +3.5575e+00 -3.7101e+00 -6.9702e-02 +3.0227e+00 +4.6954e+00 -3.6146e+00 +3.5726e+00 +9.3036e-01 -2.5020e+00
103 +5.539882815e+01 +5.539882815e+01 +1.876888282e+02 +1.876888282e+02 -2.7316e+00 -8.8174e-01 -3.4887e+00 +4.2864e+00 +2.4342e+00 +3.4308e+00 +1.9791e+00 -1.6885e+00 -2.7671e+00 +4.1527e+00
401 +3.826815553e+01 +3.826815553e+01 +1.705581555e+02 +1.705581555e+02 -2.2143e+00 -3.5843e+00 +3.5043e+00 +3.2022e-01 +3.3915e-01 +3.5440e+00 +4.2388e+00 +2.8295e+00 -4.4049e+00 -1.8814e-01
1481 +1.619111751e+01 +1.619111751e+01 +1.484811175e+02 +1.484811175e+02 -9.1807e-01 -2.9771e+00 -1.7665e+00 -2.1380e+00 -1.5643e+00 -2.3339e+00 -4.1272e+00 -3.4322e+00 -1.0505e+00 -1.3356e+00
% function evaluation | noise-free fitness - Fopt (-4.871000000000e+01) | best noise-free fitness - Fopt | measured fitness | best measured fitness | x1 | x2...
1 +7.947013777e+01 +7.947013777e+01 +3.076013777e+01 +3.076013777e+01 +1.5830e+00 +3.1322e+00 -3.6139e-01 +2.4297e+00 +2.7744e+00 +3.2750e+00 -4.4454e+00 -1.0456e+00 -9.5838e-01 -3.5257e+00
169 +6.086233799e+01 +6.086233799e+01 +1.215233799e+01 +1.215233799e+01 -4.2988e-01 -1.3548e+00 +4.6874e-01 -1.1384e+00 +3.5976e+00 -9.5652e-01 -3.3654e+00 +2.9994e-01 -2.8300e-01 -8.8170e-01
3982 +3.799464478e+01 +3.799464478e+01 -1.071535522e+01 -1.071535522e+01 +4.4108e+00 +3.3829e+00 +1.7074e+00 +4.8228e+00 +5.8772e-01 -1.8733e+00 +1.5884e+00 -9.7160e-01 +3.0955e+00 -1.7506e+00
% function evaluation | noise-free fitness - Fopt (-2.833000000000e+01) | best noise-free fitness - Fopt | measured fitness | best measured fitness | x1 | x2...
1 +8.537460297e+01 +8.537460297e+01 +5.704460297e+01 +5.704460297e+01 -2.1719e+00 +3.7265e+00 +8.9153e-01 +2.5278e+00 -2.3072e+00 +2.0558e-02 +3.4395e+00 -2.9161e+00 +2.2241e+00 +1.9412e+00
345 +3.056429765e+01 +3.056429765e+01 +2.234297650e+00 +2.234297650e+00 -2.2014e-01 -2.0465e+00 -8.4328e-01 -4.6641e+00 +1.0257e+00 -2.8346e+00 -2.1370e+00 -6.0328e-03 +1.5260e+00 -3.9697e+00
4139 +2.192079435e+01 +2.192079435e+01 -6.409205650e+00 -6.409205650e+00 -3.5584e+00 +2.5342e+00 +4.0665e+00 -1.1765e-01 +7.3587e-01 +2.3230e+00 +1.7621e+00 -4.6354e+00 -3.8011e+00 -1.8380e+00
% function evaluation | noise-free fitness - Fopt (-1.516100000000e+02) | best noise-free fitness - Fopt | measured fitness | best measured fitness | x1 | x2...
1 +7.983536780e+01 +7.983536780e+01 -7.177463220e+01 -7.177463220e+01 -1.8412e+00 -4.5148e+00 +2.1122e+00 +2.1726e+00 -1.6038e+00 +2.9107e-01 -3.7698e-01 -1.3361e-01 -4.2656e+00 +3.1579e+00
25 +5.789367316e+01 +5.789367316e+01 -9.371632684e+01 -9.371632684e+01 -4.2504e+00 +4.4753e+00 +3.0623e+00 +2.9932e+00 +2.1306e+00 +3.4761e+00 -9.6425e-01 +1.1968e-01 +2.4037e+00 +2.5084e+00
1281 +8.726912678e+00 +8.726912678e+00 -1.428830873e+02 -1.428830873e+02 -2.0313e+00 +2.9240e+00 +2.5889e+00 +1.8855e-01 -3.4441e+00 -2.0266e+00 -3.5851e+00 +2.1160e+00 +1.8487e+00 -4.2666e+00
% function evaluation | noise-free fitness - Fopt (-1.069900000000e+02) | best noise-free fitness - Fopt | measured fitness | best measured fitness | x1 | x2...
1 +8.117284087e+01 +8.117284087e+01 -2.581715913e+01 -2.581715913e+01 +4.4502e-01 -6.7947e-02 +1.4095e+00 +3.0690e+00 +2.0302e+00 +3.6677e+00 -2.4338e+00 +1.1793e+00 -4.2482e+00 -2.6714e+00
62 +5.887793836e+01 +5.887793836e+01 -4.811206164e+01 -4.811206164e+01 -1.1563e+00 -1.7096e+00 +2.6944e+00 -4.0122e+00 -1.0214e+00 +3.8613e+00 +4.7452e+00 -5.7461e-02 +2.8605e+00 -3.2298e+00
1049 +3.492957303e+01 +3.492957303e+01 -7.206042697e+01 -7.206042697e+01 -7.1526e-02 -3.1412e+00 -5.5524e-01 +2.8800e+00 -1.2256e+00 -4.7304e+00 -5.1658e-01 -4.1323e+00 +3.5495e+00 +2.9860e+00
% function evaluation | noise-free fitness - Fopt (1.000300000000e+02) | best noise-free fitness - Fopt | measured fitness | best measured fitness | x1 | x2...
1 +8.481951617e+01 +8.481951617e+01 +1.848495162e+02 +1.848495162e+02 +3.3558e+00 -3.3811e+00 -4.3606e+00 +3.7467e+00 +2.9728e+00 +3.0116e+00 -4.8012e+00 +4.9445e+00 -1.2174e-01 -3.5335e-01
111 +5.842878102e+01 +5.842878102e+01 +1.584587810e+02 +1.584587810e+02 +1.4309e+00 -3.2420e+00 -9.9736e-01 +2.3621e+00 +2.1697e+00 +1.7197e+00 +5.4764e-01 +4.5149e+00 +4.6889e+00 -8.0675e-01
1952 +2.935641835e+01 +2.935641835e+01 +1.293864184e+02 +1.293864184e+02 -2.6677e+00 -1.6280e+00 -1.1912e+00 +4.0676e+00 -2.0951e+00 +3.0862e+00 -2.3153e+00 -3.8507e+00 +1.2102e+00 +2.7538e+00
% function evaluation | noise-free fitness - Fopt (-2.788900000000e+02) | best noise-free fitness - Fopt | measured fitness | best measured fitness | x1 | x2...
1 +8.599457010e+01 +8.599457010e+01 -1.928954299e+02 -1.928954299e+02 +1.7847e+00 +3.5722e+00 +5.5657e-01 -3.0147e+00 -3.7019e+00 +8.4305e-01 -4.6826e+00 -1.2712e+00 +4.9296e+00 +1.4072e-01
47 +6.062309348e+01 +6.062309348e+01 -2.182669065e+02 -2.182669065e+02 -2.8945e+00 +7.6580e-01 +1.3765e-01 +2.0117e+00 -2.5023e-01 +3.2150e+00 -1.1352e+00 -2.8353e+00 +1.3357e+00 -3.1884e+00
1946 +3.872714282e+01 +3.872714282e+01 -2.401628572e+02 -2.401628572e+02 -1.0685e+00 -4.0310e+00 +4.4978e+00 -3.0338e+00 -2.3030e+00 -4.3068e+00 -4.4259e+00 -2.5310e+00 +3.3884e+00 +3.9537e+00
% function evaluation | noise-free fitness - Fopt (5.142200000000e+02) | best noise-free fitness - Fopt | measured fitness | best measured fitness | x1 | x2...
1 +8.629613236e+01 +8.629613236e+01 +6.005161324e+02 +6.005161324e+02 +4.7261e+00 -1.7175e+00 -3.7067e+00 -2.3868e+00 -2.5671e+00 +4.7321e+00 +3.3505e+00 +2.4027e+00 +1.1858e+00 +4.9626e+00
65 +3.664657091e+01 +3.664657091e+01 +5.508665709e+02 +5.508665709e+02 -1.1015e+00 -3.0808e+00 -2.4928e+00 -3.6414e+00 -5.7533e-01 -2.8350e-01 +3.6080e+00 -4.8123e+00 -1.0992e+00 -1.3686e+00
% function evaluation | noise-free fitness - Fopt (6.098800000000e+02) | best noise-free fitness - Fopt | measured fitness | best measured fitness | x1 | x2...
1 +7.504958100e+01 +7.504958100e+01 +6.849295810e+02 +6.849295810e+02 -5.0760e-01 -3.0209e+00 +3.9243e+00 -1.8835e+00 -4.7720e+00 +2.1484e+00 -1.4606e+00 -8.3369e-01 +6.5416e-01 +4.0051e+00
138 +6.113246298e+01 +6.113246298e+01 +6.710124630e+02 +6.710124630e+02 -2.3655e+00 +4.6023e+00 -2.4803e+00 +6.4590e-01 -4.3419e+00 +2.1017e+00 +3.8596e+00 -2.4100e+00 +4.1772e+00 -6.8986e-01
1618 +3.302101897e+01 +3.302101897e+01 +6.429010190e+02 +6.429010190e+02 +1.3629e+00 +1.8458e-01 -1.7595e-01 -3.1954e+00 -1.9098e+00 -3.2015e+00 -3.8545e+00 -4.4133e+00 +3.5499e+00 +1.6337e-01
3575 +1.992606521e+01 +1.992606521e+01 +6.298060652e+02 +6.298060652e+02 -3.7938e+00 -4.3930e-01 -6.3138e-01 -4.5605e+00 -3.9475e+00 -4.1795e+00 -3.8998e+00 -2.8908e+00 +1.5471e-01 +2.3975e-01
