% function evaluation | noise-free fitness - Fopt (-1.000000000000e+03) | best noise-free fitness - Fopt | measured fitness | best measured fitness | x1 | x2...
1 +8.487694779e+01 +8.487694779e+01 -9.151230522e+02 -9.151230522e+02 -2.5362e+00 -1.6890e-01 +2.8545e-01 +9.0197e-01 -1.4565e+00
14 +5.120487449e+01 +5.120487449e+01 -9.487951255e+02 -9.487951255e+02 -7.6915e-01 +1.0910e+00 -3.4520e+00 -1.6918e+00 -3.9627e+00
58 +3.688193496e+01 +3.688193496e+01 -9.631180650e+02 -9.631180650e+02 -3.1937e+00 +4.7276e+00 -2.2320e+00 -3.4475e+00 -2.0550e-01
135 +2.247147975e+01 +2.247147975e+01 -9.775285202e+02 -9.775285202e+02 +2.8148e+00 -1.5093e+00 -1.8052e-01 -2.5720e+00 +3.0426e-01
412 +1.385805357e+01 +1.385805357e+01 -9.861419464e+02 -9.861419464e+02 -1.9898e+00 -3.1268e+00 +3.8465e+00 +2.0985e+00 -3.6255e+00
764 +8.202892898e+00 +8.202892898e+00 -9.917971071e+02 -9.917971071e+02 -3.8895e+00 -2.5273e+00 +3.8549e+00 +7.3404e-01 -4.1258e+00
1339 +5.035412835e+00 +5.035412835e+00 -9.949645872e+02 -9.949645872e+02 +1.0155e+00 -2.5167e-01 +9.2869e-01 +9.0372e-02 -9.6046e-01
2860 +5.670795124e-01 +5.670795124e-01 -9.994329205e+02 -9.994329205e+02 +2.1526e+00 +8.0974e-01 +1.5589e+00 +2.2981e+00 +3.8347e-02
% function evaluation | noise-free fitness - Fopt (1.000000000000e+03) | best noise-free fitness - Fopt | measured fitness | best measured fitness | x1 | x2...
1 +7.326304868e+01 +7.326304868e+01 +1.073263049e+03 +1.073263049e+03 -1.5126e+00 -6.7445e-01 -4.3307e+00 +7.0066e-01 +4.6692e+00
14 +2.935445259e+01 +2.935445259e+01 +1.029354453e+03 +1.029354453e+03 -3.9150e+00 -1.5334e+00 +2.5426e+00 +1.3729e+00 +4.8621e+00
40 +1.770693025e+01 +1.770693025e+01 +1.017706930e+03 +1.017706930e+03 -2.0310e+00 -3.7258e-01 -3.1572e+00 +3.3515e+00 -3.3174e-01
57 +2.622839004e+00 +2.622839004e+00 +1.002622839e+03 +1.002622839e+03 -4.2022e+00 +1.8802e+00 +3.7963e-01 -3.8563e+00 -2.4617e+00
3599 +2.227772574e+00 +2.227772574e+00 +1.002227773e+03 +1.002227773e+03 -8.5988e-01 -3.9312e-02 -2.3976e+00 +4.2069e+00 +1.1329e+00
% function evaluation | noise-free fitness - Fopt (-4.913000000000e+01) | best noise-free fitness - Fopt | measured fitness | best measured fitness | x1 | x2...
1 +6.760827356e+01 +6.760827356e+01 +1.847827356e+01 +1.847827356e+01 +2.0396e+00 -1.7177e+00 +3.5068e+00 -5.6326e-01 -1.6178e+00
7 +5.377212453e+01 +5.377212453e+01 +4.642124527e+00 +4.642124527e+00 +3.3764e-01 -4.3038e-01 +3.0686e-01 -2.4141e-01 +8.0676e-01
36 +2.095302438e+01 +2.095302438e+01 -2.817697562e+01 -2.817697562e+01 -3.2170e+00 +3.5127e+00 +2.8682e+00 +1.6361e+00 +4.6935e+00
66 +7.328847756e+00 +7.328847756e+00 -4.180115224e+01 -4.180115224e+01 +9.1158e-01 -1.4745e+00 +2.0525e+00 +1.5413e+00 +2.3303e-01
2065 +2.122997821e+00 +2.122997821e+00 -4.700700218e+01 -4.700700218e+01 +2.0095e+00 -1.8426e+00 +1.9115e+00 +1.2474e+00 +9.7996e-01
% function evaluation | noise-free fitness - Fopt (2.977300000000e+02) | best noise-free fitness - Fopt | measured fitness | best measured fitness | x1 | x2...
1 +8.437310295e+01 +8.437310295e+01 +3.821031029e+02 +3.821031029e+02 +4.6415e+00 +3.5508e+00 +4.3631e+00 +4.4031e+00 -4.1593e+00
17 +5.745554888e+01 +5.745554888e+01 +3.551855489e+02 +3.551855489e+02 +2.0228e+00 +3.5348e+00 +3.5751e+00 +4.2960e-01 -3.4356e+00
34 +2.628975977e+01 +2.628975977e+01 +3.240197598e+02 +3.240197598e+02 -2.8986e+00 +2.1077e+00 +1.5677e+00 +3.0145e+00 -2.2286e+00
96 +2.262399855e+01 +2.262399855e+01 +3.203539985e+02 +3.203539985e+02 -1.0866e+00 -2.0937e+00 +1.5949e+00 -9.6779e-01 +2.0369e+00
148 +1.476195828e+01 +1.476195828e+01 +3.124919583e+02 +3.124919583e+02 +4.7859e+00 -3.3988e+00 +8.6546e-01 -4.2171e+00 -1.6076e+00
236 +9.181733646e+00 +9.181733646e+00 +3.069117336e+02 +3.069117336e+02 +1.3177e+00 -3.4268e+00 +2.1554e+00 -3.7622e+00 +1.5267e-01
694 +2.791310478e+00 +2.791310478e+00 +3.005213105e+02 +3.005213105e+02 +1.8667e+00 +1.6057e+00 +2.5642e+00 +2.1475e+00 -1.8974e-01
992 +2.218522457e+00 +2.218522457e+00 +2.999485225e+02 +2.999485225e+02 +1.3802e+00 +3.7104e+00 +3.5951e+00 -2.9739e+00 -2.6907e-01
% function evaluation | noise-free fitness - Fopt (5.157000000000e+01) | best noise-free fitness - Fopt | measured fitness | best measured fitness | x1 | x2...
1 +8.294801923e+01 +8.294801923e+01 +1.345180192e+02 +1.345180192e+02 -1.8016e+00 +2.4769e+00 +4.3360e+00 -1.2829e+00 +1.5178e+00
7 +5.856473105e+01 +5.856473105e+01 +1.101347311e+02 +1.101347311e+02 -1.8698e+00 +3.8463e+00 -2.9441e+00 +2.3310e+00 -5.5326e-01
27 +3.549518052e+01 +3.549518052e+01 +8.706518052e+01 +8.706518052e+01 +4.7688e+00 +8.9106e-01 -4.6502e+00 -1.0995e+00 +1.4894e+00
113 +1.516823831e+01 +1.516823831e+01 +6.673823831e+01 +6.673823831e+01 -9.1947e-01 -2.0064e+00 +8.6007e-01 -4.1417e+00 +1.5188e+00
253 +9.141035075e+00 +9.141035075e+00 +6.071103508e+01 +6.071103508e+01 -1.5478e+00 -3.4663e+00 -2.4167e-01 -3.6194e+00 -7.6797e-01
936 +6.213756793e+00 +6.213756793e+00 +5.778375679e+01 +5.778375679e+01 -4.8176e-01 +3.3460e+00 -4.6282e+00 -4.2051e+00 +3.0238e+00
2051 +2.055894377e+00 +2.055894377e+00 +5.362589438e+01 +5.362589438e+01 +1.8223e+00 +8.8818e-01 -2.6013e+00 -2.3577e+00 +1.4125e+00
% function evaluation | noise-free fitness - Fopt (3.943000000000e+01) | best noise-free fitness - Fopt | measured fitness | best measured fitness | x1 | x2...
1 +8.263620300e+01 +8.263620300e+01 +1.220662030e+02 +1.220662030e+02 +3.1653e+00 -1.5229e+00 +2.9317e+00 -2.4389e+00 -2.9670e+00
8 +4.393695913e+01 +4.393695913e+01 +8.336695913e+01 +8.336695913e+01 +1.5112e+00 +2.1871e+00 +4.0963e-01 -3.2839e+00 +2.3845e-01
11 +2.462183633e+01 +2.462183633e+01 +6.405183633e+01 +6.405183633e+01 +2.3728e+00 +2.2747e+00 +3.1537e-02 +6.5303e-01 -2.7094e+00
13 +1.298727418e+01 +1.298727418e+01 +5.241727418e+01 +5.241727418e+01 +3.4134e-01 +1.0287e+00 -2.9507e+00 -2.5909e+00 +1.6666e+00
150 +9.205618439e+00 +9.205618439e+00 +4.863561844e+01 +4.863561844e+01 +7.1015e-01 +1.5016e+00 -5.4339e-02 -6.0139e-01 -2.6043e+00
2255 +3.413099274e+00 +3.413099274e+00 +4.284309927e+01 +4.284309927e+01 +1.4752e+00 +1.9941e+00 -2.1299e+00 -1.0317e+00 +2.7256e+00
3948 +1.434664010e+00 +1.434664010e+00 +4.086466401e+01 +4.086466401e+01 +1.5943e+00 +2.8892e+00 -1.3501e+00 -8.5356e-01 +3.1981e+00
% function evaluation | noise-free fitness - Fopt (1.322900000000e+02) | best noise-free fitness - Fopt | measured fitness | best measured fitness | x1 | x2...
1 +8.382264309e+01 +8.382264309e+01 +2.161126431e+02 +2.161126431e+02 +3.8153e+00 -3.9173e+00 -2.0776e+00 +5.3056e-02 -4.5371e+00
2 +6.306908173e+01 +6.306908173e+01 +1.953590817e+02 +1.953590817e+02 -1.2027e+00 -4.5441e+00 +9.2929e-01 -4.2084e+00 +5.1160e-01
5 +3.418344164e+01 +3.418344164e+01 +1.664734416e+02 +1.664734416e+02 +2.7110e+00 +4.8191e-01 +2.6651e-01 +8.7459e-01 -4.7082e+00
10 +2.304423275e+01 +2.304423275e+01 +1.553342328e+02 +1.553342328e+02 -3.4472e+00 +3.6434e+00 -1.1880e+00 -1.0419e+00 +2.8884e+00
57 +1.378508661e+01 +1.378508661e+01 +1.460750866e+02 +1.460750866e+02 -2.3721e+00 +3.0174e+00 -1.5245e+00 +3.5012e-01 -4.4180e+00
270 +9.930051933e+00 +9.930051933e+00 +1.422200519e+02 +1.422200519e+02 -2.0677e+00 +3.1163e+00 -9.7021e-01 -2.5817e+00 +4.7285e+00
536 +3.816886341e+00 +3.816886341e+00 +1.361068863e+02 +1.361068863e+02 +2.9728e+00 -3.4275e+00 -9.5074e-01 -2.6295e+00 +4.5076e+00
1323 +4.357367434e-01 +4.357367434e-01 +1.327257367e+02 +1.327257367e+02 -2.3906e+00 -4.8124e-01 -1.8300e+00 -4.5274e-01 -3.5940e+00
% function evaluation | noise-free fitness - Fopt (-4.871000000000e+01) | best noise-free fitness - Fopt | measured fitness | best measured fitness | x1 | x2...
1 +7.397856910e+01 +7.397856910e+01 +2.526856910e+01 +2.526856910e+01 -3.5034e-01 -6.6043e-01 +3.3460e+00 -4.1503e+00 +4.7321e+00
2 +2.627708981e+01 +2.627708981e+01 -2.243291019e+01 -2.243291019e+01 +3.8127e+00 -8.9911e-01 +3.4994e-01 -4.5156e-01 +2.6462e+00
62 +9.390805400e+00 +9.390805400e+00 -3.931919460e+01 -3.931919460e+01 +4.2569e+00 -7.5107e-01 +2.6906e+00 -5.2371e-01 +4.5396e+00
411 +1.422487329e+00 +1.422487329e+00 -4.728751267e+01 -4.728751267e+01 +3.0107e+00 +4.6342e+00 +4.9152e-01 +3.1925e+00 -2.3702e+00
% function evaluation | noise-free fitness - Fopt (-2.833000000000e+01) | best noise-free fitness - Fopt | measured fitness | best measured fitness | x1 | x2...
1 +8.350799234e+01 +8.350799234e+01 +5.517799234e+01 +5.517799234e+01 +4.5842e+00 -4.6430e+00 +2.1328e+00 +3.4899e-01 +3.5042e+00
3 +5.895697714e+01 +5.895697714e+01 +3.062697714e+01 +3.062697714e+01 +4.7844e+00 -1.1843e+00 +1.7989e+00 -3.7009e+00 -3.2175e-01
13 +2.958208908e+01 +2.958208908e+01 +1.252089084e+00 +1.252089084e+00 -2.1961e+00 +3.3470e+00 +3.6656e+00 -6.5723e-01 -4.9080e-01
41 +1.726748189e+01 +1.726748189e+01 -1.106251811e+01 -1.106251811e+01 +3.3865e+00 +3.9931e+00 -9.8804e-01 +1.5347e+00 -2.5551e+00
222 +2.244184919e+00 +2.244184919e+00 -2.608581508e+01 -2.608581508e+01 +3.4840e+00 +5.8334e-01 +9.2270e-01 +6.4539e-02 +2.3048e+00
4800 +1.096819157e+00 +1.096819157e+00 -2.723318084e+01 -2.723318084e+01 +9.0114e-01 -7.0288e-01 +3.7719e+00 -4.0249e+00 +2.7592e+00
% function evaluation | noise-free fitness - Fopt (-1.516100000000e+02) | best noise-free fitness - Fopt | measured fitness | best measured fitness | x1 | x2...
1 +7.375300528e+01 +7.375300528e+01 -7.785699472e+01 -7.785699472e+01 -1.1776e+00 -1.6178e+00 +4.2433e+00 +1.6932e+00 -3.3929e+00
16 +5.008343032e+01 +5.008343032e+01 -1.015265697e+02 -1.015265697e+02 -2.4704e+00 +1.4889e+00 -1.6780e+00 +3.9171e+00 -4.1666e+00
37 +3.427762270e+01 +3.427762270e+01 -1.173323773e+02 -1.173323773e+02 -1.2651e+00 +2.1329e+00 +1.8037e+00 +3.9309e-01 -8.4074e-01
124 +1.103299521e+01 +1.103299521e+01 -1.405770048e+02 -1.405770048e+02 -3.3728e+00 +2.6743e+00 +1.3763e+00 +2.6090e+00 -5.9785e-01
372 +6.796548292e+00 +6.796548292e+00 -1.448134517e+02 -1.448134517e+02 -6.0059e-01 +2.3353e+00 +2.3795e+00 +1.1378e+00 +3.2686e-01
1700 +4.690072045e+00 +4.690072045e+00 -1.469199280e+02 -1.469199280e+02 +7.8261e-01 -3.6534e+00 -4.8151e+00 +4.9529e+00 +2.3945e+00
4031 +3.403508991e+00 +3.403508991e+00 -1.482064910e+02 -1.482064910e+02 +6.6787e-01 +1.4485e+00 +1.1341e+00 -1.3079e+00 -2.7257e+00
% function evaluation | noise-free fitness - Fopt (-1.069900000000e+02) | best noise-free fitness - Fopt | measured fitness | best measured fitness | x1 | x2...
1 +7.078001322e+01 +7.078001322e+01 -3.620998678e+01 -3.620998678e+01 +7.5106e-01 -4.2322e+00 +1.9840e+00 +4.4988e+00 -3.7904e-01
8 +5.926123182e+01 +5.926123182e+01 -4.772876818e+01 -4.772876818e+01 -1.0659e+00 -1.3340e+00 -1.1063e+00 -5.9692e-01 +3.5506e+00
61 +3.246871057e+01 +3.246871057e+01 -7.452128943e+01 -7.452128943e+01 +3.2962e+00 -2.1536e+00 +3.2266e-01 +2.3171e+00 -3.6155e+00
110 +1.847866961e+01 +1.847866961e+01 -8.851133039e+01 -8.851133039e+01 +2.0005e+00 +1.9699e+00 +1.3929e+00 -4.0909e+00 +1.1843e+00
292 +1.479056547e+01 +1.479056547e+01 -9.219943453e+01 -9.219943453e+01 -8.9975e-01 -3.0844e+00 +2.7624e+00 +3.5827e+00 +9.8096e-01
734 +6.125246567e+00 +6.125246567e+00 -1.008647534e+02 -1.008647534e+02 -3.1414e+00 +3.8609e+00 +2.2763e+00 -2.3723e-01 +4.0938e+00
877 +3.932637188e+00 +3.932637188e+00 -1.030573628e+02 -1.030573628e+02 -2.7352e+00 -1.7931e+00 -1.7901e+00 +3.5880e+00 +8.3531e-02
1179 +2.057327988e+00 +2.057327988e+00 -1.049326720e+02 -1.049326720e+02 +4.3514e+00 +3.2606e+00 -1.0341e+00 -3.1826e+00 -2.2460e+00
% function evaluation | noise-free fitness - Fopt (1.000300000000e+02) | best noise-free fitness - Fopt | measured fitness | best measured fitness | x1 | x2...
1 +8.562488282e+01 +8.562488282e+01 +1.856548828e+02 +1.856548828e+02 -1.3268e+00 -4.0016e+00 +3.1913e+00 -3.3295e+00 -3.6041e+00
10 +4.372287302e+01 +4.372287302e+01 +1.437528730e+02 +1.437528730e+02 +3.4826e+00 +1.0593e+00 +1.8623e+00 +3.4586e+00 -4.6512e+00
19 +3.168470379e+01 +3.168470379e+01 +1.317147038e+02 +1.317147038e+02 +4.6852e+00 +1.7272e+00 -2.7030e+00 +2.4469e+00 -3.1157e+00
98 +2.284471275e+01 +2.284471275e+01 +1.228747128e+02 +1.228747128e+02 +1.5105e+00 +2.8298e+00 -1.9778e+00 +2.0933e-01 -1.6934e+00
582 +1.163357675e+01 +1.163357675e+01 +1.116635767e+02 +1.116635767e+02 +4.3776e+00 -4.4937e-01 -1.4340e+00 +4.5859e-01 +3.0914e+00
949 +5.025656726e+00 +5.025656726e+00 +1.050556567e+02 +1.050556567e+02 -4.9592e+00 -4.5229e+00 +1.1136e+00 +2.8250e+00 +9.5654e-01
4640 +3.629617132e+00 +3.629617132e+00 +1.036596171e+02 +1.036596171e+02 -4.6141e-01 -2.2005e-01 +6.9112e-01 +1.5647e+00 -3.1824e+00
% function evaluation | noise-free fitness - Fopt (-2.788900000000e+02) | best noise-free fitness - Fopt | measured fitness | best measured fitness | x1 | x2...
1 +6.333317651e+01 +6.333317651e+01 -2.155568235e+02 -2.155568235e+02 -1.8752e+00 +1.9555e+00 -3.1260e+00 +6.7465e-01 -2.4435e+00
2 +6.276432442e+01 +6.276432442e+01 -2.161256756e+02 -2.161256756e+02 +3.5133e+00 +3.9012e+00 -1.1545e+00 -3.4911e+00 -2.1701e+00
14 +1.924133417e+01 +1.924133417e+01 -2.596486658e+02 -2.596486658e+02 -5.1478e-01 +1.6314e+00 +2.8054e+00 -2.1986e+00 -2.3424e+00
153 +1.147569707e+01 +1.147569707e+01 -2.674143029e+02 -2.674143029e+02 -2.6411e+00 +2.5258e+00 +2.6226e+00 -1.9072e+00 -3.3650e+00
519 +9.626388876e+00 +9.626388876e+00 -2.692636111e+02 -2.692636111e+02 -1.1691e+00 -4.3894e+00 -9.1207e-02 -2.9678e+00 +3.5012e-01
% function evaluation | noise-free fitness - Fopt (5.142200000000e+02) | best noise-free fitness - Fopt | measured fitness | best measured fitness | x1 | x2...
1 +6.822040322e+01 +6.822040322e+01 +5.824404032e+02 +5.824404032e+02 +1.9456e+00 -5.6303e-01 -3.6146e+00 +1.6118e+00 +1.7629e+00
9 +3.698597202e+01 +3.698597202e+01 +5.512059720e+02 +5.512059720e+02 +3.6029e+00 -3.4059e+00 -4.3481e-01 +2.2511e+00 +1.8861e+00
138 +2.080541417e+01 +2.080541417e+01 +5.350254142e+02 +5.350254142e+02 -4.5351e+00 -4.8510e+00 +1.3426e+00 +1.5915e+00 -5.1296e-01
470 +1.258283895e+01 +1.258283895e+01 +5.268028390e+02 +5.268028390e+02 +2.3336e-01 -4.8605e+00 -4.7331e+00 -3.6280e+00 -3.4775e+00
899 +9.492323462e+00 +9.492323462e+00 +5.237123235e+02 +5.237123235e+02 +2.2546e+00 +3.1375e-01 -3.4625e+00 -4.7865e+00 +4.8504e+00
3074 +6.220453858e+00 +6.220453858e+00 +5.204404539e+02 +5.204404539e+02 -2.2742e-01 +7.8039e-01 -4.9726e+00 -4.1465e+00 +2.0956e+00
3915 +1.329652868e+00 +1.329652868e+00 +5.155496529e+02 +5.155496529e+02 -1.5325e+00 -1.1320e+00 -2.3946e+00 -2.1576e+00 -3.9311e+00
% function evaluation | noise-free fitness - Fopt (6.098800000000e+02) | best noise-free fitness - Fopt | measured fitness | best measured fitness | x1 | x2...
1 +8.459738967e+01 +8.459738967e+01 +6.944773897e+02 +6.944773897e+02 +9.1726e-01 +1.8585e+00 -3.9012e-01 -4.9246e+00 +2.7280e+00
5 +6.004206634e+01 +6.004206634e+01 +6.699220663e+02 +6.699220663e+02 -2.2460e+00 -4.0776e+00 -2.7743e+00 -3.7363e+00 +1.3096e+00
64 +3.540469271e+01 +3.540469271e+01 +6.452846927e+02 +6.452846927e+02 -3.7859e+00 +3.3461e-01 +2.2227e+00 -3.9587e+00 -2.2912e+00
205 +5.151993610e+00 +5.151993610e+00 +6.150319936e+02 +6.150319936e+02 -4.6330e+00 -1.4842e+00 -4.2544e+00 -3.4719e+00 +3.3244e+00
294 +2.687409601e+00 +2.687409601e+00 +6.125674096e+02 +6.125674096e+02 -2.4901e+00 -4.0149e+00 +2.3732e+00 -2.3871e+00 -1.8137e+00
1494 +7.533001395e-01 +7.533001395e-01 +6.106333001e+02 +6.106333001e+02 +2.3797e+00 -4.3600e+00 +2.3650e+00 -1.9866e+00 -5.3950e-01
