% function evaluation | noise-free fitness - Fopt (-1.694000000000e+01) | best noise-free fitness - Fopt | measured fitness | best measured fitness | x1 | x2...
1 +6.040609795e+02 +6.040609795e+02 +5.871209795e+02 +5.871209795e+02 -2.6144e+00 -2.7160e-01
2 +1.008526546e+01 +1.008526546e+01 -6.854734535e+00 -6.854734535e+00 +2.3696e+00 +9.0814e-01
3 +5.127349567e+00 +5.127349567e+00 -1.181265043e+01 -1.181265043e+01 +4.1828e+00 +2.6347e+00
20 +1.585723660e+00 +1.585723660e+00 -1.535427634e+01 -1.535427634e+01 +3.8554e+00 +1.9370e+00
128 +9.517880236e-01 +9.517880236e-01 -1.598821198e+01 -1.598821198e+01 +3.7933e+00 +1.7924e+00
133 +5.401934212e-01 +5.401934212e-01 -1.639980658e+01 -1.639980658e+01 +3.7325e+00 +2.0298e+00
191 +2.923896958e-01 +2.923896958e-01 -1.664761030e+01 -1.664761030e+01 +3.6034e+00 +2.4895e+00
217 +9.806758022e-02 +9.806758022e-02 -1.684193242e+01 -1.684193242e+01 +3.6098e+00 +2.6351e+00
253 +6.300492945e-02 +6.300492945e-02 -1.687699507e+01 -1.687699507e+01 +3.6303e+00 +2.5975e+00
326 +1.765991809e-02 +1.765991809e-02 -1.692234008e+01 -1.692234008e+01 +3.6482e+00 +2.5555e+00
456 +1.506260817e-02 +1.506260817e-02 -1.692493739e+01 -1.692493739e+01 +3.6576e+00 +2.5409e+00
524 +2.162427580e-03 +2.162427580e-03 -1.693783757e+01 -1.693783757e+01 +3.6560e+00 +2.5491e+00
641 +1.007287486e-03 +1.007287486e-03 -1.693899271e+01 -1.693899271e+01 +3.6562e+00 +2.5486e+00
673 +7.965272842e-04 +7.965272842e-04 -1.693920347e+01 -1.693920347e+01 +3.6559e+00 +2.5498e+00
748 +3.634996918e-04 +3.634996918e-04 -1.693963650e+01 -1.693963650e+01 +3.6560e+00 +2.5495e+00
821 +2.350377969e-04 +2.350377969e-04 -1.693976496e+01 -1.693976496e+01 +3.6559e+00 +2.5497e+00
927 +1.542148177e-04 +1.542148177e-04 -1.693984579e+01 -1.693984579e+01 +3.6560e+00 +2.5496e+00
941 +3.712198314e-05 +3.712198314e-05 -1.693996288e+01 -1.693996288e+01 +3.6560e+00 +2.5496e+00
1277 +2.949877448e-06 +2.949877448e-06 -1.693999705e+01 -1.693999705e+01 +3.6560e+00 +2.5496e+00
1337 +1.887987654e-06 +1.887987654e-06 -1.693999811e+01 -1.693999811e+01 +3.6560e+00 +2.5496e+00
1404 +9.253172450e-07 +9.253172450e-07 -1.693999907e+01 -1.693999907e+01 +3.6560e+00 +2.5496e+00
1606 +4.873704746e-07 +4.873704746e-07 -1.693999951e+01 -1.693999951e+01 +3.6560e+00 +2.5496e+00
1628 +3.049986255e-07 +3.049986255e-07 -1.693999970e+01 -1.693999970e+01 +3.6560e+00 +2.5496e+00
1781 +2.486685098e-07 +2.486685098e-07 -1.693999975e+01 -1.693999975e+01 +3.6560e+00 +2.5496e+00
1799 +1.070261106e-07 +1.070261106e-07 -1.693999989e+01 -1.693999989e+01 +3.6560e+00 +2.5496e+00
1837 +6.623022486e-08 +6.623022486e-08 -1.693999993e+01 -1.693999993e+01 +3.6560e+00 +2.5496e+00
1861 +3.189476416e-08 +3.189476416e-08 -1.693999997e+01 -1.693999997e+01 +3.6560e+00 +2.5496e+00
1862 +2.226959239e-08 +2.226959239e-08 -1.693999998e+01 -1.693999998e+01 +3.6560e+00 +2.5496e+00
1932 +6.528736662e-09 +6.528736662e-09 -1.693999999e+01 -1.693999999e+01 +3.6560e+00 +2.5496e+00
1957 +6.021185328e-09 +6.021185328e-09 -1.693999999e+01 -1.693999999e+01 +3.6560e+00 +2.5496e+00
2001 +3.209517985e-09 +3.209517985e-09 -1.694000000e+01 -1.694000000e+01 +3.6560e+00 +2.5496e+00
2054 +2.048849979e-09 +2.048849979e-09 -1.694000000e+01 -1.694000000e+01 +3.6560e+00 +2.5496e+00
2073 +1.047162357e-09 +1.047162357e-09 -1.694000000e+01 -1.694000000e+01 +3.6560e+00 +2.5496e+00
2103 +8.023199882e-10 +8.023199882e-10 -1.694000000e+01 -1.694000000e+01 +3.6560e+00 +2.5496e+00
2163 +1.144933037e-10 +1.144933037e-10 -1.694000000e+01 -1.694000000e+01 +3.6560e+00 +2.5496e+00
2184 +5.248779189e-11 +5.248779189e-11 -1.694000000e+01 -1.694000000e+01 +3.6560e+00 +2.5496e+00
2350 +3.118216796e-11 +3.118216796e-11 -1.694000000e+01 -1.694000000e+01 +3.6560e+00 +2.5496e+00
2365 +1.672262329e-11 +1.672262329e-11 -1.694000000e+01 -1.694000000e+01 +3.6560e+00 +2.5496e+00
2369 +6.277645070e-12 +6.277645070e-12 -1.694000000e+01 -1.694000000e+01 +3.6560e+00 +2.5496e+00
2454 +3.787192782e-12 +3.787192782e-12 -1.694000000e+01 -1.694000000e+01 +3.6560e+00 +2.5496e+00
2499 +1.442401754e-12 +1.442401754e-12 -1.694000000e+01 -1.694000000e+01 +3.6560e+00 +2.5496e+00
2608 +2.344791028e-13 +2.344791028e-13 -1.694000000e+01 -1.694000000e+01 +3.6560e+00 +2.5496e+00
2749 +1.527666882e-13 +1.527666882e-13 -1.694000000e+01 -1.694000000e+01 +3.6560e+00 +2.5496e+00
2753 +6.750155990e-14 +6.750155990e-14 -1.694000000e+01 -1.694000000e+01 +3.6560e+00 +2.5496e+00
2766 +4.973799150e-14 +4.973799150e-14 -1.694000000e+01 -1.694000000e+01 +3.6560e+00 +2.5496e+00
2784 +2.131628207e-14 +2.131628207e-14 -1.694000000e+01 -1.694000000e+01 +3.6560e+00 +2.5496e+00
2888 +1.421085472e-14 +1.421085472e-14 -1.694000000e+01 -1.694000000e+01 +3.6560e+00 +2.5496e+00
2914 +7.105427358e-15 +7.105427358e-15 -1.694000000e+01 -1.694000000e+01 +3.6560e+00 +2.5496e+00
2945 +3.552713679e-15 +3.552713679e-15 -1.694000000e+01 -1.694000000e+01 +3.6560e+00 +2.5496e+00
3161 +0.000000000e+00 +0.000000000e+00 -1.694000000e+01 -1.694000000e+01 +3.6560e+00 +2.5496e+00
% function evaluation | noise-free fitness - Fopt (1.881000000000e+01) | best noise-free fitness - Fopt | measured fitness | best measured fitness | x1 | x2...
1 +2.050302945e+01 +2.050302945e+01 +3.931302945e+01 +3.931302945e+01 +1.2196e-01 -1.4206e+00
2 +1.008179282e+01 +1.008179282e+01 +2.889179282e+01 +2.889179282e+01 -3.1618e+00 +4.8107e+00
4 +6.228016414e+00 +6.228016414e+00 +2.503801641e+01 +2.503801641e+01 +8.1289e-01 +4.3377e-01
28 +1.737009743e+00 +1.737009743e+00 +2.054700974e+01 +2.054700974e+01 +4.0448e-02 +1.8746e+00
159 +1.553315132e+00 +1.553315132e+00 +2.036331513e+01 +2.036331513e+01 -2.5926e-02 +1.9012e+00
175 +6.372245493e-01 +6.372245493e-01 +1.944722455e+01 +1.944722455e+01 -1.4973e-01 +1.9509e+00
180 +5.605980241e-01 +5.605980241e-01 +1.937059802e+01 +1.937059802e+01 +1.9137e-01 +1.8680e+00
242 +3.668769074e-01 +3.668769074e-01 +1.917687691e+01 +1.917687691e+01 +2.2778e-01 +1.6734e+00
375 +1.867530721e-01 +1.867530721e-01 +1.899675307e+01 +1.899675307e+01 -3.6222e-02 +1.7207e+00
384 +1.419474466e-01 +1.419474466e-01 +1.895194745e+01 +1.895194745e+01 -1.9536e-01 +1.7962e+00
388 +5.759837242e-02 +5.759837242e-02 +1.886759837e+01 +1.886759837e+01 -2.2273e-01 +1.7669e+00
549 +3.274232789e-02 +3.274232789e-02 +1.884274233e+01 +1.884274233e+01 -2.1994e-01 +1.7772e+00
704 +1.822765541e-02 +1.822765541e-02 +1.882822766e+01 +1.882822766e+01 -1.8926e-01 +1.7750e+00
777 +1.580373258e-02 +1.580373258e-02 +1.882580373e+01 +1.882580373e+01 -1.9642e-01 +1.7833e+00
787 +9.008990338e-03 +9.008990338e-03 +1.881900899e+01 +1.881900899e+01 -1.8162e-01 +1.7791e+00
827 +4.502912692e-03 +4.502912692e-03 +1.881450291e+01 +1.881450291e+01 -1.9267e-01 +1.7808e+00
942 +2.427691247e-03 +2.427691247e-03 +1.881242769e+01 +1.881242769e+01 -1.9121e-01 +1.7812e+00
1031 +1.137834396e-03 +1.137834396e-03 +1.881113783e+01 +1.881113783e+01 -1.9215e-01 +1.7810e+00
1041 +4.103705909e-04 +4.103705909e-04 +1.881041037e+01 +1.881041037e+01 -1.9130e-01 +1.7808e+00
1159 +3.445747731e-04 +3.445747731e-04 +1.881034457e+01 +1.881034457e+01 -1.9096e-01 +1.7808e+00
1217 +2.369263660e-04 +2.369263660e-04 +1.881023693e+01 +1.881023693e+01 -1.9100e-01 +1.7808e+00
1361 +1.321191255e-04 +1.321191255e-04 +1.881013212e+01 +1.881013212e+01 -1.9117e-01 +1.7808e+00
1381 +6.561487391e-05 +6.561487391e-05 +1.881006561e+01 +1.881006561e+01 -1.9117e-01 +1.7808e+00
1413 +5.049211565e-05 +5.049211565e-05 +1.881005049e+01 +1.881005049e+01 -1.9123e-01 +1.7808e+00
1451 +3.938831654e-05 +3.938831654e-05 +1.881003939e+01 +1.881003939e+01 -1.9120e-01 +1.7808e+00
1481 +1.652815023e-05 +1.652815023e-05 +1.881001653e+01 +1.881001653e+01 -1.9120e-01 +1.7808e+00
1558 +1.195224797e-05 +1.195224797e-05 +1.881001195e+01 +1.881001195e+01 -1.9120e-01 +1.7808e+00
1561 +5.297594846e-06 +5.297594846e-06 +1.881000530e+01 +1.881000530e+01 -1.9120e-01 +1.7808e+00
1716 +3.444875290e-06 +3.444875290e-06 +1.881000344e+01 +1.881000344e+01 -1.9120e-01 +1.7808e+00
1801 +2.178992581e-06 +2.178992581e-06 +1.881000218e+01 +1.881000218e+01 -1.9120e-01 +1.7808e+00
1837 +2.798558505e-07 +2.798558505e-07 +1.881000028e+01 +1.881000028e+01 -1.9120e-01 +1.7808e+00
2071 +7.564965543e-08 +7.564965543e-08 +1.881000008e+01 +1.881000008e+01 -1.9120e-01 +1.7808e+00
2163 +2.234439123e-08 +2.234439123e-08 +1.881000002e+01 +1.881000002e+01 -1.9120e-01 +1.7808e+00
2239 +1.034457142e-08 +1.034457142e-08 +1.881000001e+01 +1.881000001e+01 -1.9120e-01 +1.7808e+00
2269 +6.228926708e-09 +6.228926708e-09 +1.881000001e+01 +1.881000001e+01 -1.9120e-01 +1.7808e+00
2315 +1.747938683e-09 +1.747938683e-09 +1.881000000e+01 +1.881000000e+01 -1.9120e-01 +1.7808e+00
2412 +4.909104234e-10 +4.909104234e-10 +1.881000000e+01 +1.881000000e+01 -1.9120e-01 +1.7808e+00
2504 +1.030535657e-10 +1.030535657e-10 +1.881000000e+01 +1.881000000e+01 -1.9120e-01 +1.7808e+00
2588 +6.957634469e-11 +6.957634469e-11 +1.881000000e+01 +1.881000000e+01 -1.9120e-01 +1.7808e+00
2624 +5.693578942e-11 +5.693578942e-11 +1.881000000e+01 +1.881000000e+01 -1.9120e-01 +1.7808e+00
2660 +2.477662520e-11 +2.477662520e-11 +1.881000000e+01 +1.881000000e+01 -1.9120e-01 +1.7808e+00
2700 +1.028865881e-11 +1.028865881e-11 +1.881000000e+01 +1.881000000e+01 -1.9120e-01 +1.7808e+00
2721 +8.984812894e-12 +8.984812894e-12 +1.881000000e+01 +1.881000000e+01 -1.9120e-01 +1.7808e+00
2764 +4.838796031e-12 +4.838796031e-12 +1.881000000e+01 +1.881000000e+01 -1.9120e-01 +1.7808e+00
2799 +3.524291969e-12 +3.524291969e-12 +1.881000000e+01 +1.881000000e+01 -1.9120e-01 +1.7808e+00
2822 +1.708855280e-12 +1.708855280e-12 +1.881000000e+01 +1.881000000e+01 -1.9120e-01 +1.7808e+00
2868 +3.161915174e-13 +3.161915174e-13 +1.881000000e+01 +1.881000000e+01 -1.9120e-01 +1.7808e+00
2961 +2.380318165e-13 +2.380318165e-13 +1.881000000e+01 +1.881000000e+01 -1.9120e-01 +1.7808e+00
2962 +9.947598301e-14 +9.947598301e-14 +1.881000000e+01 +1.881000000e+01 -1.9120e-01 +1.7808e+00
3042 +5.329070518e-14 +5.329070518e-14 +1.881000000e+01 +1.881000000e+01 -1.9120e-01 +1.7808e+00
3090 +3.552713679e-14 +3.552713679e-14 +1.881000000e+01 +1.881000000e+01 -1.9120e-01 +1.7808e+00
3114 +7.105427358e-15 +7.105427358e-15 +1.881000000e+01 +1.881000000e+01 -1.9120e-01 +1.7808e+00
3205 +3.552713679e-15 +3.552713679e-15 +1.881000000e+01 +1.881000000e+01 -1.9120e-01 +1.7808e+00
3260 +0.000000000e+00 +0.000000000e+00 +1.881000000e+01 +1.881000000e+01 -1.9120e-01 +1.7808e+00
% function evaluation | noise-free fitness - Fopt (2.731500000000e+02) | best noise-free fitness - Fopt | measured fitness | best measured fitness | x1 | x2...
1 +1.281084413e+02 +1.281084413e+02 +4.012584413e+02 +4.012584413e+02 +4.9212e+00 -4.1104e+00
2 +5.964142553e+01 +5.964142553e+01 +3.327914255e+02 +3.327914255e+02 +2.1135e+00 -3.9604e+00
3 +1.263788125e+01 +1.263788125e+01 +2.857878812e+02 +2.857878812e+02 +1.6722e-02 +4.3869e+00
18 +8.913362827e+00 +8.913362827e+00 +2.820633628e+02 +2.820633628e+02 -2.8433e+00 +3.3366e+00
19 +4.689974575e+00 +4.689974575e+00 +2.778399746e+02 +2.778399746e+02 -4.9631e+00 +3.8072e+00
23 +3.423893670e+00 +3.423893670e+00 +2.765738937e+02 +2.765738937e+02 -2.9947e+00 +4.3869e+00
56 +1.975922338e+00 +1.975922338e+00 +2.751259223e+02 +2.751259223e+02 -4.5295e+00 +2.4457e+00
98 +7.493407114e-01 +7.493407114e-01 +2.738993407e+02 +2.738993407e+02 -3.7500e+00 +3.9427e+00
168 +5.346789194e-01 +5.346789194e-01 +2.736846789e+02 +2.736846789e+02 -3.8427e+00 +3.4684e+00
250 +1.768989462e-01 +1.768989462e-01 +2.733268989e+02 +2.733268989e+02 -3.5644e+00 +3.8536e+00
330 +9.794324989e-02 +9.794324989e-02 +2.732479432e+02 +2.732479432e+02 -3.6282e+00 +3.6787e+00
347 +5.398477829e-02 +5.398477829e-02 +2.732039848e+02 +2.732039848e+02 -3.5670e+00 +3.7761e+00
389 +7.163969127e-03 +7.163969127e-03 +2.731571640e+02 +2.731571640e+02 -3.5783e+00 +3.7541e+00
541 +3.508229758e-03 +3.508229758e-03 +2.731535082e+02 +2.731535082e+02 -3.5779e+00 +3.7540e+00
704 +9.965668614e-04 +9.965668614e-04 +2.731509966e+02 +2.731509966e+02 -3.5793e+00 +3.7540e+00
854 +2.789553274e-04 +2.789553274e-04 +2.731502790e+02 +2.731502790e+02 -3.5792e+00 +3.7538e+00
879 +2.316891533e-04 +2.316891533e-04 +2.731502317e+02 +2.731502317e+02 -3.5792e+00 +3.7538e+00
955 +2.966260433e-05 +2.966260433e-05 +2.731500297e+02 +2.731500297e+02 -3.5792e+00 +3.7536e+00
1233 +7.765904797e-06 +7.765904797e-06 +2.731500078e+02 +2.731500078e+02 -3.5792e+00 +3.7536e+00
1351 +3.439452769e-06 +3.439452769e-06 +2.731500034e+02 +2.731500034e+02 -3.5792e+00 +3.7536e+00
1446 +1.645079635e-06 +1.645079635e-06 +2.731500016e+02 +2.731500016e+02 -3.5792e+00 +3.7536e+00
1463 +1.285893234e-06 +1.285893234e-06 +2.731500013e+02 +2.731500013e+02 -3.5792e+00 +3.7536e+00
1469 +5.639714118e-07 +5.639714118e-07 +2.731500006e+02 +2.731500006e+02 -3.5792e+00 +3.7536e+00
1643 +3.135540965e-07 +3.135540965e-07 +2.731500003e+02 +2.731500003e+02 -3.5792e+00 +3.7536e+00
1674 +1.507797265e-07 +1.507797265e-07 +2.731500002e+02 +2.731500002e+02 -3.5792e+00 +3.7536e+00
1743 +9.464707773e-08 +9.464707773e-08 +2.731500001e+02 +2.731500001e+02 -3.5792e+00 +3.7536e+00
1778 +5.093295385e-08 +5.093295385e-08 +2.731500001e+02 +2.731500001e+02 -3.5792e+00 +3.7536e+00
1786 +2.512575747e-08 +2.512575747e-08 +2.731500000e+02 +2.731500000e+02 -3.5792e+00 +3.7536e+00
1864 +1.203756028e-08 +1.203756028e-08 +2.731500000e+02 +2.731500000e+02 -3.5792e+00 +3.7536e+00
1902 +9.912412224e-09 +9.912412224e-09 +2.731500000e+02 +2.731500000e+02 -3.5792e+00 +3.7536e+00
1954 +5.117442470e-09 +5.117442470e-09 +2.731500000e+02 +2.731500000e+02 -3.5792e+00 +3.7536e+00
1958 +3.928505521e-09 +3.928505521e-09 +2.731500000e+02 +2.731500000e+02 -3.5792e+00 +3.7536e+00
1981 +3.730633580e-10 +3.730633580e-10 +2.731500000e+02 +2.731500000e+02 -3.5792e+00 +3.7536e+00
2084 +3.421973815e-11 +3.421973815e-11 +2.731500000e+02 +2.731500000e+02 -3.5792e+00 +3.7536e+00
2284 +1.193711796e-11 +1.193711796e-11 +2.731500000e+02 +2.731500000e+02 -3.5792e+00 +3.7536e+00
2323 +5.002220860e-12 +5.002220860e-12 +2.731500000e+02 +2.731500000e+02 -3.5792e+00 +3.7536e+00
2342 +2.955857781e-12 +2.955857781e-12 +2.731500000e+02 +2.731500000e+02 -3.5792e+00 +3.7536e+00
2432 +1.705302566e-12 +1.705302566e-12 +2.731500000e+02 +2.731500000e+02 -3.5792e+00 +3.7536e+00
2466 +7.958078641e-13 +7.958078641e-13 +2.731500000e+02 +2.731500000e+02 -3.5792e+00 +3.7536e+00
2502 +6.252776075e-13 +6.252776075e-13 +2.731500000e+02 +2.731500000e+02 -3.5792e+00 +3.7536e+00
2563 +3.979039320e-13 +3.979039320e-13 +2.731500000e+02 +2.731500000e+02 -3.5792e+00 +3.7536e+00
2601 +2.273736754e-13 +2.273736754e-13 +2.731500000e+02 +2.731500000e+02 -3.5792e+00 +3.7536e+00
2642 +5.684341886e-14 +5.684341886e-14 +2.731500000e+02 +2.731500000e+02 -3.5792e+00 +3.7536e+00
2768 +0.000000000e+00 +0.000000000e+00 +2.731500000e+02 +2.731500000e+02 -3.5792e+00 +3.7536e+00
% function evaluation | noise-free fitness - Fopt (3.718000000000e+01) | best noise-free fitness - Fopt | measured fitness | best measured fitness | x1 | x2...
1 +6.036940313e+01 +6.036940313e+01 +9.754940313e+01 +9.754940313e+01 +4.4858e+00 -2.8202e+00
3 +4.480835197e+00 +4.480835197e+00 +4.166083520e+01 +4.166083520e+01 -2.6249e-01 +2.2653e+00
8 +2.000087144e+00 +2.000087144e+00 +3.918008714e+01 +3.918008714e+01 -4.7909e+00 +2.5734e+00
49 +1.033002184e+00 +1.033002184e+00 +3.821300218e+01 +3.821300218e+01 -3.5451e+00 +2.4448e+00
104 +5.326660520e-01 +5.326660520e-01 +3.771266605e+01 +3.771266605e+01 -3.5924e+00 +2.2436e+00
222 +2.584871412e-01 +2.584871412e-01 +3.743848714e+01 +3.743848714e+01 -3.6614e+00 +2.0213e+00
262 +1.043249677e-01 +1.043249677e-01 +3.728432497e+01 +3.728432497e+01 -3.9670e+00 +2.0425e+00
322 +5.873331519e-02 +5.873331519e-02 +3.723873332e+01 +3.723873332e+01 -3.8549e+00 +2.0737e+00
355 +3.439231057e-02 +3.439231057e-02 +3.721439231e+01 +3.721439231e+01 -3.8802e+00 +2.0596e+00
480 +5.772691123e-03 +5.772691123e-03 +3.718577269e+01 +3.718577269e+01 -3.9015e+00 +2.0603e+00
691 +1.661361966e-03 +1.661361966e-03 +3.718166136e+01 +3.718166136e+01 -3.8992e+00 +2.0602e+00
861 +6.586759038e-04 +6.586759038e-04 +3.718065868e+01 +3.718065868e+01 -3.8992e+00 +2.0601e+00
922 +2.298230270e-04 +2.298230270e-04 +3.718022982e+01 +3.718022982e+01 -3.8994e+00 +2.0600e+00
1048 +9.718594650e-05 +9.718594650e-05 +3.718009719e+01 +3.718009719e+01 -3.8992e+00 +2.0600e+00
1172 +6.217186450e-05 +6.217186450e-05 +3.718006217e+01 +3.718006217e+01 -3.8992e+00 +2.0600e+00
1244 +3.051364937e-05 +3.051364937e-05 +3.718003051e+01 +3.718003051e+01 -3.8992e+00 +2.0600e+00
1255 +2.224443641e-06 +2.224443641e-06 +3.718000222e+01 +3.718000222e+01 -3.8992e+00 +2.0600e+00
1521 +1.172593251e-06 +1.172593251e-06 +3.718000117e+01 +3.718000117e+01 -3.8992e+00 +2.0600e+00
1532 +7.894952248e-07 +7.894952248e-07 +3.718000079e+01 +3.718000079e+01 -3.8992e+00 +2.0600e+00
1626 +2.159547279e-07 +2.159547279e-07 +3.718000022e+01 +3.718000022e+01 -3.8992e+00 +2.0600e+00
1708 +7.106825706e-08 +7.106825706e-08 +3.718000007e+01 +3.718000007e+01 -3.8992e+00 +2.0600e+00
1894 +5.940950132e-08 +5.940950132e-08 +3.718000006e+01 +3.718000006e+01 -3.8992e+00 +2.0600e+00
1901 +6.173323186e-09 +6.173323186e-09 +3.718000001e+01 +3.718000001e+01 -3.8992e+00 +2.0600e+00
2061 +2.864382509e-09 +2.864382509e-09 +3.718000000e+01 +3.718000000e+01 -3.8992e+00 +2.0600e+00
2064 +1.547796558e-09 +1.547796558e-09 +3.718000000e+01 +3.718000000e+01 -3.8992e+00 +2.0600e+00
2162 +2.766284979e-10 +2.766284979e-10 +3.718000000e+01 +3.718000000e+01 -3.8992e+00 +2.0600e+00
2227 +2.340883043e-10 +2.340883043e-10 +3.718000000e+01 +3.718000000e+01 -3.8992e+00 +2.0600e+00
2301 +8.762413017e-11 +8.762413017e-11 +3.718000000e+01 +3.718000000e+01 -3.8992e+00 +2.0600e+00
2376 +1.969624464e-11 +1.969624464e-11 +3.718000000e+01 +3.718000000e+01 -3.8992e+00 +2.0600e+00
2439 +5.890399279e-12 +5.890399279e-12 +3.718000000e+01 +3.718000000e+01 -3.8992e+00 +2.0600e+00
2541 +3.090860901e-12 +3.090860901e-12 +3.718000000e+01 +3.718000000e+01 -3.8992e+00 +2.0600e+00
2561 +6.252776075e-13 +6.252776075e-13 +3.718000000e+01 +3.718000000e+01 -3.8992e+00 +2.0600e+00
2784 +2.557953849e-13 +2.557953849e-13 +3.718000000e+01 +3.718000000e+01 -3.8992e+00 +2.0600e+00
2804 +2.344791028e-13 +2.344791028e-13 +3.718000000e+01 +3.718000000e+01 -3.8992e+00 +2.0600e+00
2807 +4.263256415e-14 +4.263256415e-14 +3.718000000e+01 +3.718000000e+01 -3.8992e+00 +2.0600e+00
2877 +3.552713679e-14 +3.552713679e-14 +3.718000000e+01 +3.718000000e+01 -3.8992e+00 +2.0600e+00
2882 +7.105427358e-15 +7.105427358e-15 +3.718000000e+01 +3.718000000e+01 -3.8992e+00 +2.0600e+00
3029 +0.000000000e+00 +0.000000000e+00 +3.718000000e+01 +3.718000000e+01 -3.8992e+00 +2.0600e+00
% function evaluation | noise-free fitness - Fopt (-1.479000000000e+02) | best noise-free fitness - Fopt | measured fitness | best measured fitness | x1 | x2...
1 +2.895153446e+01 +2.895153446e+01 -1.189484655e+02 -1.189484655e+02 +3.7676e+00 -3.6827e+00
2 +1.152347219e+01 +1.152347219e+01 -1.363765278e+02 -1.363765278e+02 -3.5297e+00 -1.5994e+00
5 +4.351435081e+00 +4.351435081e+00 -1.435485649e+02 -1.435485649e+02 -2.2952e+00 -1.0502e+00
9 +2.531189266e+00 +2.531189266e+00 -1.453688107e+02 -1.453688107e+02 +5.1798e-02 -1.6257e+00
25 +2.470524709e+00 +2.470524709e+00 -1.454294753e+02 -1.454294753e+02 -2.9356e+00 +4.6543e-01
57 +1.348279151e+00 +1.348279151e+00 -1.465517208e+02 -1.465517208e+02 -1.4264e+00 -3.7001e-01
85 +3.720690235e-01 +3.720690235e-01 -1.475279310e+02 -1.475279310e+02 -1.3500e+00 -7.2032e-02
132 +2.438345869e-01 +2.438345869e-01 -1.476561654e+02 -1.476561654e+02 -1.6854e+00 +2.6167e-01
247 +1.216604389e-01 +1.216604389e-01 -1.477783396e+02 -1.477783396e+02 -1.6552e+00 +1.6998e-01
268 +9.776735489e-02 +9.776735489e-02 -1.478022326e+02 -1.478022326e+02 -1.6199e+00 +6.7007e-02
324 +4.119494900e-02 +4.119494900e-02 -1.478588051e+02 -1.478588051e+02 -1.6946e+00 +1.5133e-01
350 +3.514790205e-02 +3.514790205e-02 -1.478648521e+02 -1.478648521e+02 -1.6555e+00 +1.2895e-01
383 +2.304321235e-02 +2.304321235e-02 -1.478769568e+02 -1.478769568e+02 -1.6785e+00 +1.3581e-01
550 +1.351433614e-02 +1.351433614e-02 -1.478864857e+02 -1.478864857e+02 -1.6760e+00 +1.4169e-01
564 +4.078625730e-03 +4.078625730e-03 -1.478959214e+02 -1.478959214e+02 -1.6709e+00 +1.3421e-01
662 +3.070929582e-03 +3.070929582e-03 -1.478969291e+02 -1.478969291e+02 -1.6720e+00 +1.3746e-01
751 +1.003071715e-03 +1.003071715e-03 -1.478989969e+02 -1.478989969e+02 -1.6710e+00 +1.3551e-01
805 +9.836345923e-04 +9.836345923e-04 -1.478990164e+02 -1.478990164e+02 -1.6711e+00 +1.3578e-01
838 +2.297925514e-04 +2.297925514e-04 -1.478997702e+02 -1.478997702e+02 -1.6706e+00 +1.3535e-01
1090 +7.043658474e-05 +7.043658474e-05 -1.478999296e+02 -1.478999296e+02 -1.6704e+00 +1.3517e-01
1119 +5.584223783e-05 +5.584223783e-05 -1.478999442e+02 -1.478999442e+02 -1.6704e+00 +1.3517e-01
1151 +3.277127030e-05 +3.277127030e-05 -1.478999672e+02 -1.478999672e+02 -1.6704e+00 +1.3522e-01
1243 +8.355087857e-06 +8.355087857e-06 -1.478999916e+02 -1.478999916e+02 -1.6704e+00 +1.3520e-01
1425 +1.817670295e-06 +1.817670295e-06 -1.478999982e+02 -1.478999982e+02 -1.6704e+00 +1.3520e-01
1495 +1.462703096e-06 +1.462703096e-06 -1.478999985e+02 -1.478999985e+02 -1.6704e+00 +1.3520e-01
1557 +5.845811870e-07 +5.845811870e-07 -1.478999994e+02 -1.478999994e+02 -1.6704e+00 +1.3520e-01
1621 +3.108849285e-07 +3.108849285e-07 -1.478999997e+02 -1.478999997e+02 -1.6704e+00 +1.3520e-01
1738 +2.409238675e-07 +2.409238675e-07 -1.478999998e+02 -1.478999998e+02 -1.6704e+00 +1.3520e-01
1741 +1.177353397e-07 +1.177353397e-07 -1.478999999e+02 -1.478999999e+02 -1.6704e+00 +1.3520e-01
1803 +9.783758514e-08 +9.783758514e-08 -1.478999999e+02 -1.478999999e+02 -1.6704e+00 +1.3520e-01
1821 +5.143849080e-08 +5.143849080e-08 -1.478999999e+02 -1.478999999e+02 -1.6704e+00 +1.3520e-01
1823 +3.496720069e-08 +3.496720069e-08 -1.479000000e+02 -1.479000000e+02 -1.6704e+00 +1.3520e-01
1831 +1.672671601e-08 +1.672671601e-08 -1.479000000e+02 -1.479000000e+02 -1.6704e+00 +1.3520e-01
1927 +1.478670697e-08 +1.478670697e-08 -1.479000000e+02 -1.479000000e+02 -1.6704e+00 +1.3520e-01
1972 +1.920028581e-09 +1.920028581e-09 -1.479000000e+02 -1.479000000e+02 -1.6704e+00 +1.3520e-01
2129 +1.061607691e-09 +1.061607691e-09 -1.479000000e+02 -1.479000000e+02 -1.6704e+00 +1.3520e-01
2168 +6.986624612e-10 +6.986624612e-10 -1.479000000e+02 -1.479000000e+02 -1.6704e+00 +1.3520e-01
2184 +5.937295100e-10 +5.937295100e-10 -1.479000000e+02 -1.479000000e+02 -1.6704e+00 +1.3520e-01
2189 +2.100364327e-10 +2.100364327e-10 -1.479000000e+02 -1.479000000e+02 -1.6704e+00 +1.3520e-01
2241 +1.471960331e-10 +1.471960331e-10 -1.479000000e+02 -1.479000000e+02 -1.6704e+00 +1.3520e-01
2322 +4.388311936e-11 +4.388311936e-11 -1.479000000e+02 -1.479000000e+02 -1.6704e+00 +1.3520e-01
2324 +2.131628207e-11 +2.131628207e-11 -1.479000000e+02 -1.479000000e+02 -1.6704e+00 +1.3520e-01
2485 +1.389821591e-11 +1.389821591e-11 -1.479000000e+02 -1.479000000e+02 -1.6704e+00 +1.3520e-01
2501 +6.366462912e-12 +6.366462912e-12 -1.479000000e+02 -1.479000000e+02 -1.6704e+00 +1.3520e-01
2502 +4.661160347e-12 +4.661160347e-12 -1.479000000e+02 -1.479000000e+02 -1.6704e+00 +1.3520e-01
2570 +2.103206498e-12 +2.103206498e-12 -1.479000000e+02 -1.479000000e+02 -1.6704e+00 +1.3520e-01
2650 +1.051603249e-12 +1.051603249e-12 -1.479000000e+02 -1.479000000e+02 -1.6704e+00 +1.3520e-01
2663 +3.694822226e-13 +3.694822226e-13 -1.479000000e+02 -1.479000000e+02 -1.6704e+00 +1.3520e-01
2704 +1.989519660e-13 +1.989519660e-13 -1.479000000e+02 -1.479000000e+02 -1.6704e+00 +1.3520e-01
2775 +8.526512829e-14 +8.526512829e-14 -1.479000000e+02 -1.479000000e+02 -1.6704e+00 +1.3520e-01
2839 +5.684341886e-14 +5.684341886e-14 -1.479000000e+02 -1.479000000e+02 -1.6704e+00 +1.3520e-01
2884 +2.842170943e-14 +2.842170943e-14 -1.479000000e+02 -1.479000000e+02 -1.6704e+00 +1.3520e-01
3021 +0.000000000e+00 +0.000000000e+00 -1.479000000e+02 -1.479000000e+02 -1.6704e+00 +1.3520e-01
% function evaluation | noise-free fitness - Fopt (-2.218900000000e+02) | best noise-free fitness - Fopt | measured fitness | best measured fitness | x1 | x2...
1 +4.593350141e+01 +4.593350141e+01 -1.759564986e+02 -1.759564986e+02 -1.0142e+00 -2.6967e+00
2 +1.481372746e+01 +1.481372746e+01 -2.070762725e+02 -2.070762725e+02 -4.0441e+00 +4.2631e+00
6 +4.218455977e+00 +4.218455977e+00 -2.176715440e+02 -2.176715440e+02 -3.8317e+00 -1.9670e-01
21 +1.905964227e+00 +1.905964227e+00 -2.199840358e+02 -2.199840358e+02 -4.3673e+00 -1.9670e-01
25 +2.485223757e-01 +2.485223757e-01 -2.216414776e+02 -2.216414776e+02 -4.0441e+00 +3.2468e-01
241 +1.136298172e-01 +1.136298172e-01 -2.217763702e+02 -2.217763702e+02 -3.9848e+00 +2.9804e-01
333 +9.875254240e-02 +9.875254240e-02 -2.217912475e+02 -2.217912475e+02 -3.8465e+00 +2.3195e-01
517 +3.665891617e-02 +3.665891617e-02 -2.218533411e+02 -2.218533411e+02 -3.9368e+00 +2.5552e-01
550 +6.830807037e-03 +6.830807037e-03 -2.218831692e+02 -2.218831692e+02 -3.9399e+00 +2.4587e-01
701 +3.943999269e-03 +3.943999269e-03 -2.218860560e+02 -2.218860560e+02 -3.9404e+00 +2.4609e-01
951 +2.178349512e-03 +2.178349512e-03 -2.218878217e+02 -2.218878217e+02 -3.9419e+00 +2.4744e-01
984 +4.217779523e-04 +4.217779523e-04 -2.218895782e+02 -2.218895782e+02 -3.9431e+00 +2.4800e-01
1005 +2.361165460e-04 +2.361165460e-04 -2.218897639e+02 -2.218897639e+02 -3.9430e+00 +2.4798e-01
1072 +4.031801791e-05 +4.031801791e-05 -2.218899597e+02 -2.218899597e+02 -3.9432e+00 +2.4802e-01
1101 +2.931650292e-05 +2.931650292e-05 -2.218899707e+02 -2.218899707e+02 -3.9432e+00 +2.4801e-01
1391 +1.538008661e-05 +1.538008661e-05 -2.218899846e+02 -2.218899846e+02 -3.9432e+00 +2.4800e-01
1523 +4.619594449e-06 +4.619594449e-06 -2.218899954e+02 -2.218899954e+02 -3.9432e+00 +2.4800e-01
1582 +2.587157951e-06 +2.587157951e-06 -2.218899974e+02 -2.218899974e+02 -3.9432e+00 +2.4800e-01
1584 +2.425561689e-06 +2.425561689e-06 -2.218899976e+02 -2.218899976e+02 -3.9432e+00 +2.4800e-01
1632 +9.550226707e-07 +9.550226707e-07 -2.218899990e+02 -2.218899990e+02 -3.9432e+00 +2.4800e-01
1770 +4.442602517e-07 +4.442602517e-07 -2.218899996e+02 -2.218899996e+02 -3.9432e+00 +2.4800e-01
1783 +3.588214099e-07 +3.588214099e-07 -2.218899996e+02 -2.218899996e+02 -3.9432e+00 +2.4800e-01
1821 +1.793879107e-07 +1.793879107e-07 -2.218899998e+02 -2.218899998e+02 -3.9432e+00 +2.4800e-01
1892 +1.172074633e-07 +1.172074633e-07 -2.218899999e+02 -2.218899999e+02 -3.9432e+00 +2.4800e-01
1962 +3.239560442e-08 +3.239560442e-08 -2.218900000e+02 -2.218900000e+02 -3.9432e+00 +2.4800e-01
2001 +2.017142720e-08 +2.017142720e-08 -2.218900000e+02 -2.218900000e+02 -3.9432e+00 +2.4800e-01
2121 +1.571410735e-08 +1.571410735e-08 -2.218900000e+02 -2.218900000e+02 -3.9432e+00 +2.4800e-01
2188 +6.769994343e-09 +6.769994343e-09 -2.218900000e+02 -2.218900000e+02 -3.9432e+00 +2.4800e-01
2192 +2.698214985e-09 +2.698214985e-09 -2.218900000e+02 -2.218900000e+02 -3.9432e+00 +2.4800e-01
2203 +1.661788929e-09 +1.661788929e-09 -2.218900000e+02 -2.218900000e+02 -3.9432e+00 +2.4800e-01
2222 +1.537671324e-09 +1.537671324e-09 -2.218900000e+02 -2.218900000e+02 -3.9432e+00 +2.4800e-01
2315 +9.272866919e-10 +9.272866919e-10 -2.218900000e+02 -2.218900000e+02 -3.9432e+00 +2.4800e-01
2342 +5.161098215e-10 +5.161098215e-10 -2.218900000e+02 -2.218900000e+02 -3.9432e+00 +2.4800e-01
2365 +3.400089099e-10 +3.400089099e-10 -2.218900000e+02 -2.218900000e+02 -3.9432e+00 +2.4800e-01
2384 +2.414139999e-10 +2.414139999e-10 -2.218900000e+02 -2.218900000e+02 -3.9432e+00 +2.4800e-01
2410 +7.696598914e-11 +7.696598914e-11 -2.218900000e+02 -2.218900000e+02 -3.9432e+00 +2.4800e-01
2469 +5.229594535e-11 +5.229594535e-11 -2.218900000e+02 -2.218900000e+02 -3.9432e+00 +2.4800e-01
2513 +9.578116078e-12 +9.578116078e-12 -2.218900000e+02 -2.218900000e+02 -3.9432e+00 +2.4800e-01
2622 +2.131628207e-12 +2.131628207e-12 -2.218900000e+02 -2.218900000e+02 -3.9432e+00 +2.4800e-01
2686 +9.663381206e-13 +9.663381206e-13 -2.218900000e+02 -2.218900000e+02 -3.9432e+00 +2.4800e-01
2717 +5.684341886e-13 +5.684341886e-13 -2.218900000e+02 -2.218900000e+02 -3.9432e+00 +2.4800e-01
2720 +3.126388037e-13 +3.126388037e-13 -2.218900000e+02 -2.218900000e+02 -3.9432e+00 +2.4800e-01
2745 +1.705302566e-13 +1.705302566e-13 -2.218900000e+02 -2.218900000e+02 -3.9432e+00 +2.4800e-01
2822 +5.684341886e-14 +5.684341886e-14 -2.218900000e+02 -2.218900000e+02 -3.9432e+00 +2.4800e-01
2931 +2.842170943e-14 +2.842170943e-14 -2.218900000e+02 -2.218900000e+02 -3.9432e+00 +2.4800e-01
3043 +0.000000000e+00 +0.000000000e+00 -2.218900000e+02 -2.218900000e+02 -3.9432e+00 +2.4800e-01
% function evaluation | noise-free fitness - Fopt (1.195400000000e+02) | best noise-free fitness - Fopt | measured fitness | best measured fitness | x1 | x2...
1 +6.491861747e+00 +6.491861747e+00 +1.260318617e+02 +1.260318617e+02 +1.2076e+00 -1.1089e+00
24 +5.954831491e+00 +5.954831491e+00 +1.254948315e+02 +1.254948315e+02 +1.9936e+00 -1.2222e-01
61 +1.986881636e+00 +1.986881636e+00 +1.215268816e+02 +1.215268816e+02 +1.8771e+00 +5.2052e-01
108 +1.486164111e+00 +1.486164111e+00 +1.210261641e+02 +1.210261641e+02 +1.5578e+00 +1.2124e+00
189 +9.655007454e-01 +9.655007454e-01 +1.205055007e+02 +1.205055007e+02 +1.0291e+00 +7.2602e-01
267 +5.987944235e-01 +5.987944235e-01 +1.201387944e+02 +1.201387944e+02 +9.6038e-01 +8.5142e-01
342 +3.715506059e-01 +3.715506059e-01 +1.199115506e+02 +1.199115506e+02 +1.5943e+00 +7.9398e-01
344 +2.445092934e-01 +2.445092934e-01 +1.197845093e+02 +1.197845093e+02 +1.4201e+00 +1.0056e+00
375 +1.037794176e-01 +1.037794176e-01 +1.196437794e+02 +1.196437794e+02 +1.2871e+00 +9.0133e-01
448 +4.074276874e-02 +4.074276874e-02 +1.195807428e+02 +1.195807428e+02 +1.3001e+00 +9.1235e-01
531 +3.121698439e-02 +3.121698439e-02 +1.195712170e+02 +1.195712170e+02 +1.3008e+00 +9.1153e-01
609 +1.749038149e-02 +1.749038149e-02 +1.195574904e+02 +1.195574904e+02 +1.3175e+00 +9.1526e-01
683 +1.320614307e-02 +1.320614307e-02 +1.195532061e+02 +1.195532061e+02 +1.3145e+00 +9.0824e-01
749 +8.034642225e-03 +8.034642225e-03 +1.195480346e+02 +1.195480346e+02 +1.3264e+00 +9.0821e-01
785 +4.452157730e-03 +4.452157730e-03 +1.195444522e+02 +1.195444522e+02 +1.3217e+00 +9.0937e-01
792 +3.025006677e-03 +3.025006677e-03 +1.195430250e+02 +1.195430250e+02 +1.3178e+00 +9.0817e-01
951 +1.084169681e-03 +1.084169681e-03 +1.195410842e+02 +1.195410842e+02 +1.3194e+00 +9.0866e-01
977 +3.207720560e-04 +3.207720560e-04 +1.195403208e+02 +1.195403208e+02 +1.3192e+00 +9.0877e-01
1124 +2.295127007e-04 +2.295127007e-04 +1.195402295e+02 +1.195402295e+02 +1.3190e+00 +9.0883e-01
1161 +2.931375954e-05 +2.931375954e-05 +1.195400293e+02 +1.195400293e+02 +1.3192e+00 +9.0879e-01
1322 +9.877940016e-06 +9.877940016e-06 +1.195400099e+02 +1.195400099e+02 +1.3192e+00 +9.0880e-01
1456 +1.164415124e-06 +1.164415124e-06 +1.195400012e+02 +1.195400012e+02 +1.3192e+00 +9.0880e-01
1625 +7.542411566e-07 +7.542411566e-07 +1.195400008e+02 +1.195400008e+02 +1.3192e+00 +9.0880e-01
1760 +5.372688747e-07 +5.372688747e-07 +1.195400005e+02 +1.195400005e+02 +1.3192e+00 +9.0880e-01
1829 +3.117136060e-07 +3.117136060e-07 +1.195400003e+02 +1.195400003e+02 +1.3192e+00 +9.0880e-01
1893 +1.024686327e-07 +1.024686327e-07 +1.195400001e+02 +1.195400001e+02 +1.3192e+00 +9.0880e-01
1981 +4.875060711e-08 +4.875060711e-08 +1.195400000e+02 +1.195400000e+02 +1.3192e+00 +9.0880e-01
2005 +2.801287735e-08 +2.801287735e-08 +1.195400000e+02 +1.195400000e+02 +1.3192e+00 +9.0880e-01
2081 +2.306943259e-08 +2.306943259e-08 +1.195400000e+02 +1.195400000e+02 +1.3192e+00 +9.0880e-01
2138 +1.079467893e-08 +1.079467893e-08 +1.195400000e+02 +1.195400000e+02 +1.3192e+00 +9.0880e-01
2178 +6.329671010e-09 +6.329671010e-09 +1.195400000e+02 +1.195400000e+02 +1.3192e+00 +9.0880e-01
2202 +1.034294428e-09 +1.034294428e-09 +1.195400000e+02 +1.195400000e+02 +1.3192e+00 +9.0880e-01
2273 +9.377458809e-10 +9.377458809e-10 +1.195400000e+02 +1.195400000e+02 +1.3192e+00 +9.0880e-01
2405 +6.112372830e-10 +6.112372830e-10 +1.195400000e+02 +1.195400000e+02 +1.3192e+00 +9.0880e-01
2411 +3.456932518e-10 +3.456932518e-10 +1.195400000e+02 +1.195400000e+02 +1.3192e+00 +9.0880e-01
2442 +1.889048917e-10 +1.889048917e-10 +1.195400000e+02 +1.195400000e+02 +1.3192e+00 +9.0880e-01
2486 +3.942091098e-11 +3.942091098e-11 +1.195400000e+02 +1.195400000e+02 +1.3192e+00 +9.0880e-01
2578 +1.460875865e-11 +1.460875865e-11 +1.195400000e+02 +1.195400000e+02 +1.3192e+00 +9.0880e-01
2608 +2.984279490e-12 +2.984279490e-12 +1.195400000e+02 +1.195400000e+02 +1.3192e+00 +9.0880e-01
2665 +1.634248292e-12 +1.634248292e-12 +1.195400000e+02 +1.195400000e+02 +1.3192e+00 +9.0880e-01
2710 +6.821210263e-13 +6.821210263e-13 +1.195400000e+02 +1.195400000e+02 +1.3192e+00 +9.0880e-01
2741 +3.694822226e-13 +3.694822226e-13 +1.195400000e+02 +1.195400000e+02 +1.3192e+00 +9.0880e-01
2942 +5.684341886e-14 +5.684341886e-14 +1.195400000e+02 +1.195400000e+02 +1.3192e+00 +9.0880e-01
3034 +2.842170943e-14 +2.842170943e-14 +1.195400000e+02 +1.195400000e+02 +1.3192e+00 +9.0880e-01
3122 +1.421085472e-14 +1.421085472e-14 +1.195400000e+02 +1.195400000e+02 +1.3192e+00 +9.0880e-01
3307 +0.000000000e+00 +0.000000000e+00 +1.195400000e+02 +1.195400000e+02 +1.3192e+00 +9.0880e-01
% function evaluation | noise-free fitness - Fopt (6.983000000000e+01) | best noise-free fitness - Fopt | measured fitness | best measured fitness | x1 | x2...
1 +1.699434066e+01 +1.699434066e+01 +8.682434066e+01 +8.682434066e+01 +3.4915e+00 -3.3535e+00
3 +1.051998955e+01 +1.051998955e+01 +8.034998955e+01 +8.034998955e+01 -5.1258e-01 -1.5087e+00
7 +8.143654734e+00 +8.143654734e+00 +7.797365473e+01 +7.797365473e+01 +3.9183e+00 -4.0422e+00
13 +4.654855262e+00 +4.654855262e+00 +7.448485526e+01 +7.448485526e+01 -2.5666e+00 -2.0101e+00
52 +2.530411038e+00 +2.530411038e+00 +7.236041104e+01 +7.236041104e+01 -1.8316e+00 -9.6926e-01
70 +2.170022796e+00 +2.170022796e+00 +7.200002280e+01 +7.200002280e+01 -2.3279e+00 -2.0135e+00
124 +1.391747801e+00 +1.391747801e+00 +7.122174780e+01 +7.122174780e+01 -3.1455e+00 -9.7297e-01
187 +9.331706105e-01 +9.331706105e-01 +7.076317061e+01 +7.076317061e+01 -2.5026e+00 -1.7557e+00
284 +5.294175932e-01 +5.294175932e-01 +7.035941759e+01 +7.035941759e+01 -3.4612e+00 -1.4098e+00
291 +2.233039322e-01 +2.233039322e-01 +7.005330393e+01 +7.005330393e+01 -2.8831e+00 -1.5018e+00
425 +3.689976211e-02 +3.689976211e-02 +6.986689976e+01 +6.986689976e+01 -2.8797e+00 -1.4632e+00
537 +2.178978695e-02 +2.178978695e-02 +6.985178979e+01 +6.985178979e+01 -2.8858e+00 -1.4559e+00
557 +1.477714622e-02 +1.477714622e-02 +6.984477715e+01 +6.984477715e+01 -2.8630e+00 -1.4593e+00
661 +7.903039593e-03 +7.903039593e-03 +6.983790304e+01 +6.983790304e+01 -2.8615e+00 -1.4588e+00
694 +5.121185007e-03 +5.121185007e-03 +6.983512119e+01 +6.983512119e+01 -2.8695e+00 -1.4557e+00
749 +3.168331094e-03 +3.168331094e-03 +6.983316833e+01 +6.983316833e+01 -2.8650e+00 -1.4571e+00
761 +2.101823547e-03 +2.101823547e-03 +6.983210182e+01 +6.983210182e+01 -2.8652e+00 -1.4560e+00
824 +1.104896307e-03 +1.104896307e-03 +6.983110490e+01 +6.983110490e+01 -2.8656e+00 -1.4563e+00
876 +3.983404644e-04 +3.983404644e-04 +6.983039834e+01 +6.983039834e+01 -2.8657e+00 -1.4559e+00
915 +1.992994419e-04 +1.992994419e-04 +6.983019930e+01 +6.983019930e+01 -2.8655e+00 -1.4560e+00
1114 +3.274862604e-05 +3.274862604e-05 +6.983003275e+01 +6.983003275e+01 -2.8656e+00 -1.4560e+00
1220 +2.242347442e-05 +2.242347442e-05 +6.983002242e+01 +6.983002242e+01 -2.8656e+00 -1.4560e+00
1280 +1.372282837e-05 +1.372282837e-05 +6.983001372e+01 +6.983001372e+01 -2.8656e+00 -1.4560e+00
1375 +7.177559695e-06 +7.177559695e-06 +6.983000718e+01 +6.983000718e+01 -2.8656e+00 -1.4560e+00
1423 +4.920214622e-06 +4.920214622e-06 +6.983000492e+01 +6.983000492e+01 -2.8656e+00 -1.4560e+00
1441 +3.713802400e-06 +3.713802400e-06 +6.983000371e+01 +6.983000371e+01 -2.8656e+00 -1.4560e+00
1609 +1.645753429e-06 +1.645753429e-06 +6.983000165e+01 +6.983000165e+01 -2.8656e+00 -1.4560e+00
1612 +1.540902005e-06 +1.540902005e-06 +6.983000154e+01 +6.983000154e+01 -2.8656e+00 -1.4560e+00
1644 +6.482382560e-07 +6.482382560e-07 +6.983000065e+01 +6.983000065e+01 -2.8656e+00 -1.4560e+00
1689 +5.427952914e-07 +5.427952914e-07 +6.983000054e+01 +6.983000054e+01 -2.8656e+00 -1.4560e+00
1709 +3.530610684e-07 +3.530610684e-07 +6.983000035e+01 +6.983000035e+01 -2.8656e+00 -1.4560e+00
1784 +2.266061330e-07 +2.266061330e-07 +6.983000023e+01 +6.983000023e+01 -2.8656e+00 -1.4560e+00
1801 +1.439627653e-07 +1.439627653e-07 +6.983000014e+01 +6.983000014e+01 -2.8656e+00 -1.4560e+00
1841 +8.684924069e-08 +8.684924069e-08 +6.983000009e+01 +6.983000009e+01 -2.8656e+00 -1.4560e+00
1918 +5.763737931e-08 +5.763737931e-08 +6.983000006e+01 +6.983000006e+01 -2.8656e+00 -1.4560e+00
1950 +2.151034550e-08 +2.151034550e-08 +6.983000002e+01 +6.983000002e+01 -2.8656e+00 -1.4560e+00
2041 +1.516116299e-08 +1.516116299e-08 +6.983000002e+01 +6.983000002e+01 -2.8656e+00 -1.4560e+00
2094 +9.291085235e-09 +9.291085235e-09 +6.983000001e+01 +6.983000001e+01 -2.8656e+00 -1.4560e+00
2129 +4.776083529e-09 +4.776083529e-09 +6.983000000e+01 +6.983000000e+01 -2.8656e+00 -1.4560e+00
2160 +3.575820529e-09 +3.575820529e-09 +6.983000000e+01 +6.983000000e+01 -2.8656e+00 -1.4560e+00
2168 +1.811514494e-09 +1.811514494e-09 +6.983000000e+01 +6.983000000e+01 -2.8656e+00 -1.4560e+00
2221 +1.023607865e-09 +1.023607865e-09 +6.983000000e+01 +6.983000000e+01 -2.8656e+00 -1.4560e+00
2260 +7.334932661e-10 +7.334932661e-10 +6.983000000e+01 +6.983000000e+01 -2.8656e+00 -1.4560e+00
2269 +5.606750619e-10 +5.606750619e-10 +6.983000000e+01 +6.983000000e+01 -2.8656e+00 -1.4560e+00
2296 +3.055475872e-10 +3.055475872e-10 +6.983000000e+01 +6.983000000e+01 -2.8656e+00 -1.4560e+00
2322 +8.407141650e-11 +8.407141650e-11 +6.983000000e+01 +6.983000000e+01 -2.8656e+00 -1.4560e+00
2398 +2.047784164e-11 +2.047784164e-11 +6.983000000e+01 +6.983000000e+01 -2.8656e+00 -1.4560e+00
2490 +1.503508429e-11 +1.503508429e-11 +6.983000000e+01 +6.983000000e+01 -2.8656e+00 -1.4560e+00
2549 +5.243805390e-12 +5.243805390e-12 +6.983000000e+01 +6.983000000e+01 -2.8656e+00 -1.4560e+00
2565 +6.110667528e-13 +6.110667528e-13 +6.983000000e+01 +6.983000000e+01 -2.8656e+00 -1.4560e+00
2724 +3.552713679e-13 +3.552713679e-13 +6.983000000e+01 +6.983000000e+01 -2.8656e+00 -1.4560e+00
2768 +2.131628207e-13 +2.131628207e-13 +6.983000000e+01 +6.983000000e+01 -2.8656e+00 -1.4560e+00
2812 +5.684341886e-14 +5.684341886e-14 +6.983000000e+01 +6.983000000e+01 -2.8656e+00 -1.4560e+00
2868 +2.842170943e-14 +2.842170943e-14 +6.983000000e+01 +6.983000000e+01 -2.8656e+00 -1.4560e+00
2902 +0.000000000e+00 +0.000000000e+00 +6.983000000e+01 +6.983000000e+01 -2.8656e+00 -1.4560e+00
% function evaluation | noise-free fitness - Fopt (7.000000000000e-02) | best noise-free fitness - Fopt | measured fitness | best measured fitness | x1 | x2...
1 +7.000025479e+01 +7.000025479e+01 +7.007025479e+01 +7.007025479e+01 +1.8088e+00 +2.6372e+00
3 +2.066683120e+01 +2.066683120e+01 +2.073683120e+01 +2.073683120e+01 +1.5079e+00 -1.2010e+00
5 +1.098889862e+01 +1.098889862e+01 +1.105889862e+01 +1.105889862e+01 +2.9698e+00 -3.0416e-01
8 +4.799652241e+00 +4.799652241e+00 +4.869652241e+00 +4.869652241e+00 +3.0088e+00 -3.6642e-01
10 +3.128126100e+00 +3.128126100e+00 +3.198126100e+00 +3.198126100e+00 +3.8610e+00 -3.4430e+00
28 +2.002754198e+00 +2.002754198e+00 +2.072754198e+00 +2.072754198e+00 +3.5031e+00 -2.8275e+00
73 +1.197515756e+00 +1.197515756e+00 +1.267515756e+00 +1.267515756e+00 +3.2586e+00 -1.4064e+00
169 +8.687172762e-01 +8.687172762e-01 +9.387172762e-01 +9.387172762e-01 +3.5010e+00 -1.7073e+00
170 +1.573319613e-01 +1.573319613e-01 +2.273319613e-01 +2.273319613e-01 +3.7660e+00 -2.1300e+00
365 +9.926529115e-02 +9.926529115e-02 +1.692652911e-01 +1.692652911e-01 +3.7841e+00 -2.0369e+00
490 +3.302493598e-02 +3.302493598e-02 +1.030249360e-01 +1.030249360e-01 +3.7390e+00 -1.9788e+00
524 +8.812934479e-03 +8.812934479e-03 +7.881293448e-02 +7.881293448e-02 +3.7374e+00 -1.9896e+00
645 +3.362820888e-03 +3.362820888e-03 +7.336282089e-02 +7.336282089e-02 +3.7402e+00 -1.9976e+00
744 +2.257566749e-03 +2.257566749e-03 +7.225756675e-02 +7.225756675e-02 +3.7403e+00 -1.9966e+00
756 +8.746008836e-04 +8.746008836e-04 +7.087460088e-02 +7.087460088e-02 +3.7406e+00 -1.9965e+00
921 +4.338850143e-04 +4.338850143e-04 +7.043388501e-02 +7.043388501e-02 +3.7407e+00 -1.9965e+00
961 +3.158670952e-04 +3.158670952e-04 +7.031586710e-02 +7.031586710e-02 +3.7408e+00 -1.9969e+00
971 +2.511193041e-04 +2.511193041e-04 +7.025111930e-02 +7.025111930e-02 +3.7407e+00 -1.9966e+00
1028 +1.271866909e-04 +1.271866909e-04 +7.012718669e-02 +7.012718669e-02 +3.7408e+00 -1.9968e+00
1103 +1.836636995e-06 +1.836636995e-06 +7.000183664e-02 +7.000183664e-02 +3.7408e+00 -1.9968e+00
1760 +5.748905729e-07 +5.748905729e-07 +7.000057489e-02 +7.000057489e-02 +3.7408e+00 -1.9968e+00
2010 +3.636910784e-07 +3.636910784e-07 +7.000036369e-02 +7.000036369e-02 +3.7408e+00 -1.9968e+00
2050 +1.450699556e-07 +1.450699556e-07 +7.000014507e-02 +7.000014507e-02 +3.7408e+00 -1.9968e+00
2133 +2.999617450e-08 +2.999617450e-08 +7.000003000e-02 +7.000003000e-02 +3.7408e+00 -1.9968e+00
2203 +2.417736622e-08 +2.417736622e-08 +7.000002418e-02 +7.000002418e-02 +3.7408e+00 -1.9968e+00
2228 +1.387902912e-08 +1.387902912e-08 +7.000001388e-02 +7.000001388e-02 +3.7408e+00 -1.9968e+00
2237 +4.171695989e-09 +4.171695989e-09 +7.000000417e-02 +7.000000417e-02 +3.7408e+00 -1.9968e+00
2292 +1.469677477e-09 +1.469677477e-09 +7.000000147e-02 +7.000000147e-02 +3.7408e+00 -1.9968e+00
2382 +9.142638452e-10 +9.142638452e-10 +7.000000091e-02 +7.000000091e-02 +3.7408e+00 -1.9968e+00
2405 +5.125706665e-10 +5.125706665e-10 +7.000000051e-02 +7.000000051e-02 +3.7408e+00 -1.9968e+00
2450 +3.950682420e-10 +3.950682420e-10 +7.000000040e-02 +7.000000040e-02 +3.7408e+00 -1.9968e+00
2503 +1.691088936e-10 +1.691088936e-10 +7.000000017e-02 +7.000000017e-02 +3.7408e+00 -1.9968e+00
2527 +1.274299138e-10 +1.274299138e-10 +7.000000013e-02 +7.000000013e-02 +3.7408e+00 -1.9968e+00
2532 +1.828195928e-11 +1.828195928e-11 +7.000000002e-02 +7.000000002e-02 +3.7408e+00 -1.9968e+00
2621 +1.341012024e-11 +1.341012024e-11 +7.000000001e-02 +7.000000001e-02 +3.7408e+00 -1.9968e+00
2625 +3.725242337e-12 +3.725242337e-12 +7.000000000e-02 +7.000000000e-02 +3.7408e+00 -1.9968e+00
2743 +2.332758986e-12 +2.332758986e-12 +7.000000000e-02 +7.000000000e-02 +3.7408e+00 -1.9968e+00
2803 +4.345829252e-13 +4.345829252e-13 +7.000000000e-02 +7.000000000e-02 +3.7408e+00 -1.9968e+00
2961 +3.129024817e-13 +3.129024817e-13 +7.000000000e-02 +7.000000000e-02 +3.7408e+00 -1.9968e+00
2982 +9.994782779e-14 +9.994782779e-14 +7.000000000e-02 +7.000000000e-02 +3.7408e+00 -1.9968e+00
3105 +3.164135620e-14 +3.164135620e-14 +7.000000000e-02 +7.000000000e-02 +3.7408e+00 -1.9968e+00
3185 +1.898481372e-14 +1.898481372e-14 +7.000000000e-02 +7.000000000e-02 +3.7408e+00 -1.9968e+00
3194 +1.490474411e-14 +1.490474411e-14 +7.000000000e-02 +7.000000000e-02 +3.7408e+00 -1.9968e+00
3201 +8.174017019e-15 +8.174017019e-15 +7.000000000e-02 +7.000000000e-02 +3.7408e+00 -1.9968e+00
3242 +4.454769886e-15 +4.454769886e-15 +7.000000000e-02 +7.000000000e-02 +3.7408e+00 -1.9968e+00
3291 +3.774758284e-15 +3.774758284e-15 +7.000000000e-02 +7.000000000e-02 +3.7408e+00 -1.9968e+00
3302 +1.887379142e-15 +1.887379142e-15 +7.000000000e-02 +7.000000000e-02 +3.7408e+00 -1.9968e+00
3341 +1.346145417e-15 +1.346145417e-15 +7.000000000e-02 +7.000000000e-02 +3.7408e+00 -1.9968e+00
3343 +3.330669074e-16 +3.330669074e-16 +7.000000000e-02 +7.000000000e-02 +3.7408e+00 -1.9968e+00
3446 +0.000000000e+00 +0.000000000e+00 +7.000000000e-02 +7.000000000e-02 +3.7408e+00 -1.9968e+00
% function evaluation | noise-free fitness - Fopt (4.960000000000e+00) | best noise-free fitness - Fopt | measured fitness | best measured fitness | x1 | x2...
1 +2.160954527e+01 +2.160954527e+01 +2.656954527e+01 +2.656954527e+01 -3.4252e+00 -1.6787e-01
2 +1.412717138e+01 +1.412717138e+01 +1.908717138e+01 +1.908717138e+01 -1.9020e+00 +1.1102e+00
8 +6.767625560e+00 +6.767625560e+00 +1.172762556e+01 +1.172762556e+01 -7.3458e-01 +4.3811e+00
12 +5.284239011e+00 +5.284239011e+00 +1.024423901e+01 +1.024423901e+01 +2.8018e+00 +3.3649e+00
32 +3.264207746e+00 +3.264207746e+00 +8.224207746e+00 +8.224207746e+00 +2.3240e+00 +3.9734e+00
80 +2.456779950e+00 +2.456779950e+00 +7.416779950e+00 +7.416779950e+00 +3.8716e+00 +1.8933e+00
87 +1.398406568e+00 +1.398406568e+00 +6.358406568e+00 +6.358406568e+00 +3.0998e+00 +2.5808e+00
163 +5.261423658e-01 +5.261423658e-01 +5.486142366e+00 +5.486142366e+00 +3.0558e+00 +1.8075e+00
226 +1.967059221e-01 +1.967059221e-01 +5.156705922e+00 +5.156705922e+00 +3.2814e+00 +1.8646e+00
303 +7.702824697e-02 +7.702824697e-02 +5.037028247e+00 +5.037028247e+00 +3.2455e+00 +1.8087e+00
361 +6.040518961e-02 +6.040518961e-02 +5.020405190e+00 +5.020405190e+00 +3.2653e+00 +1.8219e+00
379 +3.301281246e-02 +3.301281246e-02 +4.993012812e+00 +4.993012812e+00 +3.2646e+00 +1.8005e+00
468 +2.417731821e-02 +2.417731821e-02 +4.984177318e+00 +4.984177318e+00 +3.2734e+00 +1.8080e+00
485 +8.476052462e-03 +8.476052462e-03 +4.968476052e+00 +4.968476052e+00 +3.2595e+00 +1.8212e+00
561 +4.068850546e-03 +4.068850546e-03 +4.964068851e+00 +4.964068851e+00 +3.2576e+00 +1.8197e+00
628 +1.054417040e-03 +1.054417040e-03 +4.961054417e+00 +4.961054417e+00 +3.2607e+00 +1.8171e+00
817 +9.862383300e-04 +9.862383300e-04 +4.960986238e+00 +4.960986238e+00 +3.2606e+00 +1.8168e+00
899 +2.499006758e-04 +2.499006758e-04 +4.960249901e+00 +4.960249901e+00 +3.2599e+00 +1.8176e+00
1088 +3.013670350e-05 +3.013670350e-05 +4.960030137e+00 +4.960030137e+00 +3.2600e+00 +1.8176e+00
1187 +2.300769632e-05 +2.300769632e-05 +4.960023008e+00 +4.960023008e+00 +3.2600e+00 +1.8176e+00
1324 +7.775314933e-06 +7.775314933e-06 +4.960007775e+00 +4.960007775e+00 +3.2600e+00 +1.8176e+00
1332 +5.866192616e-06 +5.866192616e-06 +4.960005866e+00 +4.960005866e+00 +3.2600e+00 +1.8176e+00
1459 +1.897350873e-06 +1.897350873e-06 +4.960001897e+00 +4.960001897e+00 +3.2600e+00 +1.8176e+00
1489 +7.503708339e-07 +7.503708339e-07 +4.960000750e+00 +4.960000750e+00 +3.2600e+00 +1.8176e+00
1583 +6.016584813e-07 +6.016584813e-07 +4.960000602e+00 +4.960000602e+00 +3.2600e+00 +1.8176e+00
1705 +3.255048124e-07 +3.255048124e-07 +4.960000326e+00 +4.960000326e+00 +3.2600e+00 +1.8176e+00
1727 +2.223498941e-07 +2.223498941e-07 +4.960000222e+00 +4.960000222e+00 +3.2600e+00 +1.8176e+00
1749 +1.344894613e-07 +1.344894613e-07 +4.960000134e+00 +4.960000134e+00 +3.2600e+00 +1.8176e+00
1758 +8.925990169e-08 +8.925990169e-08 +4.960000089e+00 +4.960000089e+00 +3.2600e+00 +1.8176e+00
1786 +5.991776941e-08 +5.991776941e-08 +4.960000060e+00 +4.960000060e+00 +3.2600e+00 +1.8176e+00
1882 +3.393353953e-08 +3.393353953e-08 +4.960000034e+00 +4.960000034e+00 +3.2600e+00 +1.8176e+00
1924 +2.214153394e-08 +2.214153394e-08 +4.960000022e+00 +4.960000022e+00 +3.2600e+00 +1.8176e+00
1926 +1.490418899e-08 +1.490418899e-08 +4.960000015e+00 +4.960000015e+00 +3.2600e+00 +1.8176e+00
1935 +2.348065742e-09 +2.348065742e-09 +4.960000002e+00 +4.960000002e+00 +3.2600e+00 +1.8176e+00
2017 +2.921023423e-10 +2.921023423e-10 +4.960000000e+00 +4.960000000e+00 +3.2600e+00 +1.8176e+00
2063 +1.431281760e-10 +1.431281760e-10 +4.960000000e+00 +4.960000000e+00 +3.2600e+00 +1.8176e+00
2112 +3.782307800e-11 +3.782307800e-11 +4.960000000e+00 +4.960000000e+00 +3.2600e+00 +1.8176e+00
2246 +1.340616507e-11 +1.340616507e-11 +4.960000000e+00 +4.960000000e+00 +3.2600e+00 +1.8176e+00
2294 +6.172840017e-12 +6.172840017e-12 +4.960000000e+00 +4.960000000e+00 +3.2600e+00 +1.8176e+00
2342 +2.174260771e-12 +2.174260771e-12 +4.960000000e+00 +4.960000000e+00 +3.2600e+00 +1.8176e+00
2417 +8.881784197e-13 +8.881784197e-13 +4.960000000e+00 +4.960000000e+00 +3.2600e+00 +1.8176e+00
2446 +5.888622923e-13 +5.888622923e-13 +4.960000000e+00 +4.960000000e+00 +3.2600e+00 +1.8176e+00
2469 +1.385558335e-13 +1.385558335e-13 +4.960000000e+00 +4.960000000e+00 +3.2600e+00 +1.8176e+00
2621 +6.927791674e-14 +6.927791674e-14 +4.960000000e+00 +4.960000000e+00 +3.2600e+00 +1.8176e+00
2643 +3.907985047e-14 +3.907985047e-14 +4.960000000e+00 +4.960000000e+00 +3.2600e+00 +1.8176e+00
2707 +5.329070518e-15 +5.329070518e-15 +4.960000000e+00 +4.960000000e+00 +3.2600e+00 +1.8176e+00
2844 +8.881784197e-16 +8.881784197e-16 +4.960000000e+00 +4.960000000e+00 +3.2600e+00 +1.8176e+00
3027 +0.000000000e+00 +0.000000000e+00 +4.960000000e+00 +4.960000000e+00 +3.2600e+00 +1.8176e+00
% function evaluation | noise-free fitness - Fopt (1.923000000000e+02) | best noise-free fitness - Fopt | measured fitness | best measured fitness | x1 | x2...
1 +1.710022116e+01 +1.710022116e+01 +2.094002212e+02 +2.094002212e+02 +7.3500e-01 -1.2662e+00
2 +1.018706140e+01 +1.018706140e+01 +2.024870614e+02 +2.024870614e+02 -4.9123e+00 -4.7966e+00
3 +5.156521878e+00 +5.156521878e+00 +1.974565219e+02 +1.974565219e+02 -4.2667e+00 +4.4462e+00
21 +3.423704781e+00 +3.423704781e+00 +1.957237048e+02 +1.957237048e+02 -3.8893e+00 +4.4462e+00
34 +1.612132111e+00 +1.612132111e+00 +1.939121321e+02 +1.939121321e+02 -3.2065e+00 +4.8536e+00
88 +1.539129762e+00 +1.539129762e+00 +1.938391298e+02 +1.938391298e+02 -3.6594e+00 +2.9653e+00
101 +5.311579641e-01 +5.311579641e-01 +1.928311580e+02 +1.928311580e+02 -2.8362e+00 +4.4660e+00
223 +4.327814291e-02 +4.327814291e-02 +1.923432781e+02 +1.923432781e+02 -3.0222e+00 +3.9943e+00
301 +3.234845382e-02 +3.234845382e-02 +1.923323485e+02 +1.923323485e+02 -3.0287e+00 +3.9707e+00
442 +1.771736073e-02 +1.771736073e-02 +1.923177174e+02 +1.923177174e+02 -3.0081e+00 +3.9796e+00
521 +1.001606096e-02 +1.001606096e-02 +1.923100161e+02 +1.923100161e+02 -3.0108e+00 +3.9838e+00
533 +3.481040601e-03 +3.481040601e-03 +1.923034810e+02 +1.923034810e+02 -3.0128e+00 +3.9810e+00
706 +2.301905004e-04 +2.301905004e-04 +1.923002302e+02 +1.923002302e+02 -3.0137e+00 +3.9782e+00
966 +3.403556371e-05 +3.403556371e-05 +1.923000340e+02 +1.923000340e+02 -3.0136e+00 +3.9784e+00
1099 +4.383498265e-06 +4.383498265e-06 +1.923000044e+02 +1.923000044e+02 -3.0136e+00 +3.9784e+00
1101 +1.880439640e-06 +1.880439640e-06 +1.923000019e+02 +1.923000019e+02 -3.0136e+00 +3.9784e+00
1203 +8.381792327e-07 +8.381792327e-07 +1.923000008e+02 +1.923000008e+02 -3.0136e+00 +3.9784e+00
1282 +5.751686274e-07 +5.751686274e-07 +1.923000006e+02 +1.923000006e+02 -3.0136e+00 +3.9784e+00
1525 +3.915411639e-07 +3.915411639e-07 +1.923000004e+02 +1.923000004e+02 -3.0136e+00 +3.9784e+00
1606 +1.822741353e-07 +1.822741353e-07 +1.923000002e+02 +1.923000002e+02 -3.0136e+00 +3.9784e+00
1629 +1.243517147e-07 +1.243517147e-07 +1.923000001e+02 +1.923000001e+02 -3.0136e+00 +3.9784e+00
1663 +3.047574637e-08 +3.047574637e-08 +1.923000000e+02 +1.923000000e+02 -3.0136e+00 +3.9784e+00
1730 +1.405942385e-08 +1.405942385e-08 +1.923000000e+02 +1.923000000e+02 -3.0136e+00 +3.9784e+00
1762 +3.102911705e-09 +3.102911705e-09 +1.923000000e+02 +1.923000000e+02 -3.0136e+00 +3.9784e+00
1821 +1.286821316e-09 +1.286821316e-09 +1.923000000e+02 +1.923000000e+02 -3.0136e+00 +3.9784e+00
1843 +6.131983810e-10 +6.131983810e-10 +1.923000000e+02 +1.923000000e+02 -3.0136e+00 +3.9784e+00
1921 +1.242028702e-10 +1.242028702e-10 +1.923000000e+02 +1.923000000e+02 -3.0136e+00 +3.9784e+00
2040 +7.480593922e-11 +7.480593922e-11 +1.923000000e+02 +1.923000000e+02 -3.0136e+00 +3.9784e+00
2102 +4.897060535e-11 +4.897060535e-11 +1.923000000e+02 +1.923000000e+02 -3.0136e+00 +3.9784e+00
2134 +2.717115422e-11 +2.717115422e-11 +1.923000000e+02 +1.923000000e+02 -3.0136e+00 +3.9784e+00
2212 +1.759303814e-11 +1.759303814e-11 +1.923000000e+02 +1.923000000e+02 -3.0136e+00 +3.9784e+00
2220 +3.495870260e-12 +3.495870260e-12 +1.923000000e+02 +1.923000000e+02 -3.0136e+00 +3.9784e+00
2252 +2.160049917e-12 +2.160049917e-12 +1.923000000e+02 +1.923000000e+02 -3.0136e+00 +3.9784e+00
2341 +1.193711796e-12 +1.193711796e-12 +1.923000000e+02 +1.923000000e+02 -3.0136e+00 +3.9784e+00
2387 +6.536993169e-13 +6.536993169e-13 +1.923000000e+02 +1.923000000e+02 -3.0136e+00 +3.9784e+00
2422 +4.263256415e-13 +4.263256415e-13 +1.923000000e+02 +1.923000000e+02 -3.0136e+00 +3.9784e+00
2429 +3.694822226e-13 +3.694822226e-13 +1.923000000e+02 +1.923000000e+02 -3.0136e+00 +3.9784e+00
2469 +1.421085472e-13 +1.421085472e-13 +1.923000000e+02 +1.923000000e+02 -3.0136e+00 +3.9784e+00
2522 +8.526512829e-14 +8.526512829e-14 +1.923000000e+02 +1.923000000e+02 -3.0136e+00 +3.9784e+00
2602 +5.684341886e-14 +5.684341886e-14 +1.923000000e+02 +1.923000000e+02 -3.0136e+00 +3.9784e+00
2676 +2.842170943e-14 +2.842170943e-14 +1.923000000e+02 +1.923000000e+02 -3.0136e+00 +3.9784e+00
2733 +0.000000000e+00 +0.000000000e+00 +1.923000000e+02 +1.923000000e+02 -3.0136e+00 +3.9784e+00
% function evaluation | noise-free fitness - Fopt (4.971000000000e+01) | best noise-free fitness - Fopt | measured fitness | best measured fitness | x1 | x2...
1 +6.912102082e+01 +6.912102082e+01 +1.188310208e+02 +1.188310208e+02 +2.4811e+00 +2.3035e+00
3 +2.443317521e+01 +2.443317521e+01 +7.414317521e+01 +7.414317521e+01 +4.9691e+00 +4.0829e+00
4 +9.141113394e+00 +9.141113394e+00 +5.885111339e+01 +5.885111339e+01 +1.4391e+00 -2.6985e+00
18 +5.936857673e+00 +5.936857673e+00 +5.564685767e+01 +5.564685767e+01 +3.1798e+00 -2.5189e+00
20 +2.671493740e+00 +2.671493740e+00 +5.238149374e+01 +5.238149374e+01 +3.3672e+00 -3.0520e+00
68 +1.727757204e+00 +1.727757204e+00 +5.143775720e+01 +5.143775720e+01 +4.0280e+00 -3.4642e+00
81 +8.122730353e-01 +8.122730353e-01 +5.052227304e+01 +5.052227304e+01 +3.3643e+00 -3.8771e+00
163 +4.001569758e-01 +4.001569758e-01 +5.011015698e+01 +5.011015698e+01 +3.3680e+00 -3.9575e+00
260 +2.592896408e-01 +2.592896408e-01 +4.996928964e+01 +4.996928964e+01 +3.7882e+00 -3.7164e+00
298 +2.373453690e-01 +2.373453690e-01 +4.994734537e+01 +4.994734537e+01 +3.7714e+00 -3.7265e+00
321 +1.167345048e-01 +1.167345048e-01 +4.982673450e+01 +4.982673450e+01 +3.6296e+00 -3.7433e+00
347 +8.772140358e-02 +8.772140358e-02 +4.979772140e+01 +4.979772140e+01 +3.7303e+00 -3.6907e+00
461 +1.914597891e-02 +1.914597891e-02 +4.972914598e+01 +4.972914598e+01 +3.7409e+00 -3.7067e+00
515 +7.112234260e-03 +7.112234260e-03 +4.971711223e+01 +4.971711223e+01 +3.7430e+00 -3.7019e+00
684 +3.057950014e-03 +3.057950014e-03 +4.971305795e+01 +4.971305795e+01 +3.7409e+00 -3.7042e+00
732 +1.062740333e-03 +1.062740333e-03 +4.971106274e+01 +4.971106274e+01 +3.7440e+00 -3.7018e+00
746 +3.095533003e-04 +3.095533003e-04 +4.971030955e+01 +4.971030955e+01 +3.7432e+00 -3.7024e+00
862 +2.295992674e-04 +2.295992674e-04 +4.971022960e+01 +4.971022960e+01 +3.7431e+00 -3.7024e+00
1009 +1.537944512e-04 +1.537944512e-04 +4.971015379e+01 +4.971015379e+01 +3.7433e+00 -3.7024e+00
1071 +6.302815716e-05 +6.302815716e-05 +4.971006303e+01 +4.971006303e+01 +3.7432e+00 -3.7024e+00
1084 +3.668498643e-05 +3.668498643e-05 +4.971003668e+01 +4.971003668e+01 +3.7432e+00 -3.7024e+00
1216 +2.164236528e-05 +2.164236528e-05 +4.971002164e+01 +4.971002164e+01 +3.7432e+00 -3.7024e+00
1303 +2.334483760e-06 +2.334483760e-06 +4.971000233e+01 +4.971000233e+01 +3.7432e+00 -3.7024e+00
1455 +7.963870843e-07 +7.963870843e-07 +4.971000080e+01 +4.971000080e+01 +3.7432e+00 -3.7024e+00
1645 +5.476163736e-07 +5.476163736e-07 +4.971000055e+01 +4.971000055e+01 +3.7432e+00 -3.7024e+00
1734 +3.839205291e-07 +3.839205291e-07 +4.971000038e+01 +4.971000038e+01 +3.7432e+00 -3.7024e+00
1752 +2.413112057e-07 +2.413112057e-07 +4.971000024e+01 +4.971000024e+01 +3.7432e+00 -3.7024e+00
1838 +1.383549701e-07 +1.383549701e-07 +4.971000014e+01 +4.971000014e+01 +3.7432e+00 -3.7024e+00
1867 +8.941292151e-08 +8.941292151e-08 +4.971000009e+01 +4.971000009e+01 +3.7432e+00 -3.7024e+00
1985 +3.735523535e-08 +3.735523535e-08 +4.971000004e+01 +4.971000004e+01 +3.7432e+00 -3.7024e+00
2010 +1.667349636e-08 +1.667349636e-08 +4.971000002e+01 +4.971000002e+01 +3.7432e+00 -3.7024e+00
2026 +1.239846625e-08 +1.239846625e-08 +4.971000001e+01 +4.971000001e+01 +3.7432e+00 -3.7024e+00
2083 +2.762419626e-09 +2.762419626e-09 +4.971000000e+01 +4.971000000e+01 +3.7432e+00 -3.7024e+00
2125 +1.994138188e-09 +1.994138188e-09 +4.971000000e+01 +4.971000000e+01 +3.7432e+00 -3.7024e+00
2157 +1.422705509e-09 +1.422705509e-09 +4.971000000e+01 +4.971000000e+01 +3.7432e+00 -3.7024e+00
2191 +5.933102898e-10 +5.933102898e-10 +4.971000000e+01 +4.971000000e+01 +3.7432e+00 -3.7024e+00
2213 +3.549160965e-10 +3.549160965e-10 +4.971000000e+01 +4.971000000e+01 +3.7432e+00 -3.7024e+00
2263 +1.839310926e-10 +1.839310926e-10 +4.971000000e+01 +4.971000000e+01 +3.7432e+00 -3.7024e+00
2290 +6.706102340e-11 +6.706102340e-11 +4.971000000e+01 +4.971000000e+01 +3.7432e+00 -3.7024e+00
2333 +5.666578318e-11 +5.666578318e-11 +4.971000000e+01 +4.971000000e+01 +3.7432e+00 -3.7024e+00
2405 +8.860467915e-12 +8.860467915e-12 +4.971000000e+01 +4.971000000e+01 +3.7432e+00 -3.7024e+00
2438 +4.142464149e-12 +4.142464149e-12 +4.971000000e+01 +4.971000000e+01 +3.7432e+00 -3.7024e+00
2529 +2.088995643e-12 +2.088995643e-12 +4.971000000e+01 +4.971000000e+01 +3.7432e+00 -3.7024e+00
2582 +7.887024367e-13 +7.887024367e-13 +4.971000000e+01 +4.971000000e+01 +3.7432e+00 -3.7024e+00
2624 +5.684341886e-13 +5.684341886e-13 +4.971000000e+01 +4.971000000e+01 +3.7432e+00 -3.7024e+00
2637 +2.273736754e-13 +2.273736754e-13 +4.971000000e+01 +4.971000000e+01 +3.7432e+00 -3.7024e+00
2677 +5.684341886e-14 +5.684341886e-14 +4.971000000e+01 +4.971000000e+01 +3.7432e+00 -3.7024e+00
2811 +2.842170943e-14 +2.842170943e-14 +4.971000000e+01 +4.971000000e+01 +3.7432e+00 -3.7024e+00
2841 +2.131628207e-14 +2.131628207e-14 +4.971000000e+01 +4.971000000e+01 +3.7432e+00 -3.7024e+00
2874 +7.105427358e-15 +7.105427358e-15 +4.971000000e+01 +4.971000000e+01 +3.7432e+00 -3.7024e+00
2992 +0.000000000e+00 +0.000000000e+00 +4.971000000e+01 +4.971000000e+01 +3.7432e+00 -3.7024e+00
% function evaluation | noise-free fitness - Fopt (2.051200000000e+02) | best noise-free fitness - Fopt | measured fitness | best measured fitness | x1 | x2...
1 +3.921942385e+01 +3.921942385e+01 +2.443394239e+02 +2.443394239e+02 +2.9161e+00 +4.2169e+00
2 +1.267547752e+01 +1.267547752e+01 +2.177954775e+02 +2.177954775e+02 +1.3522e+00 -3.1381e+00
9 +7.404913024e+00 +7.404913024e+00 +2.125249130e+02 +2.125249130e+02 -2.0174e+00 +4.5237e+00
41 +5.221766040e+00 +5.221766040e+00 +2.103417660e+02 +2.103417660e+02 -6.0048e-01 +3.6985e+00
66 +4.264664772e-01 +4.264664772e-01 +2.055464665e+02 +2.055464665e+02 -1.0241e+00 +3.7278e+00
101 +3.854024329e-01 +3.854024329e-01 +2.055054024e+02 +2.055054024e+02 -1.1954e+00 +3.6567e+00
133 +1.601735808e-01 +1.601735808e-01 +2.052801736e+02 +2.052801736e+02 -1.1212e+00 +3.7843e+00
278 +3.216861273e-02 +3.216861273e-02 +2.051521686e+02 +2.051521686e+02 -1.1809e+00 +3.8771e+00
384 +3.067179984e-03 +3.067179984e-03 +2.051230672e+02 +2.051230672e+02 -1.1926e+00 +3.9064e+00
583 +9.905236667e-04 +9.905236667e-04 +2.051209905e+02 +2.051209905e+02 -1.1940e+00 +3.9066e+00
1000 +2.328315003e-04 +2.328315003e-04 +2.051202328e+02 +2.051202328e+02 -1.1935e+00 +3.9063e+00
1016 +1.338766780e-04 +1.338766780e-04 +2.051201339e+02 +2.051201339e+02 -1.1936e+00 +3.9064e+00
1208 +7.917800474e-05 +7.917800474e-05 +2.051200792e+02 +2.051200792e+02 -1.1936e+00 +3.9064e+00
1251 +4.296781754e-05 +4.296781754e-05 +2.051200430e+02 +2.051200430e+02 -1.1936e+00 +3.9064e+00
1281 +2.963280394e-05 +2.963280394e-05 +2.051200296e+02 +2.051200296e+02 -1.1936e+00 +3.9064e+00
1495 +2.310229240e-05 +2.310229240e-05 +2.051200231e+02 +2.051200231e+02 -1.1936e+00 +3.9064e+00
1527 +7.548679491e-06 +7.548679491e-06 +2.051200075e+02 +2.051200075e+02 -1.1936e+00 +3.9064e+00
1722 +3.567393037e-06 +3.567393037e-06 +2.051200036e+02 +2.051200036e+02 -1.1936e+00 +3.9064e+00
1783 +1.871197469e-06 +1.871197469e-06 +2.051200019e+02 +2.051200019e+02 -1.1936e+00 +3.9064e+00
1823 +1.394868576e-06 +1.394868576e-06 +2.051200014e+02 +2.051200014e+02 -1.1936e+00 +3.9064e+00
1824 +8.312275099e-07 +8.312275099e-07 +2.051200008e+02 +2.051200008e+02 -1.1936e+00 +3.9064e+00
1915 +4.451717359e-07 +4.451717359e-07 +2.051200004e+02 +2.051200004e+02 -1.1936e+00 +3.9064e+00
1932 +3.051350177e-07 +3.051350177e-07 +2.051200003e+02 +2.051200003e+02 -1.1936e+00 +3.9064e+00
1962 +2.185449830e-07 +2.185449830e-07 +2.051200002e+02 +2.051200002e+02 -1.1936e+00 +3.9064e+00
1996 +1.204920181e-07 +1.204920181e-07 +2.051200001e+02 +2.051200001e+02 -1.1936e+00 +3.9064e+00
1999 +4.050517077e-08 +4.050517077e-08 +2.051200000e+02 +2.051200000e+02 -1.1936e+00 +3.9064e+00
2088 +3.453854447e-08 +3.453854447e-08 +2.051200000e+02 +2.051200000e+02 -1.1936e+00 +3.9064e+00
2166 +2.509094088e-08 +2.509094088e-08 +2.051200000e+02 +2.051200000e+02 -1.1936e+00 +3.9064e+00
2172 +5.631051181e-09 +5.631051181e-09 +2.051200000e+02 +2.051200000e+02 -1.1936e+00 +3.9064e+00
2176 +3.102599067e-09 +3.102599067e-09 +2.051200000e+02 +2.051200000e+02 -1.1936e+00 +3.9064e+00
2261 +1.951292461e-09 +1.951292461e-09 +2.051200000e+02 +2.051200000e+02 -1.1936e+00 +3.9064e+00
2264 +1.063483523e-09 +1.063483523e-09 +2.051200000e+02 +2.051200000e+02 -1.1936e+00 +3.9064e+00
2278 +2.240483354e-10 +2.240483354e-10 +2.051200000e+02 +2.051200000e+02 -1.1936e+00 +3.9064e+00
2387 +1.245723524e-10 +1.245723524e-10 +2.051200000e+02 +2.051200000e+02 -1.1936e+00 +3.9064e+00
2414 +4.311573321e-11 +4.311573321e-11 +2.051200000e+02 +2.051200000e+02 -1.1936e+00 +3.9064e+00
2430 +2.862066140e-11 +2.862066140e-11 +2.051200000e+02 +2.051200000e+02 -1.1936e+00 +3.9064e+00
2472 +1.327293830e-11 +1.327293830e-11 +2.051200000e+02 +2.051200000e+02 -1.1936e+00 +3.9064e+00
2522 +5.456968211e-12 +5.456968211e-12 +2.051200000e+02 +2.051200000e+02 -1.1936e+00 +3.9064e+00
2587 +1.563194019e-12 +1.563194019e-12 +2.051200000e+02 +2.051200000e+02 -1.1936e+00 +3.9064e+00
2642 +9.094947018e-13 +9.094947018e-13 +2.051200000e+02 +2.051200000e+02 -1.1936e+00 +3.9064e+00
2701 +1.421085472e-13 +1.421085472e-13 +2.051200000e+02 +2.051200000e+02 -1.1936e+00 +3.9064e+00
2821 +8.526512829e-14 +8.526512829e-14 +2.051200000e+02 +2.051200000e+02 -1.1936e+00 +3.9064e+00
2846 +5.684341886e-14 +5.684341886e-14 +2.051200000e+02 +2.051200000e+02 -1.1936e+00 +3.9064e+00
2905 +0.000000000e+00 +0.000000000e+00 +2.051200000e+02 +2.051200000e+02 -1.1936e+00 +3.9064e+00
% function evaluation | noise-free fitness - Fopt (-1.729000000000e+02) | best noise-free fitness - Fopt | measured fitness | best measured fitness | x1 | x2...
1 +4.537986652e+01 +4.537986652e+01 -1.275201335e+02 -1.275201335e+02 +3.2905e+00 -2.5912e+00
2 +2.499637311e+01 +2.499637311e+01 -1.479036269e+02 -1.479036269e+02 +6.1090e-01 +4.1654e+00
4 +1.085041353e+01 +1.085041353e+01 -1.620495865e+02 -1.620495865e+02 -3.8834e+00 -2.8685e+00
12 +1.032887371e+00 +1.032887371e+00 -1.718671126e+02 -1.718671126e+02 -3.6812e+00 -1.7250e+00
183 +8.443891982e-01 +8.443891982e-01 -1.720556108e+02 -1.720556108e+02 -3.4906e+00 -1.4390e+00
223 +5.255274569e-01 +5.255274569e-01 -1.723744725e+02 -1.723744725e+02 -2.7029e+00 -8.8815e-01
231 +1.619009861e-01 +1.619009861e-01 -1.727380990e+02 -1.727380990e+02 -2.9881e+00 -9.9648e-01
282 +1.036931542e-01 +1.036931542e-01 -1.727963068e+02 -1.727963068e+02 -2.9153e+00 -1.0278e+00
337 +5.780871118e-02 +5.780871118e-02 -1.728421913e+02 -1.728421913e+02 -2.8938e+00 -9.8062e-01
456 +2.000180189e-02 +2.000180189e-02 -1.728799982e+02 -1.728799982e+02 -2.9205e+00 -1.0166e+00
461 +8.486797929e-03 +8.486797929e-03 -1.728915132e+02 -1.728915132e+02 -2.9260e+00 -1.0245e+00
579 +5.888316340e-03 +5.888316340e-03 -1.728941117e+02 -1.728941117e+02 -2.9293e+00 -1.0268e+00
586 +3.023167022e-03 +3.023167022e-03 -1.728969768e+02 -1.728969768e+02 -2.9290e+00 -1.0254e+00
744 +2.135089818e-03 +2.135089818e-03 -1.728978649e+02 -1.728978649e+02 -2.9308e+00 -1.0269e+00
770 +2.712810934e-04 +2.712810934e-04 -1.728997287e+02 -1.728997287e+02 -2.9310e+00 -1.0271e+00
908 +2.420799927e-04 +2.420799927e-04 -1.728997579e+02 -1.728997579e+02 -2.9313e+00 -1.0273e+00
985 +3.085331582e-05 +3.085331582e-05 -1.728999691e+02 -1.728999691e+02 -2.9312e+00 -1.0272e+00
1207 +1.429716772e-05 +1.429716772e-05 -1.728999857e+02 -1.728999857e+02 -2.9312e+00 -1.0272e+00
1338 +3.399424344e-06 +3.399424344e-06 -1.728999966e+02 -1.728999966e+02 -2.9312e+00 -1.0272e+00
1357 +9.523885467e-07 +9.523885467e-07 -1.728999990e+02 -1.728999990e+02 -2.9312e+00 -1.0272e+00
1461 +5.360649311e-07 +5.360649311e-07 -1.728999995e+02 -1.728999995e+02 -2.9312e+00 -1.0272e+00
1620 +2.469706146e-07 +2.469706146e-07 -1.728999998e+02 -1.728999998e+02 -2.9312e+00 -1.0272e+00
1637 +1.121396735e-07 +1.121396735e-07 -1.728999999e+02 -1.728999999e+02 -2.9312e+00 -1.0272e+00
1679 +9.057103512e-08 +9.057103512e-08 -1.728999999e+02 -1.728999999e+02 -2.9312e+00 -1.0272e+00
1798 +5.671674330e-08 +5.671674330e-08 -1.728999999e+02 -1.728999999e+02 -2.9312e+00 -1.0272e+00
1823 +3.040415208e-08 +3.040415208e-08 -1.729000000e+02 -1.729000000e+02 -2.9312e+00 -1.0272e+00
1869 +6.764082627e-10 +6.764082627e-10 -1.729000000e+02 -1.729000000e+02 -2.9312e+00 -1.0272e+00
1950 +1.365094704e-10 +1.365094704e-10 -1.729000000e+02 -1.729000000e+02 -2.9312e+00 -1.0272e+00
2134 +4.993694347e-11 +4.993694347e-11 -1.729000000e+02 -1.729000000e+02 -2.9312e+00 -1.0272e+00
2166 +3.095124157e-11 +3.095124157e-11 -1.729000000e+02 -1.729000000e+02 -2.9312e+00 -1.0272e+00
2215 +1.591615728e-11 +1.591615728e-11 -1.729000000e+02 -1.729000000e+02 -2.9312e+00 -1.0272e+00
2246 +1.148237061e-11 +1.148237061e-11 -1.729000000e+02 -1.729000000e+02 -2.9312e+00 -1.0272e+00
2280 +3.609557098e-12 +3.609557098e-12 -1.729000000e+02 -1.729000000e+02 -2.9312e+00 -1.0272e+00
2381 +1.307398634e-12 +1.307398634e-12 -1.729000000e+02 -1.729000000e+02 -2.9312e+00 -1.0272e+00
2436 +7.105427358e-13 +7.105427358e-13 -1.729000000e+02 -1.729000000e+02 -2.9312e+00 -1.0272e+00
2472 +3.126388037e-13 +3.126388037e-13 -1.729000000e+02 -1.729000000e+02 -2.9312e+00 -1.0272e+00
2475 +1.989519660e-13 +1.989519660e-13 -1.729000000e+02 -1.729000000e+02 -2.9312e+00 -1.0272e+00
2496 +1.136868377e-13 +1.136868377e-13 -1.729000000e+02 -1.729000000e+02 -2.9312e+00 -1.0272e+00
2654 +5.684341886e-14 +5.684341886e-14 -1.729000000e+02 -1.729000000e+02 -2.9312e+00 -1.0272e+00
2669 +0.000000000e+00 +0.000000000e+00 -1.729000000e+02 -1.729000000e+02 -2.9312e+00 -1.0272e+00
% function evaluation | noise-free fitness - Fopt (-3.506200000000e+02) | best noise-free fitness - Fopt | measured fitness | best measured fitness | x1 | x2...
1 +3.708536217e+02 +3.708536217e+02 +2.023362173e+01 +2.023362173e+01 +2.5034e-01 +4.2663e+00
2 +5.779011264e+00 +5.779011264e+00 -3.448409887e+02 -3.448409887e+02 -4.8004e+00 -3.1715e+00
46 +9.779686313e-01 +9.779686313e-01 -3.496420314e+02 -3.496420314e+02 -3.8349e+00 -4.1000e+00
122 +5.586013194e-01 +5.586013194e-01 -3.500613987e+02 -3.500613987e+02 -4.0633e+00 -4.2377e+00
159 +3.723279801e-01 +3.723279801e-01 -3.502476720e+02 -3.502476720e+02 -3.8926e+00 -3.9544e+00
181 +2.442865122e-01 +2.442865122e-01 -3.503757135e+02 -3.503757135e+02 -3.8324e+00 -3.7784e+00
221 +4.558160245e-02 +4.558160245e-02 -3.505744184e+02 -3.505744184e+02 -3.9105e+00 -3.7488e+00
385 +3.973917769e-02 +3.973917769e-02 -3.505802608e+02 -3.505802608e+02 -3.9095e+00 -3.7626e+00
444 +2.450552851e-02 +2.450552851e-02 -3.505954945e+02 -3.505954945e+02 -3.8992e+00 -3.7213e+00
515 +1.150638734e-02 +1.150638734e-02 -3.506084936e+02 -3.506084936e+02 -3.9081e+00 -3.7343e+00
562 +3.480300481e-03 +3.480300481e-03 -3.506165197e+02 -3.506165197e+02 -3.9111e+00 -3.7418e+00
704 +2.161298136e-03 +2.161298136e-03 -3.506178387e+02 -3.506178387e+02 -3.9097e+00 -3.7405e+00
722 +9.893470461e-04 +9.893470461e-04 -3.506190107e+02 -3.506190107e+02 -3.9092e+00 -3.7398e+00
866 +5.822161806e-04 +5.822161806e-04 -3.506194178e+02 -3.506194178e+02 -3.9095e+00 -3.7397e+00
891 +3.606509177e-04 +3.606509177e-04 -3.506196393e+02 -3.506196393e+02 -3.9095e+00 -3.7397e+00
906 +2.452280507e-04 +2.452280507e-04 -3.506197548e+02 -3.506197548e+02 -3.9095e+00 -3.7398e+00
1112 +8.392228398e-05 +8.392228398e-05 -3.506199161e+02 -3.506199161e+02 -3.9096e+00 -3.7400e+00
1118 +2.932243098e-05 +2.932243098e-05 -3.506199707e+02 -3.506199707e+02 -3.9096e+00 -3.7400e+00
1244 +6.152565675e-06 +6.152565675e-06 -3.506199938e+02 -3.506199938e+02 -3.9096e+00 -3.7400e+00
1466 +1.492585511e-06 +1.492585511e-06 -3.506199985e+02 -3.506199985e+02 -3.9096e+00 -3.7400e+00
1549 +6.016246630e-07 +6.016246630e-07 -3.506199994e+02 -3.506199994e+02 -3.9096e+00 -3.7400e+00
1790 +3.503650419e-07 +3.503650419e-07 -3.506199996e+02 -3.506199996e+02 -3.9096e+00 -3.7400e+00
1803 +1.885128995e-07 +1.885128995e-07 -3.506199998e+02 -3.506199998e+02 -3.9096e+00 -3.7400e+00
1842 +9.207423091e-08 +9.207423091e-08 -3.506199999e+02 -3.506199999e+02 -3.9096e+00 -3.7400e+00
1902 +5.757635790e-08 +5.757635790e-08 -3.506199999e+02 -3.506199999e+02 -3.9096e+00 -3.7400e+00
1962 +9.688051250e-09 +9.688051250e-09 -3.506200000e+02 -3.506200000e+02 -3.9096e+00 -3.7400e+00
2083 +6.019149623e-09 +6.019149623e-09 -3.506200000e+02 -3.506200000e+02 -3.9096e+00 -3.7400e+00
2149 +3.271679816e-09 +3.271679816e-09 -3.506200000e+02 -3.506200000e+02 -3.9096e+00 -3.7400e+00
2154 +2.419142220e-09 +2.419142220e-09 -3.506200000e+02 -3.506200000e+02 -3.9096e+00 -3.7400e+00
2166 +1.065473043e-09 +1.065473043e-09 -3.506200000e+02 -3.506200000e+02 -3.9096e+00 -3.7400e+00
2239 +6.315872270e-10 +6.315872270e-10 -3.506200000e+02 -3.506200000e+02 -3.9096e+00 -3.7400e+00
2248 +5.513243195e-10 +5.513243195e-10 -3.506200000e+02 -3.506200000e+02 -3.9096e+00 -3.7400e+00
2257 +2.924593900e-10 +2.924593900e-10 -3.506200000e+02 -3.506200000e+02 -3.9096e+00 -3.7400e+00
2321 +1.981561581e-10 +1.981561581e-10 -3.506200000e+02 -3.506200000e+02 -3.9096e+00 -3.7400e+00
2343 +1.538182914e-10 +1.538182914e-10 -3.506200000e+02 -3.506200000e+02 -3.9096e+00 -3.7400e+00
2369 +3.490185918e-11 +3.490185918e-11 -3.506200000e+02 -3.506200000e+02 -3.9096e+00 -3.7400e+00
2422 +3.467448551e-12 +3.467448551e-12 -3.506200000e+02 -3.506200000e+02 -3.9096e+00 -3.7400e+00
2575 +8.526512829e-13 +8.526512829e-13 -3.506200000e+02 -3.506200000e+02 -3.9096e+00 -3.7400e+00
2613 +4.547473509e-13 +4.547473509e-13 -3.506200000e+02 -3.506200000e+02 -3.9096e+00 -3.7400e+00
2746 +3.410605132e-13 +3.410605132e-13 -3.506200000e+02 -3.506200000e+02 -3.9096e+00 -3.7400e+00
2749 +2.273736754e-13 +2.273736754e-13 -3.506200000e+02 -3.506200000e+02 -3.9096e+00 -3.7400e+00
2756 +1.136868377e-13 +1.136868377e-13 -3.506200000e+02 -3.506200000e+02 -3.9096e+00 -3.7400e+00
2784 +0.000000000e+00 +0.000000000e+00 -3.506200000e+02 -3.506200000e+02 -3.9096e+00 -3.7400e+00
