% function evaluation | noise-free fitness - Fopt (-5.465000000000e+02) | best noise-free fitness - Fopt | measured fitness | best measured fitness | x1 | x2...
1 +1.207327831e+05 +1.207327831e+05 +1.201862831e+05 +1.201862831e+05 +4.9093e+00 +3.8863e+00 -4.0725e+00 +4.6163e+00 -4.8989e+00 +4.0075e-01 +8.8953e-01 +4.7326e+00 -7.2957e-01 +3.1753e+00 -3.3582e+00 -1.0504e-01 -3.0319e+00 -2.2838e+00 +2.8475e+00 +2.1522e+00 +4.3511e+00 -4.2450e+00 -1.6371e+00 +4.3896e+00
4 +8.780604358e+04 +8.780604358e+04 +8.725954358e+04 +8.725954358e+04 -9.9114e-01 -2.9114e+00 +8.1171e-01 +4.1834e+00 -1.6668e+00 +2.3129e+00 -1.8305e+00 -1.1603e+00 -3.1326e+00 +1.8344e+00 -2.5860e+00 +2.1178e+00 -7.2839e-02 -3.0780e+00 -1.0772e+00 -3.7023e+00 -2.2047e+00 -4.8551e+00 -3.8615e+00 +4.4754e+00
77 +6.033740769e+04 +6.033740769e+04 +5.979090769e+04 +5.979090769e+04 +1.0093e+00 -5.4840e-01 +4.5678e+00 -1.5969e+00 -1.9882e-01 -2.0334e+00 -4.0105e+00 +1.7058e+00 -3.8866e+00 +3.0257e+00 -3.9061e+00 +2.1865e+00 -1.0930e+00 +2.1813e+00 +2.7825e+00 +2.9808e-01 +3.3267e+00 -4.3265e+00 -1.5265e+00 +2.1374e-01
580 +3.327589641e+04 +3.327589641e+04 +3.272939641e+04 +3.272939641e+04 -1.4985e+00 +1.6496e+00 +3.2484e+00 +1.4889e+00 -2.2954e+00 +2.4822e+00 +2.8734e+00 -1.5104e+00 -2.4622e+00 +1.0304e+00 +3.3512e+00 +9.3015e-01 -2.4655e+00 -2.6051e+00 +1.2612e+00 +2.1214e-01 +3.8434e+00 -6.9782e-01 -2.4705e+00 +2.2247e-01
621 +2.297373815e+04 +2.297373815e+04 +2.242723815e+04 +2.242723815e+04 +3.1986e+00 -1.8173e+00 +1.5572e+00 -1.8920e+00 +7.7880e-01 -4.5171e+00 -3.1930e+00 +3.0528e+00 -1.1613e+00 -7.0666e-01 +5.2163e-01 +4.3089e-01 +8.4632e-01 -1.8601e+00 +3.5427e+00 -2.1610e+00 -3.6400e-02 -3.2733e+00 -1.5111e+00 +4.1705e+00
% function evaluation | noise-free fitness - Fopt (1.000000000000e+03) | best noise-free fitness - Fopt | measured fitness | best measured fitness | x1 | x2...
1 +8.719511672e+04 +8.719511672e+04 +8.819511672e+04 +8.819511672e+04 +2.9317e+00 +3.2178e+00 +1.8397e+00 +4.0841e+00 -1.6584e+00 +4.4219e+00 -6.9642e-01 +1.3846e+00 -3.3311e+00 -4.5628e+00 +1.3147e+00 +3.1161e+00 -6.8906e-01 +3.6720e+00 -6.0745e-01 +2.1028e-01 -4.6563e+00 -1.3490e+00 -1.3104e-01 +3.6341e-01
34 +5.351819714e+04 +5.351819714e+04 +5.451819714e+04 +5.451819714e+04 -1.1105e+00 +1.9433e+00 -5.0756e-01 +3.2088e+00 -2.7906e+00 -2.1395e+00 -3.2488e+00 -3.2924e-01 +2.9496e+00 +2.8010e+00 -4.3610e+00 +4.6127e+00 -3.2970e+00 -7.7277e-01 -2.6239e+00 -2.5062e+00 -2.5596e+00 -2.6535e+00 -3.1397e+00 +1.7117e+00
296 +2.733839371e+04 +2.733839371e+04 +2.833839371e+04 +2.833839371e+04 -4.7040e+00 -8.5535e-01 +3.3699e+00 +2.6782e+00 +2.0812e+00 -1.8982e-01 +2.4700e-01 -1.0904e+00 -4.2566e+00 -2.0874e+00 -3.8444e+00 -4.5220e+00 -2.4661e+00 +2.3276e-01 -3.4082e+00 -1.2227e+00 -9.5930e-01 -2.4134e+00 -1.5888e+00 +4.1586e-01
1746 +2.390930280e+04 +2.390930280e+04 +2.490930280e+04 +2.490930280e+04 -2.5164e+00 +6.0600e-01 +2.1484e+00 -2.0660e+00 +4.0348e+00 +9.5335e-01 +2.0944e+00 +4.4135e+00 -3.6592e+00 +2.2867e+00 -3.9783e-01 -7.5197e-01 +1.4493e-01 +7.6733e-01 -2.8997e+00 -1.6671e+00 -2.0737e+00 -2.8209e+00 -2.1709e+00 -6.4543e-01
2731 +1.360775534e+04 +1.360775534e+04 +1.460775534e+04 +1.460775534e+04 -1.8644e+00 +3.3921e+00 +2.4254e+00 -3.3235e+00 -4.4572e+00 -1.3741e+00 +1.6713e-01 +3.1233e+00 -1.4148e+00 -4.3687e+00 -2.1499e+00 +6.9642e-01 -2.4931e+00 -2.9878e+00 -2.2992e+00 +3.4944e-01 -9.3378e-01 -8.8660e-01 -9.4679e-01 +8.3857e-02
% function evaluation | noise-free fitness - Fopt (2.083800000000e+02) | best noise-free fitness - Fopt | measured fitness | best measured fitness | x1 | x2...
1 +2.647708920e+05 +2.647708920e+05 +2.649792720e+05 +2.649792720e+05 +4.6428e+00 +3.1518e+00 +4.5234e+00 -2.0799e+00 +8.2069e-01 +3.3638e+00 -4.0982e-01 +2.2787e+00 +2.9864e+00 -3.3636e+00 +3.5795e+00 +7.3183e-01 -2.5287e+00 +3.5452e+00 +8.8691e-04 +6.6340e-01 +3.1208e+00 -4.4568e+00 -3.8077e+00 +4.8772e+00
2 +1.993658493e+05 +1.993658493e+05 +1.995742293e+05 +1.995742293e+05 +2.9829e+00 -4.6823e+00 -4.5772e+00 -1.9143e+00 +9.4958e-01 +2.5808e+00 -1.9352e+00 -3.1233e+00 +2.4515e+00 -2.9192e+00 +5.6894e-01 +3.3819e+00 +1.3637e+00 +2.7992e+00 -7.2876e-02 -1.3426e+00 +1.7789e+00 +3.5960e-01 +2.9426e+00 -4.8995e+00
5 +7.737537998e+04 +7.737537998e+04 +7.758375998e+04 +7.758375998e+04 +1.4230e-02 -3.0504e+00 +2.2465e+00 -4.1728e+00 +4.1910e+00 -3.1380e+00 +2.3867e+00 -2.2193e-01 -7.7108e-01 -3.9694e-01 -7.9520e-01 -3.7022e+00 +8.5139e-01 -1.8363e+00 +3.8460e+00 +2.8366e+00 +4.0134e-01 +4.4386e+00 +1.1952e+00 +2.2525e+00
11 +5.943379795e+04 +5.943379795e+04 +5.964217795e+04 +5.964217795e+04 +2.7960e+00 +4.1654e+00 -1.8372e+00 -2.5570e+00 +2.8541e+00 -1.0624e+00 -7.1125e-01 +2.6991e+00 +6.7204e-01 +7.1389e-01 +4.0627e+00 +3.2411e+00 -4.8402e+00 -3.0483e+00 +3.1414e+00 -4.2862e-01 -1.8693e+00 +3.6079e+00 +1.5880e+00 -9.0165e-01
199 +3.866724700e+04 +3.866724700e+04 +3.887562700e+04 +3.887562700e+04 -4.0902e+00 -1.4450e-01 +4.9266e+00 -2.7964e+00 +9.3977e-01 -1.6867e+00 +2.1369e+00 +7.6617e-01 -2.6957e+00 +1.4353e+00 +2.9329e+00 -3.6752e+00 -5.9823e-01 +1.7039e-01 -1.4354e+00 -2.3825e+00 +3.8155e+00 -3.5123e-01 +3.0398e+00 +2.0952e+00
894 +1.075449566e+04 +1.075449566e+04 +1.096287566e+04 +1.096287566e+04 -3.2861e+00 -1.9610e+00 +3.7097e+00 -3.5034e+00 +3.7861e+00 +4.2886e+00 -6.5261e-01 +2.5221e+00 -7.7915e-02 +3.7736e-01 -1.3900e+00 +1.3621e+00 -3.2167e+00 +5.9383e-01 +2.0240e+00 -1.2634e+00 +9.3846e-01 +2.0065e+00 +1.7116e-01 +6.1755e-01
% function evaluation | noise-free fitness - Fopt (-1.449600000000e+02) | best noise-free fitness - Fopt | measured fitness | best measured fitness | x1 | x2...
1 +1.244007798e+05 +1.244007798e+05 +1.242558198e+05 +1.242558198e+05 -1.6271e-01 -4.2421e+00 +4.1176e+00 -1.1627e+00 -3.8922e+00 +1.8242e-01 +4.3116e-01 +2.9490e+00 -1.8793e+00 -1.0926e+00 -5.5503e-01 -4.3518e-01 -2.9079e+00 +2.6460e+00 -3.8191e+00 +4.4220e+00 +2.4760e+00 -3.2716e+00 +4.2044e+00 +2.7683e+00
2 +8.675332676e+04 +8.675332676e+04 +8.660836676e+04 +8.660836676e+04 -2.1167e+00 -1.6345e+00 +1.2379e+00 -1.2190e+00 +2.9551e+00 -3.8596e+00 -4.5262e+00 -9.8072e-01 +2.4033e-01 -1.8009e+00 +9.4789e-01 +3.1486e+00 +3.1478e+00 +2.8792e-01 -3.1970e+00 +2.3110e+00 -3.5338e+00 +1.0420e+00 +3.6822e+00 -4.3548e+00
3 +4.659293139e+04 +4.659293139e+04 +4.644797139e+04 +4.644797139e+04 +2.3216e+00 -3.0727e+00 +1.9984e+00 +3.1493e+00 -8.7779e-01 +1.6719e+00 -4.0276e-02 +3.4104e+00 +1.0786e+00 +2.7876e+00 -7.0785e-01 +3.3687e+00 +4.8018e+00 -3.5498e+00 +3.4322e+00 -1.6135e+00 -4.2837e+00 -1.2707e+00 +2.1243e+00 -3.2012e+00
184 +2.771885312e+04 +2.771885312e+04 +2.757389312e+04 +2.757389312e+04 -8.2111e-01 -1.0430e+00 +6.2704e-01 -3.0793e+00 -4.3820e+00 -3.8314e+00 +6.6912e-01 +3.2769e+00 -3.5162e+00 +2.1978e+00 +6.6406e-01 +2.4288e+00 +2.8679e+00 +4.8279e+00 +2.7954e+00 +1.2993e+00 -2.5355e+00 -1.5518e+00 +1.8968e+00 -2.4218e+00
4210 +2.493888500e+04 +2.493888500e+04 +2.479392500e+04 +2.479392500e+04 -3.2619e+00 -2.5644e+00 +3.7215e+00 -9.1432e-01 -2.4955e+00 +3.0451e+00 -3.5072e+00 -4.0755e+00 -4.9267e+00 +1.8080e+00 +3.8450e+00 +1.4135e+00 +4.4362e+00 +1.7781e+00 +5.3895e-01 +6.1179e-02 -3.0657e+00 +6.0906e-01 +1.9248e+00 -2.3866e+00
% function evaluation | noise-free fitness - Fopt (-6.300000000000e+00) | best noise-free fitness - Fopt | measured fitness | best measured fitness | x1 | x2...
1 +1.368416599e+05 +1.368416599e+05 +1.368353599e+05 +1.368353599e+05 -3.4257e+00 +4.6782e+00 +4.5583e+00 -1.7722e-01 +1.3520e+00 -4.0514e+00 -9.6072e-01 -1.5655e+00 -1.8814e+00 -2.5998e-01 +2.2144e+00 +3.2280e-01 -2.0615e+00 -4.3610e+00 +3.2727e+00 -2.4367e-02 -1.3000e-01 -3.0548e-01 -2.3095e+00 +8.1572e-01
3 +7.071183844e+04 +7.071183844e+04 +7.070553844e+04 +7.070553844e+04 +3.1154e+00 -6.4428e-01 +4.9019e+00 -4.9358e+00 +5.7026e-02 -4.6389e-02 +2.0963e+00 -4.3453e+00 +2.2903e+00 +7.6338e-01 -2.7662e+00 +2.5992e+00 +2.2439e-01 -3.8554e+00 -1.0816e+00 -1.0309e+00 -8.6359e-01 -8.4325e-01 -2.9059e+00 -2.5863e+00
12 +4.376217593e+04 +4.376217593e+04 +4.375587593e+04 +4.375587593e+04 -8.3401e-01 -1.1392e+00 -1.5006e-01 -3.5561e+00 -4.4355e+00 -3.1151e+00 -1.1418e+00 +2.7912e+00 +1.6091e+00 +4.4456e+00 -4.9587e+00 +3.3379e+00 +1.5468e+00 -5.0859e-01 -1.4977e+00 -7.8055e-02 -1.7567e+00 -2.1761e+00 -2.6671e+00 -2.7536e+00
125 +3.618436698e+04 +3.618436698e+04 +3.617806698e+04 +3.617806698e+04 +6.2898e-01 -4.9139e+00 +4.1892e+00 +1.1665e+00 +1.3646e+00 -4.7916e+00 -3.5138e+00 +1.6735e-01 -1.6345e+00 +1.5392e+00 -2.4533e+00 -3.0842e+00 -3.8615e+00 -9.1858e-01 -3.7072e+00 -1.6328e+00 -1.3977e+00 -6.0129e-01 -3.2151e+00 +9.0348e-01
225 +1.571897041e+04 +1.571897041e+04 +1.571267041e+04 +1.571267041e+04 +2.1731e+00 +1.4882e+00 -3.7912e+00 +1.6287e-01 +7.3945e-01 +4.6076e+00 -8.6653e-01 -6.1252e-01 +3.4805e+00 +2.7520e-01 -1.3162e+00 +1.7486e-01 +2.6450e-01 +1.4448e+00 -2.4383e+00 -3.8166e-01 -1.2936e+00 -2.3690e+00 -1.0215e+00 -1.9715e+00
% function evaluation | noise-free fitness - Fopt (-2.206000000000e+01) | best noise-free fitness - Fopt | measured fitness | best measured fitness | x1 | x2...
1 +1.122748141e+05 +1.122748141e+05 +1.122527541e+05 +1.122527541e+05 +2.5639e+00 -1.3567e+00 +3.7876e+00 -1.0227e+00 -4.7031e+00 -1.2262e+00 +2.8680e+00 -2.6190e+00 -2.7768e+00 -4.3631e+00 +4.4176e+00 -2.1066e+00 +4.0722e+00 -9.6261e-01 -3.4532e+00 +2.5805e+00 +4.8586e+00 -3.4206e+00 +1.4895e+00 -4.9720e-01
6 +9.880886814e+04 +9.880886814e+04 +9.878680814e+04 +9.878680814e+04 +1.3958e+00 -1.8395e+00 -3.8352e-01 -1.5058e+00 -3.2439e+00 -4.2028e+00 -1.6977e+00 +3.9485e+00 -1.0603e+00 +3.2752e+00 -2.7340e+00 +1.4198e+00 +3.5366e+00 -2.5171e+00 +1.4729e+00 -1.4515e-01 +2.2288e+00 -4.8302e+00 -1.7074e+00 +2.0381e+00
56 +5.659475887e+04 +5.659475887e+04 +5.657269887e+04 +5.657269887e+04 -3.2843e+00 +1.0265e+00 -3.0077e+00 -2.0249e+00 -7.0350e-01 +8.8247e-01 +6.6569e-01 +1.7674e+00 -3.4075e+00 -8.3378e-01 +4.9297e-01 +4.5031e+00 +3.4854e+00 +2.8135e+00 +3.0833e+00 -8.2161e-01 -2.4752e+00 -1.0027e+00 +4.1103e+00 +1.2967e+00
114 +3.431752207e+04 +3.431752207e+04 +3.429546207e+04 +3.429546207e+04 -3.9071e+00 +3.9119e+00 +1.5402e+00 +4.1397e+00 -3.0972e+00 -2.4961e+00 +5.4973e-01 +1.2111e-01 -3.5860e-01 +4.1151e+00 -2.4583e+00 +1.5324e+00 -2.0480e+00 -8.4263e-03 +6.3657e-01 +1.9386e+00 +4.0095e-01 -3.2362e+00 +1.3004e+00 +1.1375e+00
243 +2.289606339e+04 +2.289606339e+04 +2.287400339e+04 +2.287400339e+04 +3.7511e+00 +4.6974e-01 +3.1243e-01 +1.0302e+00 -3.4403e+00 -1.2261e+00 +9.1122e-01 -3.4067e+00 -3.6558e+00 +1.1548e+00 +2.6943e+00 -1.3259e+00 +1.7018e+00 +3.0364e+00 -8.2907e-01 -9.4513e-01 -2.8919e+00 -3.7778e-02 -1.5402e-01 +3.2616e+00
% function evaluation | noise-free fitness - Fopt (7.129000000000e+01) | best noise-free fitness - Fopt | measured fitness | best measured fitness | x1 | x2...
1 +1.930770125e+05 +1.930770125e+05 +1.931483025e+05 +1.931483025e+05 -2.9213e+00 -4.4747e-01 -1.8516e+00 -4.1935e-01 -1.2612e+00 +1.9922e+00 +4.0809e+00 -4.4734e+00 +4.2005e+00 -1.8994e+00 -4.1941e+00 +2.7543e+00 +1.4409e+00 +2.6506e+00 -3.8613e+00 +2.3955e+00 -6.9952e-01 +1.0817e+00 +1.2340e+00 -1.7928e+00
8 +6.820995522e+04 +6.820995522e+04 +6.828124522e+04 +6.828124522e+04 -4.5333e+00 -1.7641e+00 +3.2304e-01 -1.0969e+00 -1.1819e+00 -1.5764e+00 +2.7077e+00 -1.2493e+00 +2.6258e+00 +3.9675e+00 +1.7650e+00 +4.6612e+00 +9.4881e-01 +3.5899e+00 -1.1152e+00 -1.3157e-02 -1.8357e+00 +1.7586e+00 +1.9010e+00 +1.3151e+00
47 +4.678951965e+04 +4.678951965e+04 +4.686080965e+04 +4.686080965e+04 -4.3629e+00 +5.6599e-01 +1.7035e+00 +1.5979e+00 -4.8876e-01 -2.2253e+00 +1.1720e+00 +9.0932e-01 -2.6912e+00 -2.6351e+00 -3.9356e+00 +2.1532e+00 -4.4691e+00 +3.7940e+00 +4.5919e-01 -4.2131e+00 -5.0959e-02 +1.5321e+00 +1.4646e+00 -7.5482e-02
85 +3.451376087e+04 +3.451376087e+04 +3.458505087e+04 +3.458505087e+04 +2.4358e+00 -5.0656e-01 +3.8018e+00 -3.1364e-01 +2.9622e+00 +3.0105e+00 -2.0293e+00 -4.7927e+00 -1.3265e+00 +3.3702e+00 +1.2488e+00 +1.6215e+00 -1.2597e+00 -5.5306e-01 +4.2201e+00 -2.2744e+00 +8.9316e-02 +2.4999e+00 -1.3724e+00 +1.6380e+00
264 +2.287058118e+04 +2.287058118e+04 +2.294187118e+04 +2.294187118e+04 +1.0159e+00 +3.6895e+00 +4.0407e+00 +1.5371e-02 -2.3176e+00 -1.0724e+00 +1.0479e+00 -3.7398e-01 -2.2423e-01 +4.6230e+00 +1.3770e+00 +1.3602e+00 +9.9606e-01 -7.6245e-01 +1.4564e+00 -3.3421e+00 +2.0322e+00 +1.0689e+00 +7.1773e-01 +1.3923e+00
% function evaluation | noise-free fitness - Fopt (-1.054000000000e+01) | best noise-free fitness - Fopt | measured fitness | best measured fitness | x1 | x2...
1 +7.463234364e+04 +7.463234364e+04 +7.462180364e+04 +7.462180364e+04 -3.6661e+00 -3.5876e+00 -4.8452e+00 +2.3916e+00 +4.4613e+00 -2.9929e+00 +3.2567e+00 -1.5600e+00 +3.7364e+00 +1.9908e-01 +2.9933e+00 -7.8220e-01 +6.7520e-01 -3.6243e+00 +3.7975e+00 +2.7747e+00 -3.6165e+00 -1.8925e+00 +2.9843e+00 +1.5229e-01
63 +4.938378776e+04 +4.938378776e+04 +4.937324776e+04 +4.937324776e+04 -8.4123e-01 +1.0802e+00 -1.5224e+00 -1.7361e+00 +3.2790e+00 +2.9373e+00 +4.1228e+00 -1.6904e+00 -3.0226e+00 -4.2181e-01 -1.7872e+00 +6.1313e-02 -4.6036e+00 +2.9386e-01 -1.6356e+00 +2.6010e+00 -3.0753e+00 -1.0180e+00 +1.1007e+00 +4.6456e+00
356 +3.677811281e+04 +3.677811281e+04 +3.676757281e+04 +3.676757281e+04 +1.2946e+00 -1.6505e+00 +4.8522e+00 +1.0594e+00 -1.1477e+00 -4.0681e+00 +6.8988e-01 -4.4861e+00 -2.1520e+00 -2.2516e-01 -7.1703e-01 -1.3695e+00 -1.0039e+00 -1.1052e+00 +6.6673e-01 +4.2322e-01 -1.1586e+00 +8.4673e-01 +3.4005e+00 -5.8906e-01
407 +2.023076044e+04 +2.023076044e+04 +2.022022044e+04 +2.022022044e+04 +2.3672e+00 -2.5620e+00 -2.5654e+00 -2.6828e-01 -1.0681e+00 +2.2384e+00 -2.8203e+00 -4.3081e+00 -5.8457e-02 -7.6789e-01 +6.0917e-01 -1.2584e+00 -4.9424e+00 +1.5832e+00 -1.1668e+00 +3.1918e+00 +6.9710e-01 -2.2584e+00 +2.5576e+00 +2.7931e+00
584 +1.574794804e+04 +1.574794804e+04 +1.573740804e+04 +1.573740804e+04 -8.7888e-01 +3.3175e+00 -3.8552e+00 -1.4687e+00 -3.2056e+00 +1.6204e+00 +8.7634e-01 -4.6932e+00 +4.2744e+00 -9.7189e-01 -3.5469e-01 +2.9338e-03 -2.9590e+00 -2.6791e+00 -2.1315e+00 +5.5917e-01 -9.4583e-01 -3.5358e-01 +3.5156e+00 +2.4039e-01
% function evaluation | noise-free fitness - Fopt (3.860100000000e+02) | best noise-free fitness - Fopt | measured fitness | best measured fitness | x1 | x2...
1 +1.033556034e+05 +1.033556034e+05 +1.037416134e+05 +1.037416134e+05 +3.9904e+00 -3.9944e+00 -1.5108e+00 -2.9540e+00 -4.2175e+00 -2.7401e+00 +2.7915e+00 -3.2609e+00 +6.7994e-01 -1.9864e+00 -9.0081e-01 +9.6049e-01 +1.5111e+00 -4.0761e+00 -5.7986e-01 -2.0683e+00 -1.7688e+00 +1.2163e+00 -4.7091e+00 -5.8302e-01
12 +7.885745330e+04 +7.885745330e+04 +7.924346330e+04 +7.924346330e+04 +2.8899e+00 -1.3470e+00 +1.2027e-01 +1.2904e+00 -2.6576e+00 +7.4325e-01 +4.6759e+00 +4.1161e+00 -2.1401e+00 -6.2775e-01 +1.8420e+00 -7.1532e-01 -7.3224e-01 -1.9945e+00 -2.8441e+00 -2.5220e+00 -4.5990e+00 +2.3214e-01 -2.1039e+00 +2.3521e+00
46 +4.231943653e+04 +4.231943653e+04 +4.270544653e+04 +4.270544653e+04 -3.0588e+00 -2.0362e+00 +1.8400e+00 +8.1383e-01 +2.8745e+00 -1.6218e+00 -6.7428e-01 +3.4756e+00 -4.3057e+00 -4.0259e+00 +1.8442e-01 -3.4693e+00 -1.0192e+00 +3.9004e+00 +2.9357e+00 -7.7995e-02 -2.7759e+00 -4.9191e-01 -4.0456e+00 -9.6509e-02
101 +3.641566094e+04 +3.641566094e+04 +3.680167094e+04 +3.680167094e+04 +4.5745e+00 -3.5677e+00 +4.0959e+00 +2.3290e+00 -3.4023e+00 +1.9465e+00 -3.1521e+00 +1.3359e+00 -2.5581e+00 -3.3637e+00 -3.5745e+00 +1.3066e+00 +3.2658e-01 +3.4879e+00 +5.8426e-01 +1.3673e+00 -1.9040e+00 +2.3675e+00 -9.9091e-01 -3.1859e+00
2197 +2.230395865e+04 +2.230395865e+04 +2.268996865e+04 +2.268996865e+04 -2.2009e+00 +4.6048e-02 -1.0648e+00 +2.5791e+00 +8.8088e-03 +1.1815e-02 -2.6440e+00 +2.8687e+00 +4.5103e-01 -1.0068e+00 -4.2521e+00 -3.0581e+00 -2.3120e+00 +2.4522e+00 -1.2031e+00 -3.0050e+00 +1.9167e+00 +3.0296e+00 -3.4430e-01 -2.1888e+00
2849 +3.480169023e+03 +3.480169023e+03 +3.866179023e+03 +3.866179023e+03 -1.3683e+00 +1.2192e+00 -2.7555e+00 +1.0477e+00 +5.3048e-01 +1.2935e+00 -5.8550e-01 +3.3210e+00 +5.3710e-01 -5.6073e-02 -2.7894e+00 +5.5193e-01 -1.1650e+00 +1.2813e+00 +2.7757e-02 -9.2121e-01 -3.6036e+00 +1.5287e+00 -2.0663e+00 -1.3205e+00
% function evaluation | noise-free fitness - Fopt (-1.257000000000e+01) | best noise-free fitness - Fopt | measured fitness | best measured fitness | x1 | x2...
1 +1.312271943e+05 +1.312271943e+05 +1.312146243e+05 +1.312146243e+05 +9.6727e-01 -3.4330e+00 +3.1334e+00 +2.8877e+00 +1.9380e-01 -2.7001e+00 +1.8112e+00 +2.0912e+00 -3.5038e+00 +1.5834e-01 -4.4840e+00 -4.2992e+00 +4.5690e+00 -3.3466e+00 -5.2583e-01 -2.8331e+00 +2.7610e+00 +1.2387e+00 -1.0146e+00 +1.9475e+00
9 +5.617918102e+04 +5.617918102e+04 +5.616661102e+04 +5.616661102e+04 +1.7930e+00 +3.5808e+00 -2.6157e+00 -3.1268e+00 +4.1246e+00 +2.6914e+00 -3.7761e+00 +2.6338e+00 +3.0622e+00 -5.7594e-01 -2.4774e+00 -2.2936e-01 -3.4087e-01 +2.9170e+00 -4.2025e+00 -3.6806e+00 -2.1174e+00 +3.0462e+00 -2.6186e+00 +3.9209e+00
32 +2.517274541e+04 +2.517274541e+04 +2.516017541e+04 +2.516017541e+04 +3.4760e+00 +4.0903e+00 -2.0554e+00 +2.3823e-01 +3.9073e-01 +8.4475e-01 -3.4791e+00 +2.3571e-01 +2.6002e+00 +2.7211e+00 -3.0202e+00 +1.7267e+00 -4.7607e+00 -4.6939e-01 +1.3414e-01 -1.0663e-01 -9.4309e-01 +8.4507e-01 -4.1831e+00 +2.5985e-01
2330 +1.494945322e+04 +1.494945322e+04 +1.493688322e+04 +1.493688322e+04 +3.3923e-01 +9.9246e-01 +2.1984e+00 -2.9444e+00 -2.9972e+00 -1.5389e+00 -6.3837e-01 +3.5049e+00 -1.1117e+00 +4.2695e-01 -1.5530e+00 +2.5121e+00 +1.0920e+00 -2.2818e+00 -8.9201e-01 -1.6065e+00 -2.7802e+00 +2.6316e+00 +1.1491e+00 +2.8971e+00
% function evaluation | noise-free fitness - Fopt (-1.270400000000e+02) | best noise-free fitness - Fopt | measured fitness | best measured fitness | x1 | x2...
1 +6.984873447e+04 +6.984873447e+04 +6.972169447e+04 +6.972169447e+04 -2.0782e+00 -3.8306e+00 -2.7058e+00 -1.6257e+00 +3.8497e+00 -2.1763e+00 +3.7938e+00 -1.7068e+00 +1.8567e-01 -2.2081e+00 +2.9153e+00 -3.4539e+00 +2.0909e+00 -1.6533e+00 -4.3538e+00 +1.0755e+00 -1.4214e+00 -3.4696e+00 -1.4161e+00 +1.1424e+00
65 +4.809815760e+04 +4.809815760e+04 +4.797111760e+04 +4.797111760e+04 +4.8019e+00 -6.7870e-01 +2.1780e+00 -2.5155e+00 -1.6028e+00 -1.0214e+00 +4.6695e+00 -3.7344e+00 -2.9025e+00 +8.9172e-01 +2.4428e+00 -4.8459e+00 -6.4450e-01 -8.6613e-01 -3.6557e+00 +6.0991e-01 -9.2635e-01 -2.3959e-01 +4.3447e+00 -9.2582e-01
266 +3.805483226e+04 +3.805483226e+04 +3.792779226e+04 +3.792779226e+04 +4.6763e+00 +3.6540e+00 +3.9769e+00 +2.9997e+00 +6.3666e-01 -6.5076e-01 +2.9358e-01 +1.7407e+00 -1.1574e+00 -3.0195e-01 +1.5092e+00 -6.1862e-01 +1.3576e-01 -1.0053e+00 -1.5385e+00 -3.8552e+00 -1.0202e+00 -3.1007e+00 +4.5855e+00 -1.8983e+00
558 +2.432007554e+04 +2.432007554e+04 +2.419303554e+04 +2.419303554e+04 -2.4867e+00 +2.0525e+00 -8.9893e-01 +3.4017e+00 -4.0099e+00 +9.1769e-01 -4.2125e-01 -1.6485e+00 -1.3311e+00 -1.6969e-01 +2.0652e+00 -2.8775e+00 -9.4116e-02 -5.6051e-01 -3.9540e+00 -1.2870e+00 +2.7994e-01 -4.7318e+00 +2.6701e-01 -9.7712e-01
3906 +1.497496811e+04 +1.497496811e+04 +1.484792811e+04 +1.484792811e+04 -4.1059e+00 +4.6195e+00 +2.1939e+00 +1.7550e+00 +1.4341e+00 -4.2504e+00 -7.2988e-02 +6.3012e-02 +3.7243e+00 +1.4815e+00 -2.5582e+00 -3.4169e+00 +3.7267e-01 -1.7717e+00 -4.3024e-01 -1.2814e+00 -9.0026e-01 -3.2185e+00 +1.6712e+00 -3.0935e+00
% function evaluation | noise-free fitness - Fopt (-3.752000000000e+01) | best noise-free fitness - Fopt | measured fitness | best measured fitness | x1 | x2...
1 +2.490421370e+05 +2.490421370e+05 +2.490046170e+05 +2.490046170e+05 -2.8229e-01 -3.8005e+00 -1.1190e+00 -3.5284e+00 -4.7502e+00 -1.5774e+00 -2.9135e+00 -4.5562e+00 -4.7913e+00 +1.0033e+00 +1.2447e+00 +2.6093e-02 +3.0756e+00 -1.1755e+00 -3.7529e+00 +4.3923e+00 +1.2999e+00 -6.6271e-01 +2.7685e+00 +2.2623e+00
2 +9.682242885e+04 +9.682242885e+04 +9.678490885e+04 +9.678490885e+04 -3.3251e+00 +2.1309e+00 -2.6768e-01 +9.4797e-01 -1.4697e+00 -4.7866e-01 +3.7190e+00 -3.5725e+00 -1.7373e+00 -3.9366e+00 +4.5122e-02 +4.1021e+00 +1.6071e+00 +1.2807e+00 -1.6588e+00 +6.8787e-01 +4.8671e-01 +4.0043e+00 +9.0361e-01 -9.4306e-01
16 +6.139859288e+04 +6.139859288e+04 +6.136107288e+04 +6.136107288e+04 -2.7681e+00 -3.2119e+00 -2.4702e+00 +2.6919e-01 +1.2486e+00 +2.0554e-01 +2.6776e+00 +2.2038e+00 +4.4948e+00 +1.7932e+00 +1.1460e+00 +1.7460e+00 -4.6754e-01 -8.9219e-01 -8.2071e-01 -8.4645e-01 +1.0214e+00 -2.1759e+00 +8.1953e-01 -4.5228e+00
77 +3.066673157e+04 +3.066673157e+04 +3.062921157e+04 +3.062921157e+04 +1.3598e+00 +4.4913e+00 +2.6892e+00 +4.7764e+00 +1.7428e+00 -3.3569e+00 +3.7497e-01 -1.1166e+00 +2.5629e+00 -2.1111e+00 -1.4598e+00 -3.5479e+00 -3.0848e+00 -1.4742e-02 +1.7035e+00 -2.2542e+00 +1.9358e+00 +3.4117e+00 +7.3110e-01 +2.4754e-01
2070 +2.105538561e+04 +2.105538561e+04 +2.101786561e+04 +2.101786561e+04 -3.7624e+00 -1.0528e+00 -4.8751e+00 -1.3955e+00 -4.8775e-03 +2.0694e-01 +4.2137e+00 -9.5624e-01 +2.9655e+00 -1.6892e+00 +4.4730e-01 -4.7222e+00 -3.4476e+00 +8.8740e-01 +1.6314e+00 -1.2097e+00 -3.1243e-01 +3.1974e+00 +4.2140e-02 -6.8173e-01
3045 +1.487207649e+04 +1.487207649e+04 +1.483455649e+04 +1.483455649e+04 -4.4392e+00 +1.9242e+00 -2.6850e+00 -2.4582e+00 +3.8410e+00 -3.3606e+00 +3.4801e+00 +3.1280e+00 +5.5518e-01 -1.4462e+00 +2.4450e-01 +1.0335e+00 -1.7094e+00 +3.0921e+00 +7.8924e-02 -3.2416e+00 +2.4507e+00 +1.4683e+00 +2.5353e+00 -2.4876e+00
% function evaluation | noise-free fitness - Fopt (-3.311600000000e+02) | best noise-free fitness - Fopt | measured fitness | best measured fitness | x1 | x2...
1 +9.825847127e+04 +9.825847127e+04 +9.792731127e+04 +9.792731127e+04 -1.7639e+00 +8.1262e-01 -2.5717e+00 -3.4109e+00 +4.4935e+00 -3.6471e+00 +1.9529e+00 -4.9875e+00 -1.9116e+00 -2.4749e+00 +4.1719e+00 -1.4637e+00 -4.0947e+00 +4.5571e+00 -1.7867e+00 +3.6087e+00 -4.1213e+00 +3.5178e+00 +7.5395e-02 -9.8547e-02
90 +5.614701899e+04 +5.614701899e+04 +5.581585899e+04 +5.581585899e+04 +3.5525e-01 +1.1498e+00 -3.1025e+00 +2.7003e+00 +3.5081e+00 +3.7208e+00 -5.0655e-01 -2.2674e+00 +1.4704e+00 +3.1646e+00 -2.3821e+00 +5.1784e-01 +2.5866e+00 -1.9047e+00 +3.8692e+00 +3.3192e+00 +5.0551e-02 -4.9974e-01 -2.9101e+00 -8.5545e-01
113 +2.375373812e+04 +2.375373812e+04 +2.342257812e+04 +2.342257812e+04 -1.3063e-01 -4.8717e+00 -1.5957e+00 -1.9828e-01 +4.1962e+00 -2.3021e+00 +7.7726e-02 -3.1252e+00 -2.1487e-01 -4.6440e-01 +3.5175e+00 +4.6407e-02 -1.4722e+00 -1.5975e-01 -1.0816e+00 +4.4673e+00 -4.2045e-01 +1.0503e+00 -2.3474e+00 -4.5456e-01
% function evaluation | noise-free fitness - Fopt (4.481000000000e+01) | best noise-free fitness - Fopt | measured fitness | best measured fitness | x1 | x2...
1 +1.557678859e+05 +1.557678859e+05 +1.558126959e+05 +1.558126959e+05 -4.4745e+00 -8.1920e-01 +4.9363e-01 +3.0885e-01 +2.1974e+00 +3.4917e+00 -5.4184e-01 +4.9959e+00 +3.7645e+00 +2.2482e+00 -2.6052e+00 +1.7516e+00 -1.6854e+00 -2.4827e+00 -3.1107e+00 +3.0490e+00 +7.4765e-01 +4.6616e+00 -3.8739e+00 +4.7479e+00
10 +8.875499715e+04 +8.875499715e+04 +8.879980715e+04 +8.879980715e+04 -1.0200e+00 -3.3766e+00 -3.7873e+00 +1.3266e+00 -2.9029e+00 -1.0941e+00 +7.9079e-01 -3.8972e+00 +2.5480e+00 -4.1584e+00 -2.2414e+00 +4.1733e+00 -2.7251e+00 -4.7152e+00 +1.7142e+00 -1.9337e-01 -1.2447e+00 +3.8996e+00 -1.4529e+00 +1.8102e+00
42 +4.960576857e+04 +4.960576857e+04 +4.965057857e+04 +4.965057857e+04 -3.1478e+00 +1.6507e+00 -1.7143e+00 +4.3593e-01 -2.5772e+00 +2.4568e+00 -3.0743e-01 +8.0571e-01 -1.5637e+00 -4.2642e+00 -3.2621e+00 -1.5892e+00 +3.6723e+00 -4.3870e+00 +1.4749e+00 -2.5248e+00 -3.8491e+00 +1.5110e+00 +5.4874e-01 +2.8451e-01
463 +3.096412823e+04 +3.096412823e+04 +3.100893823e+04 +3.100893823e+04 -4.6760e+00 +1.8216e+00 +2.5872e+00 +1.3664e+00 +1.7498e+00 +1.2892e+00 -2.4787e+00 -3.6263e-01 +4.9900e-01 -2.9822e+00 +2.6246e+00 -2.8583e+00 +1.7327e+00 -3.2127e+00 -3.7886e+00 +6.6802e-01 -1.7183e+00 +4.2279e+00 +2.7146e+00 +1.6703e+00
1047 +2.220365844e+04 +2.220365844e+04 +2.224846844e+04 +2.224846844e+04 +1.6868e+00 +4.9127e+00 -4.4424e+00 +3.4702e+00 +1.6144e+00 +2.8856e+00 +5.7034e-01 -1.1839e+00 -1.0716e+00 -1.3855e+00 +2.5113e+00 +6.3642e-01 +2.3051e-01 +1.8249e+00 -9.3515e-01 -5.5479e-01 -2.1467e+00 +1.1006e+00 +1.5638e+00 +3.6483e+00
% function evaluation | noise-free fitness - Fopt (-1.764600000000e+02) | best noise-free fitness - Fopt | measured fitness | best measured fitness | x1 | x2...
1 +1.408394663e+05 +1.408394663e+05 +1.406630063e+05 +1.406630063e+05 -3.6027e-01 -2.7057e+00 +2.1446e+00 +1.0678e+00 -2.7004e+00 +2.7152e+00 +2.2766e+00 +3.8925e+00 +1.5376e+00 +3.3915e+00 -1.8820e+00 -1.6986e+00 -1.2535e+00 -4.6732e+00 -2.5123e+00 +2.9320e+00 +4.3118e+00 -1.8979e+00 +2.9057e+00 +7.8166e-01
16 +6.040555661e+04 +6.040555661e+04 +6.022909661e+04 +6.022909661e+04 +2.3976e+00 +4.4374e+00 -3.8798e+00 +4.0259e+00 -1.6662e+00 -1.4895e+00 -4.2292e+00 -1.3246e+00 +3.3499e+00 -6.5718e-02 -1.9662e+00 -1.8887e+00 +2.9567e-01 -4.3565e+00 +4.2998e+00 +3.6347e+00 +2.7192e+00 +2.2063e+00 +1.6318e+00 +3.3848e+00
84 +3.154220352e+04 +3.154220352e+04 +3.136574352e+04 +3.136574352e+04 -2.5545e+00 +4.4624e+00 +3.2494e+00 -2.3775e+00 +4.5290e+00 -2.1895e+00 -2.8515e+00 +2.0870e+00 -2.6699e-01 +4.6245e+00 -1.3116e+00 +5.1690e-01 +2.8303e+00 -4.5678e+00 -9.1675e-01 +1.7855e+00 -4.0682e+00 +2.2494e+00 +2.3145e+00 +1.1036e+00
346 +1.716053134e+04 +1.716053134e+04 +1.698407134e+04 +1.698407134e+04 -1.8561e+00 +4.3415e+00 +2.1129e-01 +2.7726e+00 +4.5523e+00 +9.7507e-01 +2.9200e+00 +2.7330e-01 -5.1411e-01 +4.0450e+00 +2.6467e+00 -1.6062e+00 +2.4985e+00 +1.0197e+00 +1.5617e+00 +1.4669e+00 +5.2700e-02 +2.6808e+00 +9.6723e-01 +2.0493e+00
2322 +1.119362747e+04 +1.119362747e+04 +1.101716747e+04 +1.101716747e+04 -3.2000e+00 +4.8399e+00 -6.7529e-01 +1.3273e+00 +1.7584e+00 +6.0153e-01 +1.3368e+00 -3.4240e+00 -9.0063e-01 +7.1158e-01 +1.7486e+00 -1.7137e+00 -3.9794e-01 -2.9980e+00 +7.7890e-01 +1.2194e+00 -1.0354e+00 +2.8943e+00 +2.9532e+00 +1.6930e+00
