% function evaluation | noise-free fitness - Fopt (9.294000000000e+01) | best noise-free fitness - Fopt | measured fitness | best measured fitness | x1 | x2...
1 +1.085472967e+03 +1.085472967e+03 +1.178412967e+03 +1.178412967e+03 -2.4743e+00 -4.5434e+00
2 +1.296165019e+02 +1.296165019e+02 +2.225565019e+02 +2.225565019e+02 -7.2105e-01 +3.9878e+00
3 +1.515148247e+01 +1.515148247e+01 +1.080914825e+02 +1.080914825e+02 +4.4299e+00 -4.0288e+00
5 +6.733992210e+00 +6.733992210e+00 +9.967399221e+01 +9.967399221e+01 -3.3158e+00 +4.0414e+00
13 +2.499998066e+00 +2.499998066e+00 +9.543999807e+01 +9.543999807e+01 -2.6904e-01 +1.1625e+00
54 +6.009155901e-01 +6.009155901e-01 +9.354091559e+01 +9.354091559e+01 -9.7508e-01 +1.8016e+00
180 +2.403662360e-02 +2.403662360e-02 +9.296403662e+01 +9.296403662e+01 -9.1300e-02 +5.2105e-01
362 +6.009155901e-03 +6.009155901e-03 +9.294600916e+01 +9.294600916e+01 -2.8278e-01 +8.2785e-01
382 +2.322186674e-07 +2.322186674e-07 +9.294000023e+01 +9.294000023e+01 -2.2606e-01 +7.6058e-01
509 +1.120941846e-07 +1.120941846e-07 +9.294000011e+01 +9.294000011e+01 -2.3033e-01 +7.2232e-01
570 +8.308759902e-09 +8.308759902e-09 +9.294000001e+01 +9.294000001e+01 -2.3303e-01 +7.3415e-01
722 +6.306962064e-09 +6.306962064e-09 +9.294000001e+01 +9.294000001e+01 -2.3873e-01 +7.3184e-01
747 +4.006750487e-10 +4.006750487e-10 +9.294000000e+01 +9.294000000e+01 -2.3488e-01 +7.3254e-01
814 +1.521840431e-10 +1.521840431e-10 +9.294000000e+01 +9.294000000e+01 -2.3743e-01 +7.3166e-01
904 +6.085087989e-11 +6.085087989e-11 +9.294000000e+01 +9.294000000e+01 -2.3578e-01 +7.3225e-01
949 +1.899991275e-11 +1.899991275e-11 +9.294000000e+01 +9.294000000e+01 -2.3622e-01 +7.3209e-01
954 +5.854872143e-12 +5.854872143e-12 +9.294000000e+01 +9.294000000e+01 -2.3832e-01 +7.3132e-01
1098 +1.662670002e-12 +1.662670002e-12 +9.294000000e+01 +9.294000000e+01 -2.2931e-01 +7.3464e-01
1155 +1.421085472e-14 +1.421085472e-14 +9.294000000e+01 +9.294000000e+01 -2.2389e-01 +7.3663e-01
1438 +0.000000000e+00 +0.000000000e+00 +9.294000000e+01 +9.294000000e+01 -2.2874e-01 +7.3485e-01
% function evaluation | noise-free fitness - Fopt (3.535000000000e+01) | best noise-free fitness - Fopt | measured fitness | best measured fitness | x1 | x2...
1 +8.914073972e+01 +8.914073972e+01 +1.244907397e+02 +1.244907397e+02 -4.8990e+00 -4.4146e+00
2 +3.866314481e+01 +3.866314481e+01 +7.401314481e+01 +7.401314481e+01 -2.0473e+00 -1.2034e+00
5 +9.710203575e-01 +9.710203575e-01 +3.632102036e+01 +3.632102036e+01 +1.1756e+00 +1.2304e+00
91 +6.170689391e-01 +6.170689391e-01 +3.596706894e+01 +3.596706894e+01 +1.9155e+00 +1.9637e+00
129 +1.116835955e-01 +1.116835955e-01 +3.546168360e+01 +3.546168360e+01 +1.9500e+00 +1.7448e+00
182 +6.137751879e-02 +6.137751879e-02 +3.541137752e+01 +3.541137752e+01 +1.8763e+00 +1.5613e+00
204 +2.642512041e-02 +2.642512041e-02 +3.537642512e+01 +3.537642512e+01 +1.8466e+00 +1.6617e+00
244 +1.534437970e-02 +1.534437970e-02 +3.536534438e+01 +3.536534438e+01 +1.8042e+00 +1.5527e+00
274 +3.836094924e-03 +3.836094924e-03 +3.535383609e+01 +3.535383609e+01 +1.7321e+00 +1.4892e+00
342 +2.208259744e-07 +2.208259744e-07 +3.535000022e+01 +3.535000022e+01 +1.7616e+00 +1.4623e+00
392 +9.792403688e-08 +9.792403688e-08 +3.535000010e+01 +3.535000010e+01 +1.7496e+00 +1.4919e+00
400 +2.621291628e-08 +2.621291628e-08 +3.535000003e+01 +3.535000003e+01 +1.7578e+00 +1.4815e+00
440 +1.270606731e-09 +1.270606731e-09 +3.535000000e+01 +3.535000000e+01 +1.7482e+00 +1.4809e+00
528 +2.841673563e-10 +2.841673563e-10 +3.535000000e+01 +3.535000000e+01 +1.7742e+00 +1.4899e+00
563 +6.537703712e-11 +6.537703712e-11 +3.535000000e+01 +3.535000000e+01 +1.7606e+00 +1.4853e+00
619 +1.499245172e-11 +1.499245172e-11 +3.535000000e+01 +3.535000000e+01 +1.7565e+00 +1.4839e+00
759 +7.261746759e-12 +7.261746759e-12 +3.535000000e+01 +3.535000000e+01 +1.7628e+00 +1.4860e+00
782 +2.437161584e-12 +2.437161584e-12 +3.535000000e+01 +3.535000000e+01 +1.7583e+00 +1.4845e+00
813 +4.334310688e-13 +4.334310688e-13 +3.535000000e+01 +3.535000000e+01 +1.7564e+00 +1.4838e+00
892 +3.765876500e-13 +3.765876500e-13 +3.535000000e+01 +3.535000000e+01 +1.7569e+00 +1.4840e+00
941 +4.973799150e-14 +4.973799150e-14 +3.535000000e+01 +3.535000000e+01 +1.7621e+00 +1.4858e+00
972 +2.131628207e-14 +2.131628207e-14 +3.535000000e+01 +3.535000000e+01 +1.7611e+00 +1.4854e+00
993 +1.421085472e-14 +1.421085472e-14 +3.535000000e+01 +3.535000000e+01 +1.7561e+00 +1.4837e+00
1011 +0.000000000e+00 +0.000000000e+00 +3.535000000e+01 +3.535000000e+01 +1.7511e+00 +1.4820e+00
% function evaluation | noise-free fitness - Fopt (3.820000000000e+00) | best noise-free fitness - Fopt | measured fitness | best measured fitness | x1 | x2...
1 +4.498893851e+02 +4.498893851e+02 +4.537093851e+02 +4.537093851e+02 +2.2193e+00 +3.8102e+00
3 +3.322769526e+02 +3.322769526e+02 +3.360969526e+02 +3.360969526e+02 +1.8259e+00 +6.4520e-01
7 +7.029898195e+01 +7.029898195e+01 +7.411898195e+01 +7.411898195e+01 +2.5267e+00 -9.0964e-01
13 +3.869956687e+01 +3.869956687e+01 +4.251956687e+01 +4.251956687e+01 +3.6780e+00 -4.4839e+00
20 +4.651505258e+00 +4.651505258e+00 +8.471505258e+00 +8.471505258e+00 +2.8398e+00 -3.4997e+00
29 +2.049162170e+00 +2.049162170e+00 +5.869162170e+00 +5.869162170e+00 +3.1587e+00 -3.2000e+00
103 +3.157496996e-01 +3.157496996e-01 +4.135749700e+00 +4.135749700e+00 +3.9475e+00 +1.1766e+00
125 +5.122905424e-03 +5.122905424e-03 +3.825122905e+00 +3.825122905e+00 +3.9565e+00 +9.3745e-01
309 +1.167208907e-07 +1.167208907e-07 +3.820000117e+00 +3.820000117e+00 +3.9944e+00 +1.1659e+00
429 +5.280072823e-09 +5.280072823e-09 +3.820000005e+00 +3.820000005e+00 +3.9908e+00 +1.1772e+00
509 +1.025919794e-09 +1.025919794e-09 +3.820000001e+00 +3.820000001e+00 +4.0023e+00 +1.1775e+00
621 +5.470384146e-10 +5.470384146e-10 +3.820000001e+00 +3.820000001e+00 +4.0029e+00 +1.1773e+00
701 +3.497366841e-10 +3.497366841e-10 +3.820000000e+00 +3.820000000e+00 +4.0002e+00 +1.1774e+00
709 +9.706013770e-11 +9.706013770e-11 +3.820000000e+00 +3.820000000e+00 +3.9989e+00 +1.1775e+00
742 +3.843148022e-11 +3.843148022e-11 +3.820000000e+00 +3.820000000e+00 +3.9967e+00 +1.1776e+00
767 +4.726885550e-12 +4.726885550e-12 +3.820000000e+00 +3.820000000e+00 +3.9938e+00 +1.1776e+00
882 +2.656541653e-12 +2.656541653e-12 +3.820000000e+00 +3.820000000e+00 +3.9971e+00 +1.1775e+00
895 +1.909583602e-14 +1.909583602e-14 +3.820000000e+00 +3.820000000e+00 +3.9948e+00 +1.1776e+00
1142 +3.996802889e-15 +3.996802889e-15 +3.820000000e+00 +3.820000000e+00 +3.9950e+00 +1.1776e+00
1148 +4.440892099e-16 +4.440892099e-16 +3.820000000e+00 +3.820000000e+00 +3.9953e+00 +1.1776e+00
1260 +0.000000000e+00 +0.000000000e+00 +3.820000000e+00 +3.820000000e+00 +3.9983e+00 +1.1775e+00
% function evaluation | noise-free fitness - Fopt (2.175000000000e+01) | best noise-free fitness - Fopt | measured fitness | best measured fitness | x1 | x2...
1 +5.889819135e+02 +5.889819135e+02 +6.107319135e+02 +6.107319135e+02 -5.6747e-01 -2.1241e+00
2 +5.004431004e+01 +5.004431004e+01 +7.179431004e+01 +7.179431004e+01 +1.6343e+00 +4.4854e+00
9 +1.705941962e+01 +1.705941962e+01 +3.880941962e+01 +3.880941962e+01 +6.5346e-01 +4.0231e+00
21 +1.276961644e+01 +1.276961644e+01 +3.451961644e+01 +3.451961644e+01 +2.5212e+00 +1.0741e+00
66 +7.629821235e-01 +7.629821235e-01 +2.251298212e+01 +2.251298212e+01 +4.3873e+00 +3.1299e-01
161 +5.248294352e-02 +5.248294352e-02 +2.180248294e+01 +2.180248294e+01 +3.9115e+00 +7.9015e-01
295 +3.127769378e-02 +3.127769378e-02 +2.178127769e+01 +2.178127769e+01 +3.8160e+00 +8.0236e-01
336 +1.469823782e-02 +1.469823782e-02 +2.176469824e+01 +2.176469824e+01 +3.6608e+00 +9.2319e-01
374 +7.629821235e-03 +7.629821235e-03 +2.175762982e+01 +2.175762982e+01 +3.6713e+00 +1.0006e+00
498 +4.109978917e-07 +4.109978917e-07 +2.175000041e+01 +2.175000041e+01 +3.7878e+00 +8.5254e-01
512 +2.895895541e-07 +2.895895541e-07 +2.175000029e+01 +2.175000029e+01 +3.7529e+00 +9.1651e-01
548 +2.380275070e-07 +2.380275070e-07 +2.175000024e+01 +2.175000024e+01 +3.7880e+00 +8.7030e-01
608 +5.542830905e-08 +5.542830905e-08 +2.175000006e+01 +2.175000006e+01 +3.7561e+00 +8.9324e-01
642 +2.063521620e-08 +2.063521620e-08 +2.175000002e+01 +2.175000002e+01 +3.7623e+00 +8.8683e-01
732 +4.967308342e-09 +4.967308342e-09 +2.175000000e+01 +2.175000000e+01 +3.7672e+00 +8.8954e-01
743 +1.506304415e-09 +1.506304415e-09 +2.175000000e+01 +2.175000000e+01 +3.7553e+00 +8.8722e-01
875 +8.324043677e-10 +8.324043677e-10 +2.175000000e+01 +2.175000000e+01 +3.7543e+00 +8.8723e-01
887 +1.114521808e-10 +1.114521808e-10 +2.175000000e+01 +2.175000000e+01 +3.7615e+00 +8.8877e-01
964 +8.732570222e-12 +8.732570222e-12 +2.175000000e+01 +2.175000000e+01 +3.7614e+00 +8.8874e-01
1124 +3.172573315e-12 +3.172573315e-12 +2.175000000e+01 +2.175000000e+01 +3.7660e+00 +8.8978e-01
1154 +1.922018100e-12 +1.922018100e-12 +2.175000000e+01 +2.175000000e+01 +3.7642e+00 +8.8937e-01
1178 +3.872457910e-13 +3.872457910e-13 +2.175000000e+01 +2.175000000e+01 +3.7627e+00 +8.8903e-01
1229 +2.131628207e-13 +2.131628207e-13 +2.175000000e+01 +2.175000000e+01 +3.7625e+00 +8.8900e-01
1250 +1.278976924e-13 +1.278976924e-13 +2.175000000e+01 +2.175000000e+01 +3.7708e+00 +8.9084e-01
1282 +4.263256415e-14 +4.263256415e-14 +2.175000000e+01 +2.175000000e+01 +3.7708e+00 +8.9084e-01
1343 +3.552713679e-14 +3.552713679e-14 +2.175000000e+01 +2.175000000e+01 +3.7696e+00 +8.9059e-01
1362 +0.000000000e+00 +0.000000000e+00 +2.175000000e+01 +2.175000000e+01 +3.7708e+00 +8.9084e-01
% function evaluation | noise-free fitness - Fopt (6.479000000000e+01) | best noise-free fitness - Fopt | measured fitness | best measured fitness | x1 | x2...
1 +1.805591988e+02 +1.805591988e+02 +2.453491988e+02 +2.453491988e+02 -1.6240e+00 +1.4432e-01
2 +2.521506608e+00 +2.521506608e+00 +6.731150661e+01 +6.731150661e+01 -2.7945e+00 -7.9845e-01
54 +1.614125784e+00 +1.614125784e+00 +6.640412578e+01 +6.640412578e+01 +1.4611e-01 -4.3758e+00
121 +6.303766521e-01 +6.303766521e-01 +6.542037665e+01 +6.542037665e+01 -2.3491e+00 -1.4816e+00
141 +2.271990761e-01 +2.271990761e-01 +6.501719908e+01 +6.501719908e+01 -2.0427e+00 -1.8087e+00
181 +6.493626826e-02 +6.493626826e-02 +6.485493627e+01 +6.485493627e+01 -1.8168e+00 -2.0904e+00
234 +3.606373174e-02 +3.606373174e-02 +6.482606373e+01 +6.482606373e+01 -1.7441e+00 -2.1887e+00
262 +2.983501872e-07 +2.983501872e-07 +6.479000030e+01 +6.479000030e+01 -1.8831e+00 -2.0837e+00
355 +1.714329585e-07 +1.714329585e-07 +6.479000017e+01 +6.479000017e+01 -1.8505e+00 -2.1186e+00
388 +7.758558240e-09 +7.758558240e-09 +6.479000001e+01 +6.479000001e+01 -1.8630e+00 -2.1080e+00
535 +6.166828825e-09 +6.166828825e-09 +6.479000001e+01 +6.479000001e+01 -1.8500e+00 -2.0903e+00
537 +7.879918940e-11 +7.879918940e-11 +6.479000000e+01 +6.479000000e+01 -1.8530e+00 -2.0933e+00
655 +7.972289495e-12 +7.972289495e-12 +6.479000000e+01 +6.479000000e+01 -1.8509e+00 -2.0905e+00
877 +1.577404873e-12 +1.577404873e-12 +6.479000000e+01 +6.479000000e+01 -1.8502e+00 -2.0895e+00
934 +3.410605132e-13 +3.410605132e-13 +6.479000000e+01 +6.479000000e+01 -1.8514e+00 -2.0911e+00
990 +2.842170943e-14 +2.842170943e-14 +6.479000000e+01 +6.479000000e+01 -1.8531e+00 -2.0934e+00
1109 +1.421085472e-14 +1.421085472e-14 +6.479000000e+01 +6.479000000e+01 -1.8523e+00 -2.0923e+00
1136 +0.000000000e+00 +0.000000000e+00 +6.479000000e+01 +6.479000000e+01 -1.8519e+00 -2.0917e+00
% function evaluation | noise-free fitness - Fopt (5.407000000000e+01) | best noise-free fitness - Fopt | measured fitness | best measured fitness | x1 | x2...
1 +1.294491132e+03 +1.294491132e+03 +1.348561132e+03 +1.348561132e+03 -1.9648e+00 +1.4601e+00
2 +1.782667977e+02 +1.782667977e+02 +2.323367977e+02 +2.323367977e+02 -1.6409e+00 -2.5516e+00
4 +1.071620327e+02 +1.071620327e+02 +1.612320327e+02 +1.612320327e+02 +1.9994e+00 -4.6227e+00
10 +3.543177371e+01 +3.543177371e+01 +8.950177371e+01 +8.950177371e+01 +1.5790e-02 -4.5435e+00
16 +1.235715739e+01 +1.235715739e+01 +6.642715739e+01 +6.642715739e+01 -4.0385e-01 -3.2106e+00
23 +8.788705263e+00 +8.788705263e+00 +6.285870526e+01 +6.285870526e+01 -2.0170e+00 -4.3282e+00
41 +2.524499764e+00 +2.524499764e+00 +5.659449976e+01 +5.659449976e+01 -3.7833e-02 -3.2699e+00
62 +1.369186829e-01 +1.369186829e-01 +5.420691868e+01 +5.420691868e+01 +1.2311e+00 -3.1610e+00
134 +4.122551140e-02 +4.122551140e-02 +5.411122551e+01 +5.411122551e+01 +1.3434e+00 -3.1545e+00
268 +3.891545071e-02 +3.891545071e-02 +5.410891545e+01 +5.410891545e+01 +9.5447e-01 -3.4035e+00
324 +2.107319006e-02 +2.107319006e-02 +5.409107319e+01 +5.409107319e+01 +1.1885e+00 -3.2498e+00
354 +1.080123297e-07 +1.080123297e-07 +5.407000011e+01 +5.407000011e+01 +9.2937e-01 -3.3530e+00
410 +5.996113828e-08 +5.996113828e-08 +5.407000006e+01 +5.407000006e+01 +9.5364e-01 -3.3530e+00
418 +2.406378741e-08 +2.406378741e-08 +5.407000002e+01 +5.407000002e+01 +9.3696e-01 -3.3420e+00
557 +2.894871898e-09 +2.894871898e-09 +5.407000000e+01 +5.407000000e+01 +9.4660e-01 -3.3542e+00
601 +6.437019806e-10 +6.437019806e-10 +5.407000000e+01 +5.407000000e+01 +9.4779e-01 -3.3558e+00
717 +1.626716539e-10 +1.626716539e-10 +5.407000000e+01 +5.407000000e+01 +9.4086e-01 -3.3491e+00
747 +1.511466508e-10 +1.511466508e-10 +5.407000000e+01 +5.407000000e+01 +9.5132e-01 -3.3591e+00
756 +1.711697450e-11 +1.711697450e-11 +5.407000000e+01 +5.407000000e+01 +9.4081e-01 -3.3490e+00
785 +4.938272014e-12 +4.938272014e-12 +5.407000000e+01 +5.407000000e+01 +9.4087e-01 -3.3491e+00
821 +1.563194019e-13 +1.563194019e-13 +5.407000000e+01 +5.407000000e+01 +9.4086e-01 -3.3491e+00
1044 +7.815970093e-14 +7.815970093e-14 +5.407000000e+01 +5.407000000e+01 +9.4087e-01 -3.3491e+00
1061 +1.421085472e-14 +1.421085472e-14 +5.407000000e+01 +5.407000000e+01 +9.4086e-01 -3.3491e+00
1125 +0.000000000e+00 +0.000000000e+00 +5.407000000e+01 +5.407000000e+01 +9.4064e-01 -3.3489e+00
% function evaluation | noise-free fitness - Fopt (-9.152000000000e+01) | best noise-free fitness - Fopt | measured fitness | best measured fitness | x1 | x2...
1 +1.456836583e+02 +1.456836583e+02 +5.416365828e+01 +5.416365828e+01 -3.4399e+00 +4.7338e-01
4 +9.128008464e+01 +9.128008464e+01 -2.399153638e-01 -2.399153638e-01 -9.4754e-01 +4.9239e+00
11 +5.804091145e+00 +5.804091145e+00 -8.571590886e+01 -8.571590886e+01 +9.9663e-01 +2.1206e+00
12 +2.967585711e+00 +2.967585711e+00 -8.855241429e+01 -8.855241429e+01 -1.0785e+00 +3.2440e+00
29 +6.865307630e-01 +6.865307630e-01 -9.083346924e+01 -9.083346924e+01 -3.4399e+00 +3.0463e+00
138 +2.408547134e-01 +2.408547134e-01 -9.127914529e+01 -9.127914529e+01 -2.8068e+00 +2.8367e+00
143 +5.691113168e-02 +5.691113168e-02 -9.146308887e+01 -9.146308887e+01 -2.2173e+00 +2.8011e+00
173 +1.617119780e-02 +1.617119780e-02 -9.150382880e+01 -9.150382880e+01 -2.3808e+00 +2.7828e+00
221 +6.865307630e-03 +6.865307630e-03 -9.151313469e+01 -9.151313469e+01 -2.2897e+00 +2.7744e+00
348 +2.276583331e-07 +2.276583331e-07 -9.151999977e+01 -9.151999977e+01 -2.3881e+00 +2.7846e+00
403 +1.129440363e-07 +1.129440363e-07 -9.151999989e+01 -9.151999989e+01 -2.4027e+00 +2.7868e+00
441 +6.210936476e-08 +6.210936476e-08 -9.151999994e+01 -9.151999994e+01 -2.4062e+00 +2.7827e+00
451 +6.041389611e-09 +6.041389611e-09 -9.151999999e+01 -9.151999999e+01 -2.4188e+00 +2.7904e+00
565 +2.345430516e-09 +2.345430516e-09 -9.152000000e+01 -9.152000000e+01 -2.4136e+00 +2.7834e+00
625 +1.131894578e-10 +1.131894578e-10 -9.152000000e+01 -9.152000000e+01 -2.4212e+00 +2.7955e+00
630 +9.066525308e-11 +9.066525308e-11 -9.152000000e+01 -9.152000000e+01 -2.4105e+00 +2.7778e+00
735 +5.054801022e-11 +5.054801022e-11 -9.152000000e+01 -9.152000000e+01 -2.4103e+00 +2.7775e+00
737 +3.511502200e-11 +3.511502200e-11 -9.152000000e+01 -9.152000000e+01 -2.4081e+00 +2.7738e+00
795 +4.476419235e-12 +4.476419235e-12 -9.152000000e+01 -9.152000000e+01 -2.4150e+00 +2.7852e+00
892 +3.552713679e-12 +3.552713679e-12 -9.152000000e+01 -9.152000000e+01 -2.4118e+00 +2.7799e+00
1011 +2.486899575e-12 +2.486899575e-12 -9.152000000e+01 -9.152000000e+01 -2.4082e+00 +2.7739e+00
1021 +7.673861546e-13 +7.673861546e-13 -9.152000000e+01 -9.152000000e+01 -2.4085e+00 +2.7745e+00
1032 +4.263256415e-13 +4.263256415e-13 -9.152000000e+01 -9.152000000e+01 -2.4118e+00 +2.7799e+00
1069 +0.000000000e+00 +0.000000000e+00 -9.152000000e+01 -9.152000000e+01 -2.4142e+00 +2.7840e+00
% function evaluation | noise-free fitness - Fopt (2.263000000000e+01) | best noise-free fitness - Fopt | measured fitness | best measured fitness | x1 | x2...
1 +1.029257615e+03 +1.029257615e+03 +1.051887615e+03 +1.051887615e+03 -7.8751e-01 -2.8709e+00
3 +3.162334566e+02 +3.162334566e+02 +3.388634566e+02 +3.388634566e+02 +7.9048e-01 -3.9629e+00
8 +2.408195029e+02 +2.408195029e+02 +2.634495029e+02 +2.634495029e+02 +1.1472e+00 -1.0924e+00
10 +7.487156515e+00 +7.487156515e+00 +3.011715651e+01 +3.011715651e+01 +2.9773e+00 +3.2555e+00
52 +3.507880571e+00 +3.507880571e+00 +2.613788057e+01 +2.613788057e+01 +2.8915e+00 +1.4750e+00
88 +1.413335879e+00 +1.413335879e+00 +2.404333588e+01 +2.404333588e+01 +2.8922e+00 -3.4669e-01
112 +4.291351010e-02 +4.291351010e-02 +2.267291351e+01 +2.267291351e+01 +2.7865e+00 -4.0942e+00
265 +3.507880571e-02 +3.507880571e-02 +2.266507881e+01 +2.266507881e+01 +2.7745e+00 -3.1363e+00
325 +1.413335879e-02 +1.413335879e-02 +2.264413336e+01 +2.264413336e+01 +2.7648e+00 -3.9561e+00
331 +3.371276058e-07 +3.371276058e-07 +2.263000034e+01 +2.263000034e+01 +2.7911e+00 -3.6138e+00
378 +8.985731981e-08 +8.985731981e-08 +2.263000009e+01 +2.263000009e+01 +2.7641e+00 -3.6519e+00
544 +3.317224895e-08 +3.317224895e-08 +2.263000003e+01 +2.263000003e+01 +2.7852e+00 -3.6503e+00
594 +2.282921230e-08 +2.282921230e-08 +2.263000002e+01 +2.263000002e+01 +2.7665e+00 -3.6409e+00
601 +6.886931914e-09 +6.886931914e-09 +2.263000001e+01 +2.263000001e+01 +2.7678e+00 -3.6428e+00
623 +3.805016746e-09 +3.805016746e-09 +2.263000000e+01 +2.263000000e+01 +2.7734e+00 -3.6450e+00
673 +2.464265236e-09 +2.464265236e-09 +2.263000000e+01 +2.263000000e+01 +2.7829e+00 -3.6467e+00
714 +1.510830572e-09 +1.510830572e-09 +2.263000000e+01 +2.263000000e+01 +2.7897e+00 -3.6480e+00
762 +2.749800387e-10 +2.749800387e-10 +2.263000000e+01 +2.263000000e+01 +2.7885e+00 -3.6476e+00
901 +2.317825931e-10 +2.317825931e-10 +2.263000000e+01 +2.263000000e+01 +2.7879e+00 -3.6475e+00
915 +1.173816599e-10 +1.173816599e-10 +2.263000000e+01 +2.263000000e+01 +2.7894e+00 -3.6478e+00
925 +9.779910215e-11 +9.779910215e-11 +2.263000000e+01 +2.263000000e+01 +2.7886e+00 -3.6476e+00
943 +4.692779498e-11 +4.692779498e-11 +2.263000000e+01 +2.263000000e+01 +2.7879e+00 -3.6475e+00
948 +3.563016548e-11 +3.563016548e-11 +2.263000000e+01 +2.263000000e+01 +2.7859e+00 -3.6471e+00
962 +1.070787903e-11 +1.070787903e-11 +2.263000000e+01 +2.263000000e+01 +2.7862e+00 -3.6472e+00
1030 +1.204369937e-12 +1.204369937e-12 +2.263000000e+01 +2.263000000e+01 +2.7883e+00 -3.6476e+00
1065 +2.486899575e-13 +2.486899575e-13 +2.263000000e+01 +2.263000000e+01 +2.7883e+00 -3.6476e+00
1104 +5.329070518e-14 +5.329070518e-14 +2.263000000e+01 +2.263000000e+01 +2.7878e+00 -3.6475e+00
1184 +1.421085472e-14 +1.421085472e-14 +2.263000000e+01 +2.263000000e+01 +2.7878e+00 -3.6475e+00
1326 +7.105427358e-15 +7.105427358e-15 +2.263000000e+01 +2.263000000e+01 +2.7888e+00 -3.6477e+00
1356 +3.552713679e-15 +3.552713679e-15 +2.263000000e+01 +2.263000000e+01 +2.7888e+00 -3.6477e+00
1383 +0.000000000e+00 +0.000000000e+00 +2.263000000e+01 +2.263000000e+01 +2.7879e+00 -3.6475e+00
% function evaluation | noise-free fitness - Fopt (1.554000000000e+01) | best noise-free fitness - Fopt | measured fitness | best measured fitness | x1 | x2...
1 +4.438104765e+03 +4.438104765e+03 +4.453644765e+03 +4.453644765e+03 +1.4932e+00 +4.5045e+00
2 +1.691727825e+03 +1.691727825e+03 +1.707267825e+03 +1.707267825e+03 -1.2226e-02 +2.0977e+00
5 +4.192992976e+00 +4.192992976e+00 +1.973299298e+01 +1.973299298e+01 -5.2524e-01 -1.9724e+00
29 +6.968577591e-01 +6.968577591e-01 +1.623685776e+01 +1.623685776e+01 -2.2224e+00 -1.9974e+00
83 +5.207662226e-01 +5.207662226e-01 +1.606076622e+01 +1.606076622e+01 -3.8798e+00 -1.6932e+00
102 +3.328142896e-01 +3.328142896e-01 +1.587281429e+01 +1.587281429e+01 -3.0225e+00 -1.7971e+00
154 +1.301915557e-01 +1.301915557e-01 +1.567019156e+01 +1.567019156e+01 -2.9717e+00 -1.8336e+00
195 +1.248853162e-02 +1.248853162e-02 +1.555248853e+01 +1.555248853e+01 -1.8214e+00 -2.0102e+00
271 +3.122132904e-03 +3.122132904e-03 +1.554312213e+01 +1.554312213e+01 -1.5140e+00 -2.0327e+00
333 +3.839649416e-07 +3.839649416e-07 +1.554000038e+01 +1.554000038e+01 -1.6238e+00 -2.0301e+00
348 +1.271880574e-07 +1.271880574e-07 +1.554000013e+01 +1.554000013e+01 -1.5727e+00 -2.0318e+00
407 +5.156288196e-08 +5.156288196e-08 +1.554000005e+01 +1.554000005e+01 -1.5885e+00 -2.0087e+00
506 +1.264072047e-08 +1.264072047e-08 +1.554000001e+01 +1.554000001e+01 -1.5837e+00 -2.0267e+00
577 +8.366090043e-10 +8.366090043e-10 +1.554000000e+01 +1.554000000e+01 -1.5854e+00 -2.0305e+00
686 +2.078088812e-10 +2.078088812e-10 +1.554000000e+01 +1.554000000e+01 -1.5856e+00 -2.0342e+00
717 +8.431477738e-11 +8.431477738e-11 +1.554000000e+01 +1.554000000e+01 -1.5857e+00 -2.0342e+00
816 +3.712941066e-11 +3.712941066e-11 +1.554000000e+01 +1.554000000e+01 -1.5850e+00 -2.0268e+00
820 +1.938715855e-11 +1.938715855e-11 +1.554000000e+01 +1.554000000e+01 -1.5859e+00 -2.0369e+00
884 +2.268407684e-12 +2.268407684e-12 +1.554000000e+01 +1.554000000e+01 -1.5855e+00 -2.0326e+00
1023 +7.709388683e-13 +7.709388683e-13 +1.554000000e+01 +1.554000000e+01 -1.5860e+00 -2.0374e+00
1064 +1.243449788e-13 +1.243449788e-13 +1.554000000e+01 +1.554000000e+01 -1.5859e+00 -2.0369e+00
1141 +3.730349363e-14 +3.730349363e-14 +1.554000000e+01 +1.554000000e+01 -1.5857e+00 -2.0346e+00
1242 +1.776356839e-15 +1.776356839e-15 +1.554000000e+01 +1.554000000e+01 -1.5859e+00 -2.0363e+00
1358 +0.000000000e+00 +0.000000000e+00 +1.554000000e+01 +1.554000000e+01 -1.5860e+00 -2.0375e+00
% function evaluation | noise-free fitness - Fopt (-3.765100000000e+02) | best noise-free fitness - Fopt | measured fitness | best measured fitness | x1 | x2...
1 +7.520802208e+02 +7.520802208e+02 +3.755702208e+02 +3.755702208e+02 +3.4071e+00 -1.2649e+00
3 +2.142992113e+01 +2.142992113e+01 -3.550800789e+02 -3.550800789e+02 -3.8467e+00 -2.6884e+00
13 +2.916475162e+00 +2.916475162e+00 -3.735935248e+02 -3.735935248e+02 -3.0884e+00 +1.1589e-01
53 +1.726344263e+00 +1.726344263e+00 -3.747836557e+02 -3.747836557e+02 -2.0796e+00 +3.4969e+00
77 +6.254371111e-01 +6.254371111e-01 -3.758845629e+02 -3.758845629e+02 -2.8567e+00 +1.4785e+00
121 +1.726344263e-02 +1.726344263e-02 -3.764927366e+02 -3.764927366e+02 -3.0261e+00 +1.5860e+00
244 +1.821747446e-07 +1.821747446e-07 -3.765099998e+02 -3.765099998e+02 -2.9508e+00 +1.7440e+00
354 +1.169457846e-07 +1.169457846e-07 -3.765099999e+02 -3.765099999e+02 -2.9244e+00 +1.7593e+00
424 +9.328670103e-08 +9.328670103e-08 -3.765099999e+02 -3.765099999e+02 -2.9321e+00 +1.7741e+00
445 +4.913704288e-08 +4.913704288e-08 -3.765100000e+02 -3.765100000e+02 -2.9466e+00 +1.7725e+00
493 +2.649130693e-08 +2.649130693e-08 -3.765100000e+02 -3.765100000e+02 -2.9402e+00 +1.7772e+00
508 +9.523432709e-09 +9.523432709e-09 -3.765100000e+02 -3.765100000e+02 -2.9390e+00 +1.7628e+00
585 +2.273736754e-10 +2.273736754e-10 -3.765100000e+02 -3.765100000e+02 -2.9420e+00 +1.7744e+00
745 +4.035882739e-12 +4.035882739e-12 -3.765100000e+02 -3.765100000e+02 -2.9417e+00 +1.7736e+00
921 +3.296918294e-12 +3.296918294e-12 -3.765100000e+02 -3.765100000e+02 -2.9417e+00 +1.7736e+00
929 +1.136868377e-13 +1.136868377e-13 -3.765100000e+02 -3.765100000e+02 -2.9417e+00 +1.7736e+00
1067 +5.684341886e-14 +5.684341886e-14 -3.765100000e+02 -3.765100000e+02 -2.9417e+00 +1.7735e+00
1128 +0.000000000e+00 +0.000000000e+00 -3.765100000e+02 -3.765100000e+02 -2.9417e+00 +1.7736e+00
% function evaluation | noise-free fitness - Fopt (3.960400000000e+02) | best noise-free fitness - Fopt | measured fitness | best measured fitness | x1 | x2...
1 +2.160528743e+03 +2.160528743e+03 +2.556568743e+03 +2.556568743e+03 +4.2078e+00 +3.7989e+00
2 +3.882041646e+02 +3.882041646e+02 +7.842441646e+02 +7.842441646e+02 -7.9295e-01 -4.6687e-01
3 +6.671742972e+00 +6.671742972e+00 +4.027117430e+02 +4.027117430e+02 +3.0353e+00 -3.0796e+00
118 +4.160921798e+00 +4.160921798e+00 +4.002009218e+02 +4.002009218e+02 +2.7385e-01 -3.5883e+00
121 +3.718282789e+00 +3.718282789e+00 +3.997582828e+02 +3.997582828e+02 -4.0754e-01 -3.5109e+00
123 +1.526996599e-01 +1.526996599e-01 +3.961926997e+02 +3.961926997e+02 -2.5657e+00 -3.5399e+00
157 +2.438314734e-02 +2.438314734e-02 +3.960643831e+02 +3.960643831e+02 -2.5007e+00 -3.4793e+00
161 +1.083695437e-02 +1.083695437e-02 +3.960508370e+02 +3.960508370e+02 -2.9727e+00 -3.5314e+00
413 +2.709238593e-03 +2.709238593e-03 +3.960427092e+02 +3.960427092e+02 -2.6769e+00 -3.5051e+00
496 +1.850901299e-07 +1.850901299e-07 +3.960400002e+02 +3.960400002e+02 -2.7463e+00 -3.5030e+00
555 +1.081624532e-07 +1.081624532e-07 +3.960400001e+02 +3.960400001e+02 -2.7590e+00 -3.4937e+00
581 +7.491632914e-08 +7.491632914e-08 +3.960400001e+02 +3.960400001e+02 -2.7643e+00 -3.4901e+00
621 +2.795951559e-08 +2.795951559e-08 +3.960400000e+02 +3.960400000e+02 -2.7661e+00 -3.4975e+00
634 +2.498381946e-08 +2.498381946e-08 +3.960400000e+02 +3.960400000e+02 -2.7678e+00 -3.4945e+00
669 +1.017122031e-08 +1.017122031e-08 +3.960400000e+02 +3.960400000e+02 -2.7707e+00 -3.4965e+00
719 +4.902688033e-09 +4.902688033e-09 +3.960400000e+02 +3.960400000e+02 -2.7711e+00 -3.4944e+00
723 +2.347633199e-11 +2.347633199e-11 +3.960400000e+02 +3.960400000e+02 -2.7694e+00 -3.4969e+00
909 +1.546140993e-11 +1.546140993e-11 +3.960400000e+02 +3.960400000e+02 -2.7689e+00 -3.4981e+00
943 +4.718003765e-12 +4.718003765e-12 +3.960400000e+02 +3.960400000e+02 -2.7693e+00 -3.4971e+00
1037 +2.614797268e-12 +2.614797268e-12 +3.960400000e+02 +3.960400000e+02 -2.7684e+00 -3.4991e+00
1043 +0.000000000e+00 +0.000000000e+00 +3.960400000e+02 +3.960400000e+02 -2.7674e+00 -3.5013e+00
% function evaluation | noise-free fitness - Fopt (1.281100000000e+02) | best noise-free fitness - Fopt | measured fitness | best measured fitness | x1 | x2...
1 +4.114411847e+03 +4.114411847e+03 +4.242521847e+03 +4.242521847e+03 +4.9609e+00 -4.6019e+00
2 +1.186368803e+03 +1.186368803e+03 +1.314478803e+03 +1.314478803e+03 -1.0631e+00 +4.5739e+00
3 +3.638719882e+02 +3.638719882e+02 +4.919819882e+02 +4.919819882e+02 -1.4207e+00 +2.1736e-01
7 +1.728188688e+02 +1.728188688e+02 +3.009288688e+02 +3.009288688e+02 -8.3369e-01 -2.8643e+00
9 +4.516923116e+01 +4.516923116e+01 +1.732792312e+02 +1.732792312e+02 -4.9551e+00 +2.5783e+00
11 +3.759528281e+01 +3.759528281e+01 +1.657052828e+02 +1.657052828e+02 -3.5445e+00 -1.3777e+00
22 +9.034934626e+00 +9.034934626e+00 +1.371449346e+02 +1.371449346e+02 -3.7004e+00 +2.5783e+00
50 +1.798897186e+00 +1.798897186e+00 +1.299088972e+02 +1.299088972e+02 -4.8398e+00 +4.5224e+00
127 +9.987568926e-02 +9.987568926e-02 +1.282098757e+02 +1.282098757e+02 -3.3925e+00 +4.6679e-01
185 +1.011879667e-02 +1.011879667e-02 +1.281201188e+02 +1.281201188e+02 -3.2869e+00 +1.0173e-01
242 +3.459119000e-07 +3.459119000e-07 +1.281100003e+02 +1.281100003e+02 -3.4351e+00 +4.5254e-01
425 +3.447087238e-08 +3.447087238e-08 +1.281100000e+02 +1.281100000e+02 -3.4241e+00 +4.2338e-01
603 +1.198148425e-08 +1.198148425e-08 +1.281100000e+02 +1.281100000e+02 -3.4171e+00 +4.2346e-01
669 +9.029747616e-09 +9.029747616e-09 +1.281100000e+02 +1.281100000e+02 -3.4161e+00 +4.2156e-01
684 +3.297373041e-09 +3.297373041e-09 +1.281100000e+02 +1.281100000e+02 -3.4192e+00 +4.2180e-01
759 +8.526512829e-14 +8.526512829e-14 +1.281100000e+02 +1.281100000e+02 -3.4212e+00 +4.2075e-01
1246 +5.684341886e-14 +5.684341886e-14 +1.281100000e+02 +1.281100000e+02 -3.4205e+00 +4.2100e-01
1261 +2.842170943e-14 +2.842170943e-14 +1.281100000e+02 +1.281100000e+02 -3.4203e+00 +4.2107e-01
1311 +0.000000000e+00 +0.000000000e+00 +1.281100000e+02 +1.281100000e+02 -3.4202e+00 +4.2110e-01
% function evaluation | noise-free fitness - Fopt (-2.923500000000e+02) | best noise-free fitness - Fopt | measured fitness | best measured fitness | x1 | x2...
1 +2.903634540e+01 +2.903634540e+01 -2.633136546e+02 -2.633136546e+02 -3.9829e-01 +3.8269e+00
5 +3.509070684e+00 +3.509070684e+00 -2.888409293e+02 -2.888409293e+02 -1.3350e+00 +4.6411e-01
38 +1.280898296e+00 +1.280898296e+00 -2.910691017e+02 -2.910691017e+02 -1.8898e+00 -1.3590e+00
46 +3.383181632e-02 +3.383181632e-02 -2.923161682e+02 -2.923161682e+02 -1.8733e+00 -3.1382e+00
243 +2.370750849e-07 +2.370750849e-07 -2.923499998e+02 -2.923499998e+02 -1.9026e+00 -3.3375e+00
327 +1.489274268e-07 +1.489274268e-07 -2.923499999e+02 -2.923499999e+02 -1.9057e+00 -3.3457e+00
357 +9.064234519e-08 +9.064234519e-08 -2.923499999e+02 -2.923499999e+02 -1.9048e+00 -3.3524e+00
426 +1.511051551e-08 +1.511051551e-08 -2.923500000e+02 -2.923500000e+02 -1.9158e+00 -3.3593e+00
434 +5.880735898e-09 +5.880735898e-09 -2.923500000e+02 -2.923500000e+02 -1.9073e+00 -3.3618e+00
502 +1.830983365e-09 +1.830983365e-09 -2.923500000e+02 -2.923500000e+02 -1.9102e+00 -3.3598e+00
533 +2.142996891e-10 +2.142996891e-10 -2.923500000e+02 -2.923500000e+02 -1.9070e+00 -3.3613e+00
616 +6.855316315e-11 +6.855316315e-11 -2.923500000e+02 -2.923500000e+02 -1.9111e+00 -3.3596e+00
770 +3.637978807e-11 +3.637978807e-11 -2.923500000e+02 -2.923500000e+02 -1.9056e+00 -3.3618e+00
842 +1.148237061e-11 +1.148237061e-11 -2.923500000e+02 -2.923500000e+02 -1.9056e+00 -3.3619e+00
844 +3.069544618e-12 +3.069544618e-12 -2.923500000e+02 -2.923500000e+02 -1.9071e+00 -3.3613e+00
902 +7.958078641e-13 +7.958078641e-13 -2.923500000e+02 -2.923500000e+02 -1.9093e+00 -3.3604e+00
981 +6.252776075e-13 +6.252776075e-13 -2.923500000e+02 -2.923500000e+02 -1.9097e+00 -3.3602e+00
1072 +1.705302566e-13 +1.705302566e-13 -2.923500000e+02 -2.923500000e+02 -1.9125e+00 -3.3591e+00
1141 +1.136868377e-13 +1.136868377e-13 -2.923500000e+02 -2.923500000e+02 -1.9112e+00 -3.3596e+00
1159 +0.000000000e+00 +0.000000000e+00 -2.923500000e+02 -2.923500000e+02 -1.9125e+00 -3.3590e+00
% function evaluation | noise-free fitness - Fopt (3.110100000000e+02) | best noise-free fitness - Fopt | measured fitness | best measured fitness | x1 | x2...
1 +1.722179010e+02 +1.722179010e+02 +4.832279010e+02 +4.832279010e+02 +1.5465e+00 +3.0616e+00
2 +1.434346104e+02 +1.434346104e+02 +4.544446104e+02 +4.544446104e+02 -4.7971e-01 -3.5101e+00
6 +7.845437798e+01 +7.845437798e+01 +3.894643780e+02 +3.894643780e+02 -3.3925e+00 -3.5879e+00
14 +2.767347278e+01 +2.767347278e+01 +3.386834728e+02 +3.386834728e+02 -3.7669e+00 -4.9263e+00
15 +1.418017373e+01 +1.418017373e+01 +3.251901737e+02 +3.251901737e+02 +4.1412e+00 +4.3865e+00
65 +7.490167600e+00 +7.490167600e+00 +3.185001676e+02 +3.185001676e+02 +2.9997e+00 +2.8494e+00
67 +3.193229016e+00 +3.193229016e+00 +3.142032290e+02 +3.142032290e+02 -2.2060e+00 -4.0166e+00
102 +1.719854621e+00 +1.719854621e+00 +3.127298546e+02 +3.127298546e+02 -3.3986e+00 -5.5191e+00
110 +4.177510467e-01 +4.177510467e-01 +3.114277510e+02 +3.114277510e+02 -6.7116e-01 -1.8524e+00
119 +2.844681101e-01 +2.844681101e-01 +3.112944681e+02 +3.112944681e+02 -2.5275e+00 -4.1159e+00
134 +2.312316330e-01 +2.312316330e-01 +3.112412316e+02 +3.112412316e+02 -2.1867e+00 -3.7114e+00
140 +1.157608320e-01 +1.157608320e-01 +3.111257608e+02 +3.111257608e+02 -2.7604e+00 -4.5148e+00
223 +3.455831193e-02 +3.455831193e-02 +3.110445583e+02 +3.110445583e+02 -2.1778e+00 -3.7239e+00
264 +1.450363304e-02 +1.450363304e-02 +3.110245036e+02 +3.110245036e+02 -2.0897e+00 -3.6475e+00
325 +3.625908261e-03 +3.625908261e-03 +3.110136259e+02 +3.110136259e+02 -1.9161e+00 -3.3953e+00
410 +1.932297096e-07 +1.932297096e-07 +3.110100002e+02 +3.110100002e+02 -1.9904e+00 -3.5331e+00
547 +1.531597604e-07 +1.531597604e-07 +3.110100002e+02 +3.110100002e+02 -1.9893e+00 -3.4914e+00
552 +8.750271263e-08 +8.750271263e-08 +3.110100001e+02 +3.110100001e+02 -1.9990e+00 -3.5140e+00
572 +2.869757054e-08 +2.869757054e-08 +3.110100000e+02 +3.110100000e+02 -1.9883e+00 -3.5074e+00
621 +2.025421963e-08 +2.025421963e-08 +3.110100000e+02 +3.110100000e+02 -1.9785e+00 -3.5154e+00
626 +1.539808636e-08 +1.539808636e-08 +3.110100000e+02 +3.110100000e+02 -1.9863e+00 -3.5104e+00
636 +1.762828106e-09 +1.762828106e-09 +3.110100000e+02 +3.110100000e+02 -1.9905e+00 -3.5096e+00
704 +3.153104444e-10 +3.153104444e-10 +3.110100000e+02 +3.110100000e+02 -1.9867e+00 -3.5121e+00
831 +1.715534381e-10 +1.715534381e-10 +3.110100000e+02 +3.110100000e+02 -1.9835e+00 -3.5142e+00
884 +1.500666258e-10 +1.500666258e-10 +3.110100000e+02 +3.110100000e+02 -1.9864e+00 -3.5123e+00
921 +7.833023119e-11 +7.833023119e-11 +3.110100000e+02 +3.110100000e+02 -1.9847e+00 -3.5134e+00
938 +6.042455425e-11 +6.042455425e-11 +3.110100000e+02 +3.110100000e+02 -1.9810e+00 -3.5161e+00
941 +2.665956345e-11 +2.665956345e-11 +3.110100000e+02 +3.110100000e+02 -1.9836e+00 -3.5142e+00
979 +6.139089237e-12 +6.139089237e-12 +3.110100000e+02 +3.110100000e+02 -1.9758e+00 -3.5198e+00
1005 +3.012701200e-12 +3.012701200e-12 +3.110100000e+02 +3.110100000e+02 -1.9754e+00 -3.5200e+00
1092 +2.103206498e-12 +2.103206498e-12 +3.110100000e+02 +3.110100000e+02 -1.9824e+00 -3.5151e+00
1166 +7.958078641e-13 +7.958078641e-13 +3.110100000e+02 +3.110100000e+02 -1.9760e+00 -3.5196e+00
1216 +1.136868377e-13 +1.136868377e-13 +3.110100000e+02 +3.110100000e+02 -1.9765e+00 -3.5193e+00
1233 +0.000000000e+00 +0.000000000e+00 +3.110100000e+02 +3.110100000e+02 -1.9746e+00 -3.5206e+00
% function evaluation | noise-free fitness - Fopt (-8.051800000000e+02) | best noise-free fitness - Fopt | measured fitness | best measured fitness | x1 | x2...
1 +1.235748772e+03 +1.235748772e+03 +4.305687720e+02 +4.305687720e+02 -2.1502e+00 -2.9560e-01
2 +9.606050520e+02 +9.606050520e+02 +1.554250520e+02 +1.554250520e+02 +4.8986e+00 +9.5996e-01
5 +6.246027327e+02 +6.246027327e+02 -1.805772673e+02 -1.805772673e+02 +4.1807e+00 +8.0365e-01
7 +1.690757750e+02 +1.690757750e+02 -6.361042250e+02 -6.361042250e+02 +1.2283e+00 -4.5962e+00
15 +3.189726732e+01 +3.189726732e+01 -7.732827327e+02 -7.732827327e+02 +4.9858e-01 +3.4083e+00
26 +1.231902971e+01 +1.231902971e+01 -7.928609703e+02 -7.928609703e+02 +1.4746e+00 +2.3046e+00
42 +6.175172015e+00 +6.175172015e+00 -7.990048280e+02 -7.990048280e+02 +1.0050e+00 +3.7001e+00
47 +2.624224963e+00 +2.624224963e+00 -8.025557750e+02 -8.025557750e+02 +1.8044e+00 +5.2017e-01
88 +1.917250680e+00 +1.917250680e+00 -8.032627493e+02 -8.032627493e+02 +2.8839e+00 -5.5880e+00
146 +1.074615381e+00 +1.074615381e+00 -8.041053846e+02 -8.041053846e+02 +2.6946e+00 -4.9024e+00
151 +2.558804781e-01 +2.558804781e-01 -8.049241195e+02 -8.049241195e+02 +2.3560e+00 -2.6374e+00
195 +1.591763450e-01 +1.591763450e-01 -8.050208237e+02 -8.050208237e+02 +2.7878e+00 -4.5075e+00
212 +1.172745654e-01 +1.172745654e-01 -8.050627254e+02 -8.050627254e+02 +2.8021e+00 -4.8793e+00
213 +1.000668735e-02 +1.000668735e-02 -8.051699933e+02 -8.051699933e+02 +2.6023e+00 -3.8673e+00
323 +3.338951728e-07 +3.338951728e-07 -8.051799997e+02 -8.051799997e+02 +2.5222e+00 -3.4986e+00
344 +1.033754415e-08 +1.033754415e-08 -8.051800000e+02 -8.051800000e+02 +2.5168e+00 -3.5340e+00
481 +5.928882274e-09 +5.928882274e-09 -8.051800000e+02 -8.051800000e+02 +2.5211e+00 -3.5330e+00
590 +1.842295205e-09 +1.842295205e-09 -8.051800000e+02 -8.051800000e+02 +2.5110e+00 -3.5338e+00
738 +5.265974323e-10 +5.265974323e-10 -8.051800000e+02 -8.051800000e+02 +2.5149e+00 -3.5331e+00
787 +2.224851414e-10 +2.224851414e-10 -8.051800000e+02 -8.051800000e+02 +2.5084e+00 -3.5340e+00
821 +3.876721166e-11 +3.876721166e-11 -8.051800000e+02 -8.051800000e+02 +2.5124e+00 -3.5335e+00
917 +2.069100447e-11 +2.069100447e-11 -8.051800000e+02 -8.051800000e+02 +2.5129e+00 -3.5334e+00
1001 +6.821210263e-13 +6.821210263e-13 -8.051800000e+02 -8.051800000e+02 +2.5174e+00 -3.5328e+00
1043 +1.136868377e-13 +1.136868377e-13 -8.051800000e+02 -8.051800000e+02 +2.5181e+00 -3.5328e+00
1274 +0.000000000e+00 +0.000000000e+00 -8.051800000e+02 -8.051800000e+02 +2.5181e+00 -3.5328e+00
