% function evaluation | noise-free fitness - Fopt (-1.025500000000e+02) | best noise-free fitness - Fopt | measured fitness | best measured fitness | x1 | x2...
1 +6.943755420e+01 +6.943755420e+01 -3.311244580e+01 -3.311244580e+01 -2.3848e+00 +3.7303e+00 -3.6035e+00 +4.4927e+00 +1.4172e+00 -2.9455e+00 +1.1775e+00 -3.2363e+00 -2.3873e+00 +4.7573e+00 +6.9355e-02 -7.5572e-01 +4.1891e+00 -3.5834e+00 +7.0962e-01 +2.1582e+00 -4.0879e+00 +4.3940e+00 -2.7538e+00 +3.5244e+00
2 +4.417530480e+01 +4.417530480e+01 -5.837469520e+01 -5.837469520e+01 -2.1285e+00 -2.4980e+00 +1.1641e+00 +3.2727e+00 -1.3857e+00 -3.5908e+00 +2.6117e+00 +2.7663e+00 +1.5692e+00 +3.9971e+00 -2.2658e+00 +2.4179e+00 -4.6203e+00 -3.3698e+00 -3.5080e+00 -2.5463e+00 -9.4114e-01 +3.1863e+00 +4.9684e+00 +1.2308e+00
3 +3.608705945e+01 +3.608705945e+01 -6.646294055e+01 -6.646294055e+01 +4.9395e+00 +3.7094e-01 +2.3575e+00 +4.7353e+00 -4.1087e+00 -3.8425e+00 -1.6217e-01 +3.5718e-01 +1.7421e+00 +2.9782e+00 -1.5333e+00 -2.2528e+00 -4.8017e-01 -2.5507e+00 -4.5039e+00 -4.0751e+00 +6.0105e-01 -1.6696e+00 -7.6748e-01 +8.8183e-01
48 +1.950577407e+01 +1.950577407e+01 -8.304422593e+01 -8.304422593e+01 -1.3851e+00 +2.6130e+00 +2.9899e-01 +9.0726e-01 +1.7953e+00 -2.5563e-02 +3.1358e-01 +3.0709e+00 +3.1824e+00 +5.5286e-01 +3.0277e+00 -2.3933e+00 -8.8184e-01 -1.1341e+00 +1.6546e+00 +1.6658e+00 +1.4063e+00 -6.0574e-01 +1.7763e+00 -1.8138e+00
120 +1.392581560e+01 +1.392581560e+01 -8.862418440e+01 -8.862418440e+01 +2.3297e-01 +9.5923e-01 +3.6995e-01 +1.5922e+00 +2.8814e+00 -1.1039e+00 -2.0143e-01 +3.0364e+00 +3.0017e+00 -1.6175e+00 +2.8410e+00 -1.6814e+00 -1.6123e+00 -2.0464e+00 -2.9230e+00 +1.2119e+00 +2.0587e-01 +5.2034e-01 +1.1850e+00 +0.0000e+00
436 +9.984711346e+00 +9.984711346e+00 -9.256528865e+01 -9.256528865e+01 -5.0054e-01 -1.0085e+00 -1.3014e+00 -1.5349e+00 +6.5346e-01 +5.9214e-01 -1.0382e+00 +2.6112e+00 +4.4547e-01 +4.4222e-01 +4.2474e+00 -6.1889e-01 -1.6114e+00 +7.4300e-01 -1.8936e-01 +0.0000e+00 +1.3033e+00 -2.6977e-01 -6.3640e-01 -1.2377e-01
2887 +5.895859536e+00 +5.895859536e+00 -9.665414046e+01 -9.665414046e+01 +4.8047e-01 -2.2396e+00 -2.3527e+00 -5.5989e-01 +1.3780e+00 -1.1499e+00 +2.2551e-01 +2.5858e-01 +0.0000e+00 -8.7025e-01 -6.4628e-01 -1.1496e+00 +1.9614e+00 +9.4675e-02 +1.7789e+00 -1.1724e+00 +1.3121e-01 -1.5951e+00 -1.3096e+00 -9.5025e-01
% function evaluation | noise-free fitness - Fopt (7.169000000000e+01) | best noise-free fitness - Fopt | measured fitness | best measured fitness | x1 | x2...
1 +5.059482262e+01 +5.059482262e+01 +1.222848226e+02 +1.222848226e+02 +3.9453e+00 +1.9550e+00 -6.4365e-01 -4.0242e+00 -1.1218e+00 -2.0476e+00 -1.5606e-01 -1.5863e+00 +4.0990e+00 +1.2025e+00 +2.4063e+00 -4.5485e+00 +3.5432e+00 -2.8990e+00 +1.1029e+00 -9.7411e-01 -3.5666e+00 +4.8714e+00 -2.2988e+00 +1.2684e+00
4 +2.760966447e+01 +2.760966447e+01 +9.929966447e+01 +9.929966447e+01 +4.6961e-02 -8.5715e-01 +7.2107e-01 -1.1065e+00 +1.0811e+00 -2.7014e-01 +4.9903e+00 -4.4140e+00 -3.9054e+00 +1.2626e+00 +2.9034e+00 -4.3928e+00 +2.8223e+00 -5.8782e-01 +2.7731e+00 -3.1179e+00 -1.2180e+00 -6.8746e-01 -2.7947e-01 +1.3197e+00
27 +2.275454574e+01 +2.275454574e+01 +9.444454574e+01 +9.444454574e+01 -9.0274e-01 -1.2722e+00 +1.0159e+00 +2.1096e+00 +2.0868e+00 +1.5388e+00 -1.2515e+00 -4.5723e+00 -2.7004e+00 +1.4777e+00 -2.1324e+00 +1.5348e+00 +1.7799e+00 -7.5223e-01 +3.2135e+00 +1.7227e+00 -1.3103e-02 -1.3362e+00 -4.0574e+00 -1.1644e+00
121 +1.445147969e+01 +1.445147969e+01 +8.614147969e+01 +8.614147969e+01 +0.0000e+00 +1.7979e+00 +1.2376e+00 +0.0000e+00 -7.8410e-01 +1.7206e+00 +4.2633e+00 +2.7020e-01 +0.0000e+00 +2.6581e+00 -1.1827e+00 +2.1980e+00 -2.3535e+00 -1.1245e+00 -1.3854e+00 +2.9724e+00 -1.0964e+00 +7.4138e-01 -1.0674e+00 +9.8447e-01
267 +9.982124848e+00 +9.982124848e+00 +8.167212485e+01 +8.167212485e+01 +0.0000e+00 +0.0000e+00 +8.4613e-01 -9.8312e-01 +1.2031e+00 -1.1455e+00 +5.3557e-01 -1.4065e+00 +1.3888e+00 +3.7704e-01 +2.7652e+00 -3.2502e+00 -2.3954e-01 +1.9147e+00 -8.0286e-01 +0.0000e+00 -1.3370e+00 +1.2715e+00 -1.1032e-01 +1.0680e-01
% function evaluation | noise-free fitness - Fopt (2.140100000000e+02) | best noise-free fitness - Fopt | measured fitness | best measured fitness | x1 | x2...
1 +4.333750609e+01 +4.333750609e+01 +2.573475061e+02 +2.573475061e+02 +1.4459e+00 +3.4288e+00 -1.8487e+00 +2.7625e+00 +2.5457e+00 -1.9520e+00 +4.1704e-01 -2.5968e+00 +2.1758e+00 +2.9360e+00 +1.9314e+00 -3.0059e+00 +3.7360e-02 +3.2519e+00 +1.0341e+00 +4.3612e+00 -8.5881e-01 -4.4053e+00 -3.7658e+00 -6.8692e-01
8 +3.841847180e+01 +3.841847180e+01 +2.524284718e+02 +2.524284718e+02 -6.1480e-02 -2.1504e+00 +1.8423e+00 +1.2675e+00 +4.6864e+00 -4.9194e+00 -3.2048e+00 -1.7748e+00 +3.8570e+00 -4.5263e+00 -1.0737e+00 +7.6556e-01 +9.9805e-01 -2.1111e+00 +4.1982e+00 +1.0500e+00 -6.5488e-01 -4.6442e+00 -1.7257e+00 +1.6445e-01
34 +2.374551768e+01 +2.374551768e+01 +2.377555177e+02 +2.377555177e+02 +1.9579e+00 -1.3992e+00 +4.2443e-01 -2.0133e+00 +6.9690e-01 +1.7927e+00 +5.3336e-01 -7.7281e-02 -7.1950e-01 -2.6581e+00 +3.3433e+00 -2.3395e+00 +3.2622e+00 -2.9135e-01 -2.9149e+00 +4.3758e-01 -2.0475e+00 -2.1044e-01 +2.2182e+00 +2.9671e+00
158 +1.483877013e+01 +1.483877013e+01 +2.288487701e+02 +2.288487701e+02 +9.4815e-01 +1.9235e+00 +2.7119e+00 +0.0000e+00 -4.8498e-01 -1.6967e+00 +2.4409e+00 +0.0000e+00 +2.6259e-01 +0.0000e+00 +9.9432e-01 +0.0000e+00 -4.0021e+00 +6.4357e-01 +1.3355e-01 +9.5118e-02 -1.9560e+00 -7.9662e-01 +3.8681e+00 -2.4797e-01
598 +9.215143038e+00 +9.215143038e+00 +2.232251430e+02 +2.232251430e+02 -6.2105e-01 -8.3441e-01 -2.9811e+00 -2.1975e-01 -9.2637e-01 +1.9586e-01 -5.2480e-01 -7.0716e-01 +2.8611e+00 -1.9062e+00 +0.0000e+00 -1.1338e+00 -1.0356e+00 +4.2318e-01 -9.3736e-02 +1.7522e+00 +5.1873e-01 +9.4025e-01 +6.9010e-02 +0.0000e+00
3502 +6.280633945e+00 +6.280633945e+00 +2.202906339e+02 +2.202906339e+02 +1.9734e+00 -1.1665e+00 +9.3415e-01 +2.0379e+00 -3.7261e-02 -3.5938e-01 -1.0505e+00 -6.2905e-01 +2.7282e+00 -1.5717e+00 +5.5524e-01 +1.2450e+00 -1.0482e+00 +1.8485e+00 -2.0791e+00 -3.9751e-01 +3.1147e-01 -1.5934e+00 +1.2412e+00 -1.8938e+00
% function evaluation | noise-free fitness - Fopt (-5.848000000000e+01) | best noise-free fitness - Fopt | measured fitness | best measured fitness | x1 | x2...
1 +5.980317363e+01 +5.980317363e+01 +1.323173626e+00 +1.323173626e+00 +4.2098e+00 +4.7475e+00 +2.9989e+00 +3.3552e+00 +1.8462e+00 +1.3852e+00 +6.9421e-01 +2.2978e+00 +4.6714e+00 -2.4774e+00 +2.3695e+00 -4.9718e+00 -1.7902e+00 -4.1369e+00 -1.8782e+00 -3.6819e+00 +1.8349e+00 -2.8666e-01 +6.1993e-01 -9.2397e-01
4 +3.742714534e+01 +3.742714534e+01 -2.105285466e+01 -2.105285466e+01 +3.4963e+00 +2.0307e+00 +2.2864e-01 -1.4522e+00 -2.6644e+00 -8.1015e-01 -3.6877e+00 -3.7849e+00 +1.6622e-01 -2.6806e+00 -2.4824e+00 +3.1856e+00 +2.2651e+00 +3.7419e+00 -2.2535e+00 +1.6667e+00 -2.9593e+00 -3.4274e+00 +4.7402e+00 -3.4031e+00
14 +2.096942348e+01 +2.096942348e+01 -3.751057652e+01 -3.751057652e+01 -2.4430e+00 +6.1359e-01 +4.5438e-01 -9.4125e-02 +2.7586e+00 -1.0514e+00 -1.7765e+00 +8.9286e-01 -3.0842e+00 -1.7135e+00 -7.5026e-02 +2.1422e+00 -8.2400e-01 -2.7829e+00 +5.4593e-01 -3.9586e+00 +3.8314e+00 +1.5614e+00 +7.9404e-01 -3.2061e+00
94 +1.519777259e+01 +1.519777259e+01 -4.328222741e+01 -4.328222741e+01 +5.4076e-01 +1.6019e+00 +8.5501e-01 -1.7105e+00 +2.1050e+00 -3.4367e+00 -1.7765e+00 +8.4581e-01 -2.7481e+00 -7.2548e-01 +1.0799e+00 -5.2297e-01 +1.7636e-01 +4.1229e+00 +2.0134e+00 -1.1987e+00 +5.6327e-02 -2.5368e+00 +1.0574e+00 -5.0159e-01
157 +7.471079944e+00 +7.471079944e+00 -5.100892006e+01 -5.100892006e+01 +0.0000e+00 +1.9833e+00 +5.1126e-01 -8.6917e-01 +1.3924e+00 +8.3702e-01 +1.2516e+00 +1.7460e-01 -1.2589e-01 -7.3139e-01 -1.7106e+00 -1.2424e+00 +3.9101e-01 +2.3019e-02 +0.0000e+00 +0.0000e+00 -1.5767e+00 +0.0000e+00 -7.1198e-01 +1.3344e+00
2001 +5.472995312e+00 +5.472995312e+00 -5.300700469e+01 -5.300700469e+01 -3.3413e-01 +1.8604e+00 +4.3348e-01 -5.2769e-01 +1.1906e+00 +2.8096e+00 +1.4545e+00 +1.0127e+00 -7.6458e-01 -1.2445e+00 +0.0000e+00 -9.3484e-01 -4.5362e-02 +6.8923e-01 +9.6359e-03 -3.8871e-01 -1.7216e+00 +7.6238e-01 -4.2920e-01 +1.1203e+00
% function evaluation | noise-free fitness - Fopt (-6.130800000000e+02) | best noise-free fitness - Fopt | measured fitness | best measured fitness | x1 | x2...
1 +9.224917681e+01 +9.224917681e+01 -5.208308232e+02 -5.208308232e+02 +2.1613e+00 +4.0415e+00 +2.0515e+00 +2.9010e+00 +4.3800e+00 +3.3204e+00 -2.5210e+00 -4.1602e+00 +3.9635e+00 +1.0224e+00 +4.1669e+00 -4.3291e+00 +1.2258e+00 -3.5980e+00 +4.6935e+00 -1.4937e+00 +9.8144e-01 +4.4237e-01 -3.3452e+00 +4.5459e+00
2 +3.743181188e+01 +3.743181188e+01 -5.756481881e+02 -5.756481881e+02 +4.9258e+00 -1.7815e+00 -7.9181e-01 +8.4481e-01 -4.5687e-01 +1.1772e+00 -1.9313e+00 +2.1314e+00 -2.6275e+00 +4.8836e-01 -1.8027e+00 -3.6168e+00 -2.3908e+00 +3.0977e+00 -3.0877e+00 -2.0785e+00 -1.6039e+00 +1.7259e+00 +2.0111e+00 +2.2009e+00
55 +2.314511707e+01 +2.314511707e+01 -5.899348829e+02 -5.899348829e+02 +2.0124e+00 +1.5579e+00 -1.4658e+00 -1.4099e+00 +3.3059e-01 -1.1085e+00 -2.1128e+00 +5.7428e-01 +1.6144e+00 +5.0000e+00 -9.8600e-01 +2.0285e+00 -1.6782e+00 +2.2553e+00 -4.5811e-01 +1.8946e+00 +1.3720e+00 -3.3802e+00 -4.5187e+00 -1.3647e-01
136 +1.570296019e+01 +1.570296019e+01 -5.973770398e+02 -5.973770398e+02 +1.3756e-01 -1.6653e+00 -2.0516e+00 +2.9071e+00 +2.6736e+00 -3.8126e-01 -1.4261e+00 -1.6275e+00 -3.3340e+00 +0.0000e+00 -1.6525e+00 -2.7178e+00 -7.9524e-01 -9.7156e-01 +2.8484e+00 -3.1680e+00 +3.2995e+00 -1.3033e+00 +0.0000e+00 +6.1756e-01
603 +9.985587064e+00 +9.985587064e+00 -6.030944129e+02 -6.030944129e+02 -7.8978e-01 -2.7519e+00 -2.8752e+00 +0.0000e+00 -3.9861e-01 +3.7637e-02 -1.7239e+00 -2.7096e+00 -2.3778e+00 +0.0000e+00 -3.2099e+00 -8.3463e-01 +5.5027e-01 +3.6671e-01 -1.5403e-01 +1.8841e+00 -7.5853e-01 -1.5496e+00 +0.0000e+00 -2.5668e+00
% function evaluation | noise-free fitness - Fopt (-1.852700000000e+02) | best noise-free fitness - Fopt | measured fitness | best measured fitness | x1 | x2...
1 +5.412533809e+01 +5.412533809e+01 -1.311446619e+02 -1.311446619e+02 +2.4779e+00 -4.5196e+00 +3.0047e+00 +3.2653e+00 +1.0555e+00 -2.2123e+00 -2.0000e+00 +3.8556e+00 -2.6601e+00 -4.7205e+00 -1.2952e+00 +1.0393e+00 -2.6788e+00 -4.4948e+00 +3.6797e+00 +2.0085e+00 +3.8610e-01 -1.9741e+00 -1.0435e+00 -1.6615e+00
11 +1.874574697e+01 +1.874574697e+01 -1.665242530e+02 -1.665242530e+02 -3.9058e+00 -1.1293e+00 -1.8784e+00 -2.8883e-01 +2.4366e+00 -2.2341e+00 -2.7436e-01 +1.1625e+00 +6.2978e-02 -2.9344e+00 +3.0824e+00 +1.3944e+00 +1.5489e-02 -1.5617e+00 +9.2980e-01 +7.6501e-01 +2.6542e+00 +5.9205e-01 -1.2253e+00 -4.2040e+00
112 +1.566934795e+01 +1.566934795e+01 -1.696006521e+02 -1.696006521e+02 +6.4060e-01 +4.4730e-02 -1.0710e+00 +2.1897e+00 +1.5692e+00 -2.0866e+00 +4.3746e-02 +0.0000e+00 +4.0785e-01 +2.9039e+00 +2.4029e+00 -3.9371e-01 +1.0593e+00 -1.1148e+00 -8.4423e-01 -8.2417e-01 -1.5307e+00 +1.7018e+00 -1.5961e+00 -3.9530e+00
213 +9.889408223e+00 +9.889408223e+00 -1.753805918e+02 -1.753805918e+02 +2.0133e+00 -3.1271e+00 -1.2714e+00 -1.4180e+00 -6.5296e-01 -5.9756e-01 +1.6467e+00 +2.2143e-01 +1.6008e+00 -4.1144e-01 +9.6839e-01 +5.6427e-01 +8.9923e-01 -2.4390e+00 -1.8802e+00 -1.7314e-01 +1.3807e+00 -2.6962e-01 +3.0607e-01 +6.8781e-01
4423 +5.667009972e+00 +5.667009972e+00 -1.796029900e+02 -1.796029900e+02 +1.6209e-01 -7.5886e-01 -1.0357e+00 -1.2755e-03 +2.5675e-01 -2.5935e-01 -1.6543e+00 +1.3367e+00 +2.6532e-01 -1.0036e+00 -2.1860e+00 +1.4064e-01 -7.0056e-01 -4.6499e-01 +6.7261e-01 +1.4634e+00 +4.8151e-01 +6.5007e-01 -8.2356e-01 +1.0246e+00
% function evaluation | noise-free fitness - Fopt (3.747000000000e+01) | best noise-free fitness - Fopt | measured fitness | best measured fitness | x1 | x2...
1 +6.859116284e+01 +6.859116284e+01 +1.060611628e+02 +1.060611628e+02 -3.5031e-01 +3.9193e+00 -1.6947e+00 +5.1027e-01 +4.8014e+00 -3.7478e+00 +6.8124e-01 +3.4493e+00 +7.2919e-01 -1.8198e+00 -4.3291e+00 -4.8205e+00 +1.8165e+00 -3.2596e+00 +2.7312e+00 -1.0487e+00 +3.4729e+00 -2.5129e+00 -4.9349e+00 +4.4779e+00
2 +5.133586155e+01 +5.133586155e+01 +8.880586155e+01 +8.880586155e+01 +3.6733e+00 -2.3652e+00 +3.6503e+00 -3.0477e+00 -9.6760e-02 -2.9296e+00 +3.0356e-01 -4.5361e+00 +2.1177e+00 -1.0721e+00 +3.0336e+00 +3.4972e+00 +1.6639e+00 -4.3203e+00 +4.2940e+00 -1.2548e+00 -5.3338e-01 +5.9774e-01 +3.0680e+00 -3.7541e+00
8 +2.608240772e+01 +2.608240772e+01 +6.355240772e+01 +6.355240772e+01 +4.6887e+00 +1.0854e+00 -2.1033e+00 -8.4488e-01 +2.8092e+00 +2.9226e+00 +3.7599e-01 -1.2923e+00 -2.9085e+00 +2.3766e+00 +9.8159e-01 -8.7488e-01 -3.6979e+00 -2.6625e+00 -9.8305e-01 +8.5261e-01 -1.2243e+00 -4.2251e+00 -5.4531e-01 +2.7326e+00
38 +2.012419533e+01 +2.012419533e+01 +5.759419533e+01 +5.759419533e+01 +6.1624e-01 +1.3832e+00 +1.2173e+00 -3.7941e+00 +2.7741e+00 -2.5778e+00 +3.0101e+00 -4.5728e+00 -3.0614e+00 -1.0888e+00 +5.7867e-01 +1.2363e+00 +5.0853e-01 +1.4971e+00 +2.2992e+00 -2.4251e+00 -1.4856e-01 +2.7155e+00 +1.7484e+00 +2.6224e+00
160 +1.333118572e+01 +1.333118572e+01 +5.080118572e+01 +5.080118572e+01 +0.0000e+00 -2.0361e-01 +2.4472e-01 -2.0194e+00 +2.3873e+00 -2.3118e+00 +0.0000e+00 -8.0821e-01 +4.6875e-01 +2.3937e+00 +3.2970e+00 +6.2771e-01 +0.0000e+00 +8.4338e-01 +2.3293e+00 +0.0000e+00 +0.0000e+00 +2.2430e+00 +3.0028e-01 +1.3105e+00
1321 +9.889317085e+00 +9.889317085e+00 +4.735931709e+01 +4.735931709e+01 +1.4589e+00 -7.8894e-01 -1.0057e+00 -2.2845e+00 +1.8513e+00 -3.1486e+00 +1.1753e+00 +9.8052e-01 +1.8219e+00 +5.0000e+00 +3.3120e+00 -9.7002e-02 +4.3288e-02 +6.1556e-01 +1.4768e+00 +3.3448e-01 -4.2334e+00 +1.0113e+00 +1.5390e-01 +3.7004e-01
3315 +4.445917490e+00 +4.445917490e+00 +4.191591749e+01 +4.191591749e+01 +3.1335e+00 -2.7852e-01 +2.2549e+00 -1.1073e+00 +1.6201e+00 -5.3685e-01 -3.8497e-01 -7.3452e-02 +1.2592e+00 +2.3804e+00 +1.9564e+00 +4.8575e-01 -1.7981e-02 -1.1649e+00 -3.7087e-01 +0.0000e+00 -2.5000e+00 -1.8643e-01 -1.1064e+00 -1.3174e+00
4675 +3.979885304e+00 +3.979885304e+00 +4.144988530e+01 +4.144988530e+01 +3.1335e+00 -2.7921e-01 +2.2550e+00 -1.1073e+00 +1.6201e+00 -5.3685e-01 -3.8499e-01 -7.3277e-02 +1.2592e+00 +2.3815e+00 +1.9558e+00 +4.8577e-01 -1.7972e-02 -1.1647e+00 -3.7088e-01 +0.0000e+00 -2.5000e+00 -1.8635e-01 -1.1063e+00 -1.3174e+00
% function evaluation | noise-free fitness - Fopt (-3.944700000000e+02) | best noise-free fitness - Fopt | measured fitness | best measured fitness | x1 | x2...
1 +5.230043815e+01 +5.230043815e+01 -3.421695618e+02 -3.421695618e+02 -4.9593e+00 +4.3340e+00 -1.7408e+00 -2.3065e+00 +1.8284e+00 -3.3084e+00 -4.2988e+00 -3.3723e-01 -3.0249e+00 -1.2349e+00 -2.2087e+00 +2.9367e+00 -1.7200e+00 -1.3547e+00 -1.5439e+00 -9.8041e-01 +4.7271e+00 +2.7027e-01 +9.0904e-01 +4.6216e+00
2 +2.158420209e+01 +2.158420209e+01 -3.728857979e+02 -3.728857979e+02 +1.6402e-01 +6.7561e-01 -3.2844e+00 -2.7921e+00 -4.4048e-01 +2.6914e+00 -2.5530e+00 +3.7208e+00 -1.4988e+00 -2.5710e-02 +6.9477e-01 +1.9818e+00 +2.2012e+00 -5.0746e-01 +2.6685e+00 +6.3144e-02 +2.5822e+00 +8.7337e-01 -2.3629e+00 -4.1476e+00
85 +1.505915597e+01 +1.505915597e+01 -3.794108440e+02 -3.794108440e+02 +3.7639e+00 +1.4716e+00 +0.0000e+00 -4.2329e-01 +2.6763e+00 +1.4620e+00 -1.4992e+00 +2.0342e+00 -4.6416e-01 -1.0923e+00 -2.6079e+00 +2.6739e+00 +2.2285e+00 -2.2672e+00 -1.7725e-01 +1.6692e+00 -4.4095e-01 -3.2176e+00 +1.6036e+00 +1.5325e+00
209 +9.532672743e+00 +9.532672743e+00 -3.849373273e+02 -3.849373273e+02 +1.9196e+00 +4.0852e+00 -2.7702e+00 +4.9872e-01 +0.0000e+00 +1.5470e+00 -1.3143e+00 -8.5808e-01 +8.3091e-01 +1.4905e+00 +0.0000e+00 +1.8365e+00 +1.3813e+00 -1.3766e+00 -4.0955e-01 -3.9978e-01 +6.6685e-01 +1.2793e+00 -6.3593e-01 -3.1245e+00
4088 +6.299878316e+00 +6.299878316e+00 -3.881701217e+02 -3.881701217e+02 -9.0616e-01 +1.0002e-01 +1.7252e+00 +1.1469e+00 +1.5109e+00 -3.2923e-01 -4.2869e-01 -1.9052e+00 +2.2450e-01 -6.6581e-02 -9.2661e-01 -3.9503e-01 +1.2429e-01 +2.2404e-01 -2.0556e-01 +3.2570e-01 -3.5171e-01 -1.1692e+00 -2.9376e-01 -2.0896e+00
% function evaluation | noise-free fitness - Fopt (-1.026200000000e+02) | best noise-free fitness - Fopt | measured fitness | best measured fitness | x1 | x2...
1 +6.078071555e+01 +6.078071555e+01 -4.183928445e+01 -4.183928445e+01 +4.5254e+00 +1.4426e+00 +2.4143e+00 -2.1814e+00 +1.2055e+00 +2.1506e+00 +4.4369e+00 +4.2788e-01 +2.3382e+00 -4.7340e+00 +2.9895e+00 -1.8038e+00 -3.0284e+00 +1.9609e+00 -3.4082e+00 -4.2387e+00 +4.4870e+00 -4.6097e+00 +7.1179e-01 +3.8869e+00
13 +2.715359940e+01 +2.715359940e+01 -7.546640060e+01 -7.546640060e+01 -2.5813e+00 +8.6527e-01 -2.5335e+00 -3.8973e+00 +4.8587e+00 +3.2161e+00 -3.9696e+00 -3.8134e+00 -3.4614e-01 -3.8059e-01 +5.2592e-01 -1.5198e+00 +4.7162e+00 -2.5715e+00 -9.2267e-01 -5.3235e-01 -2.0720e+00 -3.3342e+00 +2.2636e+00 +2.4873e+00
26 +2.297333506e+01 +2.297333506e+01 -7.964666494e+01 -7.964666494e+01 -3.0237e+00 +3.5695e+00 -3.6723e+00 +1.5963e+00 -6.9963e-01 +1.3076e+00 +1.1403e-01 -9.2440e-01 +1.6424e+00 +8.5603e-01 +6.5713e-01 -9.1907e-01 +1.2401e+00 +1.2661e+00 +2.5926e+00 -3.6405e+00 +9.1588e-01 -3.6479e+00 -1.8297e+00 -6.9998e-01
148 +1.241303823e+01 +1.241303823e+01 -9.020696177e+01 -9.020696177e+01 -1.1545e+00 +1.0663e+00 -2.2061e+00 -1.0334e+00 +1.6247e-01 -6.1058e-01 -4.5250e+00 -1.0593e+00 +7.7968e-01 +0.0000e+00 -1.6992e+00 +2.1127e-01 +0.0000e+00 +1.6700e+00 +1.9002e+00 -1.2291e+00 +2.2435e-01 +2.7248e+00 +0.0000e+00 -1.5731e-02
859 +9.805532431e+00 +9.805532431e+00 -9.281446757e+01 -9.281446757e+01 -2.2976e+00 -3.0613e+00 +0.0000e+00 -3.8563e-01 +2.2148e-01 -1.6905e-01 -2.1056e+00 +0.0000e+00 -9.3980e-01 -8.5437e-02 +1.7891e+00 -3.2982e+00 +1.6571e+00 +2.5648e+00 +5.2142e-01 +2.0865e+00 -1.2745e+00 -2.2227e-01 +1.5388e+00 +9.3348e-01
3931 +6.153210355e+00 +6.153210355e+00 -9.646678965e+01 -9.646678965e+01 -9.3455e-01 -1.7068e+00 -1.6630e+00 +1.4899e+00 +0.0000e+00 +3.2412e-01 +5.0771e-01 +3.9181e-01 +3.7958e-01 -5.5678e-01 +2.2589e+00 -9.9826e-01 -6.1780e-01 +2.0737e-01 +9.0201e-01 +7.2540e-01 -1.2990e-01 -1.5027e-01 -9.6742e-01 -6.2601e-02
% function evaluation | noise-free fitness - Fopt (2.728300000000e+02) | best noise-free fitness - Fopt | measured fitness | best measured fitness | x1 | x2...
1 +4.421732471e+01 +4.421732471e+01 +3.170473247e+02 +3.170473247e+02 +3.7933e+00 +2.8754e+00 +4.5056e+00 -3.9907e+00 -4.2122e+00 -2.9923e+00 +5.4603e-01 -3.6223e+00 -3.2331e+00 -3.8913e+00 +6.0860e-01 -8.9988e-01 -9.3735e-01 +3.8028e+00 -2.9782e-01 -3.1966e+00 +5.6867e-01 -2.0182e+00 +4.0477e+00 +1.9833e+00
4 +3.765029918e+01 +3.765029918e+01 +3.104802992e+02 +3.104802992e+02 +3.6195e+00 +3.3703e+00 -2.7641e-01 -3.4533e+00 +2.7904e-02 +1.1064e-01 -1.1370e+00 -5.6065e-01 -4.3570e+00 +4.1498e+00 -2.0454e+00 -1.1997e-01 -2.1863e+00 +1.2817e+00 +4.2275e+00 -7.9398e-01 +2.9019e+00 -7.5314e-01 -4.9284e+00 +4.3419e+00
44 +1.724945864e+01 +1.724945864e+01 +2.900794586e+02 +2.900794586e+02 +2.3967e+00 -1.6297e+00 -2.2019e+00 -2.3040e-01 -2.0864e+00 +1.4183e+00 -2.0638e+00 -4.8398e-01 +6.4295e-01 +1.9542e+00 -2.2987e+00 -1.1003e+00 -1.1119e+00 +4.8078e-01 +1.0745e+00 +2.2266e+00 +4.2975e+00 -3.7932e+00 +7.1607e-02 -6.5812e-01
124 +1.344400271e+01 +1.344400271e+01 +2.862740027e+02 +2.862740027e+02 +1.4157e+00 +0.0000e+00 -9.3201e-01 -2.3507e+00 -2.4055e+00 +7.7202e-01 -1.9268e+00 -5.0674e-01 +0.0000e+00 +3.9317e-01 -2.1812e+00 -1.4026e+00 -1.2991e+00 +2.9778e-01 +1.0321e+00 -7.4538e-02 +3.9313e+00 -1.9195e+00 -4.6091e-01 +0.0000e+00
852 +9.912659318e+00 +9.912659318e+00 +2.827426593e+02 +2.827426593e+02 -4.3846e-01 +2.1889e+00 +7.1153e-01 +8.8601e-01 +0.0000e+00 -7.0621e-01 -2.3369e+00 -1.2177e+00 +1.6746e+00 +1.2558e-02 +3.2806e+00 -3.0961e-01 -8.9316e-01 -1.4163e+00 -8.6359e-01 -1.5216e+00 +1.8418e+00 -1.5516e+00 -3.2360e+00 +7.7261e-02
2958 +4.535130144e+00 +4.535130144e+00 +2.773651301e+02 +2.773651301e+02 +3.7416e-01 +1.7717e+00 +1.1436e-02 +1.2964e-01 -1.2391e+00 -1.2336e+00 -1.7581e+00 -3.2415e-02 +4.2640e-01 +3.1311e+00 +8.5435e-01 -1.6411e+00 +2.4266e-01 +8.0082e-02 -6.8139e-01 +1.4770e-01 +2.6930e-01 -3.9820e-01 -1.4453e+00 -8.2884e-01
% function evaluation | noise-free fitness - Fopt (-3.400000000000e+00) | best noise-free fitness - Fopt | measured fitness | best measured fitness | x1 | x2...
1 +1.313610225e+02 +1.313610225e+02 +1.279610225e+02 +1.279610225e+02 +3.6569e+00 +4.1263e-01 -4.6868e+00 +2.6209e+00 +8.1764e-02 +1.8987e+00 +2.2031e+00 +2.3963e+00 +2.7309e+00 -4.1282e+00 +4.8097e+00 -4.3789e+00 +1.6480e+00 -3.7035e+00 -3.5086e+00 -3.2105e+00 -3.2517e-01 -3.3455e-01 +4.7209e+00 +4.7898e+00
2 +5.980363489e+01 +5.980363489e+01 +5.640363489e+01 +5.640363489e+01 -3.3018e+00 -3.9155e-01 -3.0624e+00 -2.0262e+00 -5.9361e-02 -1.2841e+00 -1.9364e+00 -1.6416e+00 +2.8436e+00 -3.0288e+00 +4.4665e+00 -1.7320e+00 +1.5625e+00 -3.5294e+00 -4.8638e+00 +1.2890e+00 +2.9375e+00 +4.5755e+00 +1.8240e+00 +1.1557e+00
11 +2.489639156e+01 +2.489639156e+01 +2.149639156e+01 +2.149639156e+01 +4.1209e-01 +2.9041e+00 -4.8028e+00 +1.7315e+00 +4.8600e+00 +2.0525e-01 -1.1496e+00 -1.7863e+00 +1.0460e+00 +3.2189e+00 +1.0696e+00 +1.2853e+00 +1.1605e+00 +4.5070e-01 +1.1911e-01 +1.1352e+00 +1.8524e-01 -2.1284e+00 +4.3133e+00 +7.1460e-01
99 +1.418905433e+01 +1.418905433e+01 +1.078905433e+01 +1.078905433e+01 +6.6044e-01 +2.3940e+00 -5.7888e-01 +7.9696e-01 -3.6640e+00 +1.5523e-01 -4.5081e+00 +1.2854e+00 +1.7498e+00 +6.6424e-01 -8.6141e-01 -2.3638e+00 -1.6977e+00 -1.4033e+00 +4.6528e-01 -1.2508e+00 -1.3881e+00 +2.0094e+00 +4.0864e+00 -3.0926e+00
1160 +9.598190288e+00 +9.598190288e+00 +6.198190288e+00 +6.198190288e+00 -7.9657e-01 +1.3498e+00 -1.8788e+00 -1.7474e+00 +1.0548e+00 -5.0379e-01 -1.6326e-01 +1.5167e+00 +3.0001e+00 +1.2908e-01 -1.5155e+00 -3.9884e-01 -1.2875e+00 +9.1775e-02 -5.8231e-02 -1.0916e+00 +3.1556e+00 -1.1896e+00 -1.4871e+00 +4.2434e-01
3369 +6.295699702e+00 +6.295699702e+00 +2.895699702e+00 +2.895699702e+00 -4.7188e-01 +8.9994e-01 +1.2132e+00 -6.6371e-01 +3.9415e+00 +4.9575e-01 -1.4338e+00 -1.4304e+00 +2.0949e+00 -2.5904e-01 +9.6540e-02 +5.4106e-01 -2.2410e+00 -1.1243e+00 +7.2458e-01 +1.3558e+00 +8.6840e-01 -7.7649e-01 +7.5252e-01 +1.8583e+00
% function evaluation | noise-free fitness - Fopt (-1.851700000000e+02) | best noise-free fitness - Fopt | measured fitness | best measured fitness | x1 | x2...
1 +3.130992163e+01 +3.130992163e+01 -1.538600784e+02 -1.538600784e+02 +2.6180e+00 -1.5089e-01 +4.4806e+00 +3.9039e+00 -1.7195e+00 +3.2118e+00 -7.2112e-01 +9.0042e-01 +5.9570e-01 -2.2336e+00 +1.6889e+00 -3.0478e+00 +9.0848e-02 -1.2575e+00 -3.8695e+00 -1.2737e-01 -3.4520e+00 +1.4640e+00 +1.1486e+00 +6.1339e-01
22 +2.417504583e+01 +2.417504583e+01 -1.609949542e+02 -1.609949542e+02 +3.4038e+00 -2.0169e+00 +1.5541e+00 +2.0856e+00 -7.4034e-01 +1.3560e+00 +2.5602e+00 +3.1815e+00 +6.6089e-01 -1.7193e+00 -1.2370e+00 -3.7927e+00 -1.3163e+00 +4.4480e+00 +3.3817e+00 -1.4381e+00 -1.7459e+00 -1.0164e+00 +4.2025e+00 -2.9252e+00
127 +1.277815917e+01 +1.277815917e+01 -1.723918408e+02 -1.723918408e+02 +2.5893e+00 -5.7221e-01 +0.0000e+00 -7.0942e-01 -3.5462e+00 -1.0027e+00 +3.8760e-01 +0.0000e+00 -1.0879e+00 -1.5717e+00 +3.7465e-01 +2.3367e-01 +1.7679e+00 +2.5009e+00 -1.5390e+00 +0.0000e+00 +9.8571e-01 -4.2881e-01 +0.0000e+00 +1.0876e+00
236 +9.700164117e+00 +9.700164117e+00 -1.754698359e+02 -1.754698359e+02 +1.5699e+00 +1.4553e+00 +9.0555e-01 +2.1482e-01 +9.2997e-01 -2.4400e+00 +6.2280e-01 +1.5742e+00 +2.1139e+00 -1.2316e+00 -1.2855e+00 -4.2968e-01 +0.0000e+00 +1.1023e+00 -5.4342e-01 +3.7128e-01 +2.1091e+00 -2.2862e-01 +5.9756e-01 -5.7775e-01
2181 +5.319808732e+00 +5.319808732e+00 -1.798501913e+02 -1.798501913e+02 -3.3177e-01 -1.1252e+00 +3.5011e-02 -3.9975e-01 +6.2163e-01 +0.0000e+00 -1.7804e+00 +1.8371e+00 -8.3876e-02 -3.8377e-01 -1.8964e+00 -6.9017e-03 -1.3903e+00 +3.6513e+00 +1.1936e+00 +6.4249e-01 -7.9026e-01 -1.3877e+00 -3.1330e-01 -7.3300e-01
% function evaluation | noise-free fitness - Fopt (1.013400000000e+02) | best noise-free fitness - Fopt | measured fitness | best measured fitness | x1 | x2...
1 +7.681297516e+01 +7.681297516e+01 +1.781529752e+02 +1.781529752e+02 -1.7786e+00 +2.3833e+00 -4.0980e+00 +4.6126e+00 +4.3437e+00 -3.7926e+00 -3.0170e-01 -3.1828e+00 +1.5178e+00 -4.8944e+00 +1.1737e+00 +4.1468e+00 +4.8689e+00 -3.6043e+00 +3.4095e+00 +1.5854e+00 +2.3601e+00 -1.4035e+00 -3.5186e+00 +2.8488e+00
2 +5.470727435e+01 +5.470727435e+01 +1.560472743e+02 +1.560472743e+02 -1.3640e+00 +3.0103e+00 -3.3720e+00 +4.5194e-03 -3.3646e-02 +4.1775e+00 -2.2908e+00 +1.8681e+00 +1.9759e+00 -3.8489e+00 +1.6196e+00 -1.1980e+00 -2.2017e+00 +3.2670e+00 -4.4819e+00 -1.7032e+00 -3.2072e-01 -1.9788e+00 +4.9236e+00 +4.6709e+00
9 +3.539612786e+01 +3.539612786e+01 +1.367361279e+02 +1.367361279e+02 +3.2878e+00 -3.1645e+00 +1.1036e+00 +1.6103e+00 +3.8648e-01 -2.1763e+00 +7.7642e-01 -3.4039e+00 +4.5298e+00 -1.0535e-01 -3.3099e+00 +2.7783e+00 +2.0478e-01 -4.3709e-02 -1.9850e+00 -7.7140e-01 +4.0672e+00 -4.9094e+00 +1.1248e+00 -1.3797e+00
48 +2.110018099e+01 +2.110018099e+01 +1.224401810e+02 +1.224401810e+02 +3.7463e-01 +1.9146e-02 +1.9080e-01 +3.0494e-01 -3.3494e-01 +3.8930e+00 +2.4447e+00 -3.4523e+00 -7.4661e-01 -2.1145e+00 -5.0000e+00 +1.2925e+00 +3.5043e-01 +8.2893e-01 -8.2653e-01 +1.6518e+00 +2.3599e+00 +6.2365e-01 +5.3224e-02 +2.5746e+00
131 +1.505810058e+01 +1.505810058e+01 +1.163981006e+02 +1.163981006e+02 +4.1395e+00 +3.8001e+00 +0.0000e+00 +1.8543e+00 +1.0477e-01 +2.9088e+00 -8.8570e-01 -2.4799e+00 +7.1792e-01 +2.7742e+00 -2.8619e+00 +5.0000e+00 +7.3948e-01 +1.9820e+00 -3.4064e+00 +9.3386e-01 -1.8800e+00 -1.5905e+00 +0.0000e+00 -8.6149e-01
300 +8.989827562e+00 +8.989827562e+00 +1.103298276e+02 +1.103298276e+02 +1.2994e+00 +1.7206e+00 -5.2215e-01 +3.2987e-01 -2.5699e+00 +1.8713e+00 +5.1790e-01 -2.2410e+00 -6.7818e-01 +1.5973e-01 +1.0718e+00 +3.5697e+00 -1.4203e+00 +4.7321e-01 -2.6274e+00 -1.0454e+00 -2.8856e+00 -4.7465e+00 +1.8110e+00 +1.0750e+00
3033 +6.217519442e+00 +6.217519442e+00 +1.075575194e+02 +1.075575194e+02 +7.8473e-01 -2.3057e-01 -1.6472e+00 +1.2500e+00 +9.8506e-01 -1.9944e-01 +1.6935e+00 +7.6757e-01 -1.1951e+00 -8.4994e-01 +1.9410e+00 +1.5529e+00 -3.2007e-02 +2.5459e+00 -1.0927e+00 -1.1659e-01 -1.7563e+00 -1.9285e-01 +8.4559e-01 -1.4959e+00
% function evaluation | noise-free fitness - Fopt (-2.400000000000e+00) | best noise-free fitness - Fopt | measured fitness | best measured fitness | x1 | x2...
1 +1.004048898e+02 +1.004048898e+02 +9.800488983e+01 +9.800488983e+01 +7.6791e-01 -4.1231e+00 -4.4899e-01 -4.4056e+00 -2.6611e+00 +4.5883e+00 +3.7515e+00 +1.8543e+00 +2.9447e+00 -3.6999e+00 -5.8088e-01 +6.2799e-01 +4.4048e+00 -4.6802e+00 -4.4170e+00 +1.9360e+00 -1.2511e+00 -4.3922e+00 +6.6031e-01 -1.3790e+00
2 +6.384718029e+01 +6.384718029e+01 +6.144718029e+01 +6.144718029e+01 -3.2054e+00 +6.4087e-01 +1.6580e+00 +1.5319e+00 -2.7327e-01 -3.6386e+00 -2.8629e+00 -3.2419e+00 -4.0949e+00 +2.3954e+00 -4.6205e+00 -2.3350e+00 -4.5267e+00 +2.1870e+00 -4.6322e+00 -1.3566e+00 +2.5148e+00 -3.2783e+00 -4.4180e+00 +3.3229e+00
3 +3.996444600e+01 +3.996444600e+01 +3.756444600e+01 +3.756444600e+01 -4.7650e+00 -5.2682e-01 +3.7835e+00 -8.4168e-01 -4.9405e-01 -1.4102e+00 -4.6923e+00 -3.3755e+00 +2.4820e+00 +1.5381e+00 +3.1894e+00 -1.3184e+00 +2.1261e+00 +6.9731e-01 -2.0952e+00 +2.7998e+00 -7.2129e-01 -3.8193e+00 -8.5506e-01 +2.0149e+00
9 +3.326535928e+01 +3.326535928e+01 +3.086535928e+01 +3.086535928e+01 -2.1507e+00 +2.6845e+00 -3.8808e+00 -2.6533e-01 +1.2203e-01 +2.1540e+00 +3.4570e+00 -2.8173e+00 -1.2271e+00 -2.0865e+00 +3.1218e+00 +1.7225e+00 -9.2606e-01 -1.6623e+00 +2.1010e+00 -1.9834e+00 -1.6079e+00 -1.9996e+00 -4.0226e-01 +4.9591e+00
56 +1.716390846e+01 +1.716390846e+01 +1.476390846e+01 +1.476390846e+01 +1.6858e+00 -4.3920e-01 +2.1723e+00 -1.0752e+00 -1.0599e+00 +1.0529e+00 -1.8629e-01 -7.3343e-01 +4.9688e+00 +1.3023e+00 -1.4749e+00 -1.3006e+00 -2.4353e+00 +1.0269e-01 +2.5753e+00 +5.0000e+00 -1.6203e+00 -3.3481e+00 -2.1718e-01 -5.1972e-02
93 +1.437795149e+01 +1.437795149e+01 +1.197795149e+01 +1.197795149e+01 +2.3098e+00 -1.9101e-01 +1.4859e+00 -1.4579e+00 -2.0725e+00 +2.3486e+00 -2.6286e+00 +1.4800e+00 +4.0126e+00 -1.5836e-01 -2.0438e+00 +5.9074e-01 +5.0705e-01 +1.0203e+00 +1.3951e+00 +2.1765e+00 +2.3263e+00 -1.4846e+00 -7.7305e-01 +2.1529e+00
977 +9.940150030e+00 +9.940150030e+00 +7.540150030e+00 +7.540150030e+00 -7.4653e-01 +5.0778e-02 +1.4354e-01 +2.0780e-01 +3.7739e-02 +3.0193e+00 -1.5684e+00 -7.5865e-01 -1.9729e+00 -1.3144e+00 -2.2412e+00 +3.1255e-01 +1.2347e-01 -9.1085e-01 -1.4574e+00 +1.2195e+00 -9.9003e-01 -3.6034e-01 -2.0557e-01 -1.4075e+00
3439 +5.936442265e+00 +5.936442265e+00 +3.536442265e+00 +3.536442265e+00 +1.6678e+00 -1.1191e+00 -5.6446e-01 +5.3957e-01 -1.3840e+00 -9.9247e-01 +1.6575e+00 +5.6709e-02 -9.6721e-01 -3.7058e-01 -2.1355e+00 +2.4238e-01 -3.5200e-01 +2.1859e+00 +1.3695e+00 -8.0595e-01 +0.0000e+00 +1.4962e+00 -1.7924e+00 -1.6576e+00
% function evaluation | noise-free fitness - Fopt (-2.778000000000e+01) | best noise-free fitness - Fopt | measured fitness | best measured fitness | x1 | x2...
1 +4.550422012e+01 +4.550422012e+01 +1.772422012e+01 +1.772422012e+01 +1.0171e+00 -3.8500e+00 -3.3342e+00 -3.6504e+00 -2.8527e+00 +2.8176e+00 +2.8994e+00 +1.3307e-01 -4.2010e+00 +1.8282e+00 -3.0068e+00 -3.7838e-01 +2.0159e+00 +1.6408e+00 -7.9558e-01 -1.3496e+00 +4.9734e+00 -9.9814e-01 +3.6827e+00 +1.5079e+00
13 +3.640443935e+01 +3.640443935e+01 +8.624439354e+00 +8.624439354e+00 +2.4983e+00 -4.7807e+00 -1.4480e+00 +9.9962e-01 +4.2438e+00 -3.3025e+00 -6.7694e-01 +1.7513e+00 -2.4311e+00 +4.2828e+00 -2.6947e+00 +2.2087e+00 +1.4653e+00 -3.3654e+00 +9.4538e-01 -1.0800e+00 -2.0251e+00 +4.9654e+00 +3.7727e+00 +4.2313e-01
43 +2.054464010e+01 +2.054464010e+01 -7.235359900e+00 -7.235359900e+00 +1.7326e+00 +7.9806e-01 +7.9508e-01 +2.4799e-01 -9.4834e-01 -3.1398e+00 -1.2387e+00 -3.4381e+00 +2.5572e+00 -1.9564e+00 -2.2997e+00 +1.2246e-01 +2.8427e+00 +2.2256e+00 +5.1167e-01 -1.0357e+00 +4.6403e+00 +2.0503e+00 -2.5013e-01 -4.3531e+00
177 +1.316412381e+01 +1.316412381e+01 -1.461587619e+01 -1.461587619e+01 +3.6162e+00 +1.3926e-01 +2.3390e+00 +0.0000e+00 +1.0756e+00 -4.3764e+00 -1.3463e-01 -2.9059e+00 +4.4880e-01 +2.3871e-01 -2.1851e+00 +2.3953e-02 +2.6358e+00 -5.2789e-01 +1.1505e+00 +1.1885e+00 +2.2498e+00 +9.6459e-01 +0.0000e+00 -9.6441e-01
238 +9.953348302e+00 +9.953348302e+00 -1.782665170e+01 -1.782665170e+01 +7.5307e-01 +2.3058e-01 +5.2790e-01 +0.0000e+00 +0.0000e+00 -2.0033e+00 -3.6480e-01 -2.3227e-01 +5.9321e-01 -4.4283e-01 -4.3163e+00 +8.4522e-01 +9.4587e-01 +0.0000e+00 +2.8655e+00 +1.3159e+00 +2.5599e+00 +5.1449e-01 -1.2626e+00 -5.1154e-01
4490 +5.992879763e+00 +5.992879763e+00 -2.178712024e+01 -2.178712024e+01 -8.5249e-01 +8.3706e-01 +2.6343e-01 +3.2457e-01 +6.7071e-01 -2.7220e-01 -9.9746e-01 +1.1184e+00 +1.1797e+00 -7.1702e-01 -3.4910e+00 -7.3650e-01 +1.0356e+00 -2.0638e+00 -1.8275e+00 +6.8194e-01 +0.0000e+00 +2.6464e+00 +1.2505e+00 -2.0543e-01
