% function evaluation | noise-free fitness - Fopt (1.238300000000e+02) | best noise-free fitness - Fopt | measured fitness | best measured fitness | x1 | x2...
1 +1.265635164e+05 +1.265635164e+05 +1.266873464e+05 +1.266873464e+05 -2.9398e+00 -2.8225e+00 -3.7477e+00 +1.5499e+00 -1.4905e+00 -3.3428e+00 +2.3031e+00 -2.8114e+00 -2.3854e+00 -4.0391e+00
3 +6.688457451e+04 +6.688457451e+04 +6.700840451e+04 +6.700840451e+04 +7.8789e-01 +2.7125e+00 -7.0620e-02 -1.1968e+00 +3.1632e+00 +4.3472e+00 -3.5964e+00 -3.2122e+00 +4.5132e+00 -1.9549e+00
4 +5.553371816e+04 +5.553371816e+04 +5.565754816e+04 +5.565754816e+04 +3.4684e+00 -5.3890e-01 +1.4008e+00 -3.4619e-01 -6.1268e-01 -6.3463e-01 -4.3826e+00 -1.8301e+00 +3.3526e+00 -9.2746e-01
6 +3.977132919e+04 +3.977132919e+04 +3.989515919e+04 +3.989515919e+04 -2.2024e+00 -3.7705e+00 +3.9536e+00 +6.3056e-01 +6.4903e-01 -2.8690e+00 +2.7253e+00 +7.1604e-01 +2.0919e+00 +3.7275e+00
20 +2.449231019e+04 +2.449231019e+04 +2.461614019e+04 +2.461614019e+04 -1.0446e+00 -3.6936e+00 +3.1632e+00 -3.4147e+00 -2.4513e+00 -4.1445e+00 -1.5555e+00 +6.7474e-01 -4.7051e+00 +1.5174e+00
39 +1.436950324e+04 +1.436950324e+04 +1.449333324e+04 +1.449333324e+04 +1.6059e+00 -8.6718e-01 +3.2176e+00 +9.5584e-02 +2.4482e-02 +2.0131e+00 +1.8441e+00 -2.0459e+00 +1.6245e+00 +7.7323e-01
99 +4.235535273e+03 +4.235535273e+03 +4.359365273e+03 +4.359365273e+03 -2.4090e-01 -6.3148e-02 +0.0000e+00 -7.4995e-02 -1.3809e+00 +1.3179e+00 +9.0273e-01 +0.0000e+00 +1.0662e-01 +3.2416e+00
134 +6.589557523e+02 +6.589557523e+02 +7.827857523e+02 +7.827857523e+02 +2.4969e-01 +3.5517e-01 +8.8491e-01 +1.8205e+00 +1.1918e+00 +0.0000e+00 +0.0000e+00 -7.0841e-01 -9.4471e-02 +0.0000e+00
711 +6.192904015e+02 +6.192904015e+02 +7.431204015e+02 +7.431204015e+02 -4.3075e-01 -1.1861e+00 +0.0000e+00 +1.3342e+00 +7.0514e-01 +1.7651e-01 -6.2071e-01 -1.4454e+00 -4.5560e-02 -1.1622e+00
885 +3.700280593e+02 +3.700280593e+02 +4.938580593e+02 +4.938580593e+02 +3.4909e-01 -7.7238e-01 -5.0514e-01 +7.5012e-01 +6.1142e-01 +4.1248e-01 -3.4317e-01 -1.3873e+00 -1.1887e-01 -1.0275e+00
1271 +2.116026850e+02 +2.116026850e+02 +3.354326850e+02 +3.354326850e+02 +1.5673e-02 +2.1498e-01 -5.4324e-02 +9.8627e-01 +5.1102e-01 +1.6367e-01 -5.3796e-01 -6.8946e-01 +1.1514e-01 +1.7911e-01
1471 +1.582443610e+02 +1.582443610e+02 +2.820743610e+02 +2.820743610e+02 -2.8044e-01 -2.8466e-01 -3.4636e-02 +1.1375e+00 +3.8184e-01 -9.9807e-02 -5.4477e-01 -3.4228e-01 +2.2789e-01 +3.9121e-02
1831 +8.415381436e+01 +8.415381436e+01 +2.079838144e+02 +2.079838144e+02 -7.0075e-02 -4.8579e-01 +3.3448e-01 +1.0436e+00 +5.3439e-01 -7.3517e-02 -4.3945e-01 -6.9819e-01 +1.9238e-01 -9.0861e-02
2151 +5.955187811e+01 +5.955187811e+01 +1.833818781e+02 +1.833818781e+02 +1.5379e-01 -2.9821e-01 +1.3631e-01 +1.0127e+00 +5.5447e-01 -2.1484e-02 -3.5611e-01 -2.4153e-01 +3.0404e-01 -9.0388e-02
2307 +2.049671086e+01 +2.049671086e+01 +1.443267109e+02 +1.443267109e+02 +2.4479e-01 -8.4350e-02 +4.6757e-01 +8.5665e-01 +6.6706e-01 +6.0551e-02 -5.6688e-01 -3.2326e-01 +9.2246e-01 -1.9905e-01
2612 +1.485187402e+01 +1.485187402e+01 +1.386818740e+02 +1.386818740e+02 +2.1586e-01 -2.1162e-01 +5.7413e-01 +8.2608e-01 +5.8829e-01 -4.9225e-03 -4.6672e-01 -5.3165e-01 +8.9677e-01 -2.3242e-01
3227 +9.796521430e+00 +9.796521430e+00 +1.336265214e+02 +1.336265214e+02 +1.7923e-01 -1.1980e-01 +4.9512e-01 +5.9535e-01 +5.9221e-01 +9.5639e-03 -4.1573e-01 -5.1039e-01 +8.7651e-01 -3.4160e-01
% function evaluation | noise-free fitness - Fopt (4.751000000000e+01) | best noise-free fitness - Fopt | measured fitness | best measured fitness | x1 | x2...
1 +6.682586550e+04 +6.682586550e+04 +6.687337550e+04 +6.687337550e+04 +1.3194e+00 +1.8002e+00 -5.4059e-01 -1.4627e+00 -1.6878e+00 -2.0989e+00 +1.1233e+00 +5.1957e-01 -7.1851e-01 -4.6691e+00
5 +3.187416620e+04 +3.187416620e+04 +3.192167620e+04 +3.192167620e+04 -3.0034e-01 -1.4209e+00 -7.0932e-01 -1.2907e+00 +4.2102e+00 +3.2309e+00 -1.3090e+00 -2.4238e+00 -6.5656e-01 -2.5998e+00
50 +2.187897894e+04 +2.187897894e+04 +2.192648894e+04 +2.192648894e+04 -1.9433e+00 -2.3876e-01 -3.2848e+00 -1.2902e+00 +2.1311e+00 -4.6831e-01 -2.1605e+00 -1.0672e+00 -1.2256e+00 -1.6964e+00
99 +1.294344669e+04 +1.294344669e+04 +1.299095669e+04 +1.299095669e+04 -3.4087e+00 +8.2751e-01 -8.5003e-01 -1.3487e+00 -4.6885e-01 +1.3295e+00 +8.5280e-02 -2.1583e+00 -4.0722e+00 -1.9933e+00
130 +2.432822008e+03 +2.432822008e+03 +2.480332008e+03 +2.480332008e+03 +0.0000e+00 +5.3933e-01 +0.0000e+00 -1.5502e+00 -5.7573e-01 +7.6589e-01 -2.6626e+00 -4.3797e-01 +0.0000e+00 -3.9108e-01
310 +1.548421990e+03 +1.548421990e+03 +1.595931990e+03 +1.595931990e+03 -9.3710e-02 -2.7341e-01 +0.0000e+00 +5.2084e-01 +2.6930e+00 +8.5545e-01 -9.0378e-01 +0.0000e+00 +0.0000e+00 -1.8306e+00
376 +5.701391160e+02 +5.701391160e+02 +6.176491160e+02 +6.176491160e+02 -1.3961e-01 +7.4731e-01 -2.5066e-01 -5.6324e-02 +1.3712e+00 -1.3715e+00 -8.0383e-02 -4.5064e-01 +3.2114e-01 +8.8742e-01
1388 +1.204948884e+02 +1.204948884e+02 +1.680048884e+02 +1.680048884e+02 -6.0016e-01 +4.9539e-01 -6.9278e-01 -1.1228e-01 +8.1950e-01 -3.8306e-01 -9.4592e-01 +1.8870e-02 -6.4005e-01 -1.9125e-01
1968 +8.128140091e+01 +8.128140091e+01 +1.287914009e+02 +1.287914009e+02 -4.8908e-01 +2.9619e-01 -6.8125e-01 +6.4694e-02 +8.2487e-01 -1.7378e-01 -8.6748e-01 -1.7500e-01 -5.3786e-01 +1.6531e-01
2394 +5.679953590e+01 +5.679953590e+01 +1.043095359e+02 +1.043095359e+02 -4.8143e-01 +2.6238e-01 -1.0520e-01 -6.0534e-01 +5.2645e-01 -2.0075e-01 -2.3669e-01 -2.8666e-01 -3.5765e-01 +2.2939e-01
2883 +3.862747087e+01 +3.862747087e+01 +8.613747087e+01 +8.613747087e+01 -5.0113e-01 +3.3065e-01 -4.2769e-01 -7.2943e-01 +4.3836e-01 -1.3569e-01 -3.2719e-01 -3.1714e-01 -3.3292e-01 +9.6511e-02
2994 +2.284093787e+01 +2.284093787e+01 +7.035093787e+01 +7.035093787e+01 -5.3512e-01 +3.3815e-01 -4.6499e-01 -1.1398e+00 +5.1518e-01 -2.2914e-01 -4.4976e-01 -2.3661e-01 -3.0728e-01 +2.2808e-04
3128 +1.493716690e+01 +1.493716690e+01 +6.244716690e+01 +6.244716690e+01 -5.3748e-01 +3.8857e-01 -3.9182e-01 -1.2625e+00 +3.6962e-01 -2.7474e-01 -4.9995e-01 -2.9646e-01 -4.0049e-01 +3.9510e-03
3184 +9.563644349e+00 +9.563644349e+00 +5.707364435e+01 +5.707364435e+01 -5.3444e-01 +2.8877e-01 -2.9401e-01 -1.4107e+00 +4.1176e-01 -2.9762e-01 -5.2472e-01 -3.0270e-01 -3.2667e-01 -1.2901e-01
% function evaluation | noise-free fitness - Fopt (5.534000000000e+01) | best noise-free fitness - Fopt | measured fitness | best measured fitness | x1 | x2...
1 +6.961583252e+04 +6.961583252e+04 +6.967117252e+04 +6.967117252e+04 +4.7778e-01 +4.1861e-01 -9.1126e-01 -3.2879e+00 -2.4073e+00 +3.3992e+00 +3.0466e+00 +1.3523e+00 -7.0762e-01 +1.6299e+00
15 +5.410556150e+04 +5.410556150e+04 +5.416090150e+04 +5.416090150e+04 -4.2466e+00 +7.3027e-01 +5.2786e-02 -1.7384e+00 +1.6808e-01 -4.5729e+00 +2.4875e+00 +4.9206e-01 +4.5954e+00 +1.6138e+00
49 +2.259774035e+04 +2.259774035e+04 +2.265308035e+04 +2.265308035e+04 -1.7116e-01 +1.3537e+00 +2.2233e+00 +1.8633e-01 +1.0294e+00 +3.7190e-02 -9.6883e-01 +2.7390e+00 +2.8998e+00 +5.0000e+00
112 +1.113552012e+04 +1.113552012e+04 +1.119086012e+04 +1.119086012e+04 -1.2427e+00 +1.1136e+00 -2.0913e+00 -3.1838e-01 +2.5542e+00 -1.9115e+00 -2.8422e+00 -1.7940e+00 +2.2535e+00 +0.0000e+00
126 +8.674502476e+03 +8.674502476e+03 +8.729842476e+03 +8.729842476e+03 -9.4657e-01 +1.5136e+00 +0.0000e+00 -5.5424e-01 +1.8107e+00 -3.0148e+00 -9.7619e-01 +1.9878e+00 +0.0000e+00 +0.0000e+00
203 +4.599022248e+03 +4.599022248e+03 +4.654362248e+03 +4.654362248e+03 -1.0288e+00 +2.5175e-01 +0.0000e+00 -1.3951e+00 +1.0807e+00 -2.0425e+00 -1.4451e+00 +2.0357e+00 +5.9756e-01 -5.2849e-01
301 +3.745312734e+03 +3.745312734e+03 +3.800652734e+03 +3.800652734e+03 -3.2287e-02 +2.9107e-01 -1.5825e+00 -1.0387e+00 +2.1960e-01 -2.8281e+00 +0.0000e+00 +1.9324e+00 +1.2558e+00 -3.9965e-01
308 +1.928787379e+03 +1.928787379e+03 +1.984127379e+03 +1.984127379e+03 +2.0050e-01 -9.9260e-01 +2.9582e-01 -1.1540e+00 +8.8946e-01 -1.6586e+00 -2.2275e-02 +2.5029e+00 -6.5041e-02 -1.0604e+00
799 +1.397535500e+03 +1.397535500e+03 +1.452875500e+03 +1.452875500e+03 +9.1949e-01 -6.6254e-01 -3.7978e-01 -7.2669e-01 -1.3737e+00 +2.9337e-02 +2.1378e-01 +1.1722e+00 +1.2654e+00 +1.9401e+00
951 +8.602151132e+02 +8.602151132e+02 +9.155551132e+02 +9.155551132e+02 +0.0000e+00 +3.0860e-01 +1.1735e+00 -7.3210e-01 -3.7349e-01 +1.4720e-01 -3.5310e-01 +1.0083e+00 +1.5512e+00 +2.5033e+00
1218 +5.952558825e+02 +5.952558825e+02 +6.505958825e+02 +6.505958825e+02 +5.3072e-01 -5.2109e-01 -3.0194e-02 -1.1841e+00 -5.1548e-03 -1.8284e-01 +2.4536e-02 +1.1208e+00 +5.8776e-01 +1.4179e+00
1809 +2.022495011e+02 +2.022495011e+02 +2.575895011e+02 +2.575895011e+02 -1.5210e-02 +9.5935e-01 +2.2558e-01 -1.2819e-01 +2.9675e-01 -5.3390e-01 +7.6955e-01 +6.2416e-01 +1.0252e+00 +6.1933e-01
2220 +1.534606330e+02 +1.534606330e+02 +2.088006330e+02 +2.088006330e+02 -2.6235e-01 +3.8299e-01 +7.4741e-01 +4.8347e-01 +4.8693e-02 -7.6042e-01 +1.2992e-01 +4.9769e-01 +4.6886e-01 +5.3180e-01
2445 +5.167698791e+01 +5.167698791e+01 +1.070169879e+02 +1.070169879e+02 -1.4338e-02 +8.4342e-01 -6.2695e-01 -2.5600e-01 -1.8324e-01 -1.6784e-01 -3.3797e-01 +0.0000e+00 +1.7557e-01 +1.4896e-01
2771 +3.824226078e+01 +3.824226078e+01 +9.358226078e+01 +9.358226078e+01 +1.3341e-01 +2.7029e-01 -7.2465e-01 -6.3853e-02 -1.0206e-01 -3.2454e-01 -3.3733e-01 +9.2479e-02 +0.0000e+00 -2.9803e-02
3125 +2.493042610e+01 +2.493042610e+01 +8.027042610e+01 +8.027042610e+01 +1.5528e-01 +1.5175e-01 -7.8000e-01 +1.6292e-01 -1.3391e-01 -4.0933e-01 -3.8729e-01 +1.0468e-02 +9.5418e-02 -8.7261e-02
3236 +1.573622602e+01 +1.573622602e+01 +7.107622602e+01 +7.107622602e+01 +1.7989e-01 +3.2229e-01 -6.0644e-01 +1.6263e-01 -2.8541e-01 -3.4011e-01 -3.8918e-01 +0.0000e+00 +2.8811e-01 -3.8352e-03
3398 +9.731913104e+00 +9.731913104e+00 +6.507191310e+01 +6.507191310e+01 +2.6533e-01 +2.2024e-01 -6.8540e-01 +1.7327e-01 -3.9940e-01 -4.6221e-01 -4.2753e-01 +0.0000e+00 +4.2131e-01 +2.0586e-01
3708 +6.271168969e+00 +6.271168969e+00 +6.161116897e+01 +6.161116897e+01 +2.9038e-01 +3.1391e-01 -6.8182e-01 +2.1323e-01 -4.2373e-01 -5.2593e-01 -5.3754e-01 +0.0000e+00 +3.9503e-01 +7.5081e-02
% function evaluation | noise-free fitness - Fopt (-9.033000000000e+01) | best noise-free fitness - Fopt | measured fitness | best measured fitness | x1 | x2...
1 +2.542529872e+05 +2.542529872e+05 +2.541626572e+05 +2.541626572e+05 +1.5114e+00 +2.3090e+00 -4.2302e+00 +1.6017e+00 -4.0405e+00 +2.2728e+00 +2.2700e+00 +3.0836e+00 +1.1310e-01 -3.1355e+00
2 +2.833555980e+04 +2.833555980e+04 +2.824522980e+04 +2.824522980e+04 -1.8685e+00 -1.2332e+00 -1.4488e+00 -2.6052e+00 -1.0082e+00 -1.9943e+00 -2.9257e+00 +4.2917e-01 +7.7591e-01 -1.6455e+00
59 +1.720977070e+04 +1.720977070e+04 +1.711944070e+04 +1.711944070e+04 +8.4451e-02 -3.6236e+00 +1.0082e+00 -2.3030e-01 +3.1680e-02 +8.5017e-01 -1.5666e-01 -3.4485e-01 -1.0255e+00 +8.3910e-01
74 +8.682581799e+03 +8.682581799e+03 +8.592251799e+03 +8.592251799e+03 +1.9077e+00 -8.3273e-01 -1.3464e+00 -3.1093e+00 -1.2495e+00 -1.2762e+00 +1.4655e+00 +8.0536e-01 +1.9324e-01 -1.9483e+00
84 +4.797998596e+03 +4.797998596e+03 +4.707668596e+03 +4.707668596e+03 +6.2181e-01 +3.6602e-02 -3.4329e+00 +0.0000e+00 +5.2005e-01 -1.1470e+00 +1.0869e+00 +0.0000e+00 -5.3583e-01 -1.2591e+00
148 +2.316525332e+03 +2.316525332e+03 +2.226195332e+03 +2.226195332e+03 -2.9129e-01 +2.0194e+00 -2.0912e+00 -9.1290e-01 +9.5469e-02 +5.2239e-01 +0.0000e+00 +0.0000e+00 +3.3426e-01 +3.7273e-01
362 +7.761158828e+02 +7.761158828e+02 +6.857858828e+02 +6.857858828e+02 -5.9321e-02 +2.3991e-01 +1.1661e+00 -2.3217e-01 -7.4264e-02 -8.7249e-01 +5.1149e-01 +3.0220e-01 +2.0625e-01 -1.2860e-01
499 +2.916425610e+02 +2.916425610e+02 +2.013125610e+02 +2.013125610e+02 -3.4367e-01 -1.6204e-01 +3.9380e-01 -8.1312e-01 -4.8915e-01 +6.3308e-02 +8.3767e-01 -6.8348e-01 -5.4438e-01 -4.4554e-01
1278 +2.093417740e+02 +2.093417740e+02 +1.190117740e+02 +1.190117740e+02 -1.5035e-01 +4.4634e-01 -2.6138e-01 -9.6856e-01 -2.8439e-01 -6.9365e-01 +6.9117e-01 -5.6895e-01 -1.1104e+00 -7.2386e-02
1782 +5.970174796e+01 +5.970174796e+01 -3.062825204e+01 -3.062825204e+01 -7.3310e-02 +2.5705e-01 +1.7012e-01 -1.2004e+00 -1.3686e-01 -4.8448e-01 -4.7970e-01 -9.3051e-01 -6.1039e-01 -3.2730e-01
2134 +3.595464494e+01 +3.595464494e+01 -5.437535506e+01 -5.437535506e+01 -2.1749e-01 +3.4366e-01 -5.9881e-02 -9.3127e-01 -1.3395e-01 -3.1933e-01 +9.9517e-03 -7.3993e-01 -4.7590e-01 -2.3892e-01
2338 +2.455626718e+01 +2.455626718e+01 -6.577373282e+01 -6.577373282e+01 -8.6550e-02 +7.7149e-01 -1.3263e-01 -8.1285e-01 -4.9373e-01 -1.5504e-01 -3.3702e-01 -8.4452e-01 -5.2456e-01 -1.4813e-01
2552 +1.401608215e+01 +1.401608215e+01 -7.631391785e+01 -7.631391785e+01 -1.0528e-01 +7.5035e-01 -1.3932e-01 -9.5101e-01 -1.3295e-01 -3.4819e-01 -3.5428e-01 -8.8391e-01 -4.9382e-01 +2.8170e-02
2856 +9.748997402e+00 +9.748997402e+00 -8.058100260e+01 -8.058100260e+01 -1.5323e-01 +6.5376e-01 -1.9874e-02 -9.5818e-01 -1.3728e-01 -3.1192e-01 -3.0860e-01 -7.9795e-01 -5.4332e-01 +5.0023e-02
% function evaluation | noise-free fitness - Fopt (6.561000000000e+01) | best noise-free fitness - Fopt | measured fitness | best measured fitness | x1 | x2...
1 +9.620285754e+04 +9.620285754e+04 +9.626846754e+04 +9.626846754e+04 -2.6199e+00 +2.9108e+00 +1.0795e+00 -1.2793e+00 -4.1883e+00 -2.3589e+00 +3.7708e+00 +6.5584e-01 -3.1533e+00 +1.5603e+00
6 +5.345463989e+04 +5.345463989e+04 +5.352024989e+04 +5.352024989e+04 +5.2558e-01 +2.2268e+00 -2.6797e+00 +7.3970e-01 -3.2083e-02 -5.6846e-01 +3.1594e+00 +3.4827e+00 +1.8565e-01 -3.6842e+00
15 +3.770184060e+04 +3.770184060e+04 +3.776745060e+04 +3.776745060e+04 +4.4214e+00 +1.7464e+00 -1.2012e+00 +5.4749e-01 +3.9039e+00 +4.9754e+00 -1.4923e+00 +3.0009e+00 -3.9913e-01 +6.7194e-01
56 +9.736539099e+03 +9.736539099e+03 +9.802149099e+03 +9.802149099e+03 +6.5820e-01 +1.1573e+00 -1.1736e+00 +2.9465e-01 -2.5677e+00 +1.8797e+00 +1.1619e+00 -1.9993e-01 -4.8820e-01 +2.9087e+00
60 +3.027818399e+03 +3.027818399e+03 +3.093428399e+03 +3.093428399e+03 +1.1636e+00 +7.6000e-03 -8.5335e-02 -2.7657e+00 +1.5458e+00 +3.3925e+00 -1.3355e+00 +2.6413e+00 +8.4715e-01 +3.3974e-01
417 +2.443328658e+03 +2.443328658e+03 +2.508938658e+03 +2.508938658e+03 +1.5471e+00 +5.9423e-01 -8.7482e-02 -1.9805e+00 +1.0871e+00 +4.2703e-01 -1.4965e+00 +0.0000e+00 +1.6399e+00 +3.4146e-01
497 +1.467378181e+03 +1.467378181e+03 +1.532988181e+03 +1.532988181e+03 +7.4176e-02 -7.3201e-01 -6.4785e-02 -2.2426e+00 +1.0278e+00 +2.0934e+00 -1.8177e+00 +8.2520e-01 +6.7375e-01 +3.4823e-01
546 +5.148342851e+02 +5.148342851e+02 +5.804442851e+02 +5.804442851e+02 +5.0751e-01 +0.0000e+00 +4.4780e-01 -5.3053e-01 +1.8171e-01 +1.5539e+00 -1.6760e+00 +2.4091e-02 +0.0000e+00 +8.7902e-01
976 +3.555752549e+02 +3.555752549e+02 +4.211852549e+02 +4.211852549e+02 +3.9139e-01 -1.9692e-02 +1.1675e+00 +8.4653e-01 -3.3322e-01 -9.5295e-01 -1.4337e+00 +5.8723e-01 +7.1857e-01 +5.7747e-01
1467 +2.319944995e+02 +2.319944995e+02 +2.976044995e+02 +2.976044995e+02 +2.1875e-01 -8.8904e-02 +5.8397e-01 +7.0822e-01 -4.2964e-01 -1.1260e+00 -1.0824e+00 +3.5373e-02 +2.2692e-01 +4.0532e-01
1892 +1.322431641e+02 +1.322431641e+02 +1.978531641e+02 +1.978531641e+02 +3.3647e-02 +1.2705e-01 +7.4550e-01 +9.6984e-01 -7.5448e-01 +1.9589e-02 -2.9682e-01 -3.0703e-02 +2.5876e-01 +1.0408e+00
2155 +8.776005118e+01 +8.776005118e+01 +1.533700512e+02 +1.533700512e+02 -5.1125e-01 +1.5778e-01 +1.4456e-01 +3.5664e-01 -2.2697e-01 +2.1981e-01 -2.4710e-01 +2.5448e-01 +1.3758e-01 -3.2409e-01
2600 +4.644702401e+01 +4.644702401e+01 +1.120570240e+02 +1.120570240e+02 +2.1660e-02 +4.2286e-01 +5.6635e-01 +4.5438e-01 -3.9223e-01 +3.8990e-01 -3.2634e-01 +1.0503e-01 -7.2238e-02 +1.3279e-01
2800 +3.298578371e+01 +3.298578371e+01 +9.859578371e+01 +9.859578371e+01 +4.8536e-02 +4.5396e-01 +6.2871e-01 +3.4272e-01 -4.0229e-01 +3.4605e-01 -6.6330e-01 +5.2802e-03 +8.6509e-02 +3.3255e-01
2865 +2.424012825e+01 +2.424012825e+01 +8.985012825e+01 +8.985012825e+01 +5.3762e-02 +5.5986e-02 +7.8852e-01 +4.1518e-01 -5.2008e-01 +1.3772e-01 -4.5656e-01 +4.4046e-04 +3.1587e-01 +3.1922e-01
3054 +1.545297040e+01 +1.545297040e+01 +8.106297040e+01 +8.106297040e+01 +1.0690e-01 +1.6935e-01 +9.9757e-01 +2.4232e-01 -3.2857e-01 +1.0305e-01 -7.7822e-01 +7.8279e-02 +4.0057e-01 +3.2587e-01
3281 +9.973445478e+00 +9.973445478e+00 +7.558344548e+01 +7.558344548e+01 +1.9061e-01 +1.7261e-01 +9.5353e-01 +3.6872e-01 -4.7200e-01 +1.7929e-01 -5.8785e-01 +1.2080e-01 +3.3686e-01 +2.9087e-01
% function evaluation | noise-free fitness - Fopt (-2.900800000000e+02) | best noise-free fitness - Fopt | measured fitness | best measured fitness | x1 | x2...
1 +4.317367561e+05 +4.317367561e+05 +4.314466761e+05 +4.314466761e+05 -2.4597e+00 -2.0145e+00 +4.0790e+00 +3.7369e+00 +4.7352e+00 +3.6506e+00 -2.0977e+00 +4.3692e+00 -4.5160e+00 -4.3608e+00
2 +2.626033168e+05 +2.626033168e+05 +2.623132368e+05 +2.623132368e+05 -1.6361e+00 -3.0425e+00 -1.3616e-02 -3.0453e+00 +1.8892e+00 +4.1390e+00 -4.8017e+00 -3.0982e+00 +4.4162e+00 -1.4114e+00
4 +9.276015701e+04 +9.276015701e+04 +9.247007701e+04 +9.247007701e+04 +1.1829e-01 +7.8907e-01 +3.0048e+00 +2.3560e+00 -8.3683e-01 -3.8506e+00 -2.4280e+00 -3.7266e+00 +3.4919e+00 -4.0494e+00
23 +5.771741940e+04 +5.771741940e+04 +5.742733940e+04 +5.742733940e+04 +5.2025e-01 -1.3055e+00 -3.4097e+00 +1.5507e+00 +3.5660e+00 +4.2900e+00 -2.4582e+00 -1.5201e+00 -1.6703e+00 -1.7892e+00
26 +3.571871291e+04 +3.571871291e+04 +3.542863291e+04 +3.542863291e+04 +3.7649e+00 +6.0600e-02 +2.5679e+00 -1.4232e+00 +4.8875e-01 +9.4121e-01 +3.4004e+00 +1.5544e+00 -4.0000e+00 -3.2787e+00
76 +1.123624126e+04 +1.123624126e+04 +1.094616126e+04 +1.094616126e+04 +4.0822e+00 -1.8772e+00 +1.5467e+00 -1.5306e+00 +1.3211e+00 +9.5735e-01 -8.2582e-01 +1.2847e+00 +2.6793e+00 -1.3188e+00
102 +9.946508826e+03 +9.946508826e+03 +9.656428826e+03 +9.656428826e+03 +3.0436e+00 +0.0000e+00 +4.5711e-01 -3.0734e+00 +1.2774e+00 +4.3282e+00 -1.8200e+00 +0.0000e+00 +5.9314e-01 +0.0000e+00
122 +4.789603091e+03 +4.789603091e+03 +4.499523091e+03 +4.499523091e+03 +0.0000e+00 -7.4089e-01 -1.7888e+00 -2.4483e+00 +2.0823e+00 +3.0375e+00 -6.4747e-01 +0.0000e+00 +8.5793e-01 +1.1415e+00
186 +2.728278443e+03 +2.728278443e+03 +2.438198443e+03 +2.438198443e+03 +2.6123e+00 -9.7129e-01 +7.9637e-04 -2.3338e+00 +2.6366e+00 +3.9349e+00 +4.9800e-01 +9.0089e-02 +2.1325e-01 +4.3050e-01
207 +2.374981382e+03 +2.374981382e+03 +2.084901382e+03 +2.084901382e+03 +1.4024e+00 +1.1028e-01 +0.0000e+00 -5.0472e-01 +2.3242e+00 +1.4853e+00 +1.1943e+00 +5.9756e-01 +2.2907e-01 -1.5745e+00
925 +1.162716343e+03 +1.162716343e+03 +8.726363426e+02 +8.726363426e+02 +9.4595e-01 +1.3408e+00 -5.7134e-01 +1.7969e+00 +7.2360e-01 -4.2159e-01 -9.8788e-02 +2.1634e-01 +5.0352e-01 -7.9491e-01
1134 +9.682547356e+02 +9.682547356e+02 +6.781747356e+02 +6.781747356e+02 +7.7775e-01 -1.8916e+00 +2.7861e-01 +1.1944e+00 +1.5904e+00 +4.7628e-02 -6.4237e-01 +1.3775e-01 +3.6675e-01 -2.0477e-01
1138 +5.209364518e+02 +5.209364518e+02 +2.308564518e+02 +2.308564518e+02 +7.2442e-01 +7.7007e-01 -1.5032e+00 +9.4524e-01 +7.0702e-01 +5.2686e-01 -5.9675e-01 +2.8186e-01 +3.2627e-01 -1.4609e-01
1214 +3.587586091e+02 +3.587586091e+02 +6.867860906e+01 +6.867860906e+01 +8.1325e-01 +7.0017e-01 -2.3791e-01 +8.4580e-01 +9.1530e-01 +9.4760e-02 +2.2897e-01 +1.1234e-02 +3.0419e-01 +9.0266e-01
1890 +2.307328095e+02 +2.307328095e+02 -5.934719053e+01 -5.934719053e+01 +8.4412e-01 +6.2382e-01 +3.4558e-01 +1.2563e+00 -3.1966e-02 +7.2850e-02 +1.7196e-01 -3.4383e-01 -9.5681e-02 +4.1270e-01
2000 +1.533063326e+02 +1.533063326e+02 -1.367736674e+02 -1.367736674e+02 +5.1779e-01 +1.4766e-01 +2.1334e-01 +1.2850e+00 +9.6105e-01 +1.1381e-01 -4.2734e-01 -2.1483e-01 +3.0892e-01 +2.1362e-01
2213 +7.085850306e+01 +7.085850306e+01 -2.192214969e+02 -2.192214969e+02 +7.9216e-01 +5.0440e-01 -3.1786e-01 +5.6790e-01 +5.4826e-01 -2.4987e-01 -5.1448e-01 -3.3884e-01 +1.7268e-01 +3.4207e-01
2477 +1.978621275e+01 +1.978621275e+01 -2.702937872e+02 -2.702937872e+02 +7.7668e-01 +2.7829e-01 -4.3187e-01 +4.5358e-01 +1.4418e-01 -2.3978e-01 -7.3866e-01 -3.3761e-01 +3.5993e-02 +2.0443e-01
2830 +1.383269502e+01 +1.383269502e+01 -2.762473050e+02 -2.762473050e+02 +4.8216e-01 +1.2863e-01 -6.2524e-01 +5.4250e-01 +2.3643e-01 -4.7712e-01 -7.6195e-01 -2.8764e-01 +4.9503e-02 +2.1641e-01
3054 +9.598592959e+00 +9.598592959e+00 -2.804814070e+02 -2.804814070e+02 +4.7145e-01 +2.6461e-01 -4.5697e-01 +4.9671e-01 +8.6029e-02 -3.2654e-01 -6.8069e-01 -3.6086e-01 -4.9600e-02 +1.9286e-01
3257 +6.300606374e+00 +6.300606374e+00 -2.837793936e+02 -2.837793936e+02 +4.5950e-01 +2.5889e-01 -5.0780e-01 +5.1673e-01 +9.7159e-02 -4.4649e-01 -7.2003e-01 -2.6680e-01 +8.3187e-03 +2.3729e-01
% function evaluation | noise-free fitness - Fopt (2.510000000000e+01) | best noise-free fitness - Fopt | measured fitness | best measured fitness | x1 | x2...
1 +2.023815275e+05 +2.023815275e+05 +2.024066275e+05 +2.024066275e+05 +1.9615e+00 +2.4480e+00 -1.4195e+00 +3.0702e+00 -2.3516e+00 -3.5135e+00 +3.8152e+00 +4.2885e+00 -3.6269e+00 +3.2831e-01
2 +6.877524970e+04 +6.877524970e+04 +6.880034970e+04 +6.880034970e+04 -1.3869e+00 +2.7775e+00 +1.9256e+00 -3.8489e+00 +3.3350e+00 +4.3511e-01 +1.8918e+00 +3.8473e+00 +3.0529e+00 +5.8962e-01
18 +2.736704981e+04 +2.736704981e+04 +2.739214981e+04 +2.739214981e+04 +8.8319e-01 +1.3032e+00 +3.2923e+00 +2.4440e-01 +1.2902e+00 +1.5969e-01 -9.7159e-01 +1.6033e+00 +4.7551e+00 -1.6265e-02
69 +1.726749753e+04 +1.726749753e+04 +1.729259753e+04 +1.729259753e+04 -1.7599e+00 -4.8377e-01 +9.8945e-01 -4.1763e+00 +1.6139e+00 +2.4276e+00 -4.5823e-01 +6.3296e-01 +2.8732e-01 -1.6823e+00
75 +1.346013720e+04 +1.346013720e+04 +1.348523720e+04 +1.348523720e+04 +1.3087e+00 -1.2597e-01 +1.9372e+00 +1.1256e+00 +2.3855e+00 +1.2799e+00 -3.9358e-01 +5.3820e-01 +5.6230e-01 +4.4378e+00
113 +8.077989483e+03 +8.077989483e+03 +8.103089483e+03 +8.103089483e+03 -7.3847e-01 -1.1284e-02 -1.3362e+00 +1.3794e+00 +7.6548e-01 +2.0882e+00 -2.0061e+00 +0.0000e+00 +3.0295e+00 -2.3547e-01
155 +2.758355769e+03 +2.758355769e+03 +2.783455769e+03 +2.783455769e+03 -4.2112e-01 -9.4205e-01 +0.0000e+00 +0.0000e+00 +3.0050e-01 +0.0000e+00 -9.1084e-01 +2.3790e-01 +0.0000e+00 +3.2286e+00
236 +6.988429509e+02 +6.988429509e+02 +7.239429509e+02 +7.239429509e+02 +2.6702e-02 -1.9431e-01 +5.9756e-01 +3.2709e-01 +2.1760e+00 +0.0000e+00 -2.3135e-01 +1.5344e-01 +1.1409e+00 +0.0000e+00
929 +4.765996967e+02 +4.765996967e+02 +5.016996967e+02 +5.016996967e+02 +1.9063e-01 +4.0032e-01 +8.6793e-01 -1.6200e-01 +1.0656e+00 +2.3834e-01 +1.7150e-01 -8.5655e-03 +0.0000e+00 -3.9882e-01
932 +2.116610998e+02 +2.116610998e+02 +2.367610998e+02 +2.367610998e+02 +9.8726e-02 -2.1051e-01 +0.0000e+00 +1.8306e-01 +0.0000e+00 -1.0196e-01 +8.9683e-01 +2.8813e-02 +1.1408e+00 +2.6053e-02
1634 +1.531418794e+02 +1.531418794e+02 +1.782418794e+02 +1.782418794e+02 -6.3376e-01 -1.3549e-01 +5.6897e-01 +7.5917e-02 +7.9214e-02 -4.6913e-01 -1.5140e-01 -4.2802e-02 +8.2916e-01 +4.2378e-01
1965 +6.669948820e+01 +6.669948820e+01 +9.179948820e+01 +9.179948820e+01 -8.0347e-02 -4.0929e-02 +1.3204e-01 -2.7997e-01 -3.6135e-01 +2.2925e-01 -1.5552e-01 +7.2515e-01 +1.5276e+00 +1.8120e-01
2096 +5.749209752e+01 +5.749209752e+01 +8.259209752e+01 +8.259209752e+01 -3.9416e-01 -3.8363e-02 +1.9683e-01 -3.6776e-02 +2.7773e-01 +2.2622e-01 -2.5157e-01 +4.4460e-01 +1.4672e+00 +1.4251e-01
2389 +3.635006521e+01 +3.635006521e+01 +6.145006521e+01 +6.145006521e+01 -1.8320e-01 -2.0243e-01 -1.3640e-01 -3.2025e-01 +3.0428e-01 +3.1644e-01 -1.4474e-01 -9.9079e-02 +8.9721e-01 +6.5233e-01
2666 +2.475053224e+01 +2.475053224e+01 +4.985053224e+01 +4.985053224e+01 -7.7882e-03 -3.5831e-01 +1.3943e-01 -4.1021e-01 +4.3109e-01 +3.5590e-01 -6.6580e-03 -3.4891e-02 +7.0451e-01 +5.7229e-01
3036 +1.266847615e+01 +1.266847615e+01 +3.776847615e+01 +3.776847615e+01 -1.7752e-01 -2.9495e-01 +1.6593e-01 -1.0933e-01 +4.0713e-01 +3.8805e-01 -1.5343e-01 -1.3303e-01 +7.1293e-01 +7.2450e-01
3427 +9.439707948e+00 +9.439707948e+00 +3.453970795e+01 +3.453970795e+01 -2.1283e-01 -3.2693e-01 +2.2883e-01 -1.7693e-01 +3.8174e-01 +5.0193e-01 -1.5079e-01 -1.2601e-01 +7.6513e-01 +6.7244e-01
% function evaluation | noise-free fitness - Fopt (-8.756000000000e+01) | best noise-free fitness - Fopt | measured fitness | best measured fitness | x1 | x2...
1 +2.380411842e+05 +2.380411842e+05 +2.379536242e+05 +2.379536242e+05 -4.7555e+00 +4.1088e+00 +4.1916e+00 -3.2743e+00 -3.3732e+00 -3.7975e+00 +1.5235e-01 +1.5242e+00 -3.5345e+00 -1.7959e+00
2 +1.147958004e+05 +1.147958004e+05 +1.147082404e+05 +1.147082404e+05 -2.8843e+00 +8.2158e-01 +3.1469e+00 +3.1150e+00 +4.9718e+00 +2.3154e+00 +2.1581e+00 +3.1635e+00 +2.8152e+00 -1.6283e+00
6 +9.935403289e+04 +9.935403289e+04 +9.926647289e+04 +9.926647289e+04 -1.2449e+00 +3.2355e+00 +4.3446e+00 -3.4662e+00 +5.4835e-01 +8.0433e-01 -2.0172e+00 -3.5087e+00 +2.4021e+00 -4.0775e+00
7 +5.773778657e+04 +5.773778657e+04 +5.765022657e+04 +5.765022657e+04 -2.4351e+00 +1.8818e+00 +3.0633e+00 +4.9304e-01 +2.9059e+00 +1.8763e+00 +3.5380e+00 +1.4958e+00 -2.0624e+00 +2.6700e-01
9 +3.077633136e+04 +3.077633136e+04 +3.068877136e+04 +3.068877136e+04 -2.2100e+00 -2.7786e+00 -3.1310e-01 -1.2180e+00 -4.8481e+00 -9.0510e-01 -4.7046e+00 -7.6305e-01 -4.2590e+00 +1.3518e+00
20 +5.399588183e+03 +5.399588183e+03 +5.312028183e+03 +5.312028183e+03 -8.4403e-01 -3.6281e-01 -2.8019e-01 -4.3323e-01 -2.2826e+00 -1.0410e+00 +1.0743e+00 +1.2129e+00 -1.7634e+00 +2.1413e+00
134 +3.907046167e+03 +3.907046167e+03 +3.819486167e+03 +3.819486167e+03 -2.8945e-01 +5.0496e-02 +4.8319e-01 -1.7010e+00 -1.3497e+00 -7.1079e-01 +1.2153e+00 +1.2798e+00 +0.0000e+00 +1.3449e+00
237 +2.173085145e+03 +2.173085145e+03 +2.085525145e+03 +2.085525145e+03 +0.0000e+00 +4.4282e-01 -4.5307e-01 +0.0000e+00 +1.3841e+00 +2.2784e+00 -1.4774e-01 +5.9756e-01 -5.9756e-01 -9.0351e-01
268 +1.199306251e+03 +1.199306251e+03 +1.111746251e+03 +1.111746251e+03 +1.0501e+00 -2.4236e-01 +1.0558e+00 -4.1704e-02 +0.0000e+00 -2.7676e-01 -5.6077e-01 +9.9198e-01 -4.9848e-01 +1.0569e-01
408 +4.662838616e+02 +4.662838616e+02 +3.787238616e+02 +3.787238616e+02 -3.2642e-01 -1.0515e-02 +0.0000e+00 +1.1137e-01 -1.2170e+00 -7.4514e-01 -7.4495e-02 +2.6357e-01 -1.6096e+00 -5.1740e-01
809 +3.605388040e+02 +3.605388040e+02 +2.729788040e+02 +2.729788040e+02 -7.6712e-01 +1.3595e+00 +1.2552e-01 +4.7012e-02 -2.2124e-01 -3.3562e-01 +2.0338e-01 +1.5119e-01 -8.0499e-01 -1.1587e+00
1459 +1.401414554e+02 +1.401414554e+02 +5.258145537e+01 +5.258145537e+01 -2.0067e-01 +5.0364e-01 -3.6569e-01 -3.1273e-01 +5.7594e-01 -5.3310e-01 -2.3659e-02 -3.9573e-01 -3.2028e-01 -2.7269e-01
1921 +9.658376649e+01 +9.658376649e+01 +9.023766486e+00 +9.023766486e+00 -6.6602e-01 +2.3671e-01 +7.5110e-02 +1.5673e-01 -7.5985e-01 -3.9091e-01 +1.3597e-01 -4.5194e-01 -1.2609e+00 -1.7152e-01
2201 +4.568157605e+01 +4.568157605e+01 -4.187842395e+01 -4.187842395e+01 -9.5966e-01 +1.9879e-01 +1.3218e-01 -9.2588e-02 -1.7802e-01 -3.6551e-01 +7.6729e-02 -5.4730e-01 -4.5901e-01 -1.3056e-01
2320 +3.606983621e+01 +3.606983621e+01 -5.149016379e+01 -5.149016379e+01 -1.0540e+00 +4.7036e-01 +1.6829e-01 -1.5044e-01 +1.3401e-01 +1.9400e-01 +3.6804e-01 -8.6489e-01 -5.3780e-01 -4.6864e-02
2688 +2.280268419e+01 +2.280268419e+01 -6.475731581e+01 -6.475731581e+01 -1.2178e+00 +1.9833e-01 +1.7518e-01 -1.8205e-01 +1.0116e-01 -2.9823e-02 +3.3286e-01 -8.2324e-01 -8.1377e-01 -1.7829e-02
2856 +1.534550982e+01 +1.534550982e+01 -7.221449018e+01 -7.221449018e+01 -9.1326e-01 +2.9427e-01 +1.5193e-01 -2.0193e-01 -1.2224e-01 -4.0715e-02 +2.9816e-01 -7.5922e-01 -9.1517e-01 -1.1987e-01
3648 +9.915134078e+00 +9.915134078e+00 -7.764486592e+01 -7.764486592e+01 -9.4056e-01 +3.6219e-01 +5.2779e-02 -1.9923e-01 -1.0890e-01 -1.2394e-01 +4.6788e-01 -7.6511e-01 -8.5642e-01 +1.1887e-02
% function evaluation | noise-free fitness - Fopt (6.007000000000e+01) | best noise-free fitness - Fopt | measured fitness | best measured fitness | x1 | x2...
1 +8.265739727e+04 +8.265739727e+04 +8.271746727e+04 +8.271746727e+04 +1.9585e+00 +3.5175e+00 -2.7458e+00 +1.7868e+00 -2.0117e+00 +2.6620e+00 -2.7458e+00 -2.9269e+00 +3.8453e-01 +3.6983e+00
10 +2.137888377e+04 +2.137888377e+04 +2.143895377e+04 +2.143895377e+04 +2.0683e+00 -2.0411e+00 +1.4618e+00 +9.8709e-01 +2.3380e+00 +1.5626e+00 -3.1647e+00 -3.5592e-01 -9.0581e-01 +3.0117e-01
63 +1.031872113e+04 +1.031872113e+04 +1.037879113e+04 +1.037879113e+04 -3.1618e-01 -6.6899e-01 -2.9245e+00 +2.5487e+00 +2.0543e-01 +3.4608e-01 -1.7897e+00 -4.8909e-01 -1.5552e+00 -7.6268e-01
90 +2.733111641e+03 +2.733111641e+03 +2.793181641e+03 +2.793181641e+03 -4.6215e-01 -2.8814e-01 +9.8013e-01 +1.0598e+00 +1.0888e-01 +5.6740e-01 +3.5225e-01 -9.2093e-01 -1.7881e+00 +2.8929e-01
112 +2.035557525e+03 +2.035557525e+03 +2.095627525e+03 +2.095627525e+03 +0.0000e+00 -3.7670e-01 +2.0592e-01 +1.1929e+00 +7.6478e-01 -8.2799e-01 -1.3223e+00 -1.1707e+00 -9.8074e-01 -7.0999e-01
147 +5.084756190e+02 +5.084756190e+02 +5.685456190e+02 +5.685456190e+02 +1.4966e+00 -6.8687e-01 +0.0000e+00 +0.0000e+00 +1.0326e+00 -1.0835e+00 +2.9046e-01 +6.2419e-01 -5.2645e-01 +0.0000e+00
1309 +2.597291650e+02 +2.597291650e+02 +3.197991650e+02 +3.197991650e+02 +1.4495e+00 -8.2438e-01 -4.6276e-01 +5.0442e-01 +7.3950e-01 -9.4217e-01 -1.6718e-01 +5.1155e-01 -2.1602e-01 -1.3645e-02
1353 +1.995414224e+02 +1.995414224e+02 +2.596114224e+02 +2.596114224e+02 +8.2073e-01 -6.0352e-01 +5.3038e-01 +2.2058e-01 +5.0606e-01 +3.5618e-01 +1.4231e-01 +5.2638e-01 +0.0000e+00 -1.1512e-01
1509 +1.514254399e+02 +1.514254399e+02 +2.114954399e+02 +2.114954399e+02 +1.0592e+00 -7.7463e-01 -1.9460e-01 +8.7478e-02 +6.0144e-01 -9.7721e-01 -4.7615e-01 +5.8756e-01 +8.7507e-02 -2.2131e-01
1863 +9.778139419e+01 +9.778139419e+01 +1.578513942e+02 +1.578513942e+02 +6.6500e-01 -7.5974e-01 -3.0430e-01 +3.4719e-01 +2.9977e-01 -2.2464e-01 -4.5439e-01 +6.4603e-01 +5.4151e-03 +1.1328e-01
2061 +5.173070689e+01 +5.173070689e+01 +1.118007069e+02 +1.118007069e+02 +7.9565e-01 -7.4161e-01 -3.3352e-01 +3.4863e-01 -4.3378e-02 +2.3656e-02 -1.3680e-01 +3.7325e-01 +1.7161e-02 +2.3851e-01
2429 +3.701622740e+01 +3.701622740e+01 +9.708622740e+01 +9.708622740e+01 +5.9982e-01 -6.6463e-01 -4.0467e-01 +1.0645e-01 -4.6957e-01 -1.8913e-01 -3.0079e-02 -8.4659e-02 -2.4473e-01 +2.9158e-01
2506 +2.415097734e+01 +2.415097734e+01 +8.422097734e+01 +8.422097734e+01 +5.2216e-01 -1.1703e+00 -6.7667e-01 +1.4609e-01 -1.2428e-01 -3.4947e-01 -7.8579e-02 -2.2168e-01 +7.4931e-02 +1.7144e-01
2942 +1.547732770e+01 +1.547732770e+01 +7.554732770e+01 +7.554732770e+01 +4.8698e-01 -1.2559e+00 -7.3685e-01 +1.7934e-01 -6.4583e-02 -4.4674e-01 -1.0402e-02 +1.2554e-01 +1.1008e-01 +1.5738e-01
3922 +9.987873827e+00 +9.987873827e+00 +7.005787383e+01 +7.005787383e+01 +6.0405e-01 -1.2966e+00 -7.9511e-01 +1.7880e-01 +2.0173e-02 -2.9964e-01 -5.6114e-02 +1.3909e-01 +1.1325e-01 +1.9344e-01
% function evaluation | noise-free fitness - Fopt (-1.366300000000e+02) | best noise-free fitness - Fopt | measured fitness | best measured fitness | x1 | x2...
1 +2.083889348e+05 +2.083889348e+05 +2.082523048e+05 +2.082523048e+05 +1.6741e+00 -4.9115e+00 +2.0694e-01 -4.4769e+00 +3.9937e+00 +1.0462e+00 +1.6461e-01 -3.0481e+00 +2.6657e+00 -4.3155e+00
4 +1.372408077e+04 +1.372408077e+04 +1.358745077e+04 +1.358745077e+04 -1.1254e+00 -1.1307e+00 -4.0498e+00 +3.7473e+00 -2.1707e+00 +1.4715e+00 -1.9601e+00 -5.9321e-01 -1.3567e-01 -3.1516e-01
77 +9.493417085e+03 +9.493417085e+03 +9.356787085e+03 +9.356787085e+03 -9.6463e-02 +1.1207e+00 -3.6631e+00 -1.1094e+00 -2.0804e+00 +1.5566e+00 -5.8747e-01 -6.2370e-01 -1.7800e-01 -9.8009e-01
134 +4.323803355e+03 +4.323803355e+03 +4.187173355e+03 +4.187173355e+03 +1.0160e+00 -1.0768e+00 -1.6612e+00 +0.0000e+00 -1.2924e-01 +7.6807e-01 -1.6554e+00 +1.6453e-01 +1.9158e+00 +3.6646e-01
157 +2.330563389e+03 +2.330563389e+03 +2.193933389e+03 +2.193933389e+03 -7.1608e-01 +9.3356e-01 -2.0601e+00 +0.0000e+00 +0.0000e+00 +3.2351e-01 +0.0000e+00 -1.3435e-01 -1.3331e-01 -9.2686e-01
171 +1.525258632e+03 +1.525258632e+03 +1.388628632e+03 +1.388628632e+03 -1.8286e+00 +0.0000e+00 +0.0000e+00 -5.8226e-01 -4.2700e-01 +1.0771e-01 +1.1593e+00 -1.6936e+00 +0.0000e+00 +0.0000e+00
286 +3.848550642e+02 +3.848550642e+02 +2.482250642e+02 +2.482250642e+02 +0.0000e+00 +7.6982e-01 +1.0045e+00 -5.3488e-01 -7.9161e-01 +2.3671e-01 -4.6020e-01 +0.0000e+00 -1.0133e+00 +0.0000e+00
1550 +1.799053330e+02 +1.799053330e+02 +4.327533304e+01 +4.327533304e+01 +1.1068e-01 +2.1967e-01 +7.3348e-01 -5.7823e-01 -5.1711e-01 +6.5492e-01 +1.9740e-02 -2.6259e-02 -4.6713e-01 +4.6528e-02
1750 +1.581085406e+02 +1.581085406e+02 +2.147854063e+01 +2.147854063e+01 +1.4447e-01 -3.2958e-02 +6.6267e-01 -5.9519e-01 -3.6529e-01 +6.7699e-01 +9.0791e-02 +8.2633e-02 -4.6759e-01 +1.0730e-01
2053 +9.824010267e+01 +9.824010267e+01 -3.838989733e+01 -3.838989733e+01 +3.4806e-01 -3.2288e-02 +6.7864e-01 +5.9607e-03 -8.8561e-02 +2.7091e-01 +1.2525e+00 +6.1596e-02 -1.2844e-01 +4.3320e-01
2569 +6.146679326e+01 +6.146679326e+01 -7.516320674e+01 -7.516320674e+01 +2.1362e-01 +5.0717e-02 +6.4524e-01 +8.3825e-02 -1.3752e-01 -5.4885e-02 +1.5237e+00 +3.6471e-01 +5.4744e-02 +4.4293e-01
2773 +3.764618323e+01 +3.764618323e+01 -9.898381677e+01 -9.898381677e+01 +2.3835e-01 +1.8740e-01 +6.3986e-01 +3.2061e-01 -5.5897e-01 -1.3075e-01 +1.4130e+00 +4.2311e-01 -7.3761e-02 +4.8956e-01
2925 +2.129790772e+01 +2.129790772e+01 -1.153320923e+02 -1.153320923e+02 +4.5328e-01 +1.4431e-01 +6.3107e-01 +4.8211e-01 -6.8661e-01 +9.2847e-02 +1.3035e+00 +3.3840e-01 -2.5410e-01 +5.2271e-01
3211 +1.178828927e+01 +1.178828927e+01 -1.248417107e+02 -1.248417107e+02 +3.7901e-01 -6.7549e-02 +6.2033e-01 +4.3134e-01 -7.5763e-01 +3.2593e-01 +1.3143e+00 +3.4802e-01 -3.5664e-01 +5.8874e-01
3347 +9.507350950e+00 +9.507350950e+00 -1.271226490e+02 -1.271226490e+02 +3.0601e-01 -7.4203e-02 +6.0899e-01 +3.5432e-01 -6.7487e-01 +3.6436e-01 +1.2580e+00 +3.2560e-01 -3.4266e-01 +6.0528e-01
4325 +6.302152012e+00 +6.302152012e+00 -1.303278480e+02 -1.303278480e+02 +2.8786e-01 -1.0652e-01 +6.8004e-01 +3.3149e-01 -6.4565e-01 +3.7400e-01 +1.2450e+00 +3.8258e-01 -3.0586e-01 +6.7330e-01
% function evaluation | noise-free fitness - Fopt (1.639300000000e+02) | best noise-free fitness - Fopt | measured fitness | best measured fitness | x1 | x2...
1 +2.751827180e+05 +2.751827180e+05 +2.753466480e+05 +2.753466480e+05 -4.1825e+00 +1.0266e+00 -3.3848e+00 +6.9044e-01 -1.5574e+00 +4.5466e+00 +4.1498e+00 +1.9941e+00 +1.7189e+00 +3.3009e+00
2 +1.061590698e+05 +1.061590698e+05 +1.063229998e+05 +1.063229998e+05 -1.2480e+00 +1.7920e+00 +4.8548e+00 -3.6209e+00 -3.8285e+00 +1.6036e+00 +2.6468e+00 +1.1399e+00 +5.8934e-01 -3.1296e+00
3 +9.957882078e+04 +9.957882078e+04 +9.974275078e+04 +9.974275078e+04 -1.0068e+00 -3.6913e+00 +2.2754e+00 -3.8552e+00 -4.1297e+00 +2.8260e-01 +2.9011e+00 +2.6045e-01 -4.8334e-02 +3.1413e+00
7 +2.766468409e+04 +2.766468409e+04 +2.782861409e+04 +2.782861409e+04 -2.2659e+00 +2.9855e+00 -2.3709e+00 -2.3572e+00 +2.2763e+00 +1.9977e+00 -2.8820e+00 -1.8930e+00 +5.2916e-01 -7.3594e-01
41 +2.448755730e+04 +2.448755730e+04 +2.465148730e+04 +2.465148730e+04 -1.4894e+00 +1.2993e+00 -1.6101e+00 +8.6707e-01 +3.4426e+00 +1.7309e+00 -2.6017e-01 +2.5874e+00 +3.0091e-01 -2.4467e-03
119 +1.242331783e+04 +1.242331783e+04 +1.258724783e+04 +1.258724783e+04 -7.1850e-01 +2.2121e+00 +6.0798e-01 -1.2017e+00 +8.7118e-01 +1.2979e+00 -1.5953e-01 -3.8075e+00 -2.6122e+00 -3.2705e+00
124 +7.944029751e+03 +7.944029751e+03 +8.107959751e+03 +8.107959751e+03 +2.0086e-01 +1.2207e+00 -7.0546e-01 -8.9390e-01 +1.6849e+00 +0.0000e+00 +2.2950e+00 +0.0000e+00 +0.0000e+00 -2.1565e+00
145 +6.042635260e+03 +6.042635260e+03 +6.206565260e+03 +6.206565260e+03 -6.7377e-01 +0.0000e+00 +1.5983e+00 +0.0000e+00 -4.6055e-01 +2.9879e+00 +1.2973e+00 -2.7333e+00 -1.8363e-01 +6.3352e-01
211 +3.707042275e+03 +3.707042275e+03 +3.870972275e+03 +3.870972275e+03 -2.0865e+00 +8.4154e-01 -1.0275e-01 -5.9756e-01 +1.5188e+00 +2.6007e+00 +1.2646e-01 -1.9334e+00 -1.4106e+00 -2.1272e+00
291 +1.576902009e+03 +1.576902009e+03 +1.740832009e+03 +1.740832009e+03 -2.9685e+00 +7.4330e-01 +8.2063e-01 -1.6929e+00 +2.1766e-01 +1.8183e+00 +2.6368e-01 -2.0334e+00 -3.1952e-01 +0.0000e+00
953 +8.976188735e+02 +8.976188735e+02 +1.061548874e+03 +1.061548874e+03 -1.5457e+00 +5.9761e-01 +1.7880e-01 -1.0202e+00 +1.8441e-02 +1.8141e+00 +7.1563e-02 -2.0211e+00 -2.7549e-01 -6.3099e-01
1371 +3.961091021e+02 +3.961091021e+02 +5.600391021e+02 +5.600391021e+02 +0.0000e+00 +6.2928e-01 +9.3011e-02 +2.7375e-01 -1.6255e-01 -1.0275e+00 -2.2988e-01 -1.9518e+00 -2.2923e-01 -1.0601e+00
1757 +2.438242372e+02 +2.438242372e+02 +4.077542372e+02 +4.077542372e+02 +0.0000e+00 +5.1712e-01 +4.0610e-01 -6.9305e-01 -4.6415e-01 -6.5363e-01 -1.1196e-01 -5.5526e-01 -2.7059e-01 -1.0627e+00
1835 +1.506353115e+02 +1.506353115e+02 +3.145653115e+02 +3.145653115e+02 -4.7552e-01 -9.4517e-01 +1.9588e-01 -3.4572e-02 +2.3249e-02 +1.4486e-02 -1.7558e-01 -9.1119e-01 -7.0393e-01 -3.2501e-01
1957 +9.500046315e+01 +9.500046315e+01 +2.589304632e+02 +2.589304632e+02 -4.6530e-01 -1.1710e+00 +1.2056e+00 -2.4101e-01 +1.3689e-01 +1.1499e-02 -1.4339e-01 -4.7778e-01 -5.1920e-01 -3.4869e-01
2258 +6.211724149e+01 +6.211724149e+01 +2.260472415e+02 +2.260472415e+02 -5.1730e-01 -1.1855e+00 +8.9814e-01 +5.2196e-03 -1.7943e-01 -9.3457e-02 -1.4700e-01 -3.0614e-01 -4.1096e-01 -3.4508e-01
2275 +3.413742445e+01 +3.413742445e+01 +1.980674245e+02 +1.980674245e+02 -5.9245e-01 -6.7955e-01 +7.7925e-01 +3.9913e-01 +2.7841e-01 -3.6014e-01 -8.9794e-02 -1.0219e-01 -4.6819e-01 -2.8705e-01
2395 +2.287822145e+01 +2.287822145e+01 +1.868082215e+02 +1.868082215e+02 -4.6074e-01 -8.0844e-01 +7.8816e-01 +3.3116e-01 +2.1601e-01 -2.2527e-01 -4.3845e-02 -4.9576e-02 -4.1976e-01 -2.8936e-01
2875 +1.581312263e+01 +1.581312263e+01 +1.797431226e+02 +1.797431226e+02 -5.9607e-01 -7.8644e-01 +7.6309e-01 +2.7498e-01 +1.0638e-01 -3.2548e-01 +1.9782e-02 +0.0000e+00 -5.4627e-01 -1.1725e-01
3279 +9.639862399e+00 +9.639862399e+00 +1.735698624e+02 +1.735698624e+02 -4.5125e-01 -9.2716e-01 +7.8018e-01 +2.8436e-01 +1.2565e-02 -3.1222e-01 +8.6732e-02 -8.2653e-02 -5.1587e-01 +1.7372e-03
% function evaluation | noise-free fitness - Fopt (-5.002000000000e+01) | best noise-free fitness - Fopt | measured fitness | best measured fitness | x1 | x2...
1 +4.216115135e+05 +4.216115135e+05 +4.215614935e+05 +4.215614935e+05 -1.0128e+00 -4.3066e+00 -4.2512e+00 +2.6301e+00 -4.3386e+00 +2.9287e+00 -4.7650e+00 -3.5931e+00 +4.3630e+00 +1.7386e+00
2 +5.274571644e+04 +5.274571644e+04 +5.269569644e+04 +5.269569644e+04 -2.8540e-01 +4.3120e+00 -3.0896e-01 -2.0422e+00 -1.7785e+00 +2.1546e+00 -4.4799e-01 +2.1815e+00 -2.6925e+00 +1.9312e+00
9 +3.450497699e+04 +3.450497699e+04 +3.445495699e+04 +3.445495699e+04 +1.1626e+00 -6.0378e-01 +4.1187e+00 +5.0743e-01 +4.5434e+00 +4.0512e+00 -1.3640e+00 -3.1397e+00 +1.7381e+00 +7.3576e-01
22 +1.366482015e+04 +1.366482015e+04 +1.361480015e+04 +1.361480015e+04 +8.8052e-02 -4.5890e-01 -5.7172e-01 +1.2972e+00 +8.6855e-01 +1.7263e+00 -1.3299e+00 -4.1509e+00 +6.3235e-01 +4.8701e+00
82 +6.056215809e+03 +6.056215809e+03 +6.006195809e+03 +6.006195809e+03 -2.2986e+00 +1.0594e-01 +2.8120e+00 +1.4433e+00 +3.5590e-02 +1.5065e+00 -9.0696e-01 -5.0000e+00 -1.2466e+00 +0.0000e+00
147 +1.263615085e+03 +1.263615085e+03 +1.213595085e+03 +1.213595085e+03 -2.9277e-01 +1.8571e+00 +8.1171e-01 +0.0000e+00 -1.0319e+00 +8.4114e-01 -1.1975e+00 -1.3989e+00 -1.4819e+00 +0.0000e+00
211 +8.885477966e+02 +8.885477966e+02 +8.385277966e+02 +8.385277966e+02 +0.0000e+00 -3.9386e-01 +1.2924e+00 +2.7495e-01 +0.0000e+00 +4.4785e-01 -4.0623e-01 -1.6246e+00 -6.4083e-01 -1.0347e+00
399 +4.689960345e+02 +4.689960345e+02 +4.189760345e+02 +4.189760345e+02 +7.2764e-01 +2.0199e-01 +9.7598e-01 +0.0000e+00 +4.3783e-01 +4.3395e-01 -7.2764e-01 -1.4683e+00 -9.1238e-01 -1.3740e+00
1070 +3.240410762e+02 +3.240410762e+02 +2.740210762e+02 +2.740210762e+02 -2.0243e+00 +1.2564e+00 +5.1566e-01 +2.5273e-01 +3.5253e-01 +5.8162e-02 -1.7660e-01 -1.5886e+00 -7.7961e-01 -9.7920e-02
1469 +1.787853757e+02 +1.787853757e+02 +1.287653757e+02 +1.287653757e+02 -1.2098e+00 +1.0279e+00 +2.9244e-01 -2.9990e-01 +3.7174e-01 +4.3389e-02 +1.1090e-01 -1.5647e+00 -9.5077e-01 +6.2559e-01
1821 +1.159250679e+02 +1.159250679e+02 +6.590506786e+01 +6.590506786e+01 -7.5024e-01 +6.0371e-01 +1.5876e-01 -2.7896e-01 +2.9066e-01 +1.8985e-02 +1.5084e-01 -1.2932e+00 -8.6027e-01 +9.7651e-01
1892 +9.541594189e+01 +9.541594189e+01 +4.539594189e+01 +4.539594189e+01 -4.8865e-01 +8.2245e-01 +1.6505e-02 -2.3541e-01 +3.8837e-02 +2.0424e-02 -1.8464e-02 -6.6396e-01 -3.7574e-01 +1.1746e+00
2428 +4.512969787e+01 +4.512969787e+01 -4.890302127e+00 -4.890302127e+00 -9.2528e-02 +1.0898e+00 -3.2277e-01 -2.2284e-01 +5.0680e-02 +8.8689e-02 -1.2081e-01 -2.4621e-01 -7.1322e-01 -8.4235e-01
2506 +3.801161747e+01 +3.801161747e+01 -1.200838253e+01 -1.200838253e+01 +7.4722e-02 +1.0592e+00 -4.2188e-01 -1.6673e-01 +1.7710e-01 +2.1416e-01 -5.9892e-02 -8.1263e-02 -5.0652e-01 -9.8140e-01
2670 +2.142799409e+01 +2.142799409e+01 -2.859200591e+01 -2.859200591e+01 +1.4303e-01 +9.4565e-01 -1.9612e-01 -2.8401e-01 -2.3003e-01 +2.2339e-01 -4.1016e-01 -9.4077e-02 -5.3702e-01 -1.0256e+00
3066 +1.543634688e+01 +1.543634688e+01 -3.458365312e+01 -3.458365312e+01 +1.6844e-01 +9.2370e-01 -3.1561e-01 -4.1137e-01 -9.4621e-02 +2.4382e-01 -2.8531e-01 -5.9163e-02 -5.5203e-01 -1.0551e+00
3574 +9.987450121e+00 +9.987450121e+00 -4.003254988e+01 -4.003254988e+01 +3.6551e-02 +9.5710e-01 -4.5808e-01 -5.0137e-01 -1.5749e-01 +2.0495e-01 -2.5267e-01 +0.0000e+00 -5.8442e-01 -1.0739e+00
% function evaluation | noise-free fitness - Fopt (5.888600000000e+02) | best noise-free fitness - Fopt | measured fitness | best measured fitness | x1 | x2...
1 +1.677724038e+05 +1.677724038e+05 +1.683612638e+05 +1.683612638e+05 -1.0258e+00 +2.8980e+00 +2.4382e+00 +3.4609e+00 -3.6997e+00 +4.3877e+00 -1.7649e+00 +4.3904e+00 +2.4033e+00 -4.2688e+00
3 +8.515627167e+04 +8.515627167e+04 +8.574513167e+04 +8.574513167e+04 +1.8064e+00 -3.0261e+00 +2.6535e+00 -1.7322e+00 +1.7880e+00 -4.4647e-01 +4.5275e-01 +4.1793e+00 -2.9766e+00 -4.5120e+00
14 +4.018447276e+04 +4.018447276e+04 +4.077333276e+04 +4.077333276e+04 +2.1584e-02 +3.3115e+00 +2.5125e+00 -3.2623e+00 -1.2867e+00 +2.7156e+00 +1.3825e+00 +1.8510e+00 -1.6573e+00 -3.4063e+00
20 +3.632491479e+04 +3.632491479e+04 +3.691377479e+04 +3.691377479e+04 -2.0051e+00 +3.9729e+00 -1.0282e+00 +9.2069e-01 +9.8646e-01 +1.8498e+00 -4.9526e+00 +3.6004e-01 +1.4180e+00 +7.3094e-01
25 +1.463883372e+04 +1.463883372e+04 +1.522769372e+04 +1.522769372e+04 -3.1541e-01 +1.4508e+00 -6.4886e-01 -2.1168e+00 -2.4571e+00 +1.9890e+00 +1.1776e+00 +1.2303e+00 +1.4198e+00 -7.3815e-01
94 +1.615463454e+03 +1.615463454e+03 +2.204323454e+03 +2.204323454e+03 -1.7113e+00 +1.9017e-01 +2.7719e-01 +0.0000e+00 -1.4103e+00 +2.1010e-01 -1.4927e+00 -1.1964e+00 +8.6478e-01 -2.0131e+00
215 +1.440691077e+03 +1.440691077e+03 +2.029551077e+03 +2.029551077e+03 -1.2658e+00 -1.8492e+00 +8.9349e-02 -1.0426e+00 -3.1597e-01 +2.8604e-01 +1.2654e+00 -7.3507e-01 -1.1882e+00 -2.4068e-01
967 +1.891673356e+02 +1.891673356e+02 +7.780273356e+02 +7.780273356e+02 -5.1119e-01 -7.4095e-02 +1.1016e+00 -4.7223e-01 -3.6213e-01 -3.4683e-01 +2.2717e-01 +0.0000e+00 -5.5880e-01 -7.0064e-01
1444 +1.486816236e+02 +1.486816236e+02 +7.375416236e+02 +7.375416236e+02 -1.1766e-02 +1.3071e-01 +1.0120e+00 -6.7336e-01 -3.6195e-01 -4.6139e-01 -2.0968e-01 -2.3051e-01 -5.4490e-01 -2.3466e-01
2067 +6.059400219e+01 +6.059400219e+01 +6.494540022e+02 +6.494540022e+02 +3.0556e-01 -4.3935e-01 +7.6079e-01 -1.4782e-02 -1.1325e-01 +4.3297e-01 -2.2785e-01 +2.5014e-02 +2.0944e-01 -5.4259e-01
2423 +3.914277398e+01 +3.914277398e+01 +6.280027740e+02 +6.280027740e+02 +4.0917e-01 -5.3052e-01 +5.9152e-01 -7.1849e-04 -4.2197e-02 +3.2285e-01 -1.1417e-01 -1.2090e-01 +6.2504e-01 -4.4506e-01
2663 +2.419326259e+01 +2.419326259e+01 +6.130532626e+02 +6.130532626e+02 +4.3222e-01 -2.6806e-01 +4.3069e-01 +9.5481e-03 -2.7814e-01 +3.6326e-01 -2.1269e-02 -2.2549e-01 +5.8724e-01 -3.3995e-01
2930 +1.175467680e+01 +1.175467680e+01 +6.006146768e+02 +6.006146768e+02 +4.4947e-01 -3.5276e-01 +3.9747e-01 +7.5492e-02 -4.2350e-01 +3.9972e-01 -7.3596e-02 -3.8903e-02 +8.6210e-01 -1.4406e-01
3088 +9.827274686e+00 +9.827274686e+00 +5.986872747e+02 +5.986872747e+02 +3.5450e-01 -4.6306e-01 +4.2661e-01 -1.2297e-02 -4.5381e-01 +4.5226e-01 -1.9250e-01 -2.7086e-01 +8.2016e-01 -1.3594e-01
3941 +6.303979144e+00 +6.303979144e+00 +5.951639791e+02 +5.951639791e+02 +3.7440e-01 -3.5230e-01 +4.4876e-01 +3.7533e-02 -3.5295e-01 +4.8716e-01 -1.4138e-01 -2.0335e-01 +8.5149e-01 -1.5301e-01
% function evaluation | noise-free fitness - Fopt (-3.294000000000e+01) | best noise-free fitness - Fopt | measured fitness | best measured fitness | x1 | x2...
1 +1.559595270e+05 +1.559595270e+05 +1.559265870e+05 +1.559265870e+05 -5.4146e-01 -3.8267e-01 -4.1274e+00 -2.3515e+00 -3.2504e+00 +2.6910e+00 +3.0517e+00 +4.8474e+00 +4.7947e+00 -4.6341e-01
6 +4.486519535e+04 +4.486519535e+04 +4.483225535e+04 +4.483225535e+04 -1.1591e+00 -3.8559e+00 -3.7302e+00 -3.3872e+00 +1.0107e+00 -1.9370e-02 -1.1514e-01 +1.9567e+00 -3.2692e+00 +1.8012e+00
9 +2.880742974e+04 +2.880742974e+04 +2.877448974e+04 +2.877448974e+04 -7.6511e-01 +4.7386e+00 +1.8567e+00 +2.2185e+00 -1.5786e+00 +3.7369e+00 -4.1177e-01 -1.0966e+00 +1.3731e+00 -3.7098e+00
50 +1.943111609e+04 +1.943111609e+04 +1.939817609e+04 +1.939817609e+04 -3.5825e+00 -1.9660e+00 -2.9648e-01 +1.1920e+00 +9.6702e-01 +3.9388e+00 -3.0811e-01 +1.5200e+00 -1.5710e-01 -9.0886e-03
84 +1.120448351e+04 +1.120448351e+04 +1.117154351e+04 +1.117154351e+04 -5.0000e+00 +0.0000e+00 -3.5290e-01 -5.7645e-01 +0.0000e+00 -7.4810e-01 +9.2686e-01 -6.5044e-01 -3.4513e+00 +0.0000e+00
94 +7.937448271e+03 +7.937448271e+03 +7.904508271e+03 +7.904508271e+03 +0.0000e+00 -1.6671e+00 +0.0000e+00 -2.6393e+00 -1.1000e+00 +2.7708e+00 -2.8964e-01 +2.3377e-01 -9.3269e-01 +1.3015e-01
113 +3.104083460e+03 +3.104083460e+03 +3.071143460e+03 +3.071143460e+03 -3.7235e-01 +0.0000e+00 -1.3886e+00 +1.7193e+00 -3.2425e-01 -4.4780e-01 +1.0318e+00 -8.0770e-01 -2.5941e+00 +0.0000e+00
224 +1.666890885e+03 +1.666890885e+03 +1.633950885e+03 +1.633950885e+03 -8.0427e-01 -1.8088e+00 +0.0000e+00 +1.4559e+00 -1.9424e+00 +2.1438e-01 +2.8478e-01 +0.0000e+00 +2.6069e-01 +2.8232e-01
283 +8.360044868e+02 +8.360044868e+02 +8.030644868e+02 +8.030644868e+02 -1.5060e+00 +0.0000e+00 +0.0000e+00 +7.8023e-01 -1.7973e+00 -1.1841e+00 +4.0035e-02 +1.5055e-01 -1.1730e-01 +4.2695e-01
818 +5.030302177e+02 +5.030302177e+02 +4.700902177e+02 +4.700902177e+02 +1.3164e-01 +6.4833e-01 -1.8903e-01 -9.3545e-01 +4.4503e-01 -3.2771e-01 +5.6079e-02 -1.0282e-01 +1.4720e+00 +7.8778e-01
1284 +3.761455873e+02 +3.761455873e+02 +3.432055873e+02 +3.432055873e+02 -1.1374e+00 -1.3952e+00 +6.0416e-01 -1.5743e-01 +9.6795e-02 +1.2585e-03 -3.3169e-01 +1.0034e+00 +3.7893e-01 +1.1094e+00
1977 +2.391335923e+02 +2.391335923e+02 +2.061935923e+02 +2.061935923e+02 -8.7775e-01 -1.3497e+00 +8.6194e-01 -5.4547e-01 -6.1832e-01 -1.0954e+00 +1.0246e-01 +5.6291e-01 +1.6292e-01 +1.2590e+00
2419 +1.404375844e+02 +1.404375844e+02 +1.074975844e+02 +1.074975844e+02 -6.6347e-01 -6.3905e-01 +1.9085e-01 -2.8226e-01 -7.2860e-01 +2.8210e-01 +2.2729e-01 +8.5541e-01 -3.5965e-01 +9.2427e-01
3008 +9.956739214e+01 +9.956739214e+01 +6.662739214e+01 +6.662739214e+01 -5.7140e-01 -1.4276e-01 +2.1579e-01 -1.7559e-02 -1.0832e+00 +2.2593e-01 +4.0434e-01 +6.8432e-01 -5.8003e-01 +9.8884e-01
3509 +6.238525078e+01 +6.238525078e+01 +2.944525078e+01 +2.944525078e+01 -5.5143e-01 +0.0000e+00 +9.4686e-02 +4.8932e-01 -8.5386e-01 +2.6761e-01 +1.2592e-01 +0.0000e+00 -2.1002e-01 +5.4759e-01
% function evaluation | noise-free fitness - Fopt (-1.116200000000e+02) | best noise-free fitness - Fopt | measured fitness | best measured fitness | x1 | x2...
1 +6.992779904e+04 +6.992779904e+04 +6.981617904e+04 +6.981617904e+04 +1.8568e+00 -1.1050e+00 -4.8401e+00 -2.5251e+00 +1.1757e+00 +1.0713e+00 +2.1575e+00 +2.7847e+00 +3.5802e+00 -7.4154e-01
20 +4.810277657e+04 +4.810277657e+04 +4.799115657e+04 +4.799115657e+04 +1.2559e-01 -4.5258e-01 +3.9534e+00 +4.6434e+00 +1.0600e+00 +1.6625e+00 -2.0316e+00 +4.6625e-01 -1.5072e+00 -3.2622e+00
41 +3.664560140e+04 +3.664560140e+04 +3.653398140e+04 +3.653398140e+04 -3.1432e+00 +1.4196e-01 +1.5991e-01 -3.8308e-01 +2.8671e+00 +4.5408e+00 -3.0543e-01 +2.5661e+00 -1.4198e+00 -3.9200e+00
72 +1.760251413e+04 +1.760251413e+04 +1.749089413e+04 +1.749089413e+04 -2.5965e-01 +2.2411e+00 +3.3268e+00 +8.6695e-01 -7.7930e-01 +2.8177e+00 +1.8034e+00 +5.2492e-01 +2.0177e+00 -2.5344e+00
121 +4.971329912e+03 +4.971329912e+03 +4.859709912e+03 +4.859709912e+03 +8.2175e-01 -1.4544e-01 +0.0000e+00 -1.5667e+00 +8.5252e-01 +3.1834e+00 +2.5486e+00 -6.0271e-02 +9.7827e-01 +0.0000e+00
157 +2.436249300e+03 +2.436249300e+03 +2.324629300e+03 +2.324629300e+03 -4.2236e-01 -1.8076e+00 +9.8012e-02 +3.8295e-01 +1.4127e+00 +0.0000e+00 -9.1461e-01 -4.1389e-01 +7.5623e-01 -5.4620e-01
554 +9.956418296e+02 +9.956418296e+02 +8.840218296e+02 +8.840218296e+02 +3.1684e-01 -8.5438e-01 -1.0892e+00 +3.8201e-01 +4.4721e-01 -6.2724e-01 +3.6013e-02 -7.8322e-01 +7.0812e-01 +3.0118e-01
1257 +5.872174476e+02 +5.872174476e+02 +4.755974476e+02 +4.755974476e+02 -1.1829e+00 +1.9482e-01 -1.7107e+00 -4.4899e-01 +6.7936e-01 +8.4557e-01 +5.9466e-01 +1.0070e-01 -7.1280e-02 -6.6279e-01
1554 +3.373428832e+02 +3.373428832e+02 +2.257228832e+02 +2.257228832e+02 +3.3997e-01 -1.0994e+00 -2.9399e-01 +7.7305e-01 +3.3924e-01 +1.2493e+00 +7.6800e-02 +8.0996e-01 +5.1520e-02 -2.6212e-01
1746 +2.476443887e+02 +2.476443887e+02 +1.360243887e+02 +1.360243887e+02 -1.3088e-01 -8.3809e-01 -4.1399e-01 +1.7268e-01 -2.5877e-02 +1.0366e+00 -2.5197e-03 +9.6557e-01 -7.5958e-02 -3.2988e-01
1866 +1.427226206e+02 +1.427226206e+02 +3.110262063e+01 +3.110262063e+01 +2.5897e-01 -4.3001e-01 -4.1684e-01 -1.8588e-01 -2.7968e-01 +9.9298e-01 +2.6163e-03 +2.2494e-01 -4.3971e-01 -2.8690e-01
2119 +9.583961323e+01 +9.583961323e+01 -1.578038677e+01 -1.578038677e+01 +3.4286e-01 -6.3996e-01 -6.0536e-01 -6.1450e-01 -3.8432e-01 +8.6624e-01 -5.3857e-02 +3.0478e-01 -1.9177e-01 +1.7066e-01
2363 +5.961940535e+01 +5.961940535e+01 -5.200059465e+01 -5.200059465e+01 +2.3417e-01 -6.1543e-01 -4.2994e-01 -4.9250e-01 -3.4102e-01 +8.2496e-01 +1.1624e-01 +3.3472e-01 -2.1213e-01 +1.5656e-01
2578 +3.407149244e+01 +3.407149244e+01 -7.754850756e+01 -7.754850756e+01 +1.3914e-01 -9.9802e-01 -3.1468e-01 -1.6811e-01 -3.4898e-01 +5.8226e-01 -9.7139e-03 +3.2398e-01 -1.2599e-02 +4.8025e-01
2752 +2.244698883e+01 +2.244698883e+01 -8.917301117e+01 -8.917301117e+01 +1.8932e-01 -6.9568e-01 -3.8604e-01 -3.0211e-01 -8.0772e-01 +6.7317e-01 -5.7212e-02 +4.8140e-01 +3.2000e-01 +5.1134e-01
2998 +1.445694335e+01 +1.445694335e+01 -9.716305665e+01 -9.716305665e+01 +2.2141e-01 -7.4899e-01 +8.1257e-02 -3.9593e-01 -3.6688e-01 +3.9928e-01 +2.0416e-02 +5.5235e-01 +2.7542e-01 +5.3579e-01
3287 +9.921262468e+00 +9.921262468e+00 -1.016987375e+02 -1.016987375e+02 +2.5725e-01 -8.4383e-01 -6.7090e-02 -2.7955e-01 -4.4606e-01 +4.6251e-01 -1.6878e-02 +5.4572e-01 +1.3980e-01 +5.1825e-01
