% function evaluation | noise-free fitness - Fopt (1.000000000000e+03) | best noise-free fitness - Fopt | measured fitness | best measured fitness | x1 | x2...
1 +1.217987118e+03 +1.217987118e+03 +2.217987118e+03 +2.217987118e+03 +1.7519e+00 +1.2255e+00 -7.9132e-01 +3.9247e+00 +4.4865e+00 -1.5278e+00 +3.4810e+00 -4.7753e+00 +2.6712e+00 +3.6226e+00 +3.4688e+00 -7.8079e-01 -3.0051e+00 -4.9772e+00 -3.2499e+00 +4.1945e+00 +4.3170e+00 +3.5247e+00 -1.5044e+00 +1.9478e-01
25 +6.761099909e+02 +6.761099909e+02 +1.676109991e+03 +1.676109991e+03 -8.8550e-01 +4.6537e+00 +4.3925e+00 +3.8917e+00 +3.6296e+00 +1.9339e+00 -1.3243e+00 -1.3087e-01 +2.8447e+00 -1.6429e+00 +1.4617e+00 +1.0683e+00 +2.1252e+00 -1.1447e+00 +4.5208e+00 -2.9129e+00 +3.4668e+00 -5.5490e-01 -2.6912e+00 -4.3874e+00
41 +5.780824630e+02 +5.780824630e+02 +1.578082463e+03 +1.578082463e+03 -3.2481e+00 +5.0000e+00 +4.2087e+00 +1.2084e+00 +4.1092e+00 +2.5809e+00 -3.8984e-01 +2.2473e-01 +1.6220e+00 -1.3774e+00 -1.5312e+00 +1.5170e+00 +1.5524e+00 -5.0000e+00 +1.7501e+00 +1.6307e+00 +2.8108e+00 -1.4753e+00 -1.1248e+00 -3.7339e+00
202 +3.779133118e+02 +3.779133118e+02 +1.377913312e+03 +1.377913312e+03 +1.5315e+00 +5.0000e+00 +5.0000e+00 +4.6739e+00 +4.9444e+00 -1.7129e+00 -1.2365e+00 +3.2664e-01 -5.0000e+00 -2.2264e+00 -4.6683e+00 -1.1491e+00 +3.4649e+00 -4.5026e+00 +5.0000e+00 +7.6339e-01 +4.9123e+00 -1.7891e+00 +1.2613e+00 -3.0339e+00
1373 +2.477492325e+02 +2.477492325e+02 +1.247749232e+03 +1.247749232e+03 -2.9019e+00 +4.0285e+00 +4.9170e+00 +5.0000e+00 +4.7257e+00 -2.2316e+00 -1.9438e+00 +1.3515e+00 -1.2460e+00 -3.6102e-01 -2.6292e+00 -1.8937e+00 -7.3816e-01 -3.9381e+00 +5.0000e+00 +4.0294e+00 +4.8331e+00 -8.7719e-01 -4.3271e-01 -4.1193e+00
2841 +1.542870427e+02 +1.542870427e+02 +1.154287043e+03 +1.154287043e+03 -2.8798e+00 +4.1380e+00 +4.7435e+00 +4.6001e+00 +2.6836e+00 -2.4818e+00 -7.2302e-01 -1.8053e+00 -2.0806e+00 -1.7570e+00 +0.0000e+00 -2.5228e+00 +2.7040e-01 -3.5731e+00 +2.6132e+00 +3.8766e+00 +3.4513e+00 -4.5675e-02 -1.2311e+00 -1.9607e+00
3982 +9.981364256e+01 +9.981364256e+01 +1.099813643e+03 +1.099813643e+03 -2.8677e+00 +4.0380e+00 +4.7520e+00 +4.6072e+00 +2.6941e+00 -2.3720e+00 -9.0337e-01 -1.7501e+00 -2.1054e+00 -1.7554e+00 +0.0000e+00 -2.4028e+00 +2.7255e-01 -3.7721e+00 +2.7295e+00 +3.7113e+00 +3.3728e+00 -4.1864e-02 -1.1916e+00 -1.7611e+00
% function evaluation | noise-free fitness - Fopt (7.003000000000e+01) | best noise-free fitness - Fopt | measured fitness | best measured fitness | x1 | x2...
1 +2.359333169e+03 +2.359333169e+03 +2.429363169e+03 +2.429363169e+03 +2.2008e+00 +4.0852e+00 +2.3303e+00 +3.6302e+00 +4.0995e+00 -2.8458e+00 -3.7115e+00 -1.6751e+00 +3.4675e+00 +4.8350e+00 +4.4710e+00 +1.3789e+00 -9.4528e-02 -1.3078e-01 -1.9820e+00 +4.4740e-01 -2.8121e+00 -3.8654e+00 +5.6290e-01 +3.4337e+00
3 +1.467705985e+03 +1.467705985e+03 +1.537735985e+03 +1.537735985e+03 -4.7036e+00 +1.7473e+00 +3.9974e+00 +1.7979e+00 -3.4539e+00 -2.9143e+00 -4.3738e+00 +1.5497e+00 +6.8439e-01 +4.5585e+00 +3.4602e+00 -3.6993e+00 -2.6175e+00 +1.6137e+00 +5.5270e-01 -4.3557e+00 +1.3201e+00 +2.4210e+00 -3.0364e+00 -2.6226e+00
18 +6.855109598e+02 +6.855109598e+02 +7.555409598e+02 +7.555409598e+02 -3.1375e+00 +2.5153e+00 -4.0416e+00 +1.8431e+00 +3.0652e+00 -4.3916e+00 +1.7051e+00 -7.8734e-01 -2.3821e+00 +9.9350e-01 +1.4140e+00 +2.5005e+00 +2.5155e+00 -4.3698e+00 -2.2701e+00 -4.0315e-01 +1.7033e+00 -1.5998e+00 -3.2865e+00 -2.1872e-01
126 +6.086268996e+02 +6.086268996e+02 +6.786568996e+02 +6.786568996e+02 -4.7497e+00 +9.8397e-01 -3.8426e+00 +2.5415e+00 +2.9479e+00 -3.8937e+00 +2.2579e+00 -2.6467e-01 -5.3135e-01 +1.7390e+00 +0.0000e+00 +1.5396e+00 +2.2068e+00 -4.1955e+00 -8.0658e-01 +4.1153e-01 +0.0000e+00 -6.9055e-01 -5.9054e-01 -9.7208e-01
300 +3.145813605e+02 +3.145813605e+02 +3.846113605e+02 +3.846113605e+02 +4.3271e-01 -2.7182e-01 -9.1025e-01 +2.1384e-01 -6.6177e-01 -3.5851e+00 -1.1777e-02 +0.0000e+00 -3.2410e+00 -2.0394e+00 -2.6465e+00 +1.6764e-01 +1.9048e+00 +0.0000e+00 -1.7846e+00 -3.1980e+00 +1.0069e+00 +3.5988e+00 -3.5972e+00 -6.5688e-01
1219 +2.505206048e+02 +2.505206048e+02 +3.205506048e+02 +3.205506048e+02 -1.5111e+00 -1.6125e+00 -2.3859e+00 -8.7545e-01 -1.3252e+00 -5.0000e+00 -9.8915e-01 +1.5010e+00 -2.4182e+00 +1.2905e+00 -5.5110e-01 -7.8902e-01 +1.6944e+00 -1.4176e+00 -1.6987e+00 -2.0950e+00 +6.9454e-01 +2.6424e+00 -4.7017e+00 -2.9968e-02
3299 +1.489748391e+02 +1.489748391e+02 +2.190048391e+02 +2.190048391e+02 +0.0000e+00 -1.0708e+00 -1.7685e+00 -2.1844e+00 -1.0450e+00 -4.8889e+00 -5.4794e-01 +1.2268e+00 -1.9484e+00 +4.9036e-01 -2.1837e+00 -1.4245e+00 +4.2510e+00 -1.2976e+00 -2.7063e+00 -1.5364e+00 +3.9553e-01 +3.1119e+00 -3.4520e+00 +2.5957e-01
% function evaluation | noise-free fitness - Fopt (-4.822000000000e+01) | best noise-free fitness - Fopt | measured fitness | best measured fitness | x1 | x2...
1 +3.044564272e+03 +3.044564272e+03 +2.996344272e+03 +2.996344272e+03 +8.7897e-01 -2.5664e+00 +2.2370e+00 +1.0463e+00 +3.5376e+00 +2.6910e+00 -1.6813e+00 -3.3854e+00 -2.7143e+00 -2.6107e+00 -4.0023e+00 +4.5451e+00 +4.3407e+00 -5.5220e-01 -2.5733e+00 +3.0143e+00 +3.6280e-01 -4.3742e+00 +2.4083e+00 +3.5104e+00
4 +1.063311888e+03 +1.063311888e+03 +1.015091888e+03 +1.015091888e+03 -2.5323e+00 -2.1285e+00 +2.4968e+00 -2.6664e+00 -2.4830e+00 +2.2556e-01 +1.4880e+00 -1.7360e+00 -3.5310e+00 +4.7587e+00 -4.9020e+00 +1.0556e+00 +1.8311e+00 +4.5789e+00 +1.8637e+00 +1.0779e+00 +1.1407e+00 -6.7732e-01 -9.1019e-01 +2.4397e+00
7 +9.423117576e+02 +9.423117576e+02 +8.940917576e+02 +8.940917576e+02 +6.7818e-01 -3.4512e+00 +7.2487e-01 +4.8742e+00 -3.0177e+00 +7.9747e-01 -7.9951e-01 -1.3485e+00 -4.3974e+00 +3.6336e+00 -4.5200e+00 -2.9792e+00 +2.2680e+00 -2.9653e+00 +1.8441e+00 -6.4388e-01 +6.8137e-01 +8.8384e-02 -1.1552e-01 -3.9547e+00
46 +5.886370757e+02 +5.886370757e+02 +5.404170757e+02 +5.404170757e+02 -5.0000e+00 -5.0000e+00 -2.6141e+00 -3.2642e-01 -3.2436e-01 +3.8235e+00 -5.0000e+00 -1.1417e+00 -8.4571e-01 +5.0000e+00 -2.1471e+00 -1.6031e+00 +4.7865e-01 +1.3804e+00 +2.2343e-01 -2.9434e+00 -7.6695e-01 -4.9757e+00 +5.3642e-01 +1.5038e+00
91 +3.760990424e+02 +3.760990424e+02 +3.278790424e+02 +3.278790424e+02 -1.5658e-01 -3.5995e+00 -1.1876e+00 +1.9380e+00 -5.4657e-01 +4.2217e+00 -4.1641e+00 +1.7555e+00 +1.3685e+00 +4.3895e+00 +1.1463e+00 -2.4457e+00 +1.0419e-01 +5.0000e+00 -1.3224e+00 -4.5118e-01 -7.9935e-01 +7.6057e-01 +1.3511e+00 +3.0854e+00
1867 +2.475621365e+02 +2.475621365e+02 +1.993421365e+02 +1.993421365e+02 -3.4081e+00 -1.3211e+00 -1.2756e+00 +8.0594e-01 +6.5590e-01 +4.3434e+00 -3.2910e+00 +1.2042e+00 -2.6495e+00 +4.9051e+00 +1.8008e+00 -3.9189e+00 -2.6481e-01 +5.0000e+00 -2.8709e+00 -2.2014e+00 -1.2560e+00 -1.8071e+00 -2.7193e-02 +1.5970e+00
4671 +1.551683643e+02 +1.551683643e+02 +1.069483643e+02 +1.069483643e+02 -3.2932e+00 -1.2500e+00 -1.7690e+00 -7.1975e-02 -1.4384e+00 +4.6471e+00 -3.4546e+00 +1.3310e-01 -2.3038e+00 +5.0000e+00 +3.3987e-01 -3.4894e+00 -1.6572e+00 +5.0000e+00 -3.3675e+00 -2.4565e+00 -1.3997e+00 -1.1141e+00 +3.3410e-01 +9.9918e-01
% function evaluation | noise-free fitness - Fopt (2.547000000000e+01) | best noise-free fitness - Fopt | measured fitness | best measured fitness | x1 | x2...
1 +1.355436048e+03 +1.355436048e+03 +1.380906048e+03 +1.380906048e+03 -4.8266e+00 +3.8681e+00 -5.6837e-01 +7.9886e-01 +1.4317e+00 -4.4367e+00 -3.6182e+00 -9.4245e-01 -2.2376e+00 +2.6018e+00 +1.4098e+00 -1.7659e+00 -6.3068e-01 -2.2279e+00 +4.6982e+00 +1.0276e+00 +2.3868e+00 +4.3745e+00 -2.5780e+00 -4.9932e+00
41 +8.405615344e+02 +8.405615344e+02 +8.660315344e+02 +8.660315344e+02 -5.0000e+00 -1.1319e+00 +3.0942e+00 -3.4535e+00 -3.5683e+00 -2.1371e+00 -5.0000e+00 +4.0576e+00 +2.7624e+00 +1.3238e+00 +3.3338e+00 +3.3830e-01 +1.0608e+00 -5.0000e+00 +5.0000e+00 +1.9705e+00 +1.1483e+00 +4.0889e+00 -3.9474e+00 +6.7983e-03
127 +6.089639979e+02 +6.089639979e+02 +6.344339979e+02 +6.344339979e+02 -3.9608e+00 -2.7579e+00 -6.2386e-01 -4.1335e+00 +0.0000e+00 +1.1807e+00 +1.7342e+00 +4.7731e+00 +0.0000e+00 +2.1162e+00 -1.4277e+00 +2.4879e+00 +0.0000e+00 -3.5953e+00 +3.5520e+00 +0.0000e+00 +3.7810e+00 +2.3696e+00 +0.0000e+00 -2.9991e+00
210 +3.956361896e+02 +3.956361896e+02 +4.211061896e+02 +4.211061896e+02 -4.8210e+00 -2.0997e+00 +5.9756e-01 -2.3189e-01 -5.9756e-01 +2.1234e+00 -1.4304e+00 +3.0558e-01 +1.8764e+00 +4.2627e-01 -3.9772e+00 +2.1258e+00 -3.8877e-01 -2.6236e+00 +1.8577e+00 +1.0761e+00 +2.5203e+00 +1.5927e+00 +7.1799e-01 -3.0902e+00
639 +2.508567120e+02 +2.508567120e+02 +2.763267120e+02 +2.763267120e+02 -4.9422e+00 -2.0817e+00 +1.7792e+00 -1.7998e+00 -1.4252e+00 +2.1644e+00 -3.3355e-01 +0.0000e+00 +2.3919e+00 -2.2389e+00 -2.3611e+00 -2.4531e+00 -3.5569e-01 -1.9384e+00 +2.6836e+00 -3.9716e+00 +1.1971e+00 +4.6256e+00 +3.1250e+00 -3.8023e+00
3095 +1.534063840e+02 +1.534063840e+02 +1.788763840e+02 +1.788763840e+02 -4.9242e+00 -2.2150e+00 +5.9212e-01 -2.3319e+00 -1.5001e+00 +1.4113e+00 -4.8052e-01 +0.0000e+00 +2.9622e+00 -4.2421e-01 -1.2502e+00 -2.1112e+00 +1.2033e+00 -5.8909e-01 +2.8188e+00 -3.1073e+00 +1.4730e+00 +4.2140e+00 +1.4204e+00 -3.1333e+00
4486 +9.764107284e+01 +9.764107284e+01 +1.231110728e+02 +1.231110728e+02 -4.9049e+00 -2.2505e+00 +4.5988e-01 -2.4990e+00 -1.2500e+00 +1.3195e+00 -4.5644e-01 +0.0000e+00 +3.0321e+00 -4.5867e-01 -1.2924e+00 -1.8733e+00 +1.1435e+00 -6.5606e-01 +2.9032e+00 -3.0289e+00 +1.5517e+00 +4.1370e+00 +1.5258e+00 -3.1346e+00
% function evaluation | noise-free fitness - Fopt (-1.008100000000e+02) | best noise-free fitness - Fopt | measured fitness | best measured fitness | x1 | x2...
1 +5.071457773e+02 +5.071457773e+02 +4.063357773e+02 +4.063357773e+02 -9.2095e-01 +1.7727e+00 +1.4374e+00 -3.7957e+00 +2.1578e+00 +9.3077e-02 +9.5770e-01 -4.3773e-01 -2.3665e+00 +1.6496e+00 -4.1342e+00 -2.1657e+00 -2.4930e+00 +2.0694e+00 +2.3127e+00 +3.0872e+00 +2.4773e+00 -1.1860e+00 -5.5357e-01 -2.2620e-01
211 +3.248283173e+02 +3.248283173e+02 +2.240183173e+02 +2.240183173e+02 +2.0447e-01 +0.0000e+00 -1.4095e-01 -5.8400e-01 +9.0142e-01 +2.4294e+00 +4.8290e-01 +4.3751e-01 -1.1071e+00 -1.6066e+00 +0.0000e+00 -2.5698e+00 -1.0425e+00 -1.9939e+00 -1.4291e+00 +4.2178e+00 +5.0000e+00 -2.8053e+00 +1.5432e+00 +2.1416e+00
1265 +2.493117265e+02 +2.493117265e+02 +1.485017265e+02 +1.485017265e+02 +4.8341e-01 +1.6348e+00 -8.2617e-01 +1.8282e+00 +4.0406e+00 +9.5939e-01 +6.5245e-01 +1.6246e+00 -1.3748e+00 -4.6866e-01 +1.3652e+00 -2.4445e+00 -6.8695e-01 -2.1256e+00 +8.1225e-01 +4.1878e+00 +2.6081e+00 -1.0321e+00 +2.5253e+00 +3.9128e+00
2792 +1.320863655e+02 +1.320863655e+02 +3.127636553e+01 +3.127636553e+01 +1.2682e+00 +1.3087e+00 +1.8089e-02 -1.1203e+00 +2.8584e+00 +1.3189e+00 +3.7272e-01 +1.4169e+00 -4.2450e+00 +6.2269e-01 +1.4938e+00 -3.6178e+00 -7.2851e-01 -2.7024e+00 +1.7899e-01 +2.8437e+00 +2.4869e+00 -2.3851e+00 +2.3347e+00 +2.5179e+00
% function evaluation | noise-free fitness - Fopt (8.333000000000e+01) | best noise-free fitness - Fopt | measured fitness | best measured fitness | x1 | x2...
1 +1.918544893e+03 +1.918544893e+03 +2.001874893e+03 +2.001874893e+03 -3.2865e+00 +1.1667e+00 -2.0057e+00 -1.7662e+00 -7.7137e-01 +5.2676e-01 -1.8596e-01 -4.2030e-02 +7.8262e-01 -4.4462e+00 -4.5439e+00 -3.9322e-01 -2.2151e+00 +1.8326e+00 +4.3627e+00 +5.4954e-01 +1.1336e+00 +2.9824e+00 +4.0380e+00 +4.8156e+00
10 +1.261082474e+03 +1.261082474e+03 +1.344412474e+03 +1.344412474e+03 +3.4980e+00 -3.0243e+00 +3.2741e+00 +3.2501e+00 -9.7627e-01 +4.1391e+00 +3.4965e+00 +5.8722e-01 +2.6697e+00 +7.2407e-02 -7.2980e-01 -8.1806e-01 +4.5438e+00 -3.9016e+00 -2.2891e-01 -3.1509e+00 -1.6542e+00 -1.6817e+00 +3.4382e+00 -3.1222e+00
50 +8.160619610e+02 +8.160619610e+02 +8.993919610e+02 +8.993919610e+02 -1.5020e+00 +1.9757e+00 +1.7438e-02 +5.0000e+00 -3.0834e-01 +8.2036e-01 +2.7833e+00 +2.4680e+00 +4.2593e+00 +3.0928e+00 +4.2702e+00 -4.5588e-01 +4.3614e+00 -4.1982e+00 +4.7711e+00 +1.7740e-01 +1.3599e+00 +1.4450e+00 +2.0953e+00 +1.8778e+00
84 +5.695371272e+02 +5.695371272e+02 +6.528671272e+02 +6.528671272e+02 +5.6806e-02 +4.1692e-01 +2.0070e+00 +5.0000e+00 -1.4735e-01 -1.9258e-01 +2.1218e-01 -6.2345e-02 +4.6340e+00 +2.9814e+00 +1.6210e+00 -2.4416e-01 +4.0294e+00 -5.0000e+00 +5.0000e+00 +1.3194e-02 -4.3993e-01 +6.3797e-01 +1.6034e+00 +2.1603e+00
214 +3.654444112e+02 +3.654444112e+02 +4.487744112e+02 +4.487744112e+02 +1.6631e+00 -2.3002e+00 +3.7301e+00 +5.0000e+00 +3.1082e+00 +1.3482e+00 +1.8893e+00 +2.0422e-01 -1.8877e+00 +5.0000e+00 -2.1150e+00 +6.7972e-01 -1.1909e+00 -2.6976e+00 +4.4483e+00 -1.2814e-01 +6.5464e-01 +6.4472e-01 +3.5101e+00 +2.6762e+00
1520 +2.479395892e+02 +2.479395892e+02 +3.312695892e+02 +3.312695892e+02 +1.9435e-01 -2.3515e+00 +3.4425e+00 +4.9446e+00 +4.1852e+00 +1.4412e+00 -1.7922e+00 -1.9937e+00 -3.5145e+00 +5.0000e+00 +1.8642e+00 +8.9821e-01 +1.4702e+00 -2.0956e+00 +3.9797e+00 -2.3866e+00 +1.8650e-01 +3.5930e-01 +4.0609e+00 +3.2294e+00
3131 +1.552737510e+02 +1.552737510e+02 +2.386037510e+02 +2.386037510e+02 -1.8257e-01 -2.9501e+00 +4.1625e+00 +5.0000e+00 +2.4182e+00 +0.0000e+00 -4.5691e-01 -3.4312e+00 -1.3680e+00 +5.0000e+00 +9.8469e-01 +3.2006e-01 +2.1051e+00 -3.4311e+00 +3.8347e+00 -1.3188e+00 -2.6384e+00 +2.9513e+00 +4.5647e+00 +2.4933e+00
% function evaluation | noise-free fitness - Fopt (2.085600000000e+02) | best noise-free fitness - Fopt | measured fitness | best measured fitness | x1 | x2...
1 +1.888374665e+03 +1.888374665e+03 +2.096934665e+03 +2.096934665e+03 -5.6912e-01 -3.4540e+00 +2.9963e+00 +3.8095e+00 +4.0350e-01 -3.9138e+00 +1.5319e+00 -2.4773e+00 -4.0090e+00 +9.3510e-01 +4.3815e-01 +4.7878e+00 -3.9485e+00 +3.3504e+00 -2.0693e+00 +2.3687e+00 +1.0610e+00 +1.2932e+00 -1.6483e-01 -3.8462e+00
8 +1.402404206e+03 +1.402404206e+03 +1.610964206e+03 +1.610964206e+03 -1.9410e+00 +9.5087e-01 +2.0584e+00 +2.6126e+00 -2.5435e+00 -4.5915e+00 -3.3367e+00 -4.9770e+00 -3.7527e+00 -1.9165e-01 -4.0134e+00 +1.4905e+00 +3.0456e-01 -1.4329e+00 -3.2069e+00 +6.1684e-01 -2.2569e+00 +1.1685e+00 +4.0892e+00 +7.6883e-01
14 +8.599020377e+02 +8.599020377e+02 +1.068462038e+03 +1.068462038e+03 +2.5923e+00 +2.5874e+00 -1.9767e+00 -2.3875e-01 -3.3808e+00 -4.6951e+00 +2.8836e-01 +3.1620e+00 +1.2262e+00 -1.4070e+00 -1.7762e+00 +4.5458e+00 -3.8549e+00 -2.6450e+00 +2.4106e-01 -2.3844e+00 -4.4806e+00 -2.2091e-01 -1.1354e+00 +8.7362e-01
94 +5.573958765e+02 +5.573958765e+02 +7.659558765e+02 +7.659558765e+02 +2.8517e+00 +0.0000e+00 +2.6061e-01 +2.0591e+00 -7.8047e-01 -3.2857e+00 -1.0187e+00 +4.1823e+00 +2.0013e+00 -3.5054e+00 -1.3629e+00 +0.0000e+00 -3.8747e+00 -1.8267e+00 -1.7969e-02 -3.3698e+00 -1.3565e+00 -2.6457e+00 +3.1640e+00 -4.2596e+00
289 +3.937580356e+02 +3.937580356e+02 +6.023180356e+02 +6.023180356e+02 +5.0000e+00 +6.1368e-01 +1.2989e+00 +9.6633e-01 +1.4958e-01 -2.8982e+00 +2.2709e-01 +1.4604e+00 -3.7084e+00 -1.3389e+00 +1.7529e-01 -1.0672e+00 -2.6694e+00 +0.0000e+00 +2.7969e-01 +9.9250e-01 -1.4909e+00 -2.0219e+00 -3.6206e-01 -6.9819e-01
1114 +2.285380293e+02 +2.285380293e+02 +4.370980293e+02 +4.370980293e+02 +5.0000e+00 +3.0217e+00 +4.6387e-01 -5.2425e-01 -1.2972e+00 -2.3635e+00 -8.5570e-01 +3.3071e+00 -2.8385e+00 -3.6567e+00 -2.1576e-01 -1.0988e+00 -2.7810e+00 -3.0852e+00 +2.6945e+00 -2.4401e+00 -8.5114e-01 -2.9541e+00 +1.8807e+00 -4.2288e-01
3959 +1.574084142e+02 +1.574084142e+02 +3.659684142e+02 +3.659684142e+02 +5.0000e+00 +3.7630e+00 +0.0000e+00 -1.1005e+00 -1.4060e+00 -3.1482e+00 +2.1517e+00 +3.5170e+00 -3.9525e+00 -4.0557e+00 -5.6742e-01 -1.1861e+00 -2.8906e+00 -2.3251e+00 +2.5098e+00 -1.6460e+00 -5.9818e-01 -3.5276e+00 +2.1141e+00 -1.5154e+00
% function evaluation | noise-free fitness - Fopt (-1.345800000000e+02) | best noise-free fitness - Fopt | measured fitness | best measured fitness | x1 | x2...
1 +4.025551880e+03 +4.025551880e+03 +3.890971880e+03 +3.890971880e+03 +4.7286e+00 -3.0496e+00 -2.0242e+00 +4.7650e+00 +3.4228e+00 -1.2719e+00 +1.6479e+00 +2.1868e+00 +3.7548e+00 -2.2255e+00 -3.8134e+00 +3.1547e+00 +3.4753e+00 -2.2754e+00 +2.0478e+00 -1.2376e+00 +3.6582e+00 -1.4615e+00 +1.5129e+00 +3.9226e+00
2 +2.532546489e+03 +2.532546489e+03 +2.397966489e+03 +2.397966489e+03 -5.4110e-01 -3.3398e+00 -1.6493e-01 -3.8094e+00 -1.7255e+00 +5.4774e-01 -4.9113e+00 +3.4054e+00 -2.8959e+00 +2.5952e+00 -3.6036e+00 -3.5288e+00 -2.5102e+00 -3.6695e+00 +1.3400e+00 -6.6478e-01 +3.7599e+00 -6.5686e-01 +3.1737e+00 +7.3714e-01
3 +1.416939405e+03 +1.416939405e+03 +1.282359405e+03 +1.282359405e+03 -1.8909e+00 -2.1502e+00 -9.2997e-01 +3.3988e+00 -6.1692e-01 -3.5019e+00 -4.4736e-01 -2.9003e+00 -2.4715e+00 +3.0393e+00 -1.5757e+00 +3.1835e+00 +1.7584e-01 -4.6755e+00 -3.4308e+00 -1.2887e+00 +1.3442e+00 -1.6831e+00 -2.2546e+00 -2.6170e+00
4 +8.823433457e+02 +8.823433457e+02 +7.477633457e+02 +7.477633457e+02 -3.1313e+00 -2.1599e+00 -1.4850e+00 +2.8904e+00 +7.9877e-01 +3.3493e+00 -1.0687e+00 +7.9160e-01 -1.1216e+00 -7.3339e-01 -4.1939e+00 -3.5139e+00 +2.9475e+00 +9.2657e-01 +1.2567e+00 -8.5369e-01 -2.6401e+00 -2.4410e+00 -4.9023e+00 +1.0254e+00
69 +6.209470616e+02 +6.209470616e+02 +4.863670616e+02 +4.863670616e+02 -3.4232e+00 +2.7731e+00 -9.8379e-01 -2.1619e+00 -3.3978e+00 +1.2557e+00 +1.4805e-02 -1.9432e+00 -5.0000e+00 +1.0540e+00 -1.6929e+00 -2.3169e-01 +1.4931e-01 -1.4136e+00 +5.7353e-01 +8.9314e-01 +5.0000e+00 +2.7230e+00 -1.2608e+00 +2.2065e+00
452 +3.053279729e+02 +3.053279729e+02 +1.707479729e+02 +1.707479729e+02 -3.1793e+00 +6.1456e-01 +0.0000e+00 +0.0000e+00 -2.0135e+00 +2.8412e+00 +0.0000e+00 -9.4785e-01 -2.2423e+00 +4.0765e-01 +6.3793e-01 +1.6124e+00 +1.2729e+00 -3.0352e+00 +1.6169e+00 -1.5287e-01 -1.1315e+00 +9.2907e-01 -3.7140e+00 -5.3613e-01
1293 +2.442153810e+02 +2.442153810e+02 +1.096353810e+02 +1.096353810e+02 -3.0476e+00 +4.9118e-01 +3.5578e+00 -2.8227e+00 -1.0355e+00 +2.6418e+00 +2.1023e+00 -1.4264e+00 -3.0421e+00 +6.4467e-01 +9.5871e-01 +3.6556e+00 +2.5000e+00 -1.5854e+00 +1.2467e+00 -1.0153e+00 -3.0126e+00 +0.0000e+00 +4.1197e-01 -7.1248e-03
2327 +1.549044057e+02 +1.549044057e+02 +2.032440573e+01 +2.032440573e+01 -2.7691e+00 +5.8406e-01 +2.2478e+00 -5.1334e-01 -2.1981e+00 +3.3595e+00 +4.8959e+00 +4.9758e-01 -2.2763e+00 +2.8680e+00 +1.2837e+00 +2.2386e+00 +8.8013e-01 -3.3711e+00 +2.2847e+00 -1.7307e+00 -2.0196e+00 +1.8635e+00 +4.2418e-01 -1.5464e+00
3517 +9.270479114e+01 +9.270479114e+01 -4.187520886e+01 -4.187520886e+01 -2.7664e+00 +6.2844e-01 +2.1792e+00 -5.7346e-01 -2.1927e+00 +3.5319e+00 +4.9098e+00 +5.3970e-01 -2.2472e+00 +2.8591e+00 +1.3227e+00 +1.9070e+00 +8.4703e-01 -3.4697e+00 +2.0648e+00 -1.5867e+00 -2.1039e+00 +1.7006e+00 +1.5774e-01 -1.6201e+00
% function evaluation | noise-free fitness - Fopt (1.205900000000e+02) | best noise-free fitness - Fopt | measured fitness | best measured fitness | x1 | x2...
1 +9.442123854e+02 +9.442123854e+02 +1.064802385e+03 +1.064802385e+03 -4.9228e+00 +2.1939e+00 +2.4105e+00 -3.0178e+00 -2.8646e+00 -2.1836e+00 +4.4749e+00 +2.9239e+00 -2.4124e+00 +2.5054e+00 +5.7341e-01 -2.8124e-02 -8.4385e-01 +2.2812e+00 +7.3491e-01 +2.9348e+00 -1.8692e-01 -2.2308e+00 +1.9651e+00 -2.2855e+00
38 +6.137023956e+02 +6.137023956e+02 +7.342923956e+02 +7.342923956e+02 +2.1377e+00 +3.9352e+00 +1.3989e+00 +5.5221e-01 -2.6274e+00 -7.2988e-01 +3.3335e+00 -2.7477e+00 +1.3971e+00 +2.2666e+00 +2.7293e+00 -3.0072e+00 -4.5613e-01 -4.6239e+00 -3.4005e+00 -2.6500e+00 +2.3451e+00 -4.4869e+00 +3.6388e+00 -2.8814e+00
134 +3.537004372e+02 +3.537004372e+02 +4.742904372e+02 +4.742904372e+02 -2.8267e+00 +3.0978e+00 -1.9774e+00 +0.0000e+00 +1.7227e-01 -1.6697e+00 +1.7476e+00 -2.7653e-01 -5.0119e-01 +1.0439e+00 +4.1377e+00 -3.6967e+00 +5.6845e-01 +5.5967e-01 -2.6665e+00 -3.5004e+00 -2.6214e-01 -4.3198e+00 +1.8584e+00 -2.3082e+00
1157 +2.457644186e+02 +2.457644186e+02 +3.663544186e+02 +3.663544186e+02 -1.9112e+00 -2.9326e-01 +2.7746e-01 +5.0000e+00 +3.6856e+00 -4.2226e+00 +4.9780e-03 -1.6093e+00 -1.6281e+00 +3.9071e+00 +3.8343e+00 -2.7254e+00 -2.7993e+00 -1.0770e+00 -1.4764e+00 -1.2797e+00 -4.4674e-01 -2.6764e+00 +1.3356e+00 -2.9497e+00
4331 +1.552383912e+02 +1.552383912e+02 +2.758283912e+02 +2.758283912e+02 -1.7117e+00 +8.9099e-01 -8.5252e-01 +3.6660e+00 +3.0552e+00 -2.8933e+00 +9.3151e-02 -1.6530e+00 -1.7290e+00 +4.1618e+00 +3.9261e+00 -3.5831e+00 -2.8373e+00 -4.7733e-01 -1.8412e+00 -1.3139e+00 -1.1326e-01 -2.9535e+00 +7.1073e-01 -1.9209e+00
% function evaluation | noise-free fitness - Fopt (1.000000000000e+03) | best noise-free fitness - Fopt | measured fitness | best measured fitness | x1 | x2...
1 +3.795928953e+03 +3.795928953e+03 +4.795928953e+03 +4.795928953e+03 +2.6422e+00 +2.7326e+00 -4.8268e+00 +2.8509e-01 -8.9815e-01 +2.9602e+00 -4.9780e+00 -3.7144e+00 -1.1562e+00 +3.7059e+00 -1.8593e+00 -2.1669e+00 +1.5768e+00 +3.2556e+00 +2.2875e+00 -2.6947e+00 -2.8428e+00 +2.5859e+00 +4.7641e+00 -2.7108e+00
3 +1.345845018e+03 +1.345845018e+03 +2.345845018e+03 +2.345845018e+03 -2.5179e+00 -1.6653e+00 -4.9199e+00 -4.2142e+00 +9.9812e-02 -3.2781e+00 +3.8817e+00 +4.1120e+00 -3.6909e+00 -4.4133e+00 +4.3166e+00 -4.3189e+00 +1.8559e+00 +5.1538e-01 -2.5478e+00 -5.8850e-02 -1.3736e+00 +1.8141e+00 -7.6783e-01 -3.4447e+00
42 +9.848998832e+02 +9.848998832e+02 +1.984899883e+03 +1.984899883e+03 +4.7075e+00 -4.0139e+00 +1.1675e+00 +5.0000e+00 -5.0000e+00 +5.0000e+00 +3.7756e+00 +3.3436e+00 +4.7876e+00 -4.6584e+00 -3.8244e+00 +3.4054e+00 -9.7946e-01 +2.7093e+00 -1.2359e+00 +5.2333e-01 +2.3151e+00 -1.1749e+00 +3.0143e-01 -9.1702e-01
124 +5.904460704e+02 +5.904460704e+02 +1.590446070e+03 +1.590446070e+03 -2.8293e-01 -2.1927e+00 -3.0470e+00 +4.0187e+00 -3.1065e+00 +8.0737e-01 +3.1668e+00 +6.4064e-01 +0.0000e+00 -3.4284e+00 +0.0000e+00 +4.7579e+00 +0.0000e+00 +2.4657e+00 -5.0000e+00 -3.0909e+00 -1.3129e+00 -9.9174e-01 +3.6344e-01 +2.9448e+00
182 +3.733704680e+02 +3.733704680e+02 +1.373370468e+03 +1.373370468e+03 -5.0000e+00 -2.9861e+00 -9.9259e-01 +1.0608e+00 -4.2899e+00 +1.1426e+00 +2.2761e+00 +5.2122e-01 +1.5461e+00 -3.1795e+00 +1.3175e+00 -8.3219e-02 +4.8450e+00 +5.0000e+00 -4.3655e-01 +1.4116e+00 +5.6709e-01 -1.2339e-02 -2.6588e-03 +2.4678e+00
1069 +2.348097411e+02 +2.348097411e+02 +1.234809741e+03 +1.234809741e+03 -3.5787e+00 -2.4513e+00 -2.4906e+00 +2.8406e+00 -9.2586e-01 +2.9871e+00 +2.1990e+00 +4.5296e+00 +1.2823e+00 -1.3470e+00 -1.4824e+00 -5.8840e-01 +4.9419e+00 +4.7581e+00 -1.2810e+00 +1.6946e+00 -7.4710e-03 -3.6691e+00 +3.4291e-01 +2.0029e+00
4177 +1.509187499e+02 +1.509187499e+02 +1.150918750e+03 +1.150918750e+03 -3.1623e+00 -2.5949e+00 -1.1459e+00 +3.4695e+00 -1.0539e+00 +2.9757e+00 +3.0991e+00 +3.6855e+00 +1.4288e+00 -2.4359e+00 -9.1174e-01 +1.3367e+00 +4.9285e+00 +4.9800e+00 -2.5000e+00 +2.2280e+00 +1.7161e+00 -8.4532e-02 -1.5623e-01 +9.3186e-01
% function evaluation | noise-free fitness - Fopt (-9.166000000000e+01) | best noise-free fitness - Fopt | measured fitness | best measured fitness | x1 | x2...
1 +2.419302069e+03 +2.419302069e+03 +2.327642069e+03 +2.327642069e+03 -4.5272e-01 +6.5564e-01 -2.8450e+00 -1.6031e+00 -9.1860e-01 -3.4727e+00 -7.0140e-01 +1.7784e+00 -8.9171e-01 -3.3020e+00 +3.8343e+00 -1.3706e+00 +2.1653e+00 +2.8208e+00 -9.0206e-01 +4.4058e+00 -1.6282e+00 +3.7469e+00 -4.3408e+00 +9.2117e-01
2 +9.492938991e+02 +9.492938991e+02 +8.576338991e+02 +8.576338991e+02 +3.7695e+00 -2.0043e+00 -2.7769e+00 +3.8640e+00 +3.5067e+00 -1.7122e+00 +5.2769e-01 +2.4045e-01 -1.4708e+00 +1.4836e-01 +3.3004e-01 +1.7881e-01 +3.2877e+00 +8.8869e-01 -2.6911e+00 +1.6964e+00 -4.9232e+00 -3.6727e+00 +9.9465e-01 +1.8968e+00
62 +6.297855225e+02 +6.297855225e+02 +5.381255225e+02 +5.381255225e+02 +8.8404e-01 -3.5682e+00 +1.6007e+00 -3.7971e+00 +9.1582e-01 +2.8823e+00 -1.3088e-01 +3.9452e-01 +2.1802e+00 +3.6372e+00 +3.3453e-01 +1.5325e+00 -5.3201e-01 +3.4631e+00 +2.5450e+00 +1.8416e+00 -2.8771e+00 -3.3801e+00 +2.6356e+00 -1.7743e+00
297 +3.937359259e+02 +3.937359259e+02 +3.020759259e+02 +3.020759259e+02 -4.8646e+00 -5.0000e+00 +1.0977e+00 -1.6250e+00 +7.3141e-02 -6.8181e-01 +7.9978e-01 -9.1962e-01 +5.0000e+00 +4.1986e+00 -2.3550e+00 +5.2323e-01 +1.4576e+00 -2.7655e+00 +5.0000e+00 +2.6983e+00 -2.3881e+00 -4.2457e+00 +3.8767e+00 +0.0000e+00
1242 +2.352816512e+02 +2.352816512e+02 +1.436216512e+02 +1.436216512e+02 +6.9691e-01 -4.0521e+00 +4.6651e+00 -1.8424e-02 +1.7614e+00 -1.7918e-01 +3.3178e+00 -2.2137e+00 +3.3224e+00 +4.0600e+00 -4.5462e+00 +2.1870e+00 -2.5843e+00 -3.4408e+00 +1.8184e+00 +2.4694e+00 -6.5081e-01 -4.6982e+00 -1.3944e+00 +7.5446e-01
3516 +1.547415462e+02 +1.547415462e+02 +6.308154621e+01 +6.308154621e+01 -3.9052e-01 -4.5864e+00 +4.9719e+00 +2.2360e+00 -1.0072e+00 -1.5176e+00 +2.9137e+00 -3.2636e+00 +3.3463e+00 +3.9317e+00 -4.2831e+00 +1.2510e+00 -1.5835e+00 -2.0626e+00 +1.5377e+00 +1.7163e+00 +1.0874e+00 -3.9173e+00 +0.0000e+00 +0.0000e+00
% function evaluation | noise-free fitness - Fopt (5.961500000000e+02) | best noise-free fitness - Fopt | measured fitness | best measured fitness | x1 | x2...
1 +3.495784567e+03 +3.495784567e+03 +4.091934567e+03 +4.091934567e+03 +3.0277e+00 -4.0777e+00 +4.6121e+00 -3.2783e+00 -4.1951e+00 +1.7381e+00 +1.7514e-01 -3.6299e-01 -2.9315e+00 -3.4515e+00 +1.9128e+00 -1.2151e+00 -3.4310e+00 +4.4592e+00 +1.2127e-01 +2.8120e+00 -4.4800e+00 -2.3504e+00 -1.5181e+00 -1.5908e+00
3 +1.823740832e+03 +1.823740832e+03 +2.419890832e+03 +2.419890832e+03 -4.7097e+00 +1.1052e+00 -4.3034e+00 +1.1291e+00 +3.0451e+00 -1.0732e-02 +2.9295e-01 -4.4688e+00 -2.2835e+00 +2.7216e+00 -1.0475e+00 -3.8546e+00 +3.9462e+00 +1.8812e+00 -1.5892e+00 +4.1771e+00 -1.8686e+00 +4.4928e+00 -2.0512e+00 +6.1458e-01
16 +1.522940247e+03 +1.522940247e+03 +2.119090247e+03 +2.119090247e+03 -1.8577e+00 -1.9163e+00 +4.0558e+00 +3.8323e+00 +1.2740e+00 -1.3308e+00 -2.9984e+00 -4.9010e-01 -2.9212e-01 +2.2922e+00 -1.9937e+00 +6.7255e-01 +3.4581e+00 +1.4550e+00 +8.6384e-01 -2.0961e+00 -2.5443e+00 -1.9118e+00 -2.1856e+00 +1.5179e+00
34 +9.440433384e+02 +9.440433384e+02 +1.540193338e+03 +1.540193338e+03 -2.7378e+00 -1.6299e+00 -2.0526e+00 +1.1788e+00 +2.2431e+00 +1.9192e+00 -2.2092e+00 -2.6596e+00 +2.2694e+00 +4.4420e-01 -2.5211e+00 -3.3267e+00 -2.6169e+00 -2.7968e+00 -3.8628e-01 +4.5398e+00 -4.6505e+00 +2.8232e-01 -1.6728e+00 +1.6852e+00
81 +5.753333135e+02 +5.753333135e+02 +1.171483314e+03 +1.171483314e+03 +2.6607e+00 -4.3376e+00 +0.0000e+00 +2.0288e+00 +1.1040e+00 -3.5880e+00 -2.4672e+00 -2.0960e+00 +5.0000e+00 +3.3111e+00 -3.4872e+00 -5.0000e+00 +0.0000e+00 +0.0000e+00 -5.0000e+00 +0.0000e+00 +2.0080e-01 -2.7570e+00 -2.7736e+00 +5.0000e+00
627 +3.932819734e+02 +3.932819734e+02 +9.894319734e+02 +9.894319734e+02 -1.3628e+00 -4.4526e+00 -2.4094e+00 +2.5466e+00 -7.2436e-01 -5.5852e-01 -2.9986e+00 -4.7884e+00 +9.1353e-01 +3.6147e+00 -6.6998e-01 -4.9927e+00 -3.4397e+00 -1.6563e+00 -4.7538e+00 -7.6952e-01 -2.7743e-01 -3.7851e+00 +1.5090e+00 +4.7326e-01
1711 +2.266533939e+02 +2.266533939e+02 +8.228033939e+02 +8.228033939e+02 -7.0451e-01 -4.5642e+00 -2.0493e+00 +1.6866e+00 -4.5078e-01 -5.6475e-01 -2.6332e+00 -4.2142e+00 +2.0652e+00 +4.1435e+00 -1.4017e-02 -4.7424e+00 -2.9784e+00 +4.7692e-01 -3.8450e+00 +1.9903e+00 +8.8794e-01 -3.0963e+00 +4.6863e-01 +1.8172e+00
% function evaluation | noise-free fitness - Fopt (1.325100000000e+02) | best noise-free fitness - Fopt | measured fitness | best measured fitness | x1 | x2...
1 +1.582448293e+03 +1.582448293e+03 +1.714958293e+03 +1.714958293e+03 +4.1504e+00 -4.4674e+00 -3.0488e+00 -2.3354e+00 -2.7560e+00 +4.2985e+00 +2.1046e-01 +1.7748e+00 +4.0763e+00 -1.4723e+00 +1.2817e+00 -2.5500e+00 +1.1113e+00 +4.9314e+00 -2.0063e+00 +1.6283e+00 -4.1348e+00 -1.2050e+00 -2.2085e+00 +1.3814e+00
7 +8.969924357e+02 +8.969924357e+02 +1.029502436e+03 +1.029502436e+03 -2.2525e+00 +3.1871e+00 -3.8574e+00 -4.5275e+00 +1.2950e+00 +1.5560e+00 +4.0284e+00 -7.9057e-01 +1.2968e+00 +4.0526e+00 -2.3340e+00 -1.8268e+00 -2.3626e+00 +8.6678e-01 -2.3622e+00 +1.6797e+00 +1.2996e+00 -4.0632e+00 -2.9163e+00 +1.3865e+00
87 +5.907365722e+02 +5.907365722e+02 +7.232465722e+02 +7.232465722e+02 -6.9858e-01 +4.4925e+00 +0.0000e+00 +1.7621e+00 +1.4647e+00 +2.2098e+00 +4.9806e+00 +6.2042e-01 +2.8727e+00 +2.7304e+00 -2.1099e+00 +0.0000e+00 -1.7768e+00 +1.4827e+00 +1.9985e+00 +1.3714e+00 +1.5299e+00 -4.2379e+00 -3.2070e+00 -1.3928e+00
361 +3.938125222e+02 +3.938125222e+02 +5.263225222e+02 +5.263225222e+02 +3.5830e+00 +5.0000e+00 +7.6664e-01 -3.5362e+00 +0.0000e+00 +2.9752e-01 +5.0000e+00 +1.9598e+00 +4.5075e+00 +2.1137e+00 -4.5610e+00 -3.3251e+00 +3.7862e+00 +1.5965e+00 +2.4622e+00 +4.1012e+00 +2.2582e+00 -3.4826e+00 -1.5269e+00 -1.2690e+00
1308 +2.281863703e+02 +2.281863703e+02 +3.606963703e+02 +3.606963703e+02 +5.9039e-01 +3.1287e+00 +3.3168e+00 -3.3921e+00 +1.0249e+00 +2.5000e+00 +4.7351e+00 +1.5990e+00 -1.6197e+00 -4.5207e-01 -2.5371e+00 -3.3469e+00 +1.8036e+00 +4.1143e+00 +2.1449e+00 -5.6176e-01 +1.7193e+00 -5.0000e+00 +8.2522e-01 +1.5420e+00
3298 +1.553606659e+02 +1.553606659e+02 +2.878706659e+02 +2.878706659e+02 -2.3407e-01 +4.0892e+00 +3.1229e+00 -3.4054e+00 +4.9183e-01 +2.7785e+00 +4.6855e+00 +9.5976e-01 +1.8034e+00 +4.0164e-01 -2.0768e+00 -3.0480e+00 +1.1216e+00 +2.9425e+00 +2.2643e+00 +2.8684e+00 +1.4551e+00 -5.0000e+00 +4.5712e-01 +1.2529e+00
% function evaluation | noise-free fitness - Fopt (-2.401800000000e+02) | best noise-free fitness - Fopt | measured fitness | best measured fitness | x1 | x2...
1 +1.262660597e+03 +1.262660597e+03 +1.022480597e+03 +1.022480597e+03 -2.4889e+00 +9.7009e-01 -2.7510e+00 +3.1813e-01 +4.7198e+00 -4.6183e+00 -4.2242e+00 +1.4968e+00 +1.8071e+00 +3.6307e+00 -3.5326e+00 +3.1003e+00 +4.5892e+00 -5.4138e-01 +2.2312e+00 -4.2390e+00 -2.3301e+00 +3.9670e+00 +3.9897e+00 +1.6173e+00
3 +9.711381415e+02 +9.711381415e+02 +7.309581415e+02 +7.309581415e+02 -3.3770e+00 -1.1584e+00 +2.8081e+00 -4.2779e+00 -4.1978e+00 -2.3685e+00 -1.7336e+00 -4.5578e+00 -2.4611e+00 -2.0189e+00 +1.0926e+00 -3.7844e+00 -9.3188e-01 +2.0502e-01 -1.6851e+00 -1.8624e+00 -2.2008e+00 -4.9136e+00 -1.9436e-01 +4.2475e+00
128 +5.946084271e+02 +5.946084271e+02 +3.544284271e+02 +3.544284271e+02 -1.8548e+00 +3.1985e-01 +1.9678e+00 +1.1479e-01 +0.0000e+00 +0.0000e+00 +3.1916e+00 -3.9770e+00 +2.9866e+00 +8.5745e-01 +0.0000e+00 +2.4976e+00 +4.0006e+00 -3.6506e+00 +0.0000e+00 -2.0861e+00 -4.4319e+00 +3.3557e+00 +8.3947e-01 +1.8734e+00
307 +3.463573857e+02 +3.463573857e+02 +1.061773857e+02 +1.061773857e+02 -8.5048e-01 -3.3979e-01 -3.1806e-02 -2.4225e+00 -4.3591e-01 -3.1334e+00 -3.8149e+00 -3.9389e+00 +0.0000e+00 +1.3026e-01 -8.3105e-01 +1.9986e+00 +4.0419e+00 -3.3469e+00 +1.8060e+00 +3.1531e-01 +9.5229e-01 +4.6434e+00 +3.1825e+00 +9.0382e-01
1837 +2.261008868e+02 +2.261008868e+02 -1.407911323e+01 -1.407911323e+01 -2.6541e+00 +3.8557e+00 +1.0037e+00 -1.4650e+00 -8.0672e-01 +2.2023e+00 -4.4268e+00 -3.1496e+00 +1.1606e+00 -3.5492e+00 +6.9524e-01 +3.1494e+00 +4.9947e-01 -2.8559e+00 +3.0501e-01 -5.7022e-01 -3.8991e+00 +3.6432e+00 +5.0000e+00 +4.3942e-01
3096 +1.571412648e+02 +1.571412648e+02 -8.303873521e+01 -8.303873521e+01 -3.9958e+00 +8.0833e-01 +6.2077e-01 -2.0249e+00 -6.7716e-01 +7.1047e-01 -5.0000e+00 -2.5703e+00 +3.5553e+00 -2.2273e+00 +3.2127e+00 +2.7315e+00 +9.6087e-01 -3.2878e+00 +2.3942e-02 +4.7693e-01 -2.5694e-01 +3.6415e+00 +2.4707e+00 +2.7806e+00
% function evaluation | noise-free fitness - Fopt (-3.941600000000e+02) | best noise-free fitness - Fopt | measured fitness | best measured fitness | x1 | x2...
1 +3.594426154e+03 +3.594426154e+03 +3.200266154e+03 +3.200266154e+03 -2.1086e+00 +4.2938e+00 -8.8281e-01 +4.9604e+00 +4.5838e+00 +2.0904e+00 +4.3198e+00 -4.9080e+00 -2.1411e+00 +4.5691e+00 -4.4744e+00 +1.8662e+00 -5.4525e-01 -4.5951e-01 -1.5938e+00 -1.4710e+00 -3.8835e+00 +6.7831e-01 +2.3328e+00 +2.7329e+00
3 +1.806624072e+03 +1.806624072e+03 +1.412464072e+03 +1.412464072e+03 -2.7609e+00 +4.8963e-01 -3.4868e+00 +6.5430e-01 +3.5635e+00 -1.4565e+00 -3.4955e+00 -1.7461e+00 -1.1178e+00 +3.8759e+00 -4.2213e+00 -1.6995e+00 -3.9765e-01 -1.5031e+00 -2.6617e+00 -2.5250e+00 -4.3742e-01 +1.7634e+00 -3.4081e+00 -5.3623e-01
10 +9.928072031e+02 +9.928072031e+02 +5.986472031e+02 +5.986472031e+02 -2.8323e+00 +1.2707e+00 -4.6489e+00 -4.1520e+00 -2.9840e+00 +4.2713e+00 +1.7757e+00 -2.6858e+00 +1.2941e-02 -2.0977e+00 -3.3121e+00 -2.7169e-01 +2.9004e+00 +1.6765e+00 -4.9480e+00 +3.5005e+00 +1.2913e+00 +2.5618e-01 +2.8751e+00 +2.8197e+00
93 +5.776293970e+02 +5.776293970e+02 +1.834693970e+02 +1.834693970e+02 -2.4351e+00 -5.0000e+00 -3.9434e+00 +0.0000e+00 +1.4117e+00 +3.0851e+00 -5.0000e+00 -4.8723e-01 +1.3857e+00 -3.7854e+00 -5.0000e+00 -5.0000e+00 -1.0740e+00 +5.0000e+00 +4.8153e-01 +1.9512e+00 -5.7163e-01 -3.0351e+00 -1.1499e+00 +6.1887e-01
270 +3.962305362e+02 +3.962305362e+02 +2.070536206e+00 +2.070536206e+00 -2.8127e+00 -3.1492e+00 -9.5529e-01 -2.0445e+00 -5.1139e-02 +5.7495e-01 -4.8365e+00 -1.0354e+00 +3.8111e-01 -2.9511e+00 -2.4279e+00 -2.5440e+00 -2.2620e-01 +3.1966e+00 -6.6083e-01 +5.0000e+00 -1.9642e+00 -3.1242e+00 -1.5279e+00 +0.0000e+00
1119 +2.406336919e+02 +2.406336919e+02 -1.535263081e+02 -1.535263081e+02 -1.0743e+00 -4.6638e+00 +1.8274e-01 +4.1660e-01 +5.9299e-01 +7.5590e-01 -4.9026e+00 +6.6920e-01 +1.8398e+00 +0.0000e+00 -3.2429e+00 -1.6592e+00 -7.4233e-01 +2.5957e+00 +4.1825e-01 +3.5554e+00 +1.5032e+00 -1.3923e+00 -1.7098e+00 -3.0939e+00
4115 +1.576267853e+02 +1.576267853e+02 -2.365332147e+02 -2.365332147e+02 -1.2549e+00 -4.3750e+00 +2.9656e-01 +1.7950e-01 -1.7694e+00 +1.4035e+00 -4.9973e+00 -1.7584e+00 +1.2093e+00 -8.5621e-01 -3.7243e+00 -9.7600e-01 +0.0000e+00 +2.9011e+00 -1.1746e+00 +3.0958e+00 -4.1611e-01 -2.5035e+00 -9.8926e-02 -2.4254e+00
4573 +9.880114404e+01 +9.880114404e+01 -2.953588560e+02 -2.953588560e+02 -1.2633e+00 -4.3750e+00 +2.4778e-01 -5.4856e-02 -1.6030e+00 +1.3885e+00 -4.9995e+00 -1.7073e+00 +1.0103e+00 -8.4108e-01 -3.7196e+00 -9.8859e-01 +6.7636e-07 +2.9028e+00 -1.1128e+00 +3.0484e+00 -4.5776e-01 -2.5165e+00 -1.1561e-01 -2.4117e+00
