% function evaluation | noise-free fitness - Fopt (-5.465000000000e+02) | best noise-free fitness - Fopt | measured fitness | best measured fitness | x1 | x2...
1 +2.405067233e+05 +2.405067233e+05 +2.399602233e+05 +2.399602233e+05 -2.0756e+00 +5.3287e-01 -1.3311e+00 +2.3370e+00 +2.3890e+00 -3.5680e+00 +3.6030e+00 -1.4793e-01 -3.7134e+00 -1.2820e+00 -1.7147e-01 -3.9693e+00 +3.8009e+00 -1.3879e+00 -1.4506e+00 +1.9514e+00 -2.3319e+00 +1.8121e+00 +3.7885e+00 +2.4604e+00
11 +1.367927812e+05 +1.367927812e+05 +1.362462812e+05 +1.362462812e+05 -3.4555e+00 -1.9145e+00 +7.4620e-02 -1.4610e+00 +3.8144e+00 +3.3383e-01 -3.1340e+00 +1.0303e+00 -3.2771e+00 -3.7003e+00 +3.3263e+00 -3.7292e+00 +4.2301e+00 -1.2876e+00 +1.0217e+00 +3.6875e+00 +3.6382e+00 -1.8539e+00 +3.0795e+00 -1.5472e-01
25 +4.625529151e+04 +4.625529151e+04 +4.570879151e+04 +4.570879151e+04 -7.6886e-01 -2.6025e+00 -3.7732e+00 -2.6956e+00 +5.1329e-01 -3.6089e+00 -1.4762e-01 -5.2354e-01 -3.1911e+00 -4.1029e+00 +6.1438e+00 -1.8213e+00 +3.2828e+00 -1.6639e+00 +2.9746e+00 +4.1420e-01 +2.0437e-01 -8.1232e-01 +1.3648e+00 +1.7778e+00
63 +3.540028861e+04 +3.540028861e+04 +3.485378861e+04 +3.485378861e+04 -2.4802e+00 -5.1137e-01 +1.1246e+00 -3.1444e+00 +1.3617e+00 +1.0490e+00 +6.2293e-01 +2.8515e+00 -4.5624e+00 -1.7004e+00 +3.6705e+00 -3.1332e+00 +3.1339e+00 -1.1361e+00 +2.9337e+00 -1.2732e+00 +3.3880e+00 -3.5778e+00 -1.7381e+00 -6.6416e-01
80 +2.379602526e+04 +2.379602526e+04 +2.324952526e+04 +2.324952526e+04 -4.0067e+00 +4.0715e-01 -8.0809e-01 -1.5779e+00 +2.1754e+00 -4.7994e+00 +6.1880e-01 -6.5110e-01 -2.7072e+00 -2.2442e+00 +3.0910e+00 +3.6978e-01 +1.6398e+00 -3.4504e+00 -2.3088e-01 -1.1153e+00 -1.1858e+00 -1.3650e+00 +3.2034e-01 +8.7586e-01
131 +5.183011080e+03 +5.183011080e+03 +4.636511080e+03 +4.636511080e+03 -1.5283e+00 +5.8996e-01 -9.7018e-01 -2.6513e+00 +3.1147e-01 -2.0506e+00 +1.5053e+00 -1.0580e+00 -4.6309e+00 -1.1948e+00 +2.5727e+00 +2.6125e+00 +2.1118e+00 -2.8901e+00 +6.0645e-02 -2.3393e+00 +1.3352e+00 -2.7184e+00 -2.4286e+00 +1.0002e+00
210 +3.251558780e+03 +3.251558780e+03 +2.705058780e+03 +2.705058780e+03 -2.2533e+00 -1.9452e-01 -1.1996e+00 -2.6048e+00 +9.7721e-01 -1.0924e+00 -1.2298e+00 +6.7128e-01 -4.3318e+00 +3.6906e-01 +2.2853e+00 +1.5129e+00 +1.2782e+00 -1.1867e+00 +6.6799e-01 -1.8425e+00 +1.7253e+00 -1.1851e+00 -2.8288e+00 +1.0881e+00
235 +2.334407013e+03 +2.334407013e+03 +1.787907013e+03 +1.787907013e+03 -1.8440e+00 +1.4111e+00 -1.3203e+00 -5.2262e+00 +1.3447e+00 -1.2812e+00 -1.8911e+00 -3.8117e-01 -2.7497e+00 -1.0900e-01 +1.3972e+00 +2.1403e+00 +8.1166e-01 -2.9063e+00 +1.1914e+00 -4.4795e-01 +2.2752e+00 -1.5234e+00 -8.4622e-01 +1.1492e+00
259 +1.062549297e+03 +1.062549297e+03 +5.160492969e+02 +5.160492969e+02 -9.6514e-01 +1.7529e+00 -3.4456e-01 -3.8933e+00 -1.3564e-01 -4.8957e-02 -6.1874e-01 -1.0929e+00 -2.8443e+00 -3.1559e-01 +1.3197e+00 +1.9764e+00 +9.0234e-01 -1.1884e-01 +2.5173e+00 -2.3282e+00 +2.1943e+00 -1.0433e+00 -5.7566e-01 +1.0803e+00
269 +8.806700484e+02 +8.806700484e+02 +3.341700484e+02 +3.341700484e+02 -3.6397e+00 -4.0162e-01 -1.0238e+00 -3.4908e+00 +1.4277e+00 -1.1163e+00 -1.9403e+00 -2.0379e-02 -3.4154e+00 -2.8815e-01 +2.6116e+00 +8.0931e-01 +1.2447e-01 -8.0931e-01 +1.4384e+00 -1.5023e+00 +2.0314e+00 -6.7845e-01 -2.1956e+00 +1.3317e+00
339 +5.502667990e+02 +5.502667990e+02 +3.766799016e+00 +3.766799016e+00 -2.6809e+00 -1.2387e+00 -1.5016e+00 -4.1810e+00 +3.9296e-02 +2.7342e-01 -1.2581e+00 +5.3117e-02 -1.8987e+00 +1.5264e+00 +5.7740e-02 +2.1540e+00 +8.8696e-01 -2.2413e+00 +4.9790e-01 -2.1562e+00 +8.4357e-01 -1.4494e+00 -2.5263e+00 +1.2647e+00
350 +2.603687806e+02 +2.603687806e+02 -2.861312194e+02 -2.861312194e+02 -3.0282e+00 -1.1462e+00 -1.5687e+00 -3.5408e+00 -1.2124e+00 -3.1763e+00 -2.3784e-01 +2.2099e-01 -8.4432e-01 +1.6183e+00 +1.2828e+00 +2.6753e+00 +9.5245e-01 -1.2602e+00 +1.5810e+00 -2.1980e+00 +2.0918e+00 -1.7560e+00 -1.4068e+00 +1.2781e+00
357 +2.077422043e+02 +2.077422043e+02 -3.387577957e+02 -3.387577957e+02 -1.7727e+00 -1.8435e+00 -2.5908e-01 -3.5966e+00 -7.2771e-01 -8.0019e-01 +4.1146e-02 +1.3535e-01 -1.2200e+00 +1.8797e+00 +3.2735e-02 +2.9274e+00 +1.4539e+00 -2.4066e+00 +6.0693e-01 -1.9720e+00 +2.2577e+00 -2.1400e+00 -1.3320e+00 +1.3862e+00
419 +8.206607063e+00 +8.206607063e+00 -5.382933929e+02 -5.382933929e+02 -1.7181e+00 -1.5774e+00 -1.7437e-01 -2.9765e+00 -1.5595e+00 -1.5485e+00 +1.0140e-01 +1.3866e+00 -1.7265e+00 +2.1382e+00 +1.9229e+00 +2.4042e+00 +2.4209e-01 -8.3868e-01 +1.2635e+00 -1.6515e+00 +1.2299e+00 -2.0556e+00 -1.2922e+00 +1.0600e+00
483 +4.273412881e+00 +4.273412881e+00 -5.422265871e+02 -5.422265871e+02 +2.5547e-01 +4.7242e-01 -5.0804e-01 -1.3704e+00 -7.7698e-01 -9.9605e-01 -1.7148e+00 +1.4182e+00 -1.3207e+00 +1.2129e+00 +1.9859e+00 +1.1394e+00 +9.2636e-01 -1.7527e+00 +1.4266e+00 -2.0683e+00 +1.7410e+00 -2.0958e+00 -1.7869e+00 +1.9038e+00
506 +3.853810009e+00 +3.853810009e+00 -5.426461900e+02 -5.426461900e+02 +1.2724e+00 -2.6216e-01 +4.5626e-01 -2.3148e+00 -1.3269e+00 -8.4421e-01 -2.3205e+00 +1.1376e+00 -2.3477e+00 +5.5810e-01 +2.6723e+00 +8.1720e-01 +1.7138e+00 -1.7641e+00 +1.2209e+00 -1.0220e+00 +2.5162e+00 -1.6349e+00 -1.7715e+00 +1.8054e+00
1832 +2.488415018e+00 +2.488415018e+00 -5.440115850e+02 -5.440115850e+02 +6.4049e-01 +1.7761e+00 +6.1396e-01 -1.7768e-01 -2.8728e-01 -7.1447e-01 -1.6946e+00 +1.1376e+00 -1.2356e+00 +2.3453e+00 +1.5291e+00 +1.7242e+00 +2.2219e+00 -1.0977e+00 +1.2004e+00 -2.3235e+00 +1.6509e+00 -1.8226e+00 -1.2530e+00 +1.4784e+00
% function evaluation | noise-free fitness - Fopt (1.000000000000e+03) | best noise-free fitness - Fopt | measured fitness | best measured fitness | x1 | x2...
1 +6.610561982e+04 +6.610561982e+04 +6.710561982e+04 +6.710561982e+04 -1.0983e+00 -1.5677e+00 -1.9748e+00 -1.9857e+00 +3.5209e+00 -2.2853e+00 +1.9368e+00 -1.7410e+00 -7.3190e-01 +1.3928e+00 +3.2848e+00 +1.7434e+00 -1.5794e+00 +7.2037e-01 -3.2576e+00 +2.4076e+00 -1.8903e+00 -1.2172e+00 -3.4430e+00 +2.4737e+00
48 +5.719936877e+04 +5.719936877e+04 +5.819936877e+04 +5.819936877e+04 +1.6885e+00 -1.1206e+00 -8.3144e-01 -4.8428e+00 +4.2647e+00 -3.3722e+00 +4.3560e+00 +1.1092e+00 -3.5991e+00 +4.3765e-01 +3.4217e-01 -2.9657e-02 -3.0779e-01 +2.7668e-01 -2.3888e+00 +5.6636e-01 -2.7475e+00 +1.5802e+00 -3.5396e+00 -1.1762e+00
54 +2.856291534e+04 +2.856291534e+04 +2.956291534e+04 +2.956291534e+04 -6.6931e-01 -6.8513e-01 -1.5011e+00 -5.6439e+00 +1.2877e+00 -2.5434e+00 +2.4022e+00 +1.5462e+00 -2.4093e+00 +2.7108e+00 +1.2559e+00 -2.2743e+00 +5.2862e-01 +5.5378e-01 -1.3747e+00 -6.7313e-01 -6.4102e-01 -4.0178e-01 -6.2708e-01 +1.1123e+00
80 +2.435337821e+04 +2.435337821e+04 +2.535337821e+04 +2.535337821e+04 +8.5472e-01 +3.1265e-01 -1.7767e-01 -2.2902e+00 +3.5135e+00 +6.2669e-01 +2.6347e+00 -3.4915e-01 -2.2947e+00 +2.0780e+00 +2.7289e-01 -7.0593e-01 -1.9733e+00 -6.3320e-01 -1.7577e+00 +2.0951e+00 -2.9576e+00 -9.0526e-01 -1.8887e+00 +4.5549e-01
84 +1.365882372e+04 +1.365882372e+04 +1.465882372e+04 +1.465882372e+04 -2.0567e+00 +3.8348e-01 +7.1080e-01 -4.9688e+00 +4.2317e+00 -1.9990e+00 +2.6475e-01 +4.8847e+00 -2.1504e+00 +1.1975e+00 -4.4993e-01 -9.1860e-01 -1.3807e+00 +2.0175e-02 -4.8181e-01 -5.4120e-02 -2.6811e+00 -1.3004e+00 -1.9062e+00 +1.5962e+00
157 +8.358101986e+03 +8.358101986e+03 +9.358101986e+03 +9.358101986e+03 +9.1455e-01 +1.3592e+00 -7.1103e-01 -1.3182e+00 +4.0747e-01 +3.7423e+00 +3.6256e+00 +2.4525e+00 -3.1891e+00 -2.7836e-01 -1.4162e+00 -3.4605e+00 -3.6850e-01 +1.9326e-01 -1.0756e+00 -2.8608e+00 -2.5130e+00 -8.6738e-01 -2.7461e+00 +2.2453e+00
252 +4.500799517e+02 +4.500799517e+02 +1.450079952e+03 +1.450079952e+03 -2.6257e+00 -2.1096e+00 -5.4478e-01 -3.3215e+00 +1.3691e+00 +2.3229e+00 -1.4705e+00 +1.1629e+00 -2.6079e+00 +7.5049e-01 -3.0696e+00 -1.9375e+00 -9.6055e-01 -5.4154e-01 -2.5393e+00 -1.6217e+00 -2.6987e+00 -3.5707e-01 -1.5570e+00 +2.2875e+00
390 +1.948419745e+02 +1.948419745e+02 +1.194841975e+03 +1.194841975e+03 -2.3723e+00 -5.4025e-01 -1.8622e+00 -1.5509e+00 +9.3339e-01 +6.1677e-01 -1.5911e+00 +1.2129e+00 -9.3106e-01 -2.4457e+00 -1.8491e+00 -4.3456e-01 -7.3298e-01 -2.8268e-01 -2.5164e+00 +1.2500e-01 -1.0130e+00 -1.7663e+00 -1.5186e+00 +1.2435e+00
401 +5.700908628e+01 +5.700908628e+01 +1.057009086e+03 +1.057009086e+03 -2.6624e+00 -1.1573e+00 -1.9545e+00 -9.7117e-01 -1.8021e+00 -4.2411e-02 -2.1108e+00 +2.0226e+00 -1.4621e+00 -2.0803e+00 -2.5026e+00 -1.0975e+00 -1.4353e-01 -6.7326e-01 -2.2072e+00 -4.9382e-01 -1.0414e+00 -1.9973e+00 -1.5731e+00 +1.1688e+00
419 +3.602046251e+01 +3.602046251e+01 +1.036020463e+03 +1.036020463e+03 -2.1700e+00 -2.2268e+00 -9.0081e-01 -1.4114e+00 +2.0178e-01 -1.2469e-01 -2.0911e+00 +1.0606e+00 -1.0480e+00 -1.2395e+00 -1.9637e+00 -1.3906e+00 +6.4872e-02 -4.9145e-01 -2.3937e+00 -2.0672e+00 -1.0891e+00 -2.3378e+00 -1.6327e+00 +1.1101e+00
436 +4.811144859e+00 +4.811144859e+00 +1.004811145e+03 +1.004811145e+03 -1.6708e+00 -1.3798e+00 -1.6839e+00 -9.7561e-01 -2.4101e-02 +2.0799e+00 -2.1237e+00 +1.8258e+00 -2.5008e-01 -1.6193e+00 -8.2783e-01 -2.2854e+00 -5.8417e-01 -6.7957e-01 -2.2583e+00 -8.4047e-01 -1.9950e+00 -6.2984e-01 -2.4026e+00 +1.3641e+00
540 +3.610628465e+00 +3.610628465e+00 +1.003610628e+03 +1.003610628e+03 -8.9868e-01 -1.1657e+00 -2.7305e+00 -4.5250e-01 -9.8809e-01 +9.0971e-01 -1.5773e+00 +4.2963e-01 -1.1346e+00 -1.3602e+00 -2.3294e+00 -1.5887e+00 -8.3050e-01 -9.9118e-01 -2.3976e+00 -1.6901e+00 -1.6863e+00 -7.9172e-01 -1.5785e+00 +1.7218e+00
1462 +2.505500393e+00 +2.505500393e+00 +1.002505500e+03 +1.002505500e+03 -2.0696e+00 -1.2256e+00 -5.5937e-01 -4.1335e-01 -7.5722e-01 +1.5680e+00 -1.1365e+00 +1.9090e-02 -1.8528e+00 -6.4095e-01 -4.4811e-01 -1.1156e+00 -1.1944e+00 -7.3725e-01 -8.4908e-01 -2.4273e+00 -2.0565e+00 -1.1228e+00 -1.1241e+00 +1.7816e+00
% function evaluation | noise-free fitness - Fopt (2.083800000000e+02) | best noise-free fitness - Fopt | measured fitness | best measured fitness | x1 | x2...
1 +8.767051854e+04 +8.767051854e+04 +8.787889854e+04 +8.787889854e+04 +3.2515e+00 -3.0480e+00 +2.8158e+00 -3.9062e+00 +3.6049e+00 +6.8214e-01 +1.3292e+00 +4.9244e-01 -2.6110e+00 -1.8722e+00 -1.5239e-01 -3.7028e+00 +6.6601e-01 +2.7720e+00 +1.3268e+00 +1.9434e-01 +1.8674e+00 -1.4020e+00 +3.0885e+00 -1.4350e+00
32 +5.351979413e+04 +5.351979413e+04 +5.372817413e+04 +5.372817413e+04 +4.8396e+00 -1.1213e+00 +2.9467e+00 -4.6022e+00 +5.3707e+00 -9.5479e-03 +2.2222e+00 -4.4019e+00 -1.6677e+00 -1.5515e+00 -2.4402e+00 -1.4813e+00 -2.3392e+00 +1.1650e+00 +6.9089e-01 +1.9534e-01 +4.5688e+00 +8.3834e-02 +3.1983e+00 +5.6615e-01
56 +3.957816761e+04 +3.957816761e+04 +3.978654761e+04 +3.978654761e+04 +4.0052e+00 -1.9938e+00 +6.4066e-01 -4.8580e+00 +4.3866e+00 -6.5915e-01 -6.6128e-01 +4.4732e-01 -8.2285e-02 +5.8659e-01 -5.0889e-01 +2.5013e+00 -2.2821e+00 -9.1580e-01 -2.1836e+00 -6.7114e-01 +3.7110e+00 -9.0063e-01 +4.5190e+00 +1.0251e+00
82 +2.258435445e+04 +2.258435445e+04 +2.279273445e+04 +2.279273445e+04 +4.2703e+00 +2.8181e+00 +2.7719e-01 -4.6530e+00 +5.8120e+00 +7.2015e-01 +2.6230e+00 -1.4425e-01 +7.0187e-01 +1.8592e+00 +2.4891e+00 +9.8864e-01 -5.7885e-01 -3.2002e+00 -5.7355e-01 -1.5651e+00 +2.9125e+00 -5.8636e-01 +2.8499e+00 +3.5096e+00
83 +1.560140257e+04 +1.560140257e+04 +1.580978257e+04 +1.580978257e+04 +4.4088e+00 -7.6422e-01 -2.5533e-01 -3.7430e+00 +4.4699e+00 -1.6117e+00 +2.2008e-01 -8.6582e-01 -1.6469e+00 +1.8419e+00 -1.1571e+00 +5.0398e-01 -3.1524e+00 -2.7096e+00 +1.3230e+00 -2.4262e+00 +3.4783e+00 -6.2995e-01 +6.6075e-01 +2.3644e+00
114 +9.681527218e+03 +9.681527218e+03 +9.889907218e+03 +9.889907218e+03 -1.3447e+00 -1.9377e+00 +2.9983e+00 -4.1480e+00 +3.8984e+00 -2.5947e+00 +2.4076e+00 +2.0856e+00 +5.5445e-01 +1.0209e+00 +6.6319e-01 -9.4769e-01 -3.9185e+00 -1.5053e+00 +3.2777e-01 -2.1364e+00 +1.7840e+00 +1.0211e+00 +3.4960e+00 +1.2044e+00
171 +6.249653969e+03 +6.249653969e+03 +6.458033969e+03 +6.458033969e+03 -5.8980e-01 +1.0402e+00 +1.4082e+00 -3.6161e+00 +4.1083e+00 -2.3596e+00 +1.6802e+00 -8.9253e-01 -1.6001e+00 +2.7270e+00 -8.1531e-01 -5.5387e-02 -2.3001e+00 -1.1745e+00 +1.3519e+00 -2.6572e+00 +2.6503e+00 -3.8927e-01 +3.1469e+00 +2.1658e+00
189 +3.297253131e+03 +3.297253131e+03 +3.505633131e+03 +3.505633131e+03 +2.0660e+00 +7.6508e-01 +2.8973e-01 -2.2603e+00 +3.9548e+00 -1.7715e+00 +1.8507e+00 -1.7322e+00 -9.5505e-01 +2.9088e+00 -4.9633e-02 -6.4654e-01 -2.1120e+00 -1.1007e+00 +2.0565e+00 -2.7159e+00 +9.9962e-01 +1.9899e+00 +1.2361e+00 +1.4282e+00
215 +1.716775401e+03 +1.716775401e+03 +1.925155401e+03 +1.925155401e+03 +1.9831e+00 -1.6160e-03 +2.1756e+00 -1.8999e+00 +4.3093e+00 -7.5914e-01 +1.1961e+00 -5.9733e-01 -2.8878e+00 +1.7054e+00 +6.5539e-01 +4.2839e-01 -2.4166e+00 -6.8334e-01 +3.1428e+00 -1.7105e+00 +9.9937e-01 +2.9770e-01 +2.1267e+00 +1.5938e+00
275 +8.054877995e+02 +8.054877995e+02 +1.013867799e+03 +1.013867799e+03 -1.0169e+00 -7.2038e-02 +1.8277e+00 -2.8236e+00 +3.8582e+00 -1.6400e+00 +4.6948e-01 +2.5209e-01 -5.3607e-01 +2.2523e+00 +3.6989e-01 +2.0190e+00 -1.6906e+00 -6.4238e-01 +1.8024e+00 -1.0868e+00 +1.3064e+00 +1.3976e+00 +9.3191e-01 +1.0242e+00
289 +4.439253013e+02 +4.439253013e+02 +6.523053013e+02 +6.523053013e+02 -1.5934e+00 +2.5005e-01 +1.9116e+00 -1.7144e+00 +3.5606e+00 -1.0746e+00 +8.2703e-01 -6.8376e-01 -2.8329e-01 +2.5293e+00 +2.1251e+00 +1.5655e+00 -1.8376e+00 -1.1122e+00 +2.0927e+00 -2.6739e+00 +2.0397e+00 +1.7775e+00 +1.5490e+00 +1.6704e+00
313 +3.921635012e+02 +3.921635012e+02 +6.005435012e+02 +6.005435012e+02 -2.0298e+00 +2.0101e-01 +7.5362e-01 -2.0506e+00 +3.3118e+00 -1.1951e+00 +5.7307e-01 -5.9038e-01 +6.4760e-02 +1.5928e+00 +1.2213e+00 +9.0150e-02 -2.2144e-01 -7.6271e-01 +1.9525e+00 -1.7942e+00 +1.4690e+00 +2.5774e+00 +1.5561e+00 +2.0584e+00
337 +2.097163898e+02 +2.097163898e+02 +4.180963898e+02 +4.180963898e+02 -2.7390e+00 +5.6124e-01 +2.0401e+00 -2.2060e+00 +3.4495e+00 +8.5190e-01 +1.0144e+00 -5.6538e-01 -2.6515e-01 +2.2917e+00 +1.2533e+00 +8.7854e-01 -1.6560e+00 +1.5962e-02 +6.0426e-01 -1.3245e+00 +1.3100e+00 +2.1121e+00 +2.2497e+00 +1.3077e+00
363 +1.101290940e+02 +1.101290940e+02 +3.185090940e+02 +3.185090940e+02 -2.5397e+00 -5.3600e-01 +2.0901e+00 -1.5548e+00 +2.8034e+00 -7.4652e-02 +2.3962e+00 +4.4085e-01 +4.1685e-01 +1.0770e+00 +2.6170e+00 +4.3486e-01 -1.4058e+00 -5.9301e-01 +1.3532e+00 -1.3308e+00 +3.6976e-01 +1.8190e+00 +1.5456e+00 +8.7195e-01
395 +3.884273147e+01 +3.884273147e+01 +2.472227315e+02 +2.472227315e+02 -2.5341e+00 -9.8554e-01 +1.5211e+00 -1.7760e+00 +2.7962e+00 +1.2874e+00 +1.6624e+00 -4.2074e-02 +1.9841e-01 +1.0496e+00 +2.3247e+00 +5.1278e-01 -1.8355e+00 -2.5345e-01 +2.0342e+00 -1.5672e+00 +4.2109e-01 +2.3536e+00 +8.9898e-01 +1.4963e+00
411 +1.383327985e+01 +1.383327985e+01 +2.222132799e+02 +2.222132799e+02 -1.9629e+00 -1.0253e+00 +2.3193e+00 -1.8665e+00 +3.3764e+00 +6.4710e-01 +1.6460e+00 +2.7772e-01 -1.8448e-01 +1.6767e+00 +1.6881e+00 +5.4116e-01 -2.0787e+00 -2.2983e-01 +2.3434e+00 -5.2758e-01 +1.1854e+00 +2.5187e+00 +1.2511e+00 +1.0565e+00
437 +3.987715630e+00 +3.987715630e+00 +2.123677156e+02 +2.123677156e+02 -2.3885e+00 -6.3120e-01 +2.5113e+00 -9.1455e-01 +2.4142e+00 +5.0032e-01 +1.5007e+00 +3.9769e-01 -2.7897e-01 +9.4293e-01 +2.1107e+00 +4.9109e-01 -1.5396e+00 -7.3740e-01 +1.7855e+00 -1.1637e+00 +1.4936e+00 +1.8633e+00 +9.9758e-01 +2.0606e+00
448 +3.609657576e+00 +3.609657576e+00 +2.119896576e+02 +2.119896576e+02 -2.0919e+00 -3.1279e-01 +1.1089e+00 -1.6219e-01 +2.4259e+00 -1.1793e-02 +1.3052e+00 +3.6269e-01 -7.0853e-01 +1.2416e+00 +2.2910e+00 +1.0692e+00 -1.8635e+00 -6.8455e-01 +8.3277e-01 -1.4891e+00 +2.2310e+00 +1.0253e+00 +1.4033e+00 +1.7833e+00
1413 +2.416226706e+00 +2.416226706e+00 +2.107962267e+02 +2.107962267e+02 -2.1830e+00 -1.4656e+00 +2.1519e+00 -1.1451e-02 +2.6971e+00 +5.9122e-01 +1.2417e+00 +4.0972e-02 -3.4586e-01 +9.4920e-01 +2.4306e+00 +5.5460e-01 -7.8840e-01 -8.0580e-01 +2.0014e+00 -1.1911e+00 +9.5960e-01 +1.7667e+00 +1.7462e+00 +1.0635e+00
% function evaluation | noise-free fitness - Fopt (-1.449600000000e+02) | best noise-free fitness - Fopt | measured fitness | best measured fitness | x1 | x2...
1 +3.731903391e+04 +3.731903391e+04 +3.717407391e+04 +3.717407391e+04 +2.9049e+00 -3.6167e+00 -2.2399e+00 -3.1082e-01 -3.5354e+00 +1.7989e+00 +2.0506e+00 +1.0384e-01 -2.1848e+00 -3.7085e+00 +2.8915e+00 +8.0710e-01 +2.0474e+00 -7.3304e-01 +3.6541e+00 +1.7719e+00 -3.4365e+00 +4.2278e-01 +9.4682e-01 +1.1734e+00
15 +2.143735654e+04 +2.143735654e+04 +2.129239654e+04 +2.129239654e+04 +7.6310e-01 -2.9305e+00 -1.4024e+00 -3.0156e+00 -1.8160e+00 +8.4034e-01 -1.5788e+00 -3.2967e-01 -4.8093e+00 -2.9939e+00 +4.2987e+00 +1.9155e+00 +3.4630e+00 +7.9984e-01 +2.7597e-01 +4.6142e+00 +3.8349e-01 -2.3220e-01 +1.0345e+00 -9.2947e-01
101 +1.026883745e+04 +1.026883745e+04 +1.012387745e+04 +1.012387745e+04 +4.2280e+00 -5.0711e+00 +1.8995e+00 -2.4927e+00 -3.1792e+00 -7.0858e-01 +5.8752e-01 -2.6370e+00 +3.5750e-01 -1.2307e+00 +3.3094e+00 +4.1577e-01 +6.2692e-01 +2.5313e+00 +1.2798e+00 +1.3759e+00 -4.6417e-01 -1.4146e+00 +9.4191e-01 -2.5623e+00
115 +5.354181598e+03 +5.354181598e+03 +5.209221598e+03 +5.209221598e+03 +2.6591e+00 -4.3502e+00 +7.7916e-01 -1.3842e+00 -2.6837e+00 +2.4949e+00 -3.9186e-01 -1.8431e+00 -2.8058e+00 -8.5913e-01 +3.6245e+00 +8.7188e-01 +1.1123e+00 +1.3018e+00 +3.1245e+00 +4.3054e-01 -2.2173e+00 -3.0123e+00 +6.2807e-01 -2.0220e+00
173 +2.559622523e+03 +2.559622523e+03 +2.414662523e+03 +2.414662523e+03 +2.7941e+00 -3.3672e+00 -1.3846e+00 -2.6035e-01 -3.4569e+00 +1.8990e+00 -1.9426e-01 +1.3934e+00 -1.2520e+00 -6.3470e-01 +2.4796e+00 +3.4164e+00 +1.2208e+00 +6.0810e-01 +4.2838e-01 +2.6814e+00 -1.0037e+00 -1.5824e+00 +2.0095e+00 -1.2182e+00
206 +1.455583417e+03 +1.455583417e+03 +1.310623417e+03 +1.310623417e+03 +2.5297e+00 -2.1633e+00 -8.6704e-01 -1.8262e+00 -1.5623e+00 +1.0831e+00 +1.2161e+00 +2.7139e+00 -1.8817e+00 -4.2578e-01 +1.2367e+00 +2.1456e+00 +5.5197e-01 +7.5200e-01 +1.9419e+00 +2.0023e+00 -8.8141e-01 -1.3931e+00 +1.1770e+00 -3.0287e-01
224 +2.181599020e+01 +2.181599020e+01 -1.231440098e+02 -1.231440098e+02 +1.8846e+00 -9.6710e-02 -7.8842e-01 -9.2876e-01 -2.8683e+00 +1.2403e+00 -1.0334e+00 -4.6221e-01 -1.4009e+00 +1.4732e+00 +1.1896e+00 +2.0891e+00 +7.0341e-01 +1.4567e+00 +2.0976e+00 +1.8808e+00 -1.3234e+00 -7.1830e-01 +2.3407e+00 -6.6375e-01
327 +4.663767491e+00 +4.663767491e+00 -1.402962325e+02 -1.402962325e+02 +1.3236e+00 -2.3037e+00 +4.8031e-01 -3.0383e+00 -1.8524e+00 +1.7148e+00 -1.2939e+00 +6.0147e-01 -1.5915e+00 +1.9449e+00 +2.0754e+00 +2.0104e+00 +1.2949e+00 +1.6669e+00 +1.7679e+00 +5.8789e-01 -7.2322e-01 -1.7973e+00 +1.8711e+00 -8.3239e-01
369 +3.800207321e+00 +3.800207321e+00 -1.411597927e+02 -1.411597927e+02 +2.4307e+00 -1.3324e+00 +9.7263e-01 -5.3100e-01 -1.2365e+00 +2.5488e+00 -9.2302e-01 +2.6797e-02 -1.0939e+00 +1.4131e+00 +1.5486e+00 +1.6758e+00 +1.3794e+00 +7.6541e-01 +1.4879e+00 +1.5088e+00 -1.4323e+00 -1.7835e+00 +1.6654e+00 -1.8691e+00
1126 +2.510922229e+00 +2.510922229e+00 -1.424490778e+02 -1.424490778e+02 +4.9513e-01 -1.7658e+00 +9.1413e-01 -1.3236e+00 -2.3134e+00 +8.8360e-01 -2.3624e+00 +1.4329e+00 -8.1221e-02 +1.9701e+00 +2.1793e+00 +7.1612e-01 +8.4810e-01 +1.7914e+00 +6.4881e-01 +2.1066e+00 -1.4020e+00 -1.6623e+00 +2.1972e+00 -9.4203e-01
% function evaluation | noise-free fitness - Fopt (-6.300000000000e+00) | best noise-free fitness - Fopt | measured fitness | best measured fitness | x1 | x2...
1 +4.865927834e+04 +4.865927834e+04 +4.865297834e+04 +4.865297834e+04 -1.0665e+00 -7.8554e-01 -2.6703e+00 +3.4138e+00 -3.2054e+00 +2.8110e+00 +2.3348e+00 -2.5977e+00 -1.1939e-01 +3.3726e+00 +2.2148e+00 +1.5447e+00 +2.6447e+00 +2.4706e+00 -4.8780e-01 -1.5505e+00 +1.3089e-01 -2.8845e+00 -1.6521e+00 +1.0434e+00
4 +3.263279539e+04 +3.263279539e+04 +3.262649539e+04 +3.262649539e+04 -4.1712e-02 +2.7184e+00 +5.8597e-01 +3.0142e+00 -1.6347e+00 +3.1142e+00 +1.9991e+00 -3.9000e+00 -1.2795e+00 +6.6096e+00 +1.6707e+00 +7.9176e-01 -4.0207e-01 +4.5828e+00 -7.6072e-01 -4.7689e-01 -1.5086e+00 -9.2023e-01 -6.3928e-01 -7.7695e-02
37 +2.304680069e+04 +2.304680069e+04 +2.304050069e+04 +2.304050069e+04 +6.2940e-04 -2.7935e+00 +1.6267e+00 +5.8239e-01 -2.8828e+00 +4.3625e+00 +3.2659e+00 -3.3482e+00 -2.1609e+00 +1.7187e+00 -8.3699e-01 -1.5123e-01 +5.7351e-01 +3.5864e+00 -2.9029e+00 +6.3074e-03 -1.2554e+00 -3.2321e+00 -1.6753e+00 -3.7046e+00
52 +1.526060321e+04 +1.526060321e+04 +1.525430321e+04 +1.525430321e+04 -3.1296e+00 -1.1965e+00 -2.2688e+00 +1.5071e+00 -2.0307e+00 -1.7646e+00 +2.2955e+00 -4.0135e+00 +1.6589e+00 +3.6585e+00 +5.6314e-01 -1.3450e+00 -1.5556e+00 -2.3529e-01 +5.8823e-01 +2.3158e+00 -1.4976e-01 -2.9037e+00 -2.7559e+00 -1.5741e+00
90 +9.401075092e+03 +9.401075092e+03 +9.394775092e+03 +9.394775092e+03 -5.9947e+00 -6.2329e-01 -1.4548e+00 -1.7369e+00 +6.6360e-01 +1.6943e+00 +3.6362e+00 -3.0483e+00 -9.5848e-01 +3.4899e+00 +7.1509e-01 +3.0870e+00 -2.7949e+00 +1.6094e+00 -1.9866e+00 +2.0154e+00 -2.1144e+00 -2.1782e+00 -2.3843e+00 -2.7161e+00
130 +2.450325069e+03 +2.450325069e+03 +2.444025069e+03 +2.444025069e+03 -2.8577e+00 -1.2964e+00 +7.0222e-01 -2.1286e-01 -3.0533e+00 +1.9163e+00 +2.1141e+00 -2.3411e+00 +3.1250e-01 +3.0938e+00 -7.0066e-01 +1.3392e+00 -3.3243e+00 -9.0694e-01 -1.8777e+00 +2.4209e+00 -2.2680e+00 -2.2406e+00 -2.4185e+00 -4.8628e-01
233 +1.254598395e+03 +1.254598395e+03 +1.248298395e+03 +1.248298395e+03 -7.1968e-01 +8.7919e-01 -9.8863e-01 -1.7515e+00 +2.7071e-01 -1.0264e+00 +3.8309e+00 -2.1110e+00 +7.7242e-01 +1.2153e-01 +1.3039e-02 +3.4494e-01 -2.6079e+00 +4.5799e-01 -2.5104e+00 +1.0296e+00 -1.0810e+00 -1.5700e+00 -1.1602e+00 -1.0463e+00
235 +6.414713387e+01 +6.414713387e+01 +5.784713387e+01 +5.784713387e+01 -2.0521e+00 -7.6002e-02 -1.5707e+00 -6.2276e-01 -5.4870e-01 -1.9377e+00 +2.0627e+00 -1.4066e+00 +3.6705e-01 +2.2833e+00 -2.4863e+00 +1.4921e+00 -2.0030e+00 +1.0646e+00 -9.7587e-01 +1.2538e+00 -1.1105e+00 -1.6664e+00 -1.3014e+00 -1.2269e+00
280 +4.257439163e+01 +4.257439163e+01 +3.627439163e+01 +3.627439163e+01 -1.8506e+00 -2.0062e+00 -4.8791e-03 -1.4693e+00 +6.4383e-01 -2.6630e+00 +1.3201e+00 -1.5310e+00 -1.1601e-01 +1.6883e+00 -1.1729e+00 +1.2231e+00 -1.7471e+00 +1.1843e+00 -1.1892e+00 +2.4407e+00 -1.8379e+00 -1.7590e+00 -1.6120e+00 -1.0247e+00
331 +3.565929114e+01 +3.565929114e+01 +2.935929114e+01 +2.935929114e+01 -2.1122e+00 -1.4885e+00 -1.8549e+00 -1.0158e+00 -7.1434e-02 -1.0739e+00 +7.9070e-01 -1.9134e+00 -2.1033e-01 +1.2556e-01 -2.2864e+00 +2.0718e+00 -2.4386e+00 +1.6276e+00 -1.8855e+00 +1.1311e+00 -2.3619e+00 -1.8141e+00 -1.9486e+00 -1.2742e+00
348 +3.767861845e+00 +3.767861845e+00 -2.532138155e+00 -2.532138155e+00 -2.0667e+00 -1.4709e+00 -9.8131e-01 -3.5965e-01 +1.8978e-01 -7.1972e-01 -7.7668e-02 -1.7576e+00 +4.5225e-02 +1.0369e+00 -2.5120e+00 +1.9017e+00 -8.0437e-01 +2.2728e+00 -1.8810e+00 +1.6477e+00 -1.9400e+00 -1.1217e+00 -1.8319e+00 -2.1559e+00
1429 +2.422189076e+00 +2.422189076e+00 -3.877810924e+00 -3.877810924e+00 -2.9128e-02 -2.5960e+00 -2.0510e+00 +1.0222e+00 -1.3841e+00 -2.1228e+00 +8.8927e-01 -1.5809e+00 +2.2024e+00 +6.7769e-01 -1.0385e+00 +5.7144e-01 -1.9900e+00 +1.7050e+00 -1.7894e+00 +2.2268e+00 -1.3161e+00 -2.3010e+00 -1.1450e+00 -2.3623e+00
% function evaluation | noise-free fitness - Fopt (-2.206000000000e+01) | best noise-free fitness - Fopt | measured fitness | best measured fitness | x1 | x2...
1 +8.763490728e+04 +8.763490728e+04 +8.761284728e+04 +8.761284728e+04 +3.3177e+00 +1.4199e+00 -1.6468e+00 -2.3198e+00 -2.5899e+00 +2.3018e+00 +1.0411e+00 +3.7579e+00 -1.1542e+00 +2.0668e+00 -1.7950e+00 -3.5839e+00 +3.0703e+00 -1.5776e+00 -3.9534e-01 -2.5400e+00 +6.7671e-01 -2.7016e+00 +1.9269e+00 +2.4375e+00
26 +6.155931533e+04 +6.155931533e+04 +6.153725533e+04 +6.153725533e+04 +4.8698e+00 +3.6103e+00 +1.0615e+00 -1.0797e+00 -1.3118e-01 -9.8251e-01 +1.3868e+00 +1.6848e+00 -4.7517e+00 +4.1946e+00 -2.6103e+00 -1.0949e+00 -4.9831e-01 -6.8982e-01 -5.7081e+00 -1.7324e+00 -1.0797e+00 -4.4290e+00 +1.9320e+00 +1.9188e+00
43 +3.339080194e+04 +3.339080194e+04 +3.336874194e+04 +3.336874194e+04 +5.7822e+00 +3.4228e+00 +3.1906e+00 +2.3989e+00 -6.8666e-01 +1.7060e+00 +4.2366e+00 +2.1600e+00 -4.0724e+00 +9.8411e-01 -2.0442e+00 +2.6599e-01 +4.5662e-01 -7.3556e-01 -2.3022e+00 -1.3390e+00 -1.1239e-01 -2.4701e+00 +3.3366e+00 +2.0498e+00
57 +2.140795844e+04 +2.140795844e+04 +2.138589844e+04 +2.138589844e+04 +4.5946e+00 +4.6908e+00 +2.4681e+00 +4.8440e-02 -9.3819e-01 +1.3699e+00 -5.2242e-01 +1.3200e+00 -4.2526e+00 +1.9602e+00 -2.5094e+00 +1.1991e-01 -9.4575e-01 +3.6678e-03 -1.3926e+00 -1.9451e-01 -2.2481e+00 -2.4346e+00 +2.6510e+00 +4.6600e-01
100 +1.173740274e+04 +1.173740274e+04 +1.171534274e+04 +1.171534274e+04 -7.4930e-02 +3.7165e+00 +1.6870e+00 -3.1668e+00 +1.8793e+00 -5.3403e-01 +4.7937e+00 +2.3819e-01 -4.8043e+00 +1.9975e+00 -1.6892e+00 +2.2399e+00 +9.4042e-01 +1.0457e+00 -3.0950e+00 +1.5275e+00 -3.2040e-02 -1.3242e+00 +2.3511e+00 +1.6397e-01
104 +5.906462548e+03 +5.906462548e+03 +5.884402548e+03 +5.884402548e+03 +3.4595e+00 +3.5025e+00 +3.3534e+00 +7.8814e-01 +2.6228e+00 -1.0850e-01 +3.0338e+00 +1.4034e+00 -2.7984e+00 +1.2374e+00 -1.4129e+00 -4.2679e-02 +3.5842e-02 +1.6934e+00 -2.2288e+00 +2.5986e+00 +2.6229e-01 -1.0012e+00 +2.5921e+00 +1.4441e+00
246 +3.908412076e+03 +3.908412076e+03 +3.886352076e+03 +3.886352076e+03 +1.8490e+00 +1.7616e+00 +4.1047e+00 -7.3886e-01 +1.3982e+00 -1.2312e+00 +2.3245e+00 +1.3434e+00 -1.2105e+00 +1.1966e+00 +2.5278e-01 +1.4153e+00 +3.8938e-01 +5.1417e-01 -2.5568e+00 +2.0944e+00 -6.7581e-01 -2.0409e-01 +2.1304e+00 +2.3668e+00
271 +2.277856891e+03 +2.277856891e+03 +2.255796891e+03 +2.255796891e+03 +8.5120e-01 +2.9329e+00 +2.9283e+00 +3.5203e-01 +2.5850e+00 -1.4547e+00 +2.5737e+00 -2.1858e+00 -1.4654e+00 +8.5645e-01 +1.2846e+00 -7.8357e-01 -9.7519e-02 +1.4416e-01 -1.5695e+00 +8.1287e-01 -1.3895e+00 -1.8807e+00 +1.9563e+00 +1.6735e+00
343 +1.386038334e+03 +1.386038334e+03 +1.363978334e+03 +1.363978334e+03 +4.3982e-01 +2.7434e+00 +1.7218e+00 +1.2084e+00 +2.2716e+00 -1.0327e+00 +4.9729e-01 -9.5905e-01 -2.4502e+00 +5.6454e-01 -9.9138e-01 +5.1644e-01 +4.8681e-01 +1.2254e+00 -1.2872e+00 +2.5302e+00 -2.1248e+00 -4.1978e-01 +1.6024e+00 +1.4314e+00
390 +3.416919117e+02 +3.416919117e+02 +3.196319117e+02 +3.196319117e+02 +1.3435e+00 +1.8120e+00 +1.9932e+00 +1.2325e-01 +2.1168e+00 -4.6607e-01 +1.4689e+00 -1.2283e+00 -2.4849e+00 +6.4279e-01 +7.2670e-01 +1.0437e+00 -2.3448e-01 +8.1837e-01 -1.4441e+00 +2.6089e+00 -2.1785e+00 -2.1242e+00 +1.4830e+00 +1.0738e+00
392 +1.455913917e+02 +1.455913917e+02 +1.235313917e+02 +1.235313917e+02 +8.4139e-01 +1.8194e+00 +9.6090e-01 -6.4083e-01 +1.2322e+00 -6.5275e-01 +1.9820e+00 -8.3287e-01 -1.8005e+00 -4.9781e-01 +2.5655e-01 +1.9934e+00 +2.9270e-01 +1.4849e+00 -7.8758e-01 +2.2698e+00 -1.7259e+00 -1.1032e+00 +1.4675e+00 +6.1980e-01
401 +5.194211594e+00 +5.194211594e+00 -1.686578841e+01 -1.686578841e+01 +1.1562e+00 +1.3930e+00 -8.7128e-02 -1.3194e+00 +2.4404e+00 +8.7779e-02 +1.1468e+00 -1.0190e+00 -2.6408e+00 +1.2415e+00 +6.0252e-02 +1.6875e+00 +5.8369e-01 +1.4735e+00 -4.9410e-01 +1.5378e+00 -2.0526e+00 -1.0119e+00 +1.5071e+00 +1.2427e+00
541 +3.956655691e+00 +3.956655691e+00 -1.810334431e+01 -1.810334431e+01 +7.8808e-01 -2.2492e-01 -1.4419e+00 -4.6854e-01 +1.8913e+00 -2.2542e-01 +2.3806e+00 -4.5595e-01 -4.7947e-01 +1.4415e+00 +2.0929e+00 +5.9021e-01 +1.9508e+00 +3.8605e-01 -1.9394e+00 +1.3944e+00 -2.4011e+00 -1.6365e+00 +1.8480e+00 +1.4453e+00
1623 +2.499402439e+00 +2.499402439e+00 -1.956059756e+01 -1.956059756e+01 +3.4366e-01 +6.1362e-02 -7.8360e-01 -5.6889e-01 +2.5216e+00 -7.1024e-01 +2.4684e+00 +3.6102e-01 -5.5558e-01 +2.5573e+00 +1.9835e+00 +1.5594e+00 +1.3938e+00 +1.0207e+00 -1.9325e+00 +1.2479e+00 -1.2992e+00 -1.6774e+00 +1.5890e+00 +1.8871e+00
% function evaluation | noise-free fitness - Fopt (7.129000000000e+01) | best noise-free fitness - Fopt | measured fitness | best measured fitness | x1 | x2...
1 +7.169967903e+04 +7.169967903e+04 +7.177096903e+04 +7.177096903e+04 -1.0707e+00 +2.8349e+00 -6.7280e-02 -2.5431e+00 -3.5929e+00 +3.1239e+00 +6.6883e-01 -3.4996e+00 +7.3788e-01 -1.1778e+00 -5.9133e-02 -1.7016e-01 -3.1157e+00 -1.8753e+00 -9.8220e-02 -3.0544e+00 -2.6815e+00 -2.0433e+00 -2.0314e+00 +2.9771e+00
4 +6.231184563e+04 +6.231184563e+04 +6.238313563e+04 +6.238313563e+04 -4.5856e-02 +6.3388e+00 +3.1890e+00 -2.9427e+00 -2.0222e+00 +3.4271e+00 +3.3312e-01 -4.8018e+00 -4.2223e-01 +2.0592e+00 -6.0317e-01 -9.2307e-01 -6.1625e+00 +2.3686e-01 -3.7114e-01 -1.9808e+00 -4.3210e+00 -7.9032e-02 -1.0186e+00 +1.8560e+00
19 +2.573367811e+04 +2.573367811e+04 +2.580496811e+04 +2.580496811e+04 +2.5662e+00 +1.4381e+00 +3.7641e-01 -4.5322e+00 -4.3805e+00 +2.0291e+00 -1.7774e+00 -3.0337e+00 -1.3299e+00 -4.7702e-01 +1.1048e+00 -8.5467e-01 -5.6398e+00 -2.1068e+00 +2.9025e+00 +3.0552e-01 -1.5041e+00 +4.1519e-01 +1.1484e+00 +2.5829e+00
32 +2.366369726e+04 +2.366369726e+04 +2.373498726e+04 +2.373498726e+04 +3.4805e+00 +4.3031e+00 +2.5144e+00 -3.5414e+00 -3.7844e+00 +2.4736e+00 -9.2127e-01 -2.3428e+00 +1.6937e+00 +1.8669e+00 -4.2374e+00 -9.5948e-01 -5.5591e+00 -7.5336e-01 -9.6206e-01 -2.5641e+00 -1.1306e+00 +4.4642e-01 +1.0427e+00 +1.4175e+00
63 +1.329063087e+04 +1.329063087e+04 +1.336192087e+04 +1.336192087e+04 +3.6661e+00 +2.6099e+00 -6.5409e-01 -3.8848e+00 -3.7121e+00 +2.7900e+00 -2.4194e+00 -2.8143e+00 +4.5453e-01 +4.6941e+00 +8.3741e-01 +4.9627e-02 -2.9318e+00 +1.0869e+00 +2.2361e+00 +3.9763e-01 -2.4189e+00 +1.8970e+00 +2.4699e+00 +1.8189e-01
122 +4.986730109e+03 +4.986730109e+03 +5.058020109e+03 +5.058020109e+03 +1.0706e+00 +2.1052e+00 +1.0095e+00 -3.8020e+00 -2.0447e+00 -5.9292e-01 +5.3990e-01 -3.8262e+00 -2.3899e-01 +3.2424e+00 -2.6527e+00 -5.0527e-01 -3.2876e+00 +4.0276e-01 +2.0093e+00 -1.5054e-01 -2.2946e+00 +9.2382e-01 +6.1142e-01 +1.7862e+00
159 +2.155827978e+03 +2.155827978e+03 +2.227117978e+03 +2.227117978e+03 +1.8654e+00 +1.5565e+00 +7.8024e-01 -1.5068e+00 -2.2180e+00 +1.4336e+00 -2.4505e-01 -5.8448e-02 +7.8192e-01 +2.0365e+00 -1.2615e+00 -1.0259e+00 -1.1869e+00 -2.0999e+00 +2.6791e+00 -1.4565e+00 -2.1699e+00 +1.1544e+00 +1.1424e+00 +1.7149e+00
178 +9.694374269e+02 +9.694374269e+02 +1.040727427e+03 +1.040727427e+03 +1.0700e+00 +3.4635e+00 +2.9815e+00 -1.4420e+00 -3.4420e+00 +3.2055e-01 -1.6903e+00 +1.1693e+00 -2.6157e-01 +1.6010e+00 -2.7403e+00 +5.2221e-01 -9.6979e-01 -1.1749e+00 +2.0113e-01 -9.8176e-01 -2.6086e+00 +1.7421e+00 +1.1866e+00 +6.3442e-01
255 +3.802896654e+02 +3.802896654e+02 +4.515796654e+02 +4.515796654e+02 +1.6334e+00 +2.9453e+00 +2.2531e+00 -9.0903e-01 -1.6375e+00 +2.7581e-01 -3.1259e+00 -2.6034e+00 -5.3009e-01 +9.5468e-03 +1.9116e-01 +7.1646e-01 -1.4699e+00 -1.8899e+00 +1.9488e+00 -9.4386e-01 -1.2002e+00 +9.2663e-01 +2.5434e+00 +1.2259e+00
314 +2.217373143e+02 +2.217373143e+02 +2.930273143e+02 +2.930273143e+02 +1.8644e+00 +1.7253e+00 +2.0401e+00 -9.7716e-01 +1.3885e-01 -7.0410e-01 -1.5792e+00 +6.1901e-01 -7.8542e-01 +6.0464e-01 -1.1521e-01 +1.1534e+00 -1.8229e+00 -1.8596e+00 +4.3576e-01 -3.6955e-01 -1.1803e+00 +1.1349e+00 +2.0231e+00 +1.0817e+00
339 +5.748624133e+00 +5.748624133e+00 +7.703862413e+01 +7.703862413e+01 +1.3930e+00 +5.3895e-01 +1.8702e+00 -1.7285e+00 +6.6442e-02 -1.3108e-01 -1.1138e+00 -2.8783e-01 -5.8536e-02 +1.2768e+00 -6.8207e-01 +1.0035e+00 -1.4095e+00 -9.6132e-01 +2.1872e+00 -9.6895e-01 -1.8117e+00 +9.3714e-01 +2.0616e+00 +9.4100e-01
390 +3.642862425e+00 +3.642862425e+00 +7.493286243e+01 +7.493286243e+01 +1.5804e+00 +1.5930e+00 +1.8270e+00 -1.0715e+00 +2.4556e-01 -2.9743e-01 -1.8921e+00 -4.9226e-01 -8.6542e-01 +4.0205e-01 -1.2307e+00 +3.6847e-01 -8.5306e-01 -1.0775e+00 +1.4026e+00 -7.6592e-01 -1.8589e+00 +1.7501e+00 +2.2420e+00 +2.1269e+00
1206 +2.429940360e+00 +2.429940360e+00 +7.371994036e+01 +7.371994036e+01 +1.3675e+00 +3.0585e+00 +1.8730e+00 -1.3494e-01 -1.6874e+00 +4.7549e-01 -2.0209e+00 -3.5708e-01 -2.9262e-01 +4.6494e-01 -1.3740e+00 +1.7537e+00 -3.2376e-01 -2.1805e+00 +2.0806e+00 -1.4181e+00 -1.6377e+00 +1.5927e+00 +1.6667e+00 +2.1997e+00
% function evaluation | noise-free fitness - Fopt (-1.054000000000e+01) | best noise-free fitness - Fopt | measured fitness | best measured fitness | x1 | x2...
1 +1.280547409e+05 +1.280547409e+05 +1.280442009e+05 +1.280442009e+05 -1.2431e+00 -1.0908e+00 +2.3786e+00 -1.5601e+00 -2.4077e+00 +3.1011e+00 -3.3932e+00 -2.4974e+00 -5.4823e-01 -1.3442e+00 -3.2220e-02 +1.2972e+00 +2.4050e+00 +2.2231e+00 +2.3959e+00 +2.9869e+00 +1.8586e+00 +2.0566e+00 +3.7492e+00 -1.4712e+00
22 +9.644270997e+04 +9.644270997e+04 +9.643216997e+04 +9.643216997e+04 +4.5679e-01 +6.0742e+00 +3.7181e+00 -4.0168e+00 -2.6649e+00 +1.9595e-01 -1.2031e+00 -4.9800e+00 +1.7297e+00 +4.1148e+00 -3.0547e-01 +3.2292e+00 +2.8467e+00 +7.2989e-01 +2.3550e+00 +3.0885e+00 +5.4421e-01 +6.8844e-01 +5.3166e+00 +5.1791e-01
28 +5.379798775e+04 +5.379798775e+04 +5.378744775e+04 +5.378744775e+04 -4.4168e+00 +3.0924e+00 +4.4705e+00 -4.0728e+00 -2.4453e+00 +1.6703e-01 -3.9391e+00 -2.4090e+00 -2.2003e+00 +2.2092e+00 +9.5561e-01 +5.7336e-01 +1.3605e+00 -1.1695e+00 +1.1445e+00 +5.2323e+00 -9.6053e-02 -8.5906e-01 +1.1631e+00 -1.2241e+00
49 +1.085105105e+04 +1.085105105e+04 +1.084051105e+04 +1.084051105e+04 -2.8701e+00 -2.4383e+00 +2.8287e+00 -1.1302e+00 -3.2339e+00 +2.4345e-01 -4.9575e+00 +1.4860e-01 -8.6468e-01 -4.7427e-01 +1.4066e-01 +2.5043e+00 +7.5984e-02 +7.4682e-02 +4.3659e-01 +2.7886e+00 -9.6107e-01 -2.8123e+00 +2.2259e+00 -3.8453e-02
90 +4.912345394e+03 +4.912345394e+03 +4.901805394e+03 +4.901805394e+03 +8.3950e-01 -4.8296e+00 +4.9885e+00 +4.8942e-02 -9.0097e-02 -5.6293e-01 -1.9107e+00 -2.1369e+00 -8.6290e-01 +2.3756e+00 +2.0518e+00 +8.7422e-01 -2.5047e+00 -2.0881e+00 -1.3267e+00 +2.0260e+00 -9.6059e-01 -1.5109e+00 +5.3409e-01 +8.5681e-01
105 +3.673056149e+03 +3.673056149e+03 +3.662516149e+03 +3.662516149e+03 -1.1074e+00 -2.6085e+00 +3.0569e+00 -5.1325e-01 -1.2511e+00 +1.3070e+00 -4.0552e+00 +4.7887e-01 -6.4506e-01 -1.4851e-01 +9.6162e-01 +2.9449e+00 -1.0613e+00 -1.5996e+00 -1.4440e+00 +1.3845e+00 -1.2423e+00 -1.7442e-01 +2.4839e+00 +6.0975e-01
221 +2.292806877e+03 +2.292806877e+03 +2.282266877e+03 +2.282266877e+03 -2.2765e+00 -3.3223e+00 +3.4170e+00 -2.6822e+00 +3.4859e-01 -4.2430e-01 -1.0232e+00 -2.6748e+00 +2.3469e+00 +3.0583e+00 +1.0301e+00 +2.3679e+00 -8.7117e-01 +1.8937e-01 -8.2448e-01 +2.4249e+00 -6.1226e-01 -2.3877e+00 +2.0394e+00 +2.5516e+00
268 +3.141552201e+02 +3.141552201e+02 +3.036152201e+02 +3.036152201e+02 -1.6075e+00 -4.0642e+00 +2.7247e+00 -1.0841e+00 -1.5715e+00 -4.6681e-01 -1.7399e+00 -2.0320e+00 +2.2459e+00 +1.6486e+00 +2.3121e+00 -2.1766e-01 -1.9052e+00 -1.3851e+00 -1.3467e-01 +1.8226e+00 -2.3860e+00 -1.3934e+00 +1.8057e+00 +2.2808e+00
348 +2.496335213e+02 +2.496335213e+02 +2.390935213e+02 +2.390935213e+02 -8.5966e-01 -3.8885e+00 +2.6132e+00 -3.7767e+00 -9.9538e-01 -6.9066e-01 -3.1736e+00 -1.1275e+00 +2.1165e+00 +1.1060e+00 +8.5739e-01 +8.3640e-01 -6.6495e-01 -1.0551e+00 -1.4898e+00 +1.0897e+00 -1.7808e+00 -1.9729e+00 +1.3223e+00 +9.1459e-01
367 +4.113704300e+00 +4.113704300e+00 -6.426295700e+00 -6.426295700e+00 +4.1462e-02 -2.8314e+00 +9.8512e-01 -3.0104e+00 -1.1686e+00 -8.9370e-01 -2.0600e+00 -2.1336e+00 +1.2185e+00 +1.9894e+00 +1.3276e+00 +1.0827e+00 -5.1953e-01 -1.8608e+00 -1.1351e+00 +1.0036e+00 -1.5462e+00 -1.1627e+00 +1.2566e+00 +1.1904e+00
471 +3.826321068e+00 +3.826321068e+00 -6.713678932e+00 -6.713678932e+00 -1.0875e+00 -2.7921e+00 +8.1500e-01 -2.0869e+00 -1.4493e+00 -1.0860e+00 -2.6840e+00 -1.8207e+00 +7.2743e-01 +2.2122e+00 +1.6116e+00 +9.2691e-01 -9.5438e-01 -1.5384e+00 -2.0022e+00 +2.0011e+00 -1.7519e+00 -2.1974e+00 +1.7539e+00 +2.1556e+00
1574 +2.341061514e+00 +2.341061514e+00 -8.198938486e+00 -8.198938486e+00 -2.4543e+00 -3.2857e+00 +1.3916e+00 -2.2090e+00 -9.8576e-02 -2.1210e-01 -1.4341e+00 -2.0824e+00 +1.4844e+00 +2.2966e-01 +5.9948e-01 +2.0118e+00 -2.1445e+00 -4.5909e-01 -1.5982e+00 +2.2461e+00 -1.6650e+00 -1.8456e+00 +2.2284e+00 +1.2549e+00
% function evaluation | noise-free fitness - Fopt (3.860100000000e+02) | best noise-free fitness - Fopt | measured fitness | best measured fitness | x1 | x2...
1 +1.500894369e+05 +1.500894369e+05 +1.504754469e+05 +1.504754469e+05 +1.2666e+00 -1.8474e+00 -7.3204e-01 +2.7191e+00 -1.0273e+00 -2.0186e-02 -3.4139e+00 -1.7812e+00 +2.6007e+00 +6.2470e-01 -2.0354e+00 -3.5250e-01 +3.4186e+00 -1.5871e+00 +3.7286e+00 -3.1369e+00 +2.8526e-01 +3.6914e+00 +1.8002e+00 +1.1729e+00
20 +8.940089497e+04 +8.940089497e+04 +8.978690497e+04 +8.978690497e+04 +1.6160e+00 +8.7184e-01 -1.3804e+00 +4.6287e+00 -8.1521e-01 +3.3955e-02 -1.1630e+00 -1.7529e+00 -5.6590e-01 +2.8227e+00 +1.9735e+00 -1.4963e+00 +2.9509e+00 -1.0349e+00 +1.5068e+00 -4.0502e+00 +2.0609e+00 +5.1454e+00 +7.0776e-01 -3.2424e+00
31 +5.339475722e+04 +5.339475722e+04 +5.378076722e+04 +5.378076722e+04 +1.6845e+00 -3.7731e+00 -5.4138e-01 +2.0452e+00 -3.7561e+00 +1.0246e+00 -4.8272e+00 -1.2680e+00 +1.2971e+00 +1.8062e+00 -2.9814e-01 +2.7042e-02 -7.5941e-01 +2.5690e+00 +2.9554e-01 -2.2004e+00 +2.8933e+00 +3.7750e+00 -8.7702e-01 -1.4830e+00
54 +3.362132326e+04 +3.362132326e+04 +3.400733326e+04 +3.400733326e+04 -1.9165e+00 -2.0347e+00 +1.8854e+00 +4.5172e+00 +4.3708e-01 +3.7096e+00 -3.2492e+00 -1.7100e+00 +6.5841e-01 +2.4965e+00 -3.5920e+00 +2.9221e-01 -3.9963e+00 +1.8122e+00 +1.9085e+00 -2.7113e+00 +1.1871e+00 +3.8683e+00 -6.1119e-01 -1.9535e+00
60 +2.335186982e+04 +2.335186982e+04 +2.373787982e+04 +2.373787982e+04 +2.7487e+00 -9.5238e-01 +3.6475e+00 +2.6701e+00 -3.6502e-01 +1.7224e+00 -8.8635e-01 -1.8825e+00 -1.5643e+00 +2.0849e+00 -1.0987e+00 -1.2537e+00 +1.1851e+00 +1.9148e+00 +2.7544e-01 -3.6108e+00 -1.6776e+00 +2.9137e+00 -2.7972e+00 -2.3294e+00
117 +1.517814289e+04 +1.517814289e+04 +1.556415289e+04 +1.556415289e+04 +1.3100e+00 +5.9834e-03 +3.7621e+00 +4.1037e+00 -8.9922e-01 +1.2287e+00 +1.8458e-01 -3.3880e-01 +1.9732e+00 -1.1843e+00 -1.6867e+00 +6.5594e-01 -7.4799e-01 +3.6590e+00 -9.8116e-01 -2.6386e+00 -7.7943e-01 +4.2776e+00 -1.6181e+00 -2.8171e+00
146 +9.506221642e+03 +9.506221642e+03 +9.892231642e+03 +9.892231642e+03 -7.7983e-01 -1.9361e-01 +1.4674e+00 +2.2980e+00 +2.3900e+00 -1.2685e+00 +3.7769e+00 +4.6019e-01 +1.8073e+00 -6.9639e-01 -2.1784e+00 -5.6433e-01 +2.0827e-01 +2.7292e+00 +6.9626e-01 -1.4481e+00 -2.2194e+00 +1.3782e+00 -3.8040e+00 +2.9574e-01
162 +2.316140478e+03 +2.316140478e+03 +2.702150478e+03 +2.702150478e+03 +5.2392e-02 -2.5533e-01 +2.6523e+00 +1.8078e+00 -1.3174e+00 -1.7855e+00 -6.4038e-01 +2.5611e+00 +2.0091e+00 -2.5851e+00 -9.2098e-01 -1.6707e+00 +1.6784e-01 +2.8197e+00 -1.2333e+00 -4.7297e-01 -1.1583e+00 +7.7494e-01 -1.6831e+00 -2.2416e+00
210 +1.136209043e+03 +1.136209043e+03 +1.522219043e+03 +1.522219043e+03 -1.7570e+00 +1.0178e+00 +1.3985e+00 +4.2050e+00 +1.4090e+00 +3.9023e-01 +5.6871e-01 +2.5186e+00 -9.6779e-01 -1.3462e+00 -1.2231e+00 -2.7431e+00 -1.0934e-01 +1.5752e+00 -2.0632e+00 -6.1200e-01 -9.1175e-01 +5.7218e-01 -1.9864e+00 -2.5957e+00
275 +9.365530299e+02 +9.365530299e+02 +1.322563030e+03 +1.322563030e+03 -1.8294e+00 +1.7217e+00 +1.8459e+00 +3.5383e+00 +1.1908e+00 +5.1459e-01 +1.5368e+00 +1.9801e+00 -1.2856e-01 -1.2224e+00 -6.2825e-01 -1.5590e+00 -1.6091e+00 +5.0233e-01 -2.8705e+00 -1.3904e+00 -1.9801e+00 +1.4678e+00 -4.0397e-01 -9.7243e-01
292 +3.050932963e+02 +3.050932963e+02 +6.911032963e+02 +6.911032963e+02 -2.4956e+00 +1.1144e+00 +1.7705e+00 +3.4133e+00 +2.2779e-01 +2.3239e+00 +1.9477e-01 +1.7752e+00 +5.0879e-01 -1.9734e+00 -7.2568e-01 -2.8446e+00 -1.8893e+00 +1.4104e+00 -2.4541e+00 -4.0867e-01 -1.1441e+00 +2.6244e+00 -1.4871e+00 -1.6839e+00
304 +2.170934258e+02 +2.170934258e+02 +6.031034258e+02 +6.031034258e+02 -5.2365e-01 +1.6263e+00 +1.0915e+00 +3.7490e+00 -6.9028e-02 +1.3015e+00 +6.3974e-01 +2.0735e+00 +4.5395e-01 -2.2320e+00 -9.0817e-01 -1.0304e+00 -2.5822e+00 +1.9168e+00 -2.2960e+00 -2.9588e-01 -1.9280e+00 +8.9202e-01 -7.3398e-01 -1.4738e+00
348 +5.203632127e+00 +5.203632127e+00 +3.912136321e+02 +3.912136321e+02 +3.8507e-02 -5.1288e-01 +5.9451e-01 +3.1444e+00 +5.6890e-01 +1.4854e+00 +5.3107e-01 +2.2454e+00 +1.5874e+00 -7.0856e-01 -6.1715e-01 -2.0555e+00 -1.2376e+00 +1.5212e+00 -1.5064e+00 -1.5819e+00 -5.4245e-01 +1.0557e+00 -1.2267e+00 -2.0729e+00
371 +3.900307285e+00 +3.900307285e+00 +3.899103073e+02 +3.899103073e+02 -1.7816e-01 +3.9037e-01 +6.6782e-01 +2.2751e+00 -5.2349e-02 +2.5050e+00 +6.8180e-01 +1.8933e+00 -2.7298e-03 -1.2815e+00 -2.5296e-01 -1.4034e+00 -1.9835e-01 +1.4619e+00 -1.4697e+00 -1.9029e+00 -1.2597e+00 +1.6487e+00 -2.2297e+00 -1.4994e+00
1424 +2.391691592e+00 +2.391691592e+00 +3.884016916e+02 +3.884016916e+02 -7.0407e-01 -1.2231e+00 -1.4859e+00 +2.3641e+00 -7.8408e-01 +2.7226e+00 +1.1947e+00 +2.3119e-02 +1.0728e+00 -8.5758e-01 -2.4132e+00 -1.4383e+00 -1.7126e+00 +1.7417e+00 -1.6997e+00 -1.7207e+00 -2.2088e+00 +1.6296e+00 -1.3061e+00 -1.7597e+00
% function evaluation | noise-free fitness - Fopt (-1.257000000000e+01) | best noise-free fitness - Fopt | measured fitness | best measured fitness | x1 | x2...
1 +2.693612360e+05 +2.693612360e+05 +2.693486660e+05 +2.693486660e+05 -2.5814e+00 -1.2371e+00 -2.1929e+00 +1.9288e+00 +3.0759e+00 -1.1843e+00 +2.9551e+00 -1.8340e+00 +1.1716e-01 +1.6398e+00 +1.0242e+00 -3.0522e+00 -2.3372e+00 +1.9868e+00 -7.7474e-01 +1.3192e+00 -3.9937e+00 -3.3886e+00 +3.0316e+00 -2.9924e+00
9 +2.060650961e+05 +2.060650961e+05 +2.060525261e+05 +2.060525261e+05 -7.0753e+00 +1.0204e-01 -4.5269e+00 +4.6498e+00 +3.2565e+00 -3.4122e+00 +3.1330e+00 -3.5947e+00 +2.2377e-01 +3.4471e+00 -3.2254e-01 -8.9190e-01 +6.5489e-01 -1.4384e+00 -1.5822e+00 +1.6693e+00 -1.9482e+00 -1.7650e+00 +1.0924e+00 -3.8031e+00
22 +1.472920526e+05 +1.472920526e+05 +1.472794826e+05 +1.472794826e+05 -9.6373e-01 -1.0947e+00 -2.6072e-01 -1.0641e+00 +1.7751e+00 -6.9206e+00 +2.7059e+00 -1.4362e+00 -5.2038e-01 +3.6210e+00 +3.7606e+00 -2.1884e+00 -4.5969e+00 +1.2088e+00 -2.6587e+00 -8.1474e-01 -1.7110e+00 -3.9100e+00 -1.4914e+00 -8.4020e-01
25 +8.948976689e+04 +8.948976689e+04 +8.947719689e+04 +8.947719689e+04 -2.2687e+00 +1.2672e+00 -5.1051e-01 -2.8353e+00 +3.2274e+00 -6.9331e-01 +2.2975e+00 -2.9504e+00 +3.1332e-01 +3.4980e+00 -8.1109e-01 -2.3478e+00 +1.3525e+00 -3.4243e+00 +1.3200e+00 -1.0355e+00 -1.8800e+00 -7.8505e-01 -4.4544e-02 -2.1557e+00
59 +6.086881523e+04 +6.086881523e+04 +6.085624523e+04 +6.085624523e+04 -6.3484e-03 -3.5067e-01 +4.1188e+00 -2.4791e+00 +3.5624e+00 -1.1202e+00 +3.9822e+00 -2.0460e+00 -2.6953e+00 +1.6558e+00 -2.3956e+00 -2.8716e+00 -2.0780e+00 -2.7161e-01 -3.7327e+00 -1.5050e+00 -3.3858e+00 -8.3687e-01 -4.6913e+00 -3.4586e-01
140 +2.951100465e+04 +2.951100465e+04 +2.949843465e+04 +2.949843465e+04 -1.8238e+00 -7.8316e-01 +1.2877e+00 -2.9641e+00 -2.4259e-01 +2.1529e+00 -2.5678e+00 +8.9754e-01 -2.5824e+00 +8.0534e-01 -2.0738e+00 -2.9599e+00 -3.8662e+00 +9.5747e-02 +1.0273e+00 -1.2016e+00 -1.3878e+00 -2.2571e-01 -7.3719e-01 +3.5694e+00
159 +2.147405404e+04 +2.147405404e+04 +2.146148404e+04 +2.146148404e+04 +1.7752e+00 -1.9988e+00 +4.4585e+00 -2.3263e+00 -1.1951e+00 -2.0711e+00 +1.2094e+00 +3.3029e+00 -2.6755e+00 +3.8952e+00 -9.3405e-01 -1.6800e+00 -1.1647e+00 -8.5196e-01 -9.1140e-01 -6.3091e-01 -6.4845e-01 -1.7931e-01 -1.5907e+00 +2.9798e+00
182 +9.770214100e+03 +9.770214100e+03 +9.757644100e+03 +9.757644100e+03 -1.3241e+00 -1.8789e+00 +4.0411e+00 -1.3760e+00 -1.7576e+00 +4.8264e-01 +1.6517e+00 +2.8900e+00 -1.8328e+00 +1.9767e+00 -1.0090e+00 +1.3507e+00 +6.9390e-02 -1.0511e+00 -1.1238e+00 -3.0640e+00 +4.8271e-01 +6.2665e-01 -5.7787e-01 +8.2729e-01
215 +4.962400484e+03 +4.962400484e+03 +4.949830484e+03 +4.949830484e+03 -2.8777e-01 -4.6550e-01 +8.9073e-01 -4.0739e-02 +6.5889e-01 -1.8445e+00 +4.5008e-01 +3.7228e+00 +5.5914e-01 +8.3767e-01 -3.3896e-01 +1.9113e+00 -1.4707e+00 -2.5878e+00 +6.1811e-02 -2.9439e+00 -2.6187e+00 -6.0414e-01 -2.8872e+00 +2.0390e+00
230 +3.869156734e+03 +3.869156734e+03 +3.856586734e+03 +3.856586734e+03 -7.2885e-01 -7.2944e-01 +1.6749e-02 +8.1834e-01 +6.3417e-01 +6.6828e-01 -8.1487e-02 +2.9303e+00 -1.8719e+00 +8.4497e-01 -1.3730e+00 +1.8019e+00 -1.1249e+00 +7.3788e-01 -2.1666e+00 -1.2808e+00 -2.7555e+00 +1.3295e-02 -6.9133e-01 +2.0690e+00
285 +2.145336036e+03 +2.145336036e+03 +2.132766036e+03 +2.132766036e+03 +3.5967e+00 +1.7796e+00 +1.7252e+00 -1.1727e+00 -1.3482e+00 +1.4397e+00 -2.0035e+00 +2.9614e+00 -2.6340e-01 +3.9306e+00 -1.2082e+00 +2.6198e-01 -3.6681e-01 -2.7810e+00 -1.3945e+00 -1.4514e+00 -3.0492e-01 +1.8657e+00 -2.3519e+00 +1.8261e+00
287 +1.128242544e+03 +1.128242544e+03 +1.115672544e+03 +1.115672544e+03 +4.5537e-01 +1.1744e-01 +2.2051e+00 +5.0395e-02 -8.7134e-01 +2.3854e+00 -8.3417e-01 +1.7988e+00 -9.4115e-01 +5.7795e-01 -2.1335e-01 +1.1776e+00 -1.2844e+00 -7.3408e-01 -2.0985e+00 -1.3493e+00 -2.3142e+00 +2.3469e+00 -1.1331e+00 +2.8892e+00
299 +9.164975582e+02 +9.164975582e+02 +9.039275582e+02 +9.039275582e+02 +5.6659e-01 +1.3752e+00 +1.9634e+00 -3.7524e-01 -1.3008e+00 +6.1745e-01 -2.0372e-01 +2.7414e+00 -2.1704e-01 +2.1678e+00 -4.7269e-01 +1.0953e+00 -2.0801e-01 -3.3230e+00 -1.9949e+00 -2.5104e+00 -1.2619e-01 +1.9371e+00 -2.4328e+00 +9.2843e-01
366 +4.667528178e+02 +4.667528178e+02 +4.541828178e+02 +4.541828178e+02 -1.9066e-01 -3.0870e-01 +8.6098e-01 -2.8145e+00 +1.5773e+00 +1.4937e-02 -7.4024e-01 +2.1974e+00 +5.7780e-01 +2.7831e+00 -1.2548e+00 +1.8697e+00 -5.6857e-01 -3.1468e+00 -2.0077e+00 -2.3663e+00 -1.1422e+00 +2.2574e+00 -1.7915e+00 +2.1109e+00
371 +3.774413451e+01 +3.774413451e+01 +2.517413451e+01 +2.517413451e+01 +1.0246e-01 -1.2912e+00 -8.3505e-01 -1.2383e+00 +8.7051e-01 -5.6270e-01 -1.7616e+00 +2.2698e+00 -1.3908e-01 +1.9169e+00 -1.7478e+00 +1.3133e+00 -4.5385e-01 -3.1425e-01 -1.4650e+00 -2.4841e+00 -1.4498e+00 +1.1297e+00 -2.5009e+00 +1.0556e+00
390 +4.410193253e+00 +4.410193253e+00 -8.159806747e+00 -8.159806747e+00 -1.9116e+00 -3.5933e-01 +5.2004e-02 -1.4719e+00 +9.4198e-01 +2.1289e-01 -1.2456e+00 +2.3155e+00 +5.9950e-01 +1.2106e+00 -1.3144e+00 +1.9069e+00 -1.3499e-01 -1.6722e+00 -1.9595e+00 -1.3885e+00 -1.5482e+00 +9.1584e-01 -1.7950e+00 +1.4706e+00
554 +3.783698631e+00 +3.783698631e+00 -8.786301369e+00 -8.786301369e+00 +6.1017e-01 -1.7875e-02 -6.9210e-01 -1.2467e-01 +9.6125e-01 +1.9392e+00 -1.2948e+00 +8.4143e-01 +3.2670e-02 +2.6286e+00 +4.7711e-01 +2.2273e+00 -1.6450e+00 -1.1557e+00 -7.2020e-01 -1.5480e+00 -2.1261e+00 +7.1038e-01 -9.1412e-01 +1.6832e+00
1774 +2.403561433e+00 +2.403561433e+00 -1.016643857e+01 -1.016643857e+01 +1.8581e-01 -8.9369e-01 -4.9452e-01 +4.2605e-01 +6.1811e-01 +1.6676e+00 -1.4461e+00 +2.2998e+00 +6.5621e-01 +1.7955e+00 -2.0223e-01 +1.9902e+00 -1.5952e+00 -1.0763e+00 -2.3921e+00 -1.5244e+00 -2.2217e+00 +1.6578e+00 -1.3848e+00 +1.9308e+00
% function evaluation | noise-free fitness - Fopt (-1.270400000000e+02) | best noise-free fitness - Fopt | measured fitness | best measured fitness | x1 | x2...
1 +1.436745429e+05 +1.436745429e+05 +1.435475029e+05 +1.435475029e+05 +3.7618e+00 +2.6090e+00 +6.6434e-01 -8.0516e-01 +3.0978e+00 +2.0042e+00 -2.9808e+00 -1.0597e+00 -1.4209e+00 -2.0757e+00 -3.9096e+00 -1.3358e+00 +9.3814e-01 -3.6901e+00 -4.9373e-01 +3.7735e+00 -2.8151e-01 +2.2721e+00 +1.6905e+00 -2.3726e+00
25 +9.501598278e+04 +9.501598278e+04 +9.488894278e+04 +9.488894278e+04 +4.1217e+00 +6.5236e+00 +2.0085e+00 -2.4360e+00 +3.9668e+00 -2.3523e+00 -1.4951e+00 -1.1280e-01 -6.2910e-01 +3.2472e-02 -2.9954e+00 -7.5518e-01 +2.8985e-01 -6.0972e+00 +4.0854e-01 +1.5813e+00 +6.4002e-01 -3.9228e-01 +4.1374e+00 -3.2994e-01
33 +5.538669961e+04 +5.538669961e+04 +5.525965961e+04 +5.525965961e+04 +2.8208e+00 +5.0226e+00 +9.0566e-01 +1.6692e+00 +2.2685e+00 +6.8721e-01 -1.6879e+00 +1.2147e+00 -5.5689e-01 -5.4783e-01 -8.8006e-01 -2.4189e+00 -7.8721e-01 -4.2061e+00 -2.6024e+00 +3.7325e+00 -4.4573e+00 -1.2429e+00 +1.8804e+00 -3.1637e-01
51 +3.902577888e+04 +3.902577888e+04 +3.889873888e+04 +3.889873888e+04 +1.1253e+00 +7.0400e+00 +3.5150e-01 -1.9369e-01 +2.4257e+00 +1.3585e+00 -2.2928e+00 -2.6994e-01 +3.6073e+00 +8.0524e-01 -1.6208e-01 -4.4534e+00 -2.9557e+00 -1.6153e+00 +1.0387e+00 -3.5312e-01 -4.9231e-01 -2.2922e+00 +2.5987e+00 -1.7354e+00
107 +2.246325786e+04 +2.246325786e+04 +2.233621786e+04 +2.233621786e+04 -5.1038e-01 +5.5365e+00 -4.2388e-01 +1.6097e+00 -4.0582e+00 -5.1178e+00 +2.4340e+00 +8.0930e-01 -4.5896e-02 +1.2399e-01 +7.5417e-01 -3.6861e+00 -9.8639e-01 -2.3563e+00 -2.2907e+00 -6.9444e-01 -2.2929e+00 -2.4072e+00 +3.2799e+00 -1.4358e+00
158 +8.273949178e+03 +8.273949178e+03 +8.146909178e+03 +8.146909178e+03 -2.1038e+00 +2.7097e+00 +3.0604e-01 +6.2665e-01 -1.1769e+00 -4.4589e+00 -5.6528e-01 +4.2392e-01 +3.8368e-01 +1.8197e+00 -5.1269e-01 -1.5313e+00 +8.9937e-01 -7.6973e-01 -1.4381e+00 -2.8115e+00 -3.3345e+00 +4.2074e-02 +1.3045e+00 -2.8777e+00
172 +2.880892667e+03 +2.880892667e+03 +2.753852667e+03 +2.753852667e+03 -1.2578e+00 +2.7269e+00 +3.5753e-01 +7.5184e-01 -6.2512e-01 -3.5842e+00 +1.4434e+00 +2.8846e-01 +9.6764e-01 +2.7937e+00 +2.3987e+00 +4.6027e-01 +7.3966e-01 -1.3034e+00 -8.0785e-01 -2.8884e+00 -2.0924e+00 -2.3660e+00 -2.0949e-01 -2.8042e+00
245 +1.656490912e+03 +1.656490912e+03 +1.529450912e+03 +1.529450912e+03 -3.0805e+00 +2.8455e+00 -2.9149e-01 +7.3875e-01 -2.3710e+00 -1.7224e+00 +5.8986e-01 +1.5592e+00 +8.9069e-01 +2.7109e+00 +6.7834e-01 -1.2000e-01 +1.0198e+00 -1.3358e+00 +4.2497e-02 -2.9845e+00 -6.6349e-01 -1.8756e+00 +2.1710e+00 -1.1507e-01
349 +1.346534117e+03 +1.346534117e+03 +1.219494117e+03 +1.219494117e+03 -3.7843e+00 +9.5824e-01 -6.5926e-01 +6.1590e-01 -5.9682e-01 -1.1239e+00 +2.5875e-01 +2.1346e-02 +6.6323e-01 +6.3809e-01 -1.3872e-01 +3.6304e-01 +2.7650e+00 -9.3249e-01 -2.0824e+00 -1.6879e+00 -6.5561e-01 -1.0643e+00 +9.4338e-01 -2.4952e+00
356 +1.651105051e+02 +1.651105051e+02 +3.807050510e+01 +3.807050510e+01 -2.7761e+00 +9.6172e-01 -1.0616e+00 +8.7486e-01 -2.6140e+00 -1.9247e+00 -1.4207e+00 +3.1294e-01 -1.2060e-02 +3.7749e-01 +1.4253e+00 -3.7280e-01 +1.2625e+00 -1.8577e-01 -1.6446e+00 -2.0893e+00 -1.3814e+00 -5.7235e-01 +1.5839e+00 -2.0490e+00
432 +9.591109214e+01 +9.591109214e+01 -3.112890786e+01 -3.112890786e+01 -2.3816e+00 +9.1280e-01 -9.2543e-01 +1.4145e+00 -1.3798e+00 -6.6151e-01 -6.4105e-01 +4.1789e-01 +1.2998e+00 +1.8180e+00 +4.5935e-02 -2.0644e-01 +1.7079e+00 -2.2131e+00 -1.2182e+00 -1.4249e+00 -1.6233e+00 -2.5340e+00 +9.5935e-01 -1.2567e+00
445 +3.506164367e+01 +3.506164367e+01 -9.197835633e+01 -9.197835633e+01 -1.9637e+00 +1.2249e+00 -1.3900e+00 -2.5160e-01 -1.9823e+00 -2.3704e+00 -1.0301e+00 +5.9783e-02 +7.9409e-01 +1.7441e+00 +9.4807e-01 -1.6675e+00 +7.9107e-01 -2.6069e+00 -1.1171e+00 -1.6496e+00 -9.8429e-01 -2.3266e+00 +9.0236e-01 -1.2143e+00
509 +2.098711329e+01 +2.098711329e+01 -1.060528867e+02 -1.060528867e+02 -2.5469e+00 +1.3383e+00 -6.5334e-01 +8.0321e-01 -2.8946e+00 -2.0014e+00 +1.6776e+00 +4.3125e-01 +2.3042e+00 +1.8158e+00 +1.9479e+00 -1.5823e+00 +1.1738e+00 -1.9734e+00 -1.0927e+00 -2.1665e+00 -2.0835e+00 -2.1804e+00 +1.0687e+00 -1.8910e+00
531 +3.729731018e+00 +3.729731018e+00 -1.233102690e+02 -1.233102690e+02 -1.8733e+00 -7.4044e-02 -1.0223e+00 +7.6717e-01 -2.4998e+00 -1.3023e+00 +5.6287e-01 +1.2399e+00 +1.7038e+00 +2.2870e+00 +7.1699e-01 -1.9013e+00 +9.7760e-01 -2.2049e+00 -1.0090e+00 -1.8049e+00 -8.8324e-01 -1.6516e+00 +2.1096e+00 -1.7468e+00
1536 +2.471833223e+00 +2.471833223e+00 -1.245681668e+02 -1.245681668e+02 -1.9731e+00 +5.4509e-01 -3.4135e-01 +5.6743e-01 -2.6310e+00 -1.9204e+00 +2.1789e+00 +2.0184e+00 +8.8556e-01 +1.3603e+00 +3.1131e-01 -2.6125e+00 +1.2898e+00 -6.9130e-01 -2.3265e+00 -1.6230e+00 -1.5924e+00 -1.7314e+00 +1.2826e+00 -1.9666e+00
1960 +1.573889823e+00 +1.573889823e+00 -1.254661102e+02 -1.254661102e+02 -1.9811e+00 +5.1512e-01 -4.9242e-01 +4.5383e-01 -2.4569e+00 -1.9960e+00 +2.1460e+00 +2.0775e+00 +1.3651e+00 +1.5983e+00 +2.8869e-01 -2.5877e+00 +1.0800e+00 -7.2148e-01 -2.4342e+00 -1.5972e+00 -1.8424e+00 -1.7804e+00 +9.9041e-01 -2.0495e+00
% function evaluation | noise-free fitness - Fopt (-3.752000000000e+01) | best noise-free fitness - Fopt | measured fitness | best measured fitness | x1 | x2...
1 +1.189507865e+05 +1.189507865e+05 +1.189132665e+05 +1.189132665e+05 +5.4076e-01 +2.9240e+00 +1.9817e+00 -2.4213e+00 +6.4634e-02 -6.4304e-01 +1.7384e+00 -3.1191e+00 -6.3658e-01 -2.9335e+00 -8.7647e-01 -8.6414e-01 +2.8801e+00 -3.4270e+00 +3.2957e+00 -3.0380e+00 +2.9736e+00 +2.8510e+00 -2.4471e+00 -5.3894e-01
4 +6.487510219e+04 +6.487510219e+04 +6.483758219e+04 +6.483758219e+04 +1.5656e+00 +6.4279e+00 +5.2380e+00 -2.8209e+00 +1.6353e+00 -3.3980e-01 +1.4027e+00 -4.4213e+00 -1.7967e+00 +3.0353e-01 -1.4205e+00 -1.6171e+00 -1.6673e-01 -1.3148e+00 +3.0228e+00 -1.9645e+00 +1.3341e+00 +4.8153e+00 -1.4343e+00 -1.6600e+00
18 +4.816578744e+04 +4.816578744e+04 +4.812826744e+04 +4.812826744e+04 +1.6693e+00 +4.7495e+00 +2.6363e+00 -4.7912e+00 +2.3477e+00 -1.8401e+00 +1.1526e+00 -8.3696e-02 -9.8440e-01 -2.1235e+00 +1.6916e-01 -9.6703e-01 +2.2797e+00 -2.9494e-02 +3.1817e+00 -1.1115e+00 +3.8644e+00 +1.8194e+00 -6.7661e-01 -3.0110e+00
28 +3.698812515e+04 +3.698812515e+04 +3.695060515e+04 +3.695060515e+04 +3.7193e-02 +5.0727e+00 +8.0366e-01 -2.3139e+00 +2.8542e+00 -1.9011e+00 +2.8415e+00 -9.7545e-01 -6.4149e-01 +7.1288e-01 -2.5740e+00 -4.7647e-01 +6.1732e-01 +1.2059e+00 +7.5139e-01 -1.8773e+00 -1.2738e+00 +4.5727e+00 -2.7578e-01 -8.6032e-02
57 +1.943509596e+04 +1.943509596e+04 +1.939757596e+04 +1.939757596e+04 +1.9608e+00 +3.1855e+00 +1.6044e+00 -4.0292e+00 +4.8166e+00 -2.0322e+00 +1.2053e+00 -3.8545e+00 -1.1561e+00 -2.5538e+00 +3.3089e-01 -2.1012e+00 -1.2500e+00 +1.4345e+00 +1.5505e+00 -1.9312e+00 +1.8231e+00 +1.0410e+00 +2.3286e+00 -2.6615e+00
124 +1.375357015e+04 +1.375357015e+04 +1.371605015e+04 +1.371605015e+04 +1.8236e+00 +2.5186e+00 +1.8955e+00 -2.2332e+00 +4.1488e+00 +2.4760e+00 +1.6542e+00 -2.4681e-01 -6.0183e-02 -1.3579e+00 +2.1769e+00 -1.3688e+00 -1.7022e+00 +6.6703e-01 +4.4983e-01 -3.7881e+00 +2.6651e+00 +3.2620e+00 +1.8559e+00 -8.3222e-01
131 +6.682650223e+03 +6.682650223e+03 +6.645130223e+03 +6.645130223e+03 +4.6737e+00 +3.5787e+00 -1.4433e+00 -1.1007e+00 +3.3241e+00 -1.8260e+00 +1.8915e+00 -4.2165e-01 +1.9991e+00 -8.6973e-01 +6.8101e-01 +1.2500e+00 -1.7207e+00 +1.1336e+00 +3.6816e-01 -3.0383e+00 +3.2169e-01 +3.3478e+00 +1.0299e+00 -9.6782e-01
168 +6.160554574e+03 +6.160554574e+03 +6.123034574e+03 +6.123034574e+03 +1.5339e+00 +3.2355e+00 -4.7097e-01 -4.3574e-01 +2.4042e+00 -1.9804e+00 +5.4072e-01 -8.9033e-01 -7.5891e-01 +2.5206e+00 +2.4688e+00 -7.5832e-01 +5.2142e-01 +2.2552e+00 +1.3124e+00 -2.1657e+00 +8.7161e-01 +3.6104e+00 +2.2909e+00 -8.0421e-01
185 +3.294591638e+03 +3.294591638e+03 +3.257071638e+03 +3.257071638e+03 +1.5139e+00 +2.8564e+00 -1.0208e+00 -1.1111e+00 +3.0254e+00 -1.0184e+00 +3.5066e+00 -9.3171e-01 +1.5111e+00 -1.8950e+00 +3.3603e+00 -2.6114e-01 +5.2123e-02 +2.8141e+00 -1.8233e-01 -2.0574e+00 +3.2125e-01 +2.3370e+00 +1.4987e+00 -9.0008e-01
213 +2.162898959e+03 +2.162898959e+03 +2.125378959e+03 +2.125378959e+03 +9.3741e-01 +1.8353e+00 +4.4536e-01 -2.1990e+00 +3.5166e+00 -1.8825e+00 +1.1845e+00 -1.9638e+00 +6.2493e-01 +4.2668e-01 +2.3227e+00 +4.9961e-01 +3.4945e-01 +5.8007e-01 +1.7365e+00 -1.8537e+00 +1.1766e+00 +2.3513e+00 +2.2754e+00 -2.2161e+00
244 +8.667892908e+02 +8.667892908e+02 +8.292692908e+02 +8.292692908e+02 +2.0362e-01 +1.6926e+00 -1.3055e+00 -5.8388e-02 +3.0687e+00 +2.1445e-01 +1.1474e+00 -1.3584e+00 +1.0952e+00 +8.1288e-01 +2.9142e+00 -1.6355e+00 -1.3426e+00 +1.5597e+00 +2.3644e+00 -1.5985e+00 +1.0625e+00 +2.9971e+00 +1.2983e+00 -1.7193e+00
245 +2.788010831e+02 +2.788010831e+02 +2.412810831e+02 +2.412810831e+02 +1.3492e+00 +1.8237e+00 -1.0005e+00 -1.6631e+00 +2.0250e+00 +2.1577e-01 +1.3161e+00 -3.0400e-01 -3.0360e-01 +6.7952e-01 +2.0890e+00 -7.5744e-01 -8.5090e-01 +1.6329e+00 -8.6956e-02 -2.3237e+00 +1.8220e+00 +1.8691e+00 +1.7480e+00 -1.4270e+00
255 +2.196940068e+02 +2.196940068e+02 +1.821740068e+02 +1.821740068e+02 +1.0935e+00 +1.8923e+00 +1.0655e-01 -1.1347e+00 +2.1598e+00 -1.0329e+00 +7.0808e-01 -3.2256e-01 +3.3262e-02 +1.2967e-01 +2.2222e+00 -1.4714e+00 -1.1253e+00 -6.6675e-02 +5.9275e-01 -2.3677e+00 +1.3222e+00 +1.1009e+00 +1.0709e+00 -1.4544e+00
256 +2.149407590e+01 +2.149407590e+01 -1.602592410e+01 -1.602592410e+01 -1.7221e-01 +1.1493e+00 -1.0574e+00 -1.3609e+00 +2.1626e+00 -1.0092e+00 +1.9394e+00 -2.2483e+00 -1.4545e-01 +1.4427e-01 +2.9223e+00 -1.4583e+00 -6.9479e-01 +1.6718e+00 +1.7694e+00 -1.4296e+00 +1.3516e+00 +1.8564e+00 +1.6368e+00 -2.0778e+00
271 +4.000782617e+00 +4.000782617e+00 -3.351921738e+01 -3.351921738e+01 +7.5964e-01 +1.3235e+00 -1.4059e+00 -9.8478e-01 +1.9799e+00 +5.9228e-01 +7.1579e-01 -7.2195e-01 +7.2514e-01 +1.3867e+00 +2.4929e+00 -1.4676e+00 -1.9322e+00 +9.3276e-01 +1.3788e+00 -2.1783e+00 +1.6124e+00 +1.8641e+00 +1.4806e+00 -1.8472e+00
297 +3.763621595e+00 +3.763621595e+00 -3.375637841e+01 -3.375637841e+01 +9.6108e-01 +2.7679e-01 -1.4475e+00 -5.7778e-01 +2.1455e+00 +5.8617e-01 +6.8981e-02 -2.7868e+00 +1.2448e+00 +1.4678e+00 +2.2639e+00 -8.0320e-01 -1.3321e+00 +1.6668e+00 +1.4336e+00 -1.8026e+00 +1.2690e+00 +7.9344e-01 +1.7848e+00 -2.1281e+00
1341 +2.501888551e+00 +2.501888551e+00 -3.501811145e+01 -3.501811145e+01 -2.4867e-01 +7.9464e-01 +5.3614e-01 -3.9045e-01 +6.3340e-01 +3.1719e-01 +7.5191e-02 -2.5778e+00 +2.6911e-01 +4.5975e-01 +2.4388e+00 -2.0015e-01 -8.1130e-01 +7.7913e-01 +1.7170e+00 -9.2443e-01 +9.7962e-01 +1.4294e+00 +1.5319e+00 -1.1000e+00
% function evaluation | noise-free fitness - Fopt (-3.311600000000e+02) | best noise-free fitness - Fopt | measured fitness | best measured fitness | x1 | x2...
1 +6.970242290e+04 +6.970242290e+04 +6.937126290e+04 +6.937126290e+04 +6.3393e-01 +3.3515e+00 -3.1873e+00 +3.9059e+00 +6.0589e-01 -2.0534e+00 -1.8149e+00 -2.5810e+00 +1.5682e+00 -1.9674e-01 -1.3445e-01 -7.7461e-01 -4.8174e-01 +5.4531e-01 +3.6006e+00 +2.2157e+00 -3.1781e+00 -1.2599e+00 -3.0980e+00 -8.4091e-01
8 +4.837042953e+04 +4.837042953e+04 +4.803926953e+04 +4.803926953e+04 +4.1514e+00 +5.6430e+00 -1.0888e-01 +4.3598e-01 +2.1526e+00 -6.1822e+00 -1.2300e+00 -4.3143e+00 +2.8823e+00 -3.4959e+00 +7.2787e-02 -7.3547e-01 +1.5701e+00 +1.5082e+00 +5.2588e+00 +1.2595e+00 +2.1861e-01 -3.5660e-01 -1.8561e+00 +3.2501e-01
27 +3.348919121e+04 +3.348919121e+04 +3.315803121e+04 +3.315803121e+04 +3.8069e+00 +7.5251e+00 -2.8285e+00 +3.4081e+00 +1.4635e+00 -1.1966e+00 -2.7283e+00 -3.3117e+00 -1.5672e+00 +1.3137e+00 -8.7103e-01 -3.5984e+00 -4.5765e-01 +2.0784e+00 +2.4361e+00 +3.2872e+00 -1.5341e+00 +1.2489e+00 -5.1349e-01 -3.8538e+00
60 +1.761534515e+04 +1.761534515e+04 +1.728418515e+04 +1.728418515e+04 -9.3710e-01 +6.2892e+00 -1.6998e+00 +2.0778e+00 +1.4285e+00 +4.2681e-01 -3.6467e-01 +3.8904e-01 -3.4398e-01 +1.1038e+00 +2.7649e+00 -2.4142e-01 +2.3704e+00 -6.1608e-01 -2.3738e-01 +3.9126e+00 -3.4537e-01 +2.7616e+00 -1.4154e+00 -2.0851e+00
82 +1.004831757e+04 +1.004831757e+04 +9.717157573e+03 +9.717157573e+03 +1.2537e+00 +2.0054e+00 -5.4165e+00 +5.4601e-01 +7.2870e-01 +2.4507e-01 -4.7568e+00 -3.6749e+00 -8.9434e-01 -4.3841e-01 +9.4708e-01 +3.6781e-01 +1.2539e+00 +3.1011e-01 -1.9484e-01 +2.7009e+00 -6.0683e-02 +2.9351e+00 -1.3685e+00 -7.6894e-01
86 +9.212238621e+03 +9.212238621e+03 +8.881078621e+03 +8.881078621e+03 -7.9675e-01 +1.9876e+00 -4.5026e+00 -1.2532e+00 +2.3062e+00 -1.0060e+00 -3.4662e+00 +6.0872e-02 +6.3223e-03 -2.9334e+00 +1.0110e+00 +1.4235e+00 -9.2004e-01 +2.7842e+00 +8.2674e-02 +1.1788e+00 +2.6048e+00 +1.2096e+00 -1.2249e+00 -1.5883e+00
182 +1.694795037e+03 +1.694795037e+03 +1.363635037e+03 +1.363635037e+03 +4.9099e-01 +1.3204e+00 -2.3348e+00 +1.3856e-01 +1.3979e+00 -2.4648e+00 -1.6323e+00 +1.0450e+00 -4.2367e+00 +4.7570e-01 +3.2979e+00 +8.2241e-01 +3.0408e+00 +6.8798e-01 +1.2547e+00 +4.1544e-01 +1.3621e+00 +1.0150e+00 -1.5883e+00 -6.2677e-01
271 +9.791976519e+02 +9.791976519e+02 +6.480376519e+02 +6.480376519e+02 +2.2133e+00 +2.2035e+00 -4.5626e+00 -1.0453e+00 +3.6376e-01 -6.5277e-01 -8.4362e-01 -3.0250e-01 -2.9111e+00 +1.3599e+00 +1.5983e+00 -5.1349e-01 +7.7236e-01 +1.6997e+00 +1.5304e+00 +9.9679e-01 +1.9592e+00 +5.2907e-01 -1.4713e+00 -8.0810e-01
288 +2.459671426e+02 +2.459671426e+02 -8.519285739e+01 -8.519285739e+01 +1.3598e+00 +2.0628e+00 -3.4960e+00 -4.8098e-02 -5.4550e-01 -8.1775e-02 -1.8622e+00 -8.4420e-01 -6.3410e-01 +6.4668e-01 +1.5072e+00 -9.5833e-01 +1.0334e+00 +1.0560e+00 +2.1842e+00 +1.4663e+00 +1.6894e+00 +1.0577e+00 -1.8696e+00 -1.4645e+00
347 +1.249493761e+02 +1.249493761e+02 -2.062106239e+02 -2.062106239e+02 +9.1259e-01 +1.9239e+00 -2.8431e+00 +8.7076e-01 +1.8305e+00 -5.6001e-01 -3.2601e-01 -1.5213e+00 -2.1411e+00 +2.1748e-01 +1.1934e+00 -2.1040e-01 +7.6498e-01 +1.6909e+00 +2.0267e+00 +2.5047e+00 +4.8672e-01 +2.0188e+00 -1.5985e+00 -1.9392e+00
359 +6.169585113e+01 +6.169585113e+01 -2.694641489e+02 -2.694641489e+02 +6.5687e-01 +1.7914e+00 -2.8802e+00 +1.9735e+00 +8.8425e-01 -4.6792e-01 +2.5630e-01 -7.8899e-01 -2.7783e+00 +1.5287e-01 +1.3381e+00 -3.3233e-01 +5.0030e-01 +8.9796e-01 +1.6811e+00 +1.6999e+00 +4.4221e-01 +2.4327e+00 -1.6971e+00 -2.4389e+00
376 +6.805656184e+00 +6.805656184e+00 -3.243543438e+02 -3.243543438e+02 +1.2952e+00 +1.9517e+00 -3.0635e+00 +8.0179e-01 +6.0293e-01 -6.9784e-01 -1.2415e+00 -5.6427e-01 -2.1515e+00 -1.0744e+00 +1.1616e+00 -6.0323e-01 +6.9851e-01 +3.4133e-01 +2.1862e+00 +1.5419e+00 +8.3921e-01 +7.5829e-01 -8.8337e-01 -2.5500e+00
419 +4.343423086e+00 +4.343423086e+00 -3.268165769e+02 -3.268165769e+02 +1.1111e+00 +1.5026e+00 -3.2497e+00 +7.6068e-01 -1.5022e-01 +4.0232e-01 -5.9775e-01 -1.7143e+00 -2.2537e+00 +4.8612e-01 +5.8989e-01 -1.1454e+00 +1.3825e-01 +7.8358e-01 +2.3426e+00 +1.5480e+00 +1.8317e+00 +1.2873e+00 -2.0691e+00 -1.5679e+00
472 +3.669355069e+00 +3.669355069e+00 -3.274906449e+02 -3.274906449e+02 +9.5772e-01 +9.4456e-01 -2.4137e+00 +5.6450e-01 +5.0902e-01 -2.0739e-01 -8.7351e-01 -1.9571e+00 -1.0223e+00 -8.2913e-01 +3.1864e-01 -1.2370e+00 +9.2896e-02 +2.1351e+00 +1.9072e+00 +7.1386e-01 +2.4607e+00 +7.1159e-01 -1.4980e+00 -1.3153e+00
1455 +2.489937741e+00 +2.489937741e+00 -3.286700623e+02 -3.286700623e+02 +1.9749e+00 +1.2655e+00 -2.9880e+00 +1.0277e+00 +2.7936e-01 -5.7040e-01 -1.7470e+00 -2.2541e+00 -8.2189e-01 -8.5118e-01 +1.7696e+00 -8.1851e-01 +1.0620e+00 +1.4433e+00 +2.2064e+00 +9.8875e-01 +1.6837e+00 +1.2300e+00 -2.3663e+00 -1.3866e+00
% function evaluation | noise-free fitness - Fopt (4.481000000000e+01) | best noise-free fitness - Fopt | measured fitness | best measured fitness | x1 | x2...
1 +7.372219512e+04 +7.372219512e+04 +7.376700512e+04 +7.376700512e+04 -3.1102e+00 -3.7573e+00 -8.7021e-01 -1.7928e+00 +3.5048e+00 -3.4362e+00 +6.5509e-03 -3.0668e+00 -3.5310e+00 -3.7772e+00 -5.4573e-01 +5.2092e-01 -3.3216e+00 -4.9971e-01 +1.5375e-01 -6.0121e-01 +5.1709e-01 -1.0444e+00 -2.0705e+00 +1.6464e+00
16 +5.606477156e+04 +5.606477156e+04 +5.610958156e+04 +5.610958156e+04 -3.4603e+00 -1.1426e+00 +4.8565e+00 -1.4758e+00 +4.4704e+00 -3.2294e+00 -3.6977e+00 -3.7667e-01 -1.5191e+00 -1.1844e+00 -1.8656e+00 -3.1485e+00 -4.1951e+00 +9.4056e-01 +4.6536e-01 +4.6752e-01 -2.0290e+00 +1.0002e+00 -1.3587e+00 +1.5144e+00
37 +2.344512060e+04 +2.344512060e+04 +2.348993060e+04 +2.348993060e+04 -2.2432e+00 -4.1966e+00 +5.3948e+00 -9.0515e-01 +5.8983e+00 +1.0394e+00 -7.1635e-01 -2.9115e+00 -2.9476e+00 -3.3407e+00 -5.1946e-01 -2.0164e+00 -3.6114e+00 +2.4097e+00 -8.8320e-01 -9.3276e-01 -1.9997e+00 +2.5256e+00 +1.8146e+00 +4.8167e-01
40 +8.211661027e+03 +8.211661027e+03 +8.256471027e+03 +8.256471027e+03 +6.5998e-01 -4.4228e+00 +3.3986e+00 -1.9014e+00 +4.7564e+00 -7.8151e-01 +2.2940e+00 -6.1590e-01 +2.9413e-02 -3.2946e+00 -6.1767e-02 -8.1100e-02 -3.5031e+00 -7.8607e-02 -2.0400e-01 -2.2042e+00 -2.8220e+00 +8.6154e-01 +1.4244e+00 +3.8378e-01
116 +2.000249901e+03 +2.000249901e+03 +2.045059901e+03 +2.045059901e+03 -9.6401e-01 -1.4166e+00 +3.0309e+00 -7.7707e-01 +3.6438e+00 +4.3490e-01 -1.7425e-01 -2.3975e+00 +2.6704e+00 +1.0428e-01 +2.6265e-01 -2.5251e-01 -1.2024e+00 -9.2085e-01 -2.1372e+00 -2.9657e+00 -7.8592e-01 +2.5580e+00 +2.4694e+00 +2.1456e+00
182 +6.038790820e+02 +6.038790820e+02 +6.486890820e+02 +6.486890820e+02 -2.0744e+00 -3.2540e-01 -1.0317e+00 +3.1625e-01 +1.3712e+00 +2.9153e+00 -5.0996e-01 -2.5822e+00 +2.8848e+00 -6.8314e-01 +1.6538e+00 -1.2874e+00 -1.4758e+00 -1.5540e+00 -4.4817e-01 -2.0452e+00 -8.6545e-01 +2.6976e+00 +1.4155e+00 +8.7136e-01
333 +1.529762555e+02 +1.529762555e+02 +1.977862555e+02 +1.977862555e+02 -6.8947e-01 -1.4603e+00 -1.0554e+00 +2.6921e+00 +2.1870e+00 +2.4749e+00 -1.0995e+00 -2.6575e+00 -3.0263e-01 -2.0200e+00 +2.7986e-01 -3.0696e+00 -1.0527e+00 -1.7612e+00 -1.0704e+00 -1.6432e+00 -8.2752e-01 +1.7585e+00 +2.3063e+00 +8.5817e-01
383 +8.768048438e+01 +8.768048438e+01 +1.324904844e+02 +1.324904844e+02 -1.7322e+00 -1.1049e+00 -7.6745e-01 +3.4276e+00 +1.9397e+00 +2.6629e+00 -1.1218e+00 -1.3023e+00 +3.8572e-01 -2.4829e+00 +6.1597e-02 -2.8181e+00 -1.4681e+00 -1.4768e+00 -2.1482e+00 -1.7495e+00 -4.1596e-01 +2.4792e+00 +1.4728e+00 +1.0313e+00
444 +6.164004229e+01 +6.164004229e+01 +1.064500423e+02 +1.064500423e+02 -1.9083e+00 -6.7358e-01 -1.0335e+00 +2.9641e+00 +1.0916e+00 +2.3847e+00 -3.6038e-01 -2.2191e+00 -9.9417e-01 -2.9863e+00 -2.8116e-01 -2.4780e+00 -6.7394e-01 -1.7584e+00 -1.2447e+00 -1.7323e+00 -1.2760e+00 +2.4261e+00 +1.0665e+00 +2.0662e+00
469 +7.634432378e+00 +7.634432378e+00 +5.244443238e+01 +5.244443238e+01 -2.5914e+00 +2.1177e-01 -6.6514e-01 +3.0789e+00 +3.6567e-01 +1.8399e+00 -8.8419e-01 -2.3782e+00 +2.6054e-01 -2.7029e+00 +7.4098e-01 -2.1832e+00 -1.5137e+00 -1.6713e+00 -1.7148e+00 -1.1669e+00 -9.9704e-01 +1.9233e+00 +1.9648e+00 +1.6990e+00
510 +4.411366561e+00 +4.411366561e+00 +4.922136656e+01 +4.922136656e+01 -2.4335e+00 -4.5979e-01 +9.6894e-02 +2.9275e+00 +8.0283e-01 +5.1399e-01 -4.6384e-01 -1.2040e+00 +1.4903e-01 -2.8247e+00 -4.7107e-02 -1.8693e+00 -1.1469e+00 -2.1159e+00 -2.0558e+00 -1.6654e+00 -1.1545e+00 +2.1168e+00 +1.4103e+00 +1.3395e+00
522 +3.607688677e+00 +3.607688677e+00 +4.841768868e+01 +4.841768868e+01 -2.3689e+00 -4.4143e-01 +2.8457e-01 +2.8320e+00 +1.0992e+00 -2.7007e-01 -3.9405e-01 -1.6505e+00 -4.6866e-01 -2.7545e+00 +5.1100e-01 -2.1856e+00 -1.6258e+00 -1.6678e+00 -2.2298e+00 -1.5943e+00 -1.6168e+00 +1.2641e+00 +8.0206e-01 +1.4814e+00
1260 +2.510967646e+00 +2.510967646e+00 +4.732096765e+01 +4.732096765e+01 -1.9931e+00 -1.4275e+00 +5.8784e-01 +2.7427e+00 +6.0582e-01 +2.5481e+00 -5.1794e-01 -1.8928e+00 -4.6955e-02 -7.8699e-01 +3.8248e-01 -2.4891e+00 -1.4228e+00 -6.1079e-01 -8.5661e-01 -1.0250e+00 -9.4601e-01 +2.3975e+00 +1.0443e+00 +1.6359e+00
1865 +1.572990288e+00 +1.572990288e+00 +4.638299029e+01 +4.638299029e+01 -2.0771e+00 -1.2780e+00 +9.4239e-01 +2.3487e+00 +6.3561e-01 +2.4659e+00 -5.1087e-01 -2.0242e+00 +4.4940e-01 -4.0629e-01 +5.6315e-01 -2.4791e+00 -1.4717e+00 -6.3936e-01 -9.2689e-01 -9.4082e-01 -1.0219e+00 +2.3755e+00 +1.1193e+00 +1.7792e+00
% function evaluation | noise-free fitness - Fopt (-1.764600000000e+02) | best noise-free fitness - Fopt | measured fitness | best measured fitness | x1 | x2...
1 +6.010475331e+04 +6.010475331e+04 +5.992829331e+04 +5.992829331e+04 +3.3349e+00 +1.6967e+00 +2.3646e+00 +2.3747e+00 -2.7841e+00 -1.6235e-01 -3.3728e+00 +1.9483e+00 -7.4430e-01 +1.8551e+00 +1.3807e+00 +2.5963e+00 +2.2534e+00 +2.8915e+00 +2.0088e+00 -1.7399e+00 -3.9214e+00 +2.5056e+00 +2.4120e+00 -1.0745e+00
12 +2.701022805e+04 +2.701022805e+04 +2.683376805e+04 +2.683376805e+04 +1.5991e+00 +4.2266e+00 +4.6295e+00 +2.8210e+00 -2.2077e+00 +2.3628e+00 +1.4549e+00 +3.4002e+00 +1.2123e+00 +2.7354e+00 +9.4593e-01 -2.5599e+00 +2.5145e+00 +2.3719e+00 +4.1688e+00 -9.6991e-01 -3.4327e+00 +1.1990e+00 +1.9194e+00 +1.3236e+00
65 +2.427137092e+04 +2.427137092e+04 +2.409491092e+04 +2.409491092e+04 +1.7785e+00 +7.4386e+00 -1.4399e+00 +2.8413e+00 -1.1383e-01 +1.5712e+00 -3.3109e-01 +1.3835e+00 -5.8518e-01 +1.8365e+00 -4.3464e+00 +6.8039e-01 +1.8396e+00 -2.3467e+00 +1.3855e+00 -5.0698e-01 +5.6228e-01 +9.9383e-01 +3.1407e+00 +8.0267e-01
74 +1.560559098e+04 +1.560559098e+04 +1.542913098e+04 +1.542913098e+04 +3.7852e+00 +5.4410e+00 +1.3860e+00 +1.9965e-01 -2.5515e+00 +7.4843e-01 +1.0175e-01 -3.5599e+00 -6.6757e-01 +2.3027e+00 -2.5177e+00 -5.3992e-02 +8.1305e-01 -1.7212e+00 +4.1207e+00 +5.4283e-01 -2.3694e+00 -4.1211e-01 +3.0695e+00 +2.8673e+00
84 +6.799841434e+03 +6.799841434e+03 +6.623381434e+03 +6.623381434e+03 +2.8433e+00 +6.1149e+00 +3.5147e+00 +1.9416e+00 +1.0003e+00 +1.7586e+00 +2.8527e+00 -1.1902e+00 +3.1224e+00 +1.3078e+00 -2.3714e+00 +1.0755e+00 +2.6271e+00 -1.8602e+00 +1.9037e+00 +1.8859e+00 -1.7307e+00 +2.1568e+00 +1.5197e+00 +2.4499e+00
131 +4.759064927e+03 +4.759064927e+03 +4.582604927e+03 +4.582604927e+03 +3.0709e+00 +3.5230e+00 +2.1223e+00 +1.2664e-01 -1.8623e+00 +7.8971e-01 +2.1759e-01 +1.2196e+00 +7.2567e-01 +1.2830e+00 -2.7209e+00 +9.7451e-02 +3.8746e+00 -8.3335e-01 +3.3737e+00 +1.7734e+00 -2.6175e+00 +2.0669e+00 +1.9561e+00 +2.1329e+00
175 +1.970942443e+03 +1.970942443e+03 +1.794482443e+03 +1.794482443e+03 +3.0240e+00 +1.8736e+00 +1.6393e+00 -1.1824e+00 -9.6636e-01 +2.9435e+00 -2.4234e+00 +6.5090e-01 +3.9448e+00 +1.7824e+00 -2.0540e+00 -2.5925e+00 +1.2480e+00 -1.3879e+00 +1.9928e+00 +2.4950e+00 -2.5315e+00 +8.2772e-01 +1.0254e+00 +2.7210e+00
182 +1.092624881e+03 +1.092624881e+03 +9.161648809e+02 +9.161648809e+02 +1.2125e+00 +2.8698e+00 +1.5740e+00 -1.5918e+00 +1.3120e+00 +8.9441e-01 -1.1313e+00 -1.3936e-02 +2.7084e+00 +2.9352e+00 -2.3206e+00 -1.7851e+00 +1.9451e+00 -1.1138e-01 +2.0934e+00 +1.5935e+00 -2.4395e+00 +1.8049e+00 +1.1463e+00 +1.8796e+00
276 +5.594538548e+02 +5.594538548e+02 +3.829938548e+02 +3.829938548e+02 -7.7828e-01 -5.9776e-02 +6.4895e-01 -6.6574e-01 +1.7890e-01 -3.8479e-01 -7.6312e-01 -2.1940e-02 +3.4941e+00 +1.7159e+00 -2.1924e+00 -4.0194e-01 +1.5654e+00 +1.2765e-01 +1.5577e+00 +8.9974e-01 -2.4684e+00 +1.8723e+00 +2.0534e+00 +1.1460e+00
348 +1.130146644e+02 +1.130146644e+02 -6.344533558e+01 -6.344533558e+01 -1.4102e+00 +1.8624e+00 +2.0082e-01 -6.5091e-01 +2.5903e+00 +8.9646e-01 -1.4637e+00 +7.1703e-01 +1.5067e+00 +1.0961e+00 -2.0058e+00 +4.8350e-01 +1.8600e+00 -1.2150e+00 +1.5105e+00 +1.2112e+00 -1.9675e+00 +1.7536e+00 +1.2684e+00 +7.9580e-01
353 +4.921710242e+00 +4.921710242e+00 -1.715382898e+02 -1.715382898e+02 -1.8536e+00 +1.4906e+00 +1.6277e+00 +9.3770e-01 +9.3516e-01 +5.4188e-01 -7.0153e-01 +1.0665e-01 +2.6508e+00 +1.0341e+00 -7.3187e-02 -5.3348e-01 +1.0890e+00 -1.5603e+00 +1.6722e+00 +9.4848e-01 -1.4227e+00 +2.0220e+00 +7.2881e-01 +1.6072e+00
526 +3.934587336e+00 +3.934587336e+00 -1.725254127e+02 -1.725254127e+02 -1.1080e+00 +2.2370e+00 +1.9479e+00 +1.0367e+00 +5.3508e-02 +1.3759e+00 -1.7825e+00 +1.0719e-01 +1.5771e+00 +1.0203e+00 -2.5087e+00 +1.5665e-01 +2.2147e+00 -1.2401e+00 +1.5747e+00 +1.2768e+00 -8.7888e-01 +1.1821e+00 +1.4920e+00 +1.2655e+00
1490 +2.281964895e+00 +2.281964895e+00 -1.741780351e+02 -1.741780351e+02 -2.1805e+00 +1.9447e+00 +1.0371e+00 +1.9736e+00 +3.7713e-01 +1.7835e+00 -1.5252e+00 -2.3773e+00 +4.8184e-01 +4.2207e-01 -2.5826e+00 -1.0916e+00 +2.3585e+00 -1.0353e+00 +2.2969e+00 +2.0234e+00 -7.4843e-01 +1.3522e+00 +1.0498e+00 +1.9029e+00
2019 +1.582774829e+00 +1.582774829e+00 -1.748772252e+02 -1.748772252e+02 -2.0775e+00 +2.1196e+00 +1.1364e+00 +2.0457e+00 +3.4932e-01 +1.7471e+00 -1.4385e+00 -2.2596e+00 +3.9911e-01 +4.0923e-01 -2.5392e+00 -1.0789e+00 +2.3689e+00 -1.0331e+00 +2.3770e+00 +2.0081e+00 -7.5613e-01 +1.4791e+00 +1.0619e+00 +2.0232e+00
