% function evaluation | noise-free fitness - Fopt (7.948000000000e+01) | best noise-free fitness - Fopt | measured fitness | best measured fitness | x1 | x2...
1 +2.924562504e+00 +2.924562504e+00 +8.240456250e+01 +8.240456250e+01 -1.2855e+00 -1.9038e+00
24 +2.230097198e+00 +2.230097198e+00 +8.171009720e+01 +8.171009720e+01 +1.2039e+00 -5.4776e-03
49 +4.805924092e-02 +4.805924092e-02 +7.952805924e+01 +7.952805924e+01 +1.6971e-01 -9.5393e-01
204 +2.284380592e-02 +2.284380592e-02 +7.950284381e+01 +7.950284381e+01 +1.0338e-01 -1.1795e+00
733 +1.366152433e-02 +1.366152433e-02 +7.949366152e+01 +7.949366152e+01 +3.6895e-01 -1.1699e+00
765 +8.680531066e-03 +8.680531066e-03 +7.948868053e+01 +7.948868053e+01 +3.3414e-01 -1.1114e+00
1133 +5.587119385e-03 +5.587119385e-03 +7.948558712e+01 +7.948558712e+01 +3.0287e-01 -1.1013e+00
1279 +3.318757594e-03 +3.318757594e-03 +7.948331876e+01 +7.948331876e+01 +2.4784e-01 -1.2142e+00
1293 +2.096653892e-03 +2.096653892e-03 +7.948209665e+01 +7.948209665e+01 +2.4629e-01 -1.1115e+00
1442 +5.143149181e-04 +5.143149181e-04 +7.948051431e+01 +7.948051431e+01 +2.7422e-01 -1.1643e+00
1493 +5.477153438e-05 +5.477153438e-05 +7.948005477e+01 +7.948005477e+01 +2.4555e-01 -1.1553e+00
1893 +2.142706811e-05 +2.142706811e-05 +7.948002143e+01 +7.948002143e+01 +2.5410e-01 -1.1524e+00
1939 +3.748398612e-06 +3.748398612e-06 +7.948000375e+01 +7.948000375e+01 +2.5094e-01 -1.1563e+00
2165 +7.755327402e-07 +7.755327402e-07 +7.948000078e+01 +7.948000078e+01 +2.5338e-01 -1.1561e+00
2205 +6.317721102e-08 +6.317721102e-08 +7.948000006e+01 +7.948000006e+01 +2.5260e-01 -1.1567e+00
2285 +4.211598537e-08 +4.211598537e-08 +7.948000004e+01 +7.948000004e+01 +2.5298e-01 -1.1569e+00
2365 +1.929073790e-08 +1.929073790e-08 +7.948000002e+01 +7.948000002e+01 +2.5290e-01 -1.1569e+00
2605 +7.789154211e-09 +7.789154211e-09 +7.948000001e+01 +7.948000001e+01 +2.5279e-01 -1.1569e+00
2898 +1.488757562e-09 +1.488757562e-09 +7.948000000e+01 +7.948000000e+01 +2.5283e-01 -1.1568e+00
3077 +9.236913456e-10 +9.236913456e-10 +7.948000000e+01 +7.948000000e+01 +2.5278e-01 -1.1568e+00
3128 +1.594173682e-10 +1.594173682e-10 +7.948000000e+01 +7.948000000e+01 +2.5281e-01 -1.1568e+00
3405 +1.427622465e-10 +1.427622465e-10 +7.948000000e+01 +7.948000000e+01 +2.5280e-01 -1.1568e+00
3445 +7.204903341e-11 +7.204903341e-11 +7.948000000e+01 +7.948000000e+01 +2.5280e-01 -1.1568e+00
3523 +5.273648185e-11 +5.273648185e-11 +7.948000000e+01 +7.948000000e+01 +2.5279e-01 -1.1568e+00
3536 +1.449507181e-11 +1.449507181e-11 +7.948000000e+01 +7.948000000e+01 +2.5280e-01 -1.1568e+00
3541 +6.053824109e-12 +6.053824109e-12 +7.948000000e+01 +7.948000000e+01 +2.5280e-01 -1.1568e+00
3581 +2.472688720e-12 +2.472688720e-12 +7.948000000e+01 +7.948000000e+01 +2.5280e-01 -1.1568e+00
3676 +8.100187188e-13 +8.100187188e-13 +7.948000000e+01 +7.948000000e+01 +2.5280e-01 -1.1568e+00
3725 +1.421085472e-14 +1.421085472e-14 +7.948000000e+01 +7.948000000e+01 +2.5280e-01 -1.1568e+00
3941 +0.000000000e+00 +0.000000000e+00 +7.948000000e+01 +7.948000000e+01 +2.5280e-01 -1.1568e+00
% function evaluation | noise-free fitness - Fopt (3.944800000000e+02) | best noise-free fitness - Fopt | measured fitness | best measured fitness | x1 | x2...
1 +5.300449789e+01 +5.300449789e+01 +4.474844979e+02 +4.474844979e+02 +3.3245e+00 -3.8040e+00
2 +3.458234875e+01 +3.458234875e+01 +4.290623488e+02 +4.290623488e+02 +1.6592e+00 -9.6816e-01
4 +5.077885211e+00 +5.077885211e+00 +3.995578852e+02 +3.995578852e+02 -1.6588e+00 -2.6411e+00
5 +3.966670122e+00 +3.966670122e+00 +3.984466701e+02 +3.984466701e+02 -4.7097e+00 -4.7093e+00
20 +6.593175979e-01 +6.593175979e-01 +3.951393176e+02 +3.951393176e+02 -3.2245e+00 -2.4375e+00
36 +1.989310352e-01 +1.989310352e-01 +3.946789310e+02 +3.946789310e+02 -4.3078e+00 -3.0674e+00
111 +1.158308984e-01 +1.158308984e-01 +3.945958309e+02 +3.945958309e+02 -3.9723e+00 -3.2226e+00
129 +4.962249072e-02 +4.962249072e-02 +3.945296225e+02 +3.945296225e+02 -4.0412e+00 -2.7195e+00
196 +3.063413133e-02 +3.063413133e-02 +3.945106341e+02 +3.945106341e+02 -3.7252e+00 -2.9158e+00
276 +9.045478683e-03 +9.045478683e-03 +3.944890455e+02 +3.944890455e+02 -3.9927e+00 -2.9026e+00
449 +3.803120026e-03 +3.803120026e-03 +3.944838031e+02 +3.944838031e+02 -3.9550e+00 -2.8660e+00
908 +1.896977864e-04 +1.896977864e-04 +3.944801897e+02 +3.944801897e+02 -3.9030e+00 -2.8774e+00
1295 +5.301867071e-05 +5.301867071e-05 +3.944800530e+02 +3.944800530e+02 -3.8918e+00 -2.8873e+00
1928 +2.879007423e-05 +2.879007423e-05 +3.944800288e+02 +3.944800288e+02 -3.8983e+00 -2.8850e+00
1987 +2.206119990e-05 +2.206119990e-05 +3.944800221e+02 +3.944800221e+02 -3.9011e+00 -2.8866e+00
1991 +4.442092973e-06 +4.442092973e-06 +3.944800044e+02 +3.944800044e+02 -3.9005e+00 -2.8904e+00
2155 +3.365846055e-07 +3.365846055e-07 +3.944800003e+02 +3.944800003e+02 -3.8990e+00 -2.8904e+00
2477 +1.638344429e-07 +1.638344429e-07 +3.944800002e+02 +3.944800002e+02 -3.8985e+00 -2.8908e+00
2517 +1.346750764e-07 +1.346750764e-07 +3.944800001e+02 +3.944800001e+02 -3.8983e+00 -2.8907e+00
2675 +7.416309700e-08 +7.416309700e-08 +3.944800001e+02 +3.944800001e+02 -3.8985e+00 -2.8906e+00
2755 +6.099497796e-08 +6.099497796e-08 +3.944800001e+02 +3.944800001e+02 -3.8985e+00 -2.8906e+00
2792 +2.776391739e-08 +2.776391739e-08 +3.944800000e+02 +3.944800000e+02 -3.8984e+00 -2.8906e+00
2828 +1.660686166e-08 +1.660686166e-08 +3.944800000e+02 +3.944800000e+02 -3.8985e+00 -2.8903e+00
2867 +1.208690037e-08 +1.208690037e-08 +3.944800000e+02 +3.944800000e+02 -3.8984e+00 -2.8905e+00
2872 +4.562593858e-09 +4.562593858e-09 +3.944800000e+02 +3.944800000e+02 -3.8984e+00 -2.8904e+00
2952 +1.343551048e-09 +1.343551048e-09 +3.944800000e+02 +3.944800000e+02 -3.8984e+00 -2.8904e+00
3064 +7.254925549e-10 +7.254925549e-10 +3.944800000e+02 +3.944800000e+02 -3.8984e+00 -2.8904e+00
3184 +5.269384928e-10 +5.269384928e-10 +3.944800000e+02 +3.944800000e+02 -3.8984e+00 -2.8904e+00
3197 +1.821263140e-10 +1.821263140e-10 +3.944800000e+02 +3.944800000e+02 -3.8984e+00 -2.8904e+00
3277 +1.238049663e-10 +1.238049663e-10 +3.944800000e+02 +3.944800000e+02 -3.8984e+00 -2.8904e+00
3304 +6.536993169e-12 +6.536993169e-12 +3.944800000e+02 +3.944800000e+02 -3.8984e+00 -2.8904e+00
3431 +2.842170943e-12 +2.842170943e-12 +3.944800000e+02 +3.944800000e+02 -3.8984e+00 -2.8904e+00
3464 +0.000000000e+00 +0.000000000e+00 +3.944800000e+02 +3.944800000e+02 -3.8984e+00 -2.8904e+00
% function evaluation | noise-free fitness - Fopt (-2.471100000000e+02) | best noise-free fitness - Fopt | measured fitness | best measured fitness | x1 | x2...
1 +1.987989697e+01 +1.987989697e+01 -2.272301030e+02 -2.272301030e+02 -3.2889e+00 -4.2263e+00
3 +7.761938202e+00 +7.761938202e+00 -2.393480618e+02 -2.393480618e+02 -1.3173e+00 +1.4706e+00
4 +2.092719039e+00 +2.092719039e+00 -2.450172810e+02 -2.450172810e+02 -4.9665e+00 -6.5012e-01
12 +9.039199489e-01 +9.039199489e-01 -2.462060801e+02 -2.462060801e+02 -3.4790e+00 -6.9230e-01
44 +4.527563762e-01 +4.527563762e-01 -2.466572436e+02 -2.466572436e+02 -3.6273e+00 -4.4756e-01
58 +1.439367856e-01 +1.439367856e-01 -2.469660632e+02 -2.469660632e+02 -3.6518e+00 +5.5312e-01
64 +9.852249829e-02 +9.852249829e-02 -2.470114775e+02 -2.470114775e+02 -3.6013e+00 -4.1071e-02
324 +2.818063263e-02 +2.818063263e-02 -2.470818194e+02 -2.470818194e+02 -3.9115e+00 +7.9157e-02
644 +1.326872928e-02 +1.326872928e-02 -2.470967313e+02 -2.470967313e+02 -3.7919e+00 +8.8192e-02
671 +6.552383743e-03 +6.552383743e-03 -2.471034476e+02 -2.471034476e+02 -3.7503e+00 +1.3807e-01
850 +3.079416493e-04 +3.079416493e-04 -2.471096921e+02 -2.471096921e+02 -3.7937e+00 +1.8629e-01
1360 +6.316082275e-05 +6.316082275e-05 -2.471099368e+02 -2.471099368e+02 -3.7923e+00 +1.9817e-01
1644 +2.554884895e-05 +2.554884895e-05 -2.471099745e+02 -2.471099745e+02 -3.7986e+00 +1.9815e-01
2004 +5.824587674e-07 +5.824587674e-07 -2.471099994e+02 -2.471099994e+02 -3.7976e+00 +2.0314e-01
2089 +1.003480463e-07 +1.003480463e-07 -2.471099999e+02 -2.471099999e+02 -3.7981e+00 +2.0329e-01
2603 +2.783491482e-08 +2.783491482e-08 -2.471100000e+02 -2.471100000e+02 -3.7983e+00 +2.0310e-01
2683 +1.375940428e-08 +1.375940428e-08 -2.471100000e+02 -2.471100000e+02 -3.7983e+00 +2.0321e-01
2723 +1.990571263e-09 +1.990571263e-09 -2.471100000e+02 -2.471100000e+02 -3.7984e+00 +2.0316e-01
2803 +1.305181740e-09 +1.305181740e-09 -2.471100000e+02 -2.471100000e+02 -3.7984e+00 +2.0318e-01
2843 +1.338378297e-10 +1.338378297e-10 -2.471100000e+02 -2.471100000e+02 -3.7984e+00 +2.0321e-01
3202 +9.109157872e-11 +9.109157872e-11 -2.471100000e+02 -2.471100000e+02 -3.7984e+00 +2.0320e-01
3388 +1.534772309e-11 +1.534772309e-11 -2.471100000e+02 -2.471100000e+02 -3.7984e+00 +2.0320e-01
3444 +5.172751116e-12 +5.172751116e-12 -2.471100000e+02 -2.471100000e+02 -3.7984e+00 +2.0320e-01
3484 +1.080024958e-12 +1.080024958e-12 -2.471100000e+02 -2.471100000e+02 -3.7984e+00 +2.0320e-01
3564 +9.663381206e-13 +9.663381206e-13 -2.471100000e+02 -2.471100000e+02 -3.7984e+00 +2.0320e-01
3604 +3.979039320e-13 +3.979039320e-13 -2.471100000e+02 -2.471100000e+02 -3.7984e+00 +2.0320e-01
3701 +2.273736754e-13 +2.273736754e-13 -2.471100000e+02 -2.471100000e+02 -3.7984e+00 +2.0320e-01
3734 +1.421085472e-13 +1.421085472e-13 -2.471100000e+02 -2.471100000e+02 -3.7984e+00 +2.0320e-01
3778 +2.842170943e-14 +2.842170943e-14 -2.471100000e+02 -2.471100000e+02 -3.7984e+00 +2.0320e-01
3818 +0.000000000e+00 +0.000000000e+00 -2.471100000e+02 -2.471100000e+02 -3.7984e+00 +2.0320e-01
% function evaluation | noise-free fitness - Fopt (-1.520400000000e+02) | best noise-free fitness - Fopt | measured fitness | best measured fitness | x1 | x2...
1 +9.234562914e+00 +9.234562914e+00 -1.428054371e+02 -1.428054371e+02 +1.4880e+00 -1.0567e+00
10 +5.842490484e-01 +5.842490484e-01 -1.514557510e+02 -1.514557510e+02 -3.7960e-03 +7.0646e-01
81 +3.636505910e-02 +3.636505910e-02 -1.520036349e+02 -1.520036349e+02 -9.5005e-02 +1.5059e+00
209 +2.152137920e-02 +2.152137920e-02 -1.520184786e+02 -1.520184786e+02 -1.3037e-01 +1.3711e+00
527 +8.030230862e-03 +8.030230862e-03 -1.520319698e+02 -1.520319698e+02 -1.9674e-01 +1.3686e+00
673 +5.784120067e-03 +5.784120067e-03 -1.520342159e+02 -1.520342159e+02 -1.9552e-01 +1.3986e+00
954 +2.749876420e-03 +2.749876420e-03 -1.520372501e+02 -1.520372501e+02 -2.9894e-01 +1.4657e+00
993 +6.726958297e-04 +6.726958297e-04 -1.520393273e+02 -1.520393273e+02 -2.6306e-01 +1.3984e+00
1145 +2.917897843e-04 +2.917897843e-04 -1.520397082e+02 -1.520397082e+02 -2.8300e-01 +1.4305e+00
1367 +7.390024854e-05 +7.390024854e-05 -1.520399261e+02 -1.520399261e+02 -2.6168e-01 +1.4306e+00
1567 +4.694180492e-05 +4.694180492e-05 -1.520399531e+02 -1.520399531e+02 -2.6570e-01 +1.4307e+00
1802 +3.819280417e-05 +3.819280417e-05 -1.520399618e+02 -1.520399618e+02 -2.6658e-01 +1.4301e+00
1883 +1.956656146e-05 +1.956656146e-05 -1.520399804e+02 -1.520399804e+02 -2.6761e-01 +1.4284e+00
1922 +1.095661759e-06 +1.095661759e-06 -1.520399989e+02 -1.520399989e+02 -2.6771e-01 +1.4231e+00
1959 +7.937774740e-07 +7.937774740e-07 -1.520399992e+02 -1.520399992e+02 -2.6749e-01 +1.4248e+00
2047 +2.351556816e-07 +2.351556816e-07 -1.520399998e+02 -1.520399998e+02 -2.6677e-01 +1.4242e+00
2282 +4.811795407e-09 +4.811795407e-09 -1.520400000e+02 -1.520400000e+02 -2.6725e-01 +1.4240e+00
2562 +3.069771992e-09 +3.069771992e-09 -1.520400000e+02 -1.520400000e+02 -2.6719e-01 +1.4241e+00
2842 +2.136005151e-09 +2.136005151e-09 -1.520400000e+02 -1.520400000e+02 -2.6717e-01 +1.4240e+00
2887 +1.463661192e-09 +1.463661192e-09 -1.520400000e+02 -1.520400000e+02 -2.6716e-01 +1.4240e+00
2999 +3.035438567e-10 +3.035438567e-10 -1.520400000e+02 -1.520400000e+02 -2.6719e-01 +1.4240e+00
3002 +4.862954484e-11 +4.862954484e-11 -1.520400000e+02 -1.520400000e+02 -2.6719e-01 +1.4240e+00
3162 +1.531930138e-11 +1.531930138e-11 -1.520400000e+02 -1.520400000e+02 -2.6720e-01 +1.4240e+00
3239 +7.389644452e-12 +7.389644452e-12 -1.520400000e+02 -1.520400000e+02 -2.6720e-01 +1.4240e+00
3347 +3.325340003e-12 +3.325340003e-12 -1.520400000e+02 -1.520400000e+02 -2.6720e-01 +1.4240e+00
3387 +2.216893336e-12 +2.216893336e-12 -1.520400000e+02 -1.520400000e+02 -2.6720e-01 +1.4240e+00
3407 +1.534772309e-12 +1.534772309e-12 -1.520400000e+02 -1.520400000e+02 -2.6720e-01 +1.4240e+00
3562 +1.136868377e-13 +1.136868377e-13 -1.520400000e+02 -1.520400000e+02 -2.6720e-01 +1.4240e+00
3694 +2.842170943e-14 +2.842170943e-14 -1.520400000e+02 -1.520400000e+02 -2.6720e-01 +1.4240e+00
3734 +0.000000000e+00 +0.000000000e+00 -1.520400000e+02 -1.520400000e+02 -2.6720e-01 +1.4240e+00
% function evaluation | noise-free fitness - Fopt (-2.525000000000e+01) | best noise-free fitness - Fopt | measured fitness | best measured fitness | x1 | x2...
1 +9.398179728e+00 +9.398179728e+00 -1.585182027e+01 -1.585182027e+01 +2.8493e+00 +3.6038e+00
22 +3.852527993e+00 +3.852527993e+00 -2.139747201e+01 -2.139747201e+01 +4.9836e+00 -7.7120e-01
32 +1.851455125e+00 +1.851455125e+00 -2.339854488e+01 -2.339854488e+01 +2.5200e+00 +1.4437e+00
47 +4.508061321e-01 +4.508061321e-01 -2.479919387e+01 -2.479919387e+01 +3.3241e+00 +2.9794e-02
134 +1.126885801e-01 +1.126885801e-01 -2.513731142e+01 -2.513731142e+01 +3.3211e+00 +7.9843e-01
227 +3.723416061e-02 +3.723416061e-02 -2.521276584e+01 -2.521276584e+01 +3.7116e+00 +4.6852e-01
392 +5.327321677e-03 +5.327321677e-03 -2.524467268e+01 -2.524467268e+01 +3.6872e+00 +6.4059e-01
861 +2.659582553e-03 +2.659582553e-03 -2.524734042e+01 -2.524734042e+01 +3.6410e+00 +6.7940e-01
954 +1.755226113e-03 +1.755226113e-03 -2.524824477e+01 -2.524824477e+01 +3.6159e+00 +6.7707e-01
1470 +1.431630739e-03 +1.431630739e-03 -2.524856837e+01 -2.524856837e+01 +3.5768e+00 +6.3126e-01
1526 +9.713015853e-04 +9.713015853e-04 -2.524902870e+01 -2.524902870e+01 +3.5832e+00 +6.3560e-01
1589 +4.635393617e-04 +4.635393617e-04 -2.524953646e+01 -2.524953646e+01 +3.6120e+00 +6.5659e-01
1594 +1.695027941e-04 +1.695027941e-04 -2.524983050e+01 -2.524983050e+01 +3.6269e+00 +6.3164e-01
1605 +1.184093231e-04 +1.184093231e-04 -2.524988159e+01 -2.524988159e+01 +3.6154e+00 +6.4603e-01
1674 +1.561570874e-05 +1.561570874e-05 -2.524998438e+01 -2.524998438e+01 +3.6118e+00 +6.3818e-01
1914 +6.125688312e-06 +6.125688312e-06 -2.524999387e+01 -2.524999387e+01 +3.6165e+00 +6.3388e-01
2029 +1.783791816e-06 +1.783791816e-06 -2.524999822e+01 -2.524999822e+01 +3.6142e+00 +6.3653e-01
2034 +1.503648242e-06 +1.503648242e-06 -2.524999850e+01 -2.524999850e+01 +3.6132e+00 +6.3518e-01
2114 +4.310887434e-07 +4.310887434e-07 -2.524999957e+01 -2.524999957e+01 +3.6141e+00 +6.3577e-01
2230 +2.968813924e-07 +2.968813924e-07 -2.524999970e+01 -2.524999970e+01 +3.6149e+00 +6.3512e-01
2314 +4.897500006e-08 +4.897500006e-08 -2.524999995e+01 -2.524999995e+01 +3.6146e+00 +6.3531e-01
2566 +3.317682129e-08 +3.317682129e-08 -2.524999997e+01 -2.524999997e+01 +3.6144e+00 +6.3538e-01
2637 +7.394735491e-09 +7.394735491e-09 -2.524999999e+01 -2.524999999e+01 +3.6145e+00 +6.3521e-01
2825 +4.150525257e-09 +4.150525257e-09 -2.525000000e+01 -2.525000000e+01 +3.6145e+00 +6.3523e-01
2866 +1.341224021e-09 +1.341224021e-09 -2.525000000e+01 -2.525000000e+01 +3.6144e+00 +6.3518e-01
3025 +1.782467507e-10 +1.782467507e-10 -2.525000000e+01 -2.525000000e+01 +3.6144e+00 +6.3519e-01
3086 +8.157030607e-11 +8.157030607e-11 -2.525000000e+01 -2.525000000e+01 +3.6144e+00 +6.3521e-01
3106 +1.371347480e-11 +1.371347480e-11 -2.525000000e+01 -2.525000000e+01 +3.6144e+00 +6.3520e-01
3215 +5.861977570e-13 +5.861977570e-13 -2.525000000e+01 -2.525000000e+01 +3.6144e+00 +6.3520e-01
3526 +1.882938250e-13 +1.882938250e-13 -2.525000000e+01 -2.525000000e+01 +3.6144e+00 +6.3520e-01
3566 +7.105427358e-14 +7.105427358e-14 -2.525000000e+01 -2.525000000e+01 +3.6144e+00 +6.3520e-01
3695 +4.973799150e-14 +4.973799150e-14 -2.525000000e+01 -2.525000000e+01 +3.6144e+00 +6.3520e-01
3720 +0.000000000e+00 +0.000000000e+00 -2.525000000e+01 -2.525000000e+01 +3.6144e+00 +6.3520e-01
% function evaluation | noise-free fitness - Fopt (-2.017200000000e+02) | best noise-free fitness - Fopt | measured fitness | best measured fitness | x1 | x2...
1 +9.201452973e+00 +9.201452973e+00 -1.925185470e+02 -1.925185470e+02 -2.2185e+00 +2.1023e-02
15 +5.850140142e+00 +5.850140142e+00 -1.958698599e+02 -1.958698599e+02 -1.6239e+00 -4.9544e-01
17 +3.800263876e+00 +3.800263876e+00 -1.979197361e+02 -1.979197361e+02 -2.6886e+00 -4.3864e+00
32 +1.749878148e+00 +1.749878148e+00 -1.999701219e+02 -1.999701219e+02 -2.1689e-01 -2.3574e+00
35 +3.820375377e-01 +3.820375377e-01 -2.013379625e+02 -2.013379625e+02 -1.9437e+00 -3.2352e+00
36 +1.285781436e-01 +1.285781436e-01 -2.015914219e+02 -2.015914219e+02 -1.0980e+00 -3.0617e+00
161 +1.411051597e-03 +1.411051597e-03 -2.017185889e+02 -2.017185889e+02 -1.4539e+00 -2.8878e+00
827 +7.021110424e-04 +7.021110424e-04 -2.017192979e+02 -2.017192979e+02 -1.4222e+00 -2.8791e+00
841 +6.589761963e-05 +6.589761963e-05 -2.017199341e+02 -2.017199341e+02 -1.4181e+00 -2.8980e+00
1743 +2.798695303e-05 +2.798695303e-05 -2.017199720e+02 -2.017199720e+02 -1.4183e+00 -2.9102e+00
1906 +1.515984002e-05 +1.515984002e-05 -2.017199848e+02 -2.017199848e+02 -1.4215e+00 -2.9094e+00
1943 +5.599471905e-06 +5.599471905e-06 -2.017199944e+02 -2.017199944e+02 -1.4213e+00 -2.9079e+00
2106 +3.920956715e-08 +3.920956715e-08 -2.017200000e+02 -2.017200000e+02 -1.4207e+00 -2.9058e+00
2495 +8.602341950e-09 +8.602341950e-09 -2.017200000e+02 -2.017200000e+02 -1.4207e+00 -2.9056e+00
2641 +5.189491503e-09 +5.189491503e-09 -2.017200000e+02 -2.017200000e+02 -1.4207e+00 -2.9056e+00
2855 +2.559488621e-09 +2.559488621e-09 -2.017200000e+02 -2.017200000e+02 -1.4208e+00 -2.9056e+00
2886 +2.157463541e-09 +2.157463541e-09 -2.017200000e+02 -2.017200000e+02 -1.4208e+00 -2.9056e+00
3049 +6.069740266e-10 +6.069740266e-10 -2.017200000e+02 -2.017200000e+02 -1.4208e+00 -2.9056e+00
3089 +2.903846053e-10 +2.903846053e-10 -2.017200000e+02 -2.017200000e+02 -1.4208e+00 -2.9056e+00
3095 +1.506634817e-10 +1.506634817e-10 -2.017200000e+02 -2.017200000e+02 -1.4208e+00 -2.9056e+00
3129 +3.552713679e-11 +3.552713679e-11 -2.017200000e+02 -2.017200000e+02 -1.4208e+00 -2.9056e+00
3135 +5.826450433e-12 +5.826450433e-12 -2.017200000e+02 -2.017200000e+02 -1.4208e+00 -2.9056e+00
3449 +3.069544618e-12 +3.069544618e-12 -2.017200000e+02 -2.017200000e+02 -1.4208e+00 -2.9056e+00
3489 +2.188471626e-12 +2.188471626e-12 -2.017200000e+02 -2.017200000e+02 -1.4208e+00 -2.9056e+00
3495 +1.477928890e-12 +1.477928890e-12 -2.017200000e+02 -2.017200000e+02 -1.4208e+00 -2.9056e+00
3497 +6.821210263e-13 +6.821210263e-13 -2.017200000e+02 -2.017200000e+02 -1.4208e+00 -2.9056e+00
3566 +6.252776075e-13 +6.252776075e-13 -2.017200000e+02 -2.017200000e+02 -1.4208e+00 -2.9056e+00
3577 +2.557953849e-13 +2.557953849e-13 -2.017200000e+02 -2.017200000e+02 -1.4208e+00 -2.9056e+00
3623 +1.705302566e-13 +1.705302566e-13 -2.017200000e+02 -2.017200000e+02 -1.4208e+00 -2.9056e+00
3663 +5.684341886e-14 +5.684341886e-14 -2.017200000e+02 -2.017200000e+02 -1.4208e+00 -2.9056e+00
3689 +2.842170943e-14 +2.842170943e-14 -2.017200000e+02 -2.017200000e+02 -1.4208e+00 -2.9056e+00
3870 +0.000000000e+00 +0.000000000e+00 -2.017200000e+02 -2.017200000e+02 -1.4208e+00 -2.9056e+00
% function evaluation | noise-free fitness - Fopt (-1.000000000000e+03) | best noise-free fitness - Fopt | measured fitness | best measured fitness | x1 | x2...
1 +2.642585543e+01 +2.642585543e+01 -9.735741446e+02 -9.735741446e+02 +2.1142e+00 -4.4223e+00
2 +1.256451475e+01 +1.256451475e+01 -9.874354852e+02 -9.874354852e+02 -2.5443e+00 -2.3168e+00
4 +3.403179798e+00 +3.403179798e+00 -9.965968202e+02 -9.965968202e+02 -1.9697e-01 -1.6129e+00
7 +5.767756582e-01 +5.767756582e-01 -9.994232243e+02 -9.994232243e+02 +6.6406e-01 +3.9503e-01
47 +1.164314230e-01 +1.164314230e-01 -9.998835686e+02 -9.998835686e+02 -1.6247e-01 -1.0229e-01
149 +4.386428900e-02 +4.386428900e-02 -9.999561357e+02 -9.999561357e+02 +0.0000e+00 +4.2285e-01
215 +8.980817819e-03 +8.980817819e-03 -9.999910192e+02 -9.999910192e+02 +0.0000e+00 +2.8352e-01
673 +5.223915852e-04 +5.223915852e-04 -9.999994776e+02 -9.999994776e+02 -5.8524e-02 +2.4173e-01
1365 +1.110809683e-04 +1.110809683e-04 -9.999998889e+02 -9.999998889e+02 -7.7247e-02 +2.3853e-01
2041 +8.209158648e-05 +8.209158648e-05 -9.999999179e+02 -9.999999179e+02 -7.0559e-02 +2.3457e-01
2084 +4.487653746e-05 +4.487653746e-05 -9.999999551e+02 -9.999999551e+02 -7.9818e-02 +2.3398e-01
2137 +1.678713340e-05 +1.678713340e-05 -9.999999832e+02 -9.999999832e+02 -7.4573e-02 +2.3144e-01
2141 +1.449634169e-05 +1.449634169e-05 -9.999999855e+02 -9.999999855e+02 -7.3527e-02 +2.2995e-01
2301 +1.698940196e-06 +1.698940196e-06 -9.999999983e+02 -9.999999983e+02 -7.5497e-02 +2.2800e-01
2364 +5.713695828e-07 +5.713695828e-07 -9.999999994e+02 -9.999999994e+02 -7.6047e-02 +2.2793e-01
2422 +8.868255463e-09 +8.868255463e-09 -1.000000000e+03 -1.000000000e+03 -7.6894e-02 +2.2801e-01
2617 +3.259401637e-09 +3.259401637e-09 -1.000000000e+03 -1.000000000e+03 -7.6836e-02 +2.2796e-01
2941 +2.441424840e-09 +2.441424840e-09 -1.000000000e+03 -1.000000000e+03 -7.6786e-02 +2.2795e-01
3044 +5.511537893e-10 +5.511537893e-10 -1.000000000e+03 -1.000000000e+03 -7.6792e-02 +2.2802e-01
3137 +2.356728146e-10 +2.356728146e-10 -1.000000000e+03 -1.000000000e+03 -7.6787e-02 +2.2801e-01
3368 +9.083578334e-11 +9.083578334e-11 -1.000000000e+03 -1.000000000e+03 -7.6794e-02 +2.2799e-01
3398 +1.364242053e-12 +1.364242053e-12 -1.000000000e+03 -1.000000000e+03 -7.6801e-02 +2.2800e-01
3645 +4.547473509e-13 +4.547473509e-13 -1.000000000e+03 -1.000000000e+03 -7.6800e-02 +2.2800e-01
3688 +1.136868377e-13 +1.136868377e-13 -1.000000000e+03 -1.000000000e+03 -7.6800e-02 +2.2800e-01
3965 +0.000000000e+00 +0.000000000e+00 -1.000000000e+03 -1.000000000e+03 -7.6800e-02 +2.2800e-01
% function evaluation | noise-free fitness - Fopt (-4.290000000000e+01) | best noise-free fitness - Fopt | measured fitness | best measured fitness | x1 | x2...
1 +1.741269491e+01 +1.741269491e+01 -2.548730509e+01 -2.548730509e+01 -1.1614e+00 +6.9032e-01
9 +8.829654712e+00 +8.829654712e+00 -3.407034529e+01 -3.407034529e+01 +4.2757e-01 +4.4188e+00
15 +1.333494145e+00 +1.333494145e+00 -4.156650585e+01 -4.156650585e+01 +2.5712e+00 +3.5803e+00
27 +4.705940833e-01 +4.705940833e-01 -4.242940592e+01 -4.242940592e+01 +2.6922e+00 +3.1106e+00
50 +1.715597317e-01 +1.715597317e-01 -4.272844027e+01 -4.272844027e+01 +3.0292e+00 +2.3072e+00
265 +1.238127700e-02 +1.238127700e-02 -4.288761872e+01 -4.288761872e+01 +2.7253e+00 +2.3654e+00
735 +6.857267739e-03 +6.857267739e-03 -4.289314273e+01 -4.289314273e+01 +2.6008e+00 +2.3508e+00
903 +1.558794523e-03 +1.558794523e-03 -4.289844121e+01 -4.289844121e+01 +2.6599e+00 +2.3985e+00
1300 +8.098063467e-04 +8.098063467e-04 -4.289919019e+01 -4.289919019e+01 +2.6262e+00 +2.3995e+00
1573 +2.904601275e-04 +2.904601275e-04 -4.289970954e+01 -4.289970954e+01 +2.6352e+00 +2.4103e+00
1733 +1.170868385e-04 +1.170868385e-04 -4.289988291e+01 -4.289988291e+01 +2.6222e+00 +2.4249e+00
1750 +3.692974663e-05 +3.692974663e-05 -4.289996307e+01 -4.289996307e+01 +2.6330e+00 +2.4333e+00
1884 +1.184715133e-05 +1.184715133e-05 -4.289998815e+01 -4.289998815e+01 +2.6315e+00 +2.4240e+00
2226 +5.160799013e-06 +5.160799013e-06 -4.289999484e+01 -4.289999484e+01 +2.6307e+00 +2.4281e+00
2260 +2.309121797e-06 +2.309121797e-06 -4.289999769e+01 -4.289999769e+01 +2.6342e+00 +2.4278e+00
2333 +7.100906600e-07 +7.100906600e-07 -4.289999929e+01 -4.289999929e+01 +2.6320e+00 +2.4269e+00
2340 +3.658806946e-07 +3.658806946e-07 -4.289999963e+01 -4.289999963e+01 +2.6323e+00 +2.4268e+00
2373 +1.474328357e-07 +1.474328357e-07 -4.289999985e+01 -4.289999985e+01 +2.6325e+00 +2.4269e+00
2413 +6.646938289e-08 +6.646938289e-08 -4.289999993e+01 -4.289999993e+01 +2.6328e+00 +2.4269e+00
2620 +1.765856439e-08 +1.765856439e-08 -4.289999998e+01 -4.289999998e+01 +2.6329e+00 +2.4273e+00
2626 +2.966949353e-09 +2.966949353e-09 -4.290000000e+01 -4.290000000e+01 +2.6328e+00 +2.4272e+00
2746 +1.154667473e-09 +1.154667473e-09 -4.290000000e+01 -4.290000000e+01 +2.6328e+00 +2.4272e+00
2866 +2.955218292e-10 +2.955218292e-10 -4.290000000e+01 -4.290000000e+01 +2.6328e+00 +2.4272e+00
2933 +8.874678770e-12 +8.874678770e-12 -4.290000000e+01 -4.290000000e+01 +2.6328e+00 +2.4272e+00
3226 +2.664535259e-12 +2.664535259e-12 -4.290000000e+01 -4.290000000e+01 +2.6328e+00 +2.4272e+00
3413 +2.309263891e-12 +2.309263891e-12 -4.290000000e+01 -4.290000000e+01 +2.6328e+00 +2.4272e+00
3493 +1.499245172e-12 +1.499245172e-12 -4.290000000e+01 -4.290000000e+01 +2.6328e+00 +2.4272e+00
3503 +8.810729923e-13 +8.810729923e-13 -4.290000000e+01 -4.290000000e+01 +2.6328e+00 +2.4272e+00
3546 +4.902744877e-13 +4.902744877e-13 -4.290000000e+01 -4.290000000e+01 +2.6328e+00 +2.4272e+00
3613 +3.339550858e-13 +3.339550858e-13 -4.290000000e+01 -4.290000000e+01 +2.6328e+00 +2.4272e+00
3623 +1.136868377e-13 +1.136868377e-13 -4.290000000e+01 -4.290000000e+01 +2.6328e+00 +2.4272e+00
3656 +7.105427358e-14 +7.105427358e-14 -4.290000000e+01 -4.290000000e+01 +2.6328e+00 +2.4272e+00
3693 +2.842170943e-14 +2.842170943e-14 -4.290000000e+01 -4.290000000e+01 +2.6328e+00 +2.4272e+00
3875 +7.105427358e-15 +7.105427358e-15 -4.290000000e+01 -4.290000000e+01 +2.6328e+00 +2.4272e+00
4204 +0.000000000e+00 +0.000000000e+00 -4.290000000e+01 -4.290000000e+01 +2.6328e+00 +2.4272e+00
% function evaluation | noise-free fitness - Fopt (-1.013200000000e+02) | best noise-free fitness - Fopt | measured fitness | best measured fitness | x1 | x2...
1 +1.855513295e+01 +1.855513295e+01 -8.276486705e+01 -8.276486705e+01 +3.1760e+00 -1.2904e+00
5 +5.686861512e+00 +5.686861512e+00 -9.563313849e+01 -9.563313849e+01 -6.8542e-01 +2.8643e+00
10 +3.718987907e+00 +3.718987907e+00 -9.760101209e+01 -9.760101209e+01 +8.0753e-02 +1.7029e+00
19 +7.904579824e-01 +7.904579824e-01 -1.005295420e+02 -1.005295420e+02 +2.4561e+00 +2.2926e+00
51 +5.991747806e-01 +5.991747806e-01 -1.007208252e+02 -1.007208252e+02 +9.8485e-01 +2.4514e+00
76 +5.766252240e-02 +5.766252240e-02 -1.012623375e+02 -1.012623375e+02 +1.9082e+00 +2.6413e+00
139 +4.727347313e-03 +4.727347313e-03 -1.013152727e+02 -1.013152727e+02 +1.6597e+00 +2.8131e+00
590 +2.617253592e-03 +2.617253592e-03 -1.013173827e+02 -1.013173827e+02 +1.6590e+00 +2.7208e+00
1127 +4.596415712e-04 +4.596415712e-04 -1.013195404e+02 -1.013195404e+02 +1.7106e+00 +2.7388e+00
1183 +2.349253208e-05 +2.349253208e-05 -1.013199765e+02 -1.013199765e+02 +1.7012e+00 +2.7572e+00
2170 +6.785879890e-06 +6.785879890e-06 -1.013199932e+02 -1.013199932e+02 +1.6957e+00 +2.7575e+00
2283 +1.828352410e-06 +1.828352410e-06 -1.013199982e+02 -1.013199982e+02 +1.6962e+00 +2.7540e+00
2523 +1.078688882e-06 +1.078688882e-06 -1.013199989e+02 -1.013199989e+02 +1.6958e+00 +2.7555e+00
2551 +6.451940635e-07 +6.451940635e-07 -1.013199994e+02 -1.013199994e+02 +1.6969e+00 +2.7560e+00
2591 +5.747925513e-08 +5.747925513e-08 -1.013199999e+02 -1.013199999e+02 +1.6970e+00 +2.7551e+00
2763 +2.878026351e-08 +2.878026351e-08 -1.013200000e+02 -1.013200000e+02 +1.6969e+00 +2.7551e+00
2964 +8.140048635e-09 +8.140048635e-09 -1.013200000e+02 -1.013200000e+02 +1.6968e+00 +2.7553e+00
3031 +8.284501973e-10 +8.284501973e-10 -1.013200000e+02 -1.013200000e+02 +1.6968e+00 +2.7552e+00
3148 +3.213784794e-10 +3.213784794e-10 -1.013200000e+02 -1.013200000e+02 +1.6968e+00 +2.7552e+00
3163 +2.184776804e-10 +2.184776804e-10 -1.013200000e+02 -1.013200000e+02 +1.6968e+00 +2.7552e+00
3191 +3.183231456e-11 +3.183231456e-11 -1.013200000e+02 -1.013200000e+02 +1.6968e+00 +2.7552e+00
3228 +2.179945113e-11 +2.179945113e-11 -1.013200000e+02 -1.013200000e+02 +1.6968e+00 +2.7552e+00
3471 +6.863842827e-12 +6.863842827e-12 -1.013200000e+02 -1.013200000e+02 +1.6968e+00 +2.7552e+00
3523 +5.812239579e-12 +5.812239579e-12 -1.013200000e+02 -1.013200000e+02 +1.6968e+00 +2.7552e+00
3601 +3.126388037e-13 +3.126388037e-13 -1.013200000e+02 -1.013200000e+02 +1.6968e+00 +2.7552e+00
3723 +1.278976924e-13 +1.278976924e-13 -1.013200000e+02 -1.013200000e+02 +1.6968e+00 +2.7552e+00
3791 +7.105427358e-14 +7.105427358e-14 -1.013200000e+02 -1.013200000e+02 +1.6968e+00 +2.7552e+00
3871 +4.263256415e-14 +4.263256415e-14 -1.013200000e+02 -1.013200000e+02 +1.6968e+00 +2.7552e+00
3923 +1.421085472e-14 +1.421085472e-14 -1.013200000e+02 -1.013200000e+02 +1.6968e+00 +2.7552e+00
4063 +0.000000000e+00 +0.000000000e+00 -1.013200000e+02 -1.013200000e+02 +1.6968e+00 +2.7552e+00
% function evaluation | noise-free fitness - Fopt (3.650000000000e+00) | best noise-free fitness - Fopt | measured fitness | best measured fitness | x1 | x2...
1 +1.105963697e+01 +1.105963697e+01 +1.470963697e+01 +1.470963697e+01 +6.5788e-01 +1.3472e+00
3 +8.301940362e+00 +8.301940362e+00 +1.195194036e+01 +1.195194036e+01 +2.1226e+00 -4.3516e+00
4 +5.877805801e+00 +5.877805801e+00 +9.527805801e+00 +9.527805801e+00 -1.5797e+00 -7.1908e-01
5 +3.935935785e+00 +3.935935785e+00 +7.585935785e+00 +7.585935785e+00 -1.4702e+00 -1.6980e+00
8 +1.610368702e+00 +1.610368702e+00 +5.260368702e+00 +5.260368702e+00 +2.5352e-01 -7.2847e-01
11 +1.061000726e+00 +1.061000726e+00 +4.711000726e+00 +4.711000726e+00 -7.0389e-02 -1.1130e+00
18 +3.790697716e-01 +3.790697716e-01 +4.029069772e+00 +4.029069772e+00 +9.3556e-01 -2.4039e+00
43 +2.419991412e-01 +2.419991412e-01 +3.891999141e+00 +3.891999141e+00 +8.9669e-01 -1.6913e+00
65 +1.332915914e-02 +1.332915914e-02 +3.663329159e+00 +3.663329159e+00 +5.7925e-01 -2.0527e+00
598 +5.546340941e-03 +5.546340941e-03 +3.655546341e+00 +3.655546341e+00 +4.2013e-01 -1.9799e+00
629 +3.800684644e-03 +3.800684644e-03 +3.653800685e+00 +3.653800685e+00 +4.8738e-01 -2.0356e+00
998 +4.110103197e-04 +4.110103197e-04 +3.650411010e+00 +3.650411010e+00 +5.0213e-01 -1.9557e+00
1195 +5.040241569e-05 +5.040241569e-05 +3.650050402e+00 +3.650050402e+00 +4.9457e-01 -1.9815e+00
1879 +2.052204056e-05 +2.052204056e-05 +3.650020522e+00 +3.650020522e+00 +4.9233e-01 -1.9704e+00
1977 +1.568695036e-05 +1.568695036e-05 +3.650015687e+00 +3.650015687e+00 +4.9398e-01 -1.9783e+00
2012 +4.547577013e-06 +4.547577013e-06 +3.650004548e+00 +3.650004548e+00 +4.9307e-01 -1.9727e+00
2072 +9.488968811e-07 +9.488968811e-07 +3.650000949e+00 +3.650000949e+00 +4.9536e-01 -1.9743e+00
2275 +2.343796113e-07 +2.343796113e-07 +3.650000234e+00 +3.650000234e+00 +4.9435e-01 -1.9749e+00
2339 +1.285409330e-07 +1.285409330e-07 +3.650000129e+00 +3.650000129e+00 +4.9461e-01 -1.9741e+00
2419 +3.111823998e-08 +3.111823998e-08 +3.650000031e+00 +3.650000031e+00 +4.9450e-01 -1.9743e+00
2656 +2.373060770e-08 +2.373060770e-08 +3.650000024e+00 +3.650000024e+00 +4.9438e-01 -1.9742e+00
2752 +8.291108688e-09 +8.291108688e-09 +3.650000008e+00 +3.650000008e+00 +4.9445e-01 -1.9743e+00
2835 +1.631884405e-09 +1.631884405e-09 +3.650000002e+00 +3.650000002e+00 +4.9436e-01 -1.9744e+00
2912 +5.336193709e-10 +5.336193709e-10 +3.650000001e+00 +3.650000001e+00 +4.9441e-01 -1.9744e+00
3099 +1.380970893e-10 +1.380970893e-10 +3.650000000e+00 +3.650000000e+00 +4.9440e-01 -1.9744e+00
3184 +8.219336323e-11 +8.219336323e-11 +3.650000000e+00 +3.650000000e+00 +4.9440e-01 -1.9744e+00
3224 +9.505285448e-12 +9.505285448e-12 +3.650000000e+00 +3.650000000e+00 +4.9440e-01 -1.9744e+00
3312 +4.453770686e-12 +4.453770686e-12 +3.650000000e+00 +3.650000000e+00 +4.9440e-01 -1.9744e+00
3432 +2.121858245e-12 +2.121858245e-12 +3.650000000e+00 +3.650000000e+00 +4.9440e-01 -1.9744e+00
3520 +1.533884131e-12 +1.533884131e-12 +3.650000000e+00 +3.650000000e+00 +4.9440e-01 -1.9744e+00
3560 +8.655298700e-13 +8.655298700e-13 +3.650000000e+00 +3.650000000e+00 +4.9440e-01 -1.9744e+00
3602 +5.817568649e-13 +5.817568649e-13 +3.650000000e+00 +3.650000000e+00 +4.9440e-01 -1.9744e+00
3652 +8.526512829e-14 +8.526512829e-14 +3.650000000e+00 +3.650000000e+00 +4.9440e-01 -1.9744e+00
3859 +5.107025913e-14 +5.107025913e-14 +3.650000000e+00 +3.650000000e+00 +4.9440e-01 -1.9744e+00
3918 +3.064215548e-14 +3.064215548e-14 +3.650000000e+00 +3.650000000e+00 +4.9440e-01 -1.9744e+00
4019 +1.154631946e-14 +1.154631946e-14 +3.650000000e+00 +3.650000000e+00 +4.9440e-01 -1.9744e+00
4059 +8.437694987e-15 +8.437694987e-15 +3.650000000e+00 +3.650000000e+00 +4.9440e-01 -1.9744e+00
4063 +5.773159728e-15 +5.773159728e-15 +3.650000000e+00 +3.650000000e+00 +4.9440e-01 -1.9744e+00
4080 +8.881784197e-16 +8.881784197e-16 +3.650000000e+00 +3.650000000e+00 +4.9440e-01 -1.9744e+00
4082 +0.000000000e+00 +0.000000000e+00 +3.650000000e+00 +3.650000000e+00 +4.9440e-01 -1.9744e+00
% function evaluation | noise-free fitness - Fopt (2.205300000000e+02) | best noise-free fitness - Fopt | measured fitness | best measured fitness | x1 | x2...
1 +1.281127986e+00 +1.281127986e+00 +2.218111280e+02 +2.218111280e+02 +3.7840e+00 -3.0347e+00
48 +4.244959720e-01 +4.244959720e-01 +2.209544960e+02 +2.209544960e+02 +2.3659e+00 -3.6854e+00
135 +3.731696278e-01 +3.731696278e-01 +2.209031696e+02 +2.209031696e+02 +2.4950e+00 -4.1964e+00
164 +1.032059039e-01 +1.032059039e-01 +2.206332059e+02 +2.206332059e+02 +3.1874e+00 -4.1066e+00
366 +9.638768372e-02 +9.638768372e-02 +2.206263877e+02 +2.206263877e+02 +3.0796e+00 -4.1472e+00
392 +3.474766747e-02 +3.474766747e-02 +2.205647477e+02 +2.205647477e+02 +2.9784e+00 -4.0335e+00
490 +8.187018681e-04 +8.187018681e-04 +2.205308187e+02 +2.205308187e+02 +3.0029e+00 -3.8200e+00
1218 +4.197789130e-05 +4.197789130e-05 +2.205300420e+02 +2.205300420e+02 +3.0033e+00 -3.8477e+00
1455 +2.869425356e-05 +2.869425356e-05 +2.205300287e+02 +2.205300287e+02 +2.9919e+00 -3.8458e+00
1815 +1.875057157e-05 +1.875057157e-05 +2.205300188e+02 +2.205300188e+02 +2.9965e+00 -3.8437e+00
1880 +1.403042575e-05 +1.403042575e-05 +2.205300140e+02 +2.205300140e+02 +2.9949e+00 -3.8448e+00
2021 +3.162721327e-06 +3.162721327e-06 +2.205300032e+02 +2.205300032e+02 +2.9984e+00 -3.8473e+00
2181 +9.750138474e-07 +9.750138474e-07 +2.205300010e+02 +2.205300010e+02 +2.9978e+00 -3.8479e+00
2221 +2.182167691e-08 +2.182167691e-08 +2.205300000e+02 +2.205300000e+02 +2.9969e+00 -3.8480e+00
2381 +1.308106334e-08 +1.308106334e-08 +2.205300000e+02 +2.205300000e+02 +2.9967e+00 -3.8481e+00
2461 +3.517897085e-09 +3.517897085e-09 +2.205300000e+02 +2.205300000e+02 +2.9967e+00 -3.8480e+00
2581 +5.466063158e-10 +5.466063158e-10 +2.205300000e+02 +2.205300000e+02 +2.9968e+00 -3.8480e+00
2861 +3.495301826e-10 +3.495301826e-10 +2.205300000e+02 +2.205300000e+02 +2.9968e+00 -3.8480e+00
2921 +3.012701200e-12 +3.012701200e-12 +2.205300000e+02 +2.205300000e+02 +2.9968e+00 -3.8480e+00
3165 +7.673861546e-13 +7.673861546e-13 +2.205300000e+02 +2.205300000e+02 +2.9968e+00 -3.8480e+00
3365 +2.273736754e-13 +2.273736754e-13 +2.205300000e+02 +2.205300000e+02 +2.9968e+00 -3.8480e+00
3405 +1.421085472e-13 +1.421085472e-13 +2.205300000e+02 +2.205300000e+02 +2.9968e+00 -3.8480e+00
3504 +5.684341886e-14 +5.684341886e-14 +2.205300000e+02 +2.205300000e+02 +2.9968e+00 -3.8480e+00
3526 +0.000000000e+00 +0.000000000e+00 +2.205300000e+02 +2.205300000e+02 +2.9968e+00 -3.8480e+00
% function evaluation | noise-free fitness - Fopt (4.212900000000e+02) | best noise-free fitness - Fopt | measured fitness | best measured fitness | x1 | x2...
1 +1.853072094e+01 +1.853072094e+01 +4.398207209e+02 +4.398207209e+02 +1.5031e-01 +2.0069e+00
3 +2.039880925e+00 +2.039880925e+00 +4.233298809e+02 +4.233298809e+02 -2.9428e+00 +4.3154e+00
5 +1.478133133e-01 +1.478133133e-01 +4.214378133e+02 +4.214378133e+02 -3.7275e+00 +3.6174e+00
142 +7.841094211e-02 +7.841094211e-02 +4.213684109e+02 +4.213684109e+02 -3.9702e+00 +3.5859e+00
202 +4.944894146e-02 +4.944894146e-02 +4.213394489e+02 +4.213394489e+02 -3.8267e+00 +3.4890e+00
216 +2.198838996e-04 +2.198838996e-04 +4.212902199e+02 +4.212902199e+02 -3.9639e+00 +3.3171e+00
1613 +2.727366751e-05 +2.727366751e-05 +4.212900273e+02 +4.212900273e+02 -3.9518e+00 +3.3113e+00
1899 +4.624063763e-07 +4.624063763e-07 +4.212900005e+02 +4.212900005e+02 -3.9531e+00 +3.3068e+00
2154 +9.551206404e-08 +9.551206404e-08 +4.212900001e+02 +4.212900001e+02 -3.9539e+00 +3.3063e+00
2624 +4.088030892e-08 +4.088030892e-08 +4.212900000e+02 +4.212900000e+02 -3.9535e+00 +3.3063e+00
2664 +3.683044270e-08 +3.683044270e-08 +4.212900000e+02 +4.212900000e+02 -3.9538e+00 +3.3065e+00
2744 +1.089273383e-08 +1.089273383e-08 +4.212900000e+02 +4.212900000e+02 -3.9535e+00 +3.3064e+00
2864 +7.944436220e-10 +7.944436220e-10 +4.212900000e+02 +4.212900000e+02 -3.9536e+00 +3.3064e+00
2904 +5.863398655e-10 +5.863398655e-10 +4.212900000e+02 +4.212900000e+02 -3.9536e+00 +3.3064e+00
3173 +3.475975063e-10 +3.475975063e-10 +4.212900000e+02 +4.212900000e+02 -3.9536e+00 +3.3064e+00
3448 +2.071942617e-10 +2.071942617e-10 +4.212900000e+02 +4.212900000e+02 -3.9536e+00 +3.3064e+00
3478 +1.468265509e-10 +1.468265509e-10 +4.212900000e+02 +4.212900000e+02 -3.9536e+00 +3.3064e+00
3496 +1.477928890e-12 +1.477928890e-12 +4.212900000e+02 +4.212900000e+02 -3.9536e+00 +3.3064e+00
3662 +2.273736754e-13 +2.273736754e-13 +4.212900000e+02 +4.212900000e+02 -3.9536e+00 +3.3064e+00
3813 +5.684341886e-14 +5.684341886e-14 +4.212900000e+02 +4.212900000e+02 -3.9536e+00 +3.3064e+00
4059 +0.000000000e+00 +0.000000000e+00 +4.212900000e+02 +4.212900000e+02 -3.9536e+00 +3.3064e+00
% function evaluation | noise-free fitness - Fopt (-7.900000000000e+01) | best noise-free fitness - Fopt | measured fitness | best measured fitness | x1 | x2...
1 +3.731160883e+01 +3.731160883e+01 -4.168839117e+01 -4.168839117e+01 +2.7369e+00 +3.1325e+00
2 +1.876942380e+01 +1.876942380e+01 -6.023057620e+01 -6.023057620e+01 +1.2832e+00 +1.2698e+00
4 +1.161876033e+00 +1.161876033e+00 -7.783812397e+01 -7.783812397e+01 -3.4622e+00 +2.1664e+00
36 +2.714274537e-01 +2.714274537e-01 -7.872857255e+01 -7.872857255e+01 -2.9721e+00 +1.6866e+00
77 +2.132408673e-01 +2.132408673e-01 -7.878675913e+01 -7.878675913e+01 -2.7984e+00 +7.8269e-01
160 +7.729217472e-02 +7.729217472e-02 -7.892270783e+01 -7.892270783e+01 -3.2002e+00 +9.3854e-01
424 +4.244243401e-02 +4.244243401e-02 -7.895755757e+01 -7.895755757e+01 -2.8453e+00 +1.2082e+00
634 +2.632430011e-02 +2.632430011e-02 -7.897367570e+01 -7.897367570e+01 -2.8891e+00 +1.1385e+00
882 +1.858299878e-02 +1.858299878e-02 -7.898141700e+01 -7.898141700e+01 -3.1355e+00 +1.0666e+00
913 +4.331485675e-03 +4.331485675e-03 -7.899566851e+01 -7.899566851e+01 -2.9933e+00 +1.1346e+00
1120 +9.618897438e-04 +9.618897438e-04 -7.899903811e+01 -7.899903811e+01 -3.0205e+00 +1.1856e+00
1193 +2.624530725e-04 +2.624530725e-04 -7.899973755e+01 -7.899973755e+01 -3.0460e+00 +1.1873e+00
1273 +2.863503990e-05 +2.863503990e-05 -7.899997136e+01 -7.899997136e+01 -3.0500e+00 +1.1663e+00
1593 +2.022925695e-05 +2.022925695e-05 -7.899997977e+01 -7.899997977e+01 -3.0441e+00 +1.1690e+00
1713 +7.374087147e-06 +7.374087147e-06 -7.899999263e+01 -7.899999263e+01 -3.0473e+00 +1.1686e+00
2011 +1.890338751e-06 +1.890338751e-06 -7.899999811e+01 -7.899999811e+01 -3.0494e+00 +1.1711e+00
2091 +1.347849292e-06 +1.347849292e-06 -7.899999865e+01 -7.899999865e+01 -3.0492e+00 +1.1711e+00
2433 +5.805633521e-07 +5.805633521e-07 -7.899999942e+01 -7.899999942e+01 -3.0487e+00 +1.1709e+00
2583 +2.253268860e-07 +2.253268860e-07 -7.899999977e+01 -7.899999977e+01 -3.0482e+00 +1.1708e+00
2633 +1.358845196e-07 +1.358845196e-07 -7.899999986e+01 -7.899999986e+01 -3.0476e+00 +1.1712e+00
2713 +3.784444402e-08 +3.784444402e-08 -7.899999996e+01 -7.899999996e+01 -3.0480e+00 +1.1714e+00
2793 +8.051401323e-09 +8.051401323e-09 -7.899999999e+01 -7.899999999e+01 -3.0480e+00 +1.1713e+00
2814 +5.541636483e-09 +5.541636483e-09 -7.899999999e+01 -7.899999999e+01 -3.0480e+00 +1.1711e+00
2913 +2.443201197e-09 +2.443201197e-09 -7.900000000e+01 -7.900000000e+01 -3.0480e+00 +1.1712e+00
3044 +6.552625109e-10 +6.552625109e-10 -7.900000000e+01 -7.900000000e+01 -3.0480e+00 +1.1712e+00
3084 +1.432738372e-10 +1.432738372e-10 -7.900000000e+01 -7.900000000e+01 -3.0480e+00 +1.1712e+00
3237 +6.824052434e-11 +6.824052434e-11 -7.900000000e+01 -7.900000000e+01 -3.0480e+00 +1.1712e+00
3239 +3.429079243e-11 +3.429079243e-11 -7.900000000e+01 -7.900000000e+01 -3.0480e+00 +1.1712e+00
3244 +4.362732398e-12 +4.362732398e-12 -7.900000000e+01 -7.900000000e+01 -3.0480e+00 +1.1712e+00
3519 +5.684341886e-14 +5.684341886e-14 -7.900000000e+01 -7.900000000e+01 -3.0480e+00 +1.1712e+00
3684 +1.421085472e-14 +1.421085472e-14 -7.900000000e+01 -7.900000000e+01 -3.0480e+00 +1.1712e+00
3979 +0.000000000e+00 +0.000000000e+00 -7.900000000e+01 -7.900000000e+01 -3.0480e+00 +1.1712e+00
% function evaluation | noise-free fitness - Fopt (-4.133000000000e+01) | best noise-free fitness - Fopt | measured fitness | best measured fitness | x1 | x2...
1 +1.127220002e+01 +1.127220002e+01 -3.005779998e+01 -3.005779998e+01 +3.6200e+00 -2.5650e+00
2 +6.050540943e+00 +6.050540943e+00 -3.527945906e+01 -3.527945906e+01 +1.2642e+00 -3.7712e+00
13 +1.757001651e+00 +1.757001651e+00 -3.957299835e+01 -3.957299835e+01 +1.1295e+00 -3.0853e-01
29 +1.021578121e+00 +1.021578121e+00 -4.030842188e+01 -4.030842188e+01 -1.6603e-01 -6.5028e-01
44 +3.327951202e-01 +3.327951202e-01 -4.099720488e+01 -4.099720488e+01 +5.0390e-01 -2.0235e+00
71 +1.825639143e-01 +1.825639143e-01 -4.114743609e+01 -4.114743609e+01 +8.4809e-01 -1.6129e+00
88 +1.463791891e-01 +1.463791891e-01 -4.118362081e+01 -4.118362081e+01 +1.5692e-01 -1.6904e+00
125 +3.957439831e-03 +3.957439831e-03 -4.132604256e+01 -4.132604256e+01 +5.0468e-01 -1.4121e+00
1413 +2.081840869e-03 +2.081840869e-03 -4.132791816e+01 -4.132791816e+01 +4.8699e-01 -1.4799e+00
1443 +1.414659012e-03 +1.414659012e-03 -4.132858534e+01 -4.132858534e+01 +4.2822e-01 -1.4210e+00
1493 +6.771063271e-04 +6.771063271e-04 -4.132932289e+01 -4.132932289e+01 +4.7878e-01 -1.4422e+00
1515 +3.704160113e-04 +3.704160113e-04 -4.132962958e+01 -4.132962958e+01 +4.5657e-01 -1.4678e+00
1595 +9.721219053e-05 +9.721219053e-05 -4.132990279e+01 -4.132990279e+01 +4.6099e-01 -1.4423e+00
1960 +6.297159153e-05 +6.297159153e-05 -4.132993703e+01 -4.132993703e+01 +4.6030e-01 -1.4531e+00
2133 +5.560807992e-07 +5.560807992e-07 -4.132999944e+01 -4.132999944e+01 +4.5415e-01 -1.4493e+00
2333 +2.897495150e-07 +2.897495150e-07 -4.132999971e+01 -4.132999971e+01 +4.5370e-01 -1.4493e+00
2573 +5.160384120e-08 +5.160384120e-08 -4.132999995e+01 -4.132999995e+01 +4.5368e-01 -1.4490e+00
2733 +2.283134393e-08 +2.283134393e-08 -4.132999998e+01 -4.132999998e+01 +4.5355e-01 -1.4489e+00
2773 +9.175387561e-09 +9.175387561e-09 -4.132999999e+01 -4.132999999e+01 +4.5359e-01 -1.4489e+00
2813 +5.299924055e-09 +5.299924055e-09 -4.132999999e+01 -4.132999999e+01 +4.5360e-01 -1.4489e+00
2893 +3.566690054e-09 +3.566690054e-09 -4.133000000e+01 -4.133000000e+01 +4.5361e-01 -1.4489e+00
2963 +2.159431745e-09 +2.159431745e-09 -4.133000000e+01 -4.133000000e+01 +4.5364e-01 -1.4488e+00
3078 +5.988383123e-10 +5.988383123e-10 -4.133000000e+01 -4.133000000e+01 +4.5362e-01 -1.4488e+00
3133 +1.630908741e-10 +1.630908741e-10 -4.133000000e+01 -4.133000000e+01 +4.5359e-01 -1.4488e+00
3333 +7.525358114e-11 +7.525358114e-11 -4.133000000e+01 -4.133000000e+01 +4.5360e-01 -1.4488e+00
3394 +1.116262638e-11 +1.116262638e-11 -4.133000000e+01 -4.133000000e+01 +4.5360e-01 -1.4488e+00
3493 +1.890043677e-12 +1.890043677e-12 -4.133000000e+01 -4.133000000e+01 +4.5360e-01 -1.4488e+00
3533 +1.563194019e-13 +1.563194019e-13 -4.133000000e+01 -4.133000000e+01 +4.5360e-01 -1.4488e+00
3613 +7.105427358e-14 +7.105427358e-14 -4.133000000e+01 -4.133000000e+01 +4.5360e-01 -1.4488e+00
3733 +4.263256415e-14 +4.263256415e-14 -4.133000000e+01 -4.133000000e+01 +4.5360e-01 -1.4488e+00
3752 +2.842170943e-14 +2.842170943e-14 -4.133000000e+01 -4.133000000e+01 +4.5360e-01 -1.4488e+00
3773 +1.421085472e-14 +1.421085472e-14 -4.133000000e+01 -4.133000000e+01 +4.5360e-01 -1.4488e+00
3813 +7.105427358e-15 +7.105427358e-15 -4.133000000e+01 -4.133000000e+01 +4.5360e-01 -1.4488e+00
3849 +0.000000000e+00 +0.000000000e+00 -4.133000000e+01 -4.133000000e+01 +4.5360e-01 -1.4488e+00
% function evaluation | noise-free fitness - Fopt (2.127500000000e+02) | best noise-free fitness - Fopt | measured fitness | best measured fitness | x1 | x2...
1 +1.867485938e+01 +1.867485938e+01 +2.314248594e+02 +2.314248594e+02 -1.4559e+00 +9.2458e-01
2 +1.263522592e+01 +1.263522592e+01 +2.253852259e+02 +2.253852259e+02 -1.3832e+00 -1.1390e-01
4 +1.117789949e+00 +1.117789949e+00 +2.138677899e+02 +2.138677899e+02 -2.8306e+00 -2.3939e+00
8 +5.928149326e-01 +5.928149326e-01 +2.133428149e+02 +2.133428149e+02 -3.6704e+00 -3.4214e+00
75 +3.400661538e-01 +3.400661538e-01 +2.130900662e+02 +2.130900662e+02 -4.4314e+00 -2.6230e+00
124 +3.136966220e-02 +3.136966220e-02 +2.127813697e+02 +2.127813697e+02 -3.9638e+00 -2.5368e+00
542 +1.632731842e-02 +1.632731842e-02 +2.127663273e+02 +2.127663273e+02 -3.7795e+00 -2.5665e+00
573 +1.435375530e-02 +1.435375530e-02 +2.127643538e+02 +2.127643538e+02 -3.9453e+00 -2.7460e+00
703 +8.216169351e-04 +8.216169351e-04 +2.127508216e+02 +2.127508216e+02 -3.8219e+00 -2.6698e+00
967 +1.914439119e-05 +1.914439119e-05 +2.127500191e+02 +2.127500191e+02 -3.8460e+00 -2.6730e+00
1601 +1.566559982e-05 +1.566559982e-05 +2.127500157e+02 +2.127500157e+02 -3.8465e+00 -2.6719e+00
2010 +2.544866248e-06 +2.544866248e-06 +2.127500025e+02 +2.127500025e+02 -3.8508e+00 -2.6743e+00
2203 +2.128625340e-06 +2.128625340e-06 +2.127500021e+02 +2.127500021e+02 -3.8497e+00 -2.6715e+00
2294 +1.372839563e-06 +1.372839563e-06 +2.127500014e+02 +2.127500014e+02 -3.8505e+00 -2.6716e+00
2306 +2.163419595e-07 +2.163419595e-07 +2.127500002e+02 +2.127500002e+02 -3.8500e+00 -2.6731e+00
2458 +1.504269846e-07 +1.504269846e-07 +2.127500002e+02 +2.127500002e+02 -3.8508e+00 -2.6727e+00
2563 +7.199687957e-08 +7.199687957e-08 +2.127500001e+02 +2.127500001e+02 -3.8505e+00 -2.6725e+00
2586 +3.776960966e-08 +3.776960966e-08 +2.127500000e+02 +2.127500000e+02 -3.8503e+00 -2.6727e+00
2707 +9.665086509e-10 +9.665086509e-10 +2.127500000e+02 +2.127500000e+02 -3.8504e+00 -2.6728e+00
2963 +1.961097951e-12 +1.961097951e-12 +2.127500000e+02 +2.127500000e+02 -3.8504e+00 -2.6728e+00
3410 +1.307398634e-12 +1.307398634e-12 +2.127500000e+02 +2.127500000e+02 -3.8504e+00 -2.6728e+00
3483 +1.136868377e-13 +1.136868377e-13 +2.127500000e+02 +2.127500000e+02 -3.8504e+00 -2.6728e+00
3530 +2.842170943e-14 +2.842170943e-14 +2.127500000e+02 +2.127500000e+02 -3.8504e+00 -2.6728e+00
3610 +0.000000000e+00 +0.000000000e+00 +2.127500000e+02 +2.127500000e+02 -3.8504e+00 -2.6728e+00
