% function evaluation | noise-free fitness - Fopt (1.000000000000e+03) | best noise-free fitness - Fopt | measured fitness | best measured fitness | x1 | x2...
1 +6.060674916e+02 +6.060674916e+02 +1.606067492e+03 +1.606067492e+03 -1.3880e+00 -2.2407e+00 +3.2902e+00 -5.3181e-02 -4.9795e+00 -3.5153e+00 +2.2296e+00 +2.0224e+00 -4.8436e+00 -1.3812e+00
28 +3.223367051e+02 +3.223367051e+02 +1.322336705e+03 +1.322336705e+03 +7.1516e-01 +2.6517e-01 +1.7583e+00 -1.6346e+00 -4.5355e+00 -4.8743e+00 -5.2434e-01 +5.7223e+00 -1.6028e+00 -3.4368e+00
44 +2.441163914e+02 +2.441163914e+02 +1.244116391e+03 +1.244116391e+03 +8.5343e-02 +3.0755e+00 +7.3913e-02 +2.8693e+00 +3.2004e-01 -6.3663e+00 -1.8175e+00 +2.9267e+00 -2.9465e+00 +6.8107e-01
313 +1.512320869e+02 +1.512320869e+02 +1.151232087e+03 +1.151232087e+03 -2.4260e+00 +1.2792e+00 +5.6656e-01 +2.7140e+00 -1.1697e+00 -5.0756e+00 -1.8053e+00 +3.5150e+00 -1.4451e+00 -1.1575e-01
978 +9.884320087e+01 +9.884320087e+01 +1.098843201e+03 +1.098843201e+03 -1.8489e+00 +8.9916e-01 +2.4429e-01 +2.0381e+00 +6.7768e-01 -3.7134e+00 -1.5032e+00 +2.2057e+00 -5.6011e-01 -9.7722e-01
% function evaluation | noise-free fitness - Fopt (7.003000000000e+01) | best noise-free fitness - Fopt | measured fitness | best measured fitness | x1 | x2...
1 +1.237444241e+03 +1.237444241e+03 +1.307474241e+03 +1.307474241e+03 +1.9263e-02 -3.3110e+00 -4.0147e+00 -3.0153e+00 -3.7483e+00 +4.5671e+00 +4.2444e+00 -3.7495e+00 +4.8796e+00 -2.5149e-01
2 +9.135318253e+02 +9.135318253e+02 +9.835618253e+02 +9.835618253e+02 -3.1543e+00 +3.7316e+00 -7.4497e-01 -1.8903e+00 -3.6580e+00 +4.8427e+00 +8.7783e-01 +6.7576e-01 -3.3308e+00 -2.9222e-01
3 +4.388081052e+02 +4.388081052e+02 +5.088381052e+02 +5.088381052e+02 +1.0864e+00 -2.4264e+00 -2.7192e-01 -1.1762e+00 -3.0317e+00 +8.6904e-01 +2.4146e+00 -3.5291e+00 -1.5196e+00 +1.4324e+00
11 +2.857321895e+02 +2.857321895e+02 +3.557621895e+02 +3.557621895e+02 -2.2265e+00 -4.1538e+00 -2.8123e+00 -4.2427e+00 +2.3247e+00 -2.0224e+00 +3.1890e-02 +7.1889e-01 -4.5437e+00 +3.1806e-01
22 +1.835537306e+02 +1.835537306e+02 +2.535837306e+02 +2.535837306e+02 +1.7574e+00 -4.7887e-01 -6.1258e+00 -4.3545e+00 +5.4245e-01 -3.3598e+00 -1.8784e+00 +1.3499e+00 -2.3918e-01 +1.7945e+00
182 +1.512114989e+02 +1.512114989e+02 +2.212414989e+02 +2.212414989e+02 -3.0468e-02 -3.5704e+00 -4.5017e+00 -2.3864e+00 -2.5999e+00 -1.6823e+00 +5.3242e-01 +3.7307e-01 -5.9289e-01 +7.6115e-02
262 +9.369534111e+01 +9.369534111e+01 +1.637253411e+02 +1.637253411e+02 +1.0112e+00 -2.4722e+00 -4.6097e+00 -1.5397e+00 +1.2282e+00 -1.1163e+00 -3.9529e-01 +6.0622e-01 -2.1424e+00 -5.9962e-01
1022 +5.330668099e+01 +5.330668099e+01 +1.233366810e+02 +1.233366810e+02 +2.1670e-02 -2.9697e+00 -4.0644e+00 -2.7095e+00 +4.2869e-01 -3.7630e+00 -7.6558e-01 +8.5500e-01 -1.9894e+00 +6.0315e-01
4259 +3.970659978e+01 +3.970659978e+01 +1.097365998e+02 +1.097365998e+02 -4.4886e-01 -3.4971e+00 -4.1945e+00 -2.0102e+00 +9.5629e-01 -3.2984e+00 -1.2139e+00 +2.9314e-01 -2.7739e+00 +8.1088e-01
% function evaluation | noise-free fitness - Fopt (-4.822000000000e+01) | best noise-free fitness - Fopt | measured fitness | best measured fitness | x1 | x2...
1 +1.457632370e+03 +1.457632370e+03 +1.409412370e+03 +1.409412370e+03 -3.7866e+00 +3.1599e+00 +4.9225e+00 +1.8413e+00 +3.6517e+00 +2.5600e+00 -6.3114e-02 -1.2955e+00 -1.1512e-01 +1.2773e+00
9 +7.510216001e+02 +7.510216001e+02 +7.028016001e+02 +7.028016001e+02 +1.8758e+00 -2.2600e+00 -1.9524e+00 +1.9553e+00 -2.6310e-01 +3.7865e-01 -4.7521e+00 -4.3252e+00 -1.0472e+00 +4.3046e+00
11 +4.151438830e+02 +4.151438830e+02 +3.669238830e+02 +3.669238830e+02 -4.2271e+00 +4.1433e+00 -3.8188e-01 +3.2353e+00 -3.3985e+00 +2.1124e+00 -4.1012e+00 +4.4145e+00 -4.6042e+00 +4.3449e+00
71 +2.521739714e+02 +2.521739714e+02 +2.039539714e+02 +2.039539714e+02 -5.3948e+00 -8.9497e-01 -3.9758e+00 +1.2350e+00 -6.8619e+00 +1.8630e+00 -5.7451e+00 +1.3719e+00 +2.0646e+00 +4.0494e+00
112 +2.271856387e+02 +2.271856387e+02 +1.789656387e+02 +1.789656387e+02 -1.6938e+00 -1.6361e+00 -2.6934e+00 +8.2314e-01 -6.0726e+00 +7.4522e-01 -6.5471e+00 +2.9270e+00 -9.8087e-01 +3.0361e+00
150 +1.406608226e+02 +1.406608226e+02 +9.244082256e+01 +9.244082256e+01 -1.8494e+00 +5.4337e-01 -1.9779e-01 +5.0204e-02 -4.8317e+00 +2.6724e+00 -5.0914e+00 -4.3712e-01 -2.6824e+00 +4.1620e+00
354 +9.823567693e+01 +9.823567693e+01 +5.001567693e+01 +5.001567693e+01 -3.0759e+00 +1.6832e-01 -1.7470e+00 +6.7235e-02 -2.3562e+00 +2.4688e+00 -2.8447e+00 +2.2095e+00 -1.6192e+00 +2.2816e+00
1610 +5.424146328e+01 +5.424146328e+01 +6.021463275e+00 +6.021463275e+00 -1.2425e+00 +7.6731e-01 -1.3697e+00 -9.5731e-01 -3.5651e+00 +3.4473e+00 -3.5152e+00 +1.1125e-01 -2.3883e+00 +3.7218e+00
% function evaluation | noise-free fitness - Fopt (2.547000000000e+01) | best noise-free fitness - Fopt | measured fitness | best measured fitness | x1 | x2...
1 +7.456863397e+02 +7.456863397e+02 +7.711563397e+02 +7.711563397e+02 +4.4366e+00 +4.3009e-01 -2.5720e+00 +1.7350e+00 +2.4750e+00 +3.2376e+00 -3.4749e+00 +1.1072e+00 +1.0159e+00 -4.9011e+00
3 +6.040509040e+02 +6.040509040e+02 +6.295209040e+02 +6.295209040e+02 +3.4183e-01 +2.4576e+00 +3.4784e+00 +4.5214e+00 -3.0384e+00 +2.7617e-02 +1.6581e+00 +1.0921e+00 +4.8667e+00 -7.7096e-01
5 +2.761171299e+02 +2.761171299e+02 +3.015871299e+02 +3.015871299e+02 -4.0846e+00 -2.9458e+00 +2.7866e+00 -5.4390e-01 -2.0090e+00 -3.3886e+00 +2.7349e-01 -3.3520e+00 -1.3305e+00 +2.8474e-01
29 +2.490448061e+02 +2.490448061e+02 +2.745148061e+02 +2.745148061e+02 -5.6468e+00 -1.8265e+00 +8.3189e-01 +1.7350e+00 -2.7781e+00 +6.8404e-01 +2.1928e-01 -2.5829e+00 +1.0159e+00 -4.9011e+00
362 +1.522183878e+02 +1.522183878e+02 +1.776883878e+02 +1.776883878e+02 -4.0011e+00 -4.0040e-01 +4.8415e-01 +6.5255e-01 -1.2617e+00 +4.3097e-01 +6.4064e-01 -2.7022e-01 +1.1885e+00 -1.0325e+00
985 +8.051587086e+01 +8.051587086e+01 +1.059858709e+02 +1.059858709e+02 -3.9495e+00 -1.8100e+00 +1.1327e+00 -4.2074e-01 -1.6638e+00 +4.0349e-01 -1.0171e+00 -3.2194e-01 +2.4737e+00 -5.9843e-01
1395 +5.753659505e+01 +5.753659505e+01 +8.300659505e+01 +8.300659505e+01 -4.6053e+00 -1.1430e+00 +1.7352e+00 -9.8548e-01 -1.5890e+00 +2.9311e-01 +1.9020e-01 -6.3972e-01 +2.1971e+00 +1.2288e-01
4022 +3.980862857e+01 +3.980862857e+01 +6.527862857e+01 +6.527862857e+01 -4.5475e+00 -1.2251e+00 +1.6828e+00 -1.0170e+00 -1.4701e+00 +2.5677e-01 +1.0200e-01 -5.7973e-01 +2.1516e+00 +4.4101e-02
% function evaluation | noise-free fitness - Fopt (-1.008100000000e+02) | best noise-free fitness - Fopt | measured fitness | best measured fitness | x1 | x2...
1 +5.369810829e+02 +5.369810829e+02 +4.361710829e+02 +4.361710829e+02 -1.2927e-01 -1.3795e-01 +2.2987e-01 +9.1951e-01 -2.9187e+00 +6.9637e-01 +4.8694e-01 -5.9462e-02 +4.6040e+00 +3.2088e+00
6 +3.838645414e+02 +3.838645414e+02 +2.830545414e+02 +2.830545414e+02 +1.6412e-01 -4.2585e+00 +8.2388e-01 -2.0503e+00 -1.0854e+00 +4.7204e+00 +1.1759e+00 +3.8393e-01 -7.3976e-01 -3.3436e-02
8 +1.952343860e+02 +1.952343860e+02 +9.442438603e+01 +9.442438603e+01 +9.2624e-01 -2.8575e-02 +9.9870e-01 -4.1037e-01 -1.6768e+00 +1.0189e+00 -2.6797e+00 +1.1282e+00 -4.8028e+00 +4.4492e+00
187 +1.439963813e+02 +1.439963813e+02 +4.318638125e+01 +4.318638125e+01 +3.9876e+00 -7.8124e-01 +1.6055e+00 -1.7605e+00 +5.8272e-01 +2.9474e+00 -1.2161e+00 +1.5390e+00 -5.3252e+00 -1.0027e-01
302 +8.627019283e+01 +8.627019283e+01 -1.453980717e+01 -1.453980717e+01 +2.8291e+00 -9.4935e-01 -1.3134e+00 +7.3899e-01 +2.6586e+00 +1.6953e+00 -6.8984e-01 -1.4989e-01 -2.7601e+00 +2.9275e-01
1151 +6.203588407e+01 +6.203588407e+01 -3.877411593e+01 -3.877411593e+01 +2.1913e+00 +1.4944e-01 -5.5756e-01 -5.0622e-01 +7.9231e-01 +1.7223e+00 -7.1203e-01 +1.4167e+00 -4.1737e+00 +1.3334e+00
2608 +3.969879197e+01 +3.969879197e+01 -6.111120803e+01 -6.111120803e+01 +2.4976e+00 -2.5097e-01 -1.9750e-01 +7.7310e-01 +1.7842e+00 +1.9717e+00 -4.7616e-01 +5.5025e-01 -2.8066e+00 -1.1155e-02
3353 +2.460401751e+01 +2.460401751e+01 -7.620598249e+01 -7.620598249e+01 +2.5432e+00 -2.1844e-01 -9.5934e-02 +8.8929e-01 +1.9287e+00 +1.9830e+00 -5.0588e-01 +6.0724e-01 -2.9794e+00 -2.6892e-02
% function evaluation | noise-free fitness - Fopt (8.333000000000e+01) | best noise-free fitness - Fopt | measured fitness | best measured fitness | x1 | x2...
1 +5.082735309e+02 +5.082735309e+02 +5.916035309e+02 +5.916035309e+02 +9.5875e-01 -1.9716e+00 +8.3600e-01 +5.7020e-01 +4.0145e+00 +4.4222e+00 +5.9723e-01 +1.1773e-01 -1.5778e+00 +1.8446e+00
2 +3.667919397e+02 +3.667919397e+02 +4.501219397e+02 +4.501219397e+02 -7.8712e-01 -1.8943e+00 +8.1469e-01 +3.2657e+00 -3.8692e+00 +2.2732e+00 -1.8552e+00 +4.1966e+00 -2.9759e-02 +2.8900e+00
19 +1.929698027e+02 +1.929698027e+02 +2.762998027e+02 +2.762998027e+02 +1.9201e-02 -3.0783e+00 -2.3170e-01 +4.0170e+00 +7.4996e-01 +3.6791e+00 +1.1440e+00 -2.1431e+00 -2.6984e+00 +3.4690e+00
109 +1.335290409e+02 +1.335290409e+02 +2.168590409e+02 +2.168590409e+02 -8.5228e-01 -4.1339e+00 +3.6745e-01 +1.8177e+00 +8.9039e-01 +1.9863e+00 -8.4673e-01 +5.3801e-01 -3.7228e-01 +1.4882e+00
461 +9.715789510e+01 +9.715789510e+01 +1.804878951e+02 +1.804878951e+02 -1.1455e+00 -3.4297e+00 +2.3738e+00 +2.9563e+00 +8.2292e-01 +6.7529e-01 -3.7450e-01 -1.6667e-01 -5.3388e-01 +2.2094e+00
1063 +5.719530443e+01 +5.719530443e+01 +1.405253044e+02 +1.405253044e+02 +5.7784e-01 -2.7508e+00 +3.5153e+00 +3.7073e+00 +4.6451e-01 +8.5320e-01 -5.5501e-01 -8.4502e-01 -2.3464e+00 +4.2338e+00
% function evaluation | noise-free fitness - Fopt (2.085600000000e+02) | best noise-free fitness - Fopt | measured fitness | best measured fitness | x1 | x2...
1 +3.352068009e+03 +3.352068009e+03 +3.560628009e+03 +3.560628009e+03 -4.5360e+00 -3.6267e+00 -8.7525e-01 +4.0771e+00 +2.2812e+00 +4.6175e+00 -3.7742e+00 -3.8877e+00 -2.8229e+00 -3.3405e+00
2 +4.547222342e+02 +4.547222342e+02 +6.632822342e+02 +6.632822342e+02 -3.9234e+00 +4.5841e+00 -2.2760e+00 -3.7778e+00 +3.9241e-01 -3.1112e+00 -1.3434e+00 -4.0147e-01 +2.2848e+00 -3.4654e+00
11 +2.985857223e+02 +2.985857223e+02 +5.071457223e+02 +5.071457223e+02 +8.5715e-01 +4.1853e+00 +1.1627e+00 -3.9045e-01 -4.9466e+00 -2.2710e+00 +1.7773e+00 +2.9542e+00 -2.6803e+00 +1.0584e+00
42 +2.190817140e+02 +2.190817140e+02 +4.276417140e+02 +4.276417140e+02 -2.2984e+00 +3.0204e+00 -5.3974e-02 +2.4914e+00 -2.9809e+00 -4.3834e+00 -2.3139e+00 +4.6856e+00 -8.1174e-01 -6.3655e-01
249 +1.545127430e+02 +1.545127430e+02 +3.630727430e+02 +3.630727430e+02 +1.5970e+00 +2.0963e+00 +7.1563e-01 +2.1961e+00 -2.7877e+00 -2.7984e+00 +1.3642e+00 +6.4903e+00 -4.4069e+00 -1.3413e+00
305 +9.942288280e+01 +9.942288280e+01 +3.079828828e+02 +3.079828828e+02 +3.0670e+00 +3.2596e+00 -3.8155e-01 -2.8710e-01 -2.9918e+00 -1.8374e+00 +2.2025e+00 +5.0104e+00 -4.9038e+00 -2.1997e+00
490 +5.404234337e+01 +5.404234337e+01 +2.626023434e+02 +2.626023434e+02 +2.8399e+00 +2.8939e+00 +1.8538e-01 +2.6286e-04 -3.0331e+00 -2.4447e+00 +1.9776e+00 +4.2325e+00 -4.4653e+00 -1.6677e+00
2569 +3.516954810e+01 +3.516954810e+01 +2.437295481e+02 +2.437295481e+02 +2.9439e+00 +2.6029e+00 -1.2092e-02 +7.3285e-03 -3.0799e+00 -2.3143e+00 +2.0070e+00 +4.1927e+00 -4.0981e+00 -2.0721e+00
3679 +2.495865279e+01 +2.495865279e+01 +2.335186528e+02 +2.335186528e+02 +2.9611e+00 +2.6299e+00 -2.7661e-02 +1.3952e-03 -3.1062e+00 -2.3044e+00 +1.9873e+00 +4.1216e+00 -4.0885e+00 -2.0519e+00
4268 +1.582499687e+01 +1.582499687e+01 +2.243849969e+02 +2.243849969e+02 +3.0257e+00 +2.6533e+00 +2.9155e-02 -4.2200e-02 -3.1643e+00 -2.2120e+00 +1.8987e+00 +4.1307e+00 -4.0861e+00 -1.9187e+00
% function evaluation | noise-free fitness - Fopt (-1.345800000000e+02) | best noise-free fitness - Fopt | measured fitness | best measured fitness | x1 | x2...
1 +1.179566051e+03 +1.179566051e+03 +1.044986051e+03 +1.044986051e+03 -4.1291e+00 -1.8588e+00 -4.8962e+00 -2.8300e-01 +2.6827e+00 -2.0472e+00 -4.0248e+00 +1.7534e+00 +1.8343e+00 -2.9027e+00
2 +7.305954689e+02 +7.305954689e+02 +5.960154689e+02 +5.960154689e+02 -4.5259e+00 +2.2148e+00 +1.7537e+00 +1.4242e+00 +3.3056e+00 -2.2570e+00 +2.6201e+00 +1.9110e-01 +3.5644e+00 -1.9792e+00
3 +2.035636562e+02 +2.035636562e+02 +6.898365621e+01 +6.898365621e+01 -5.6382e-01 -1.7288e+00 +1.7414e+00 -4.6347e+00 -1.3527e+00 +1.1105e+00 +2.8312e+00 -1.1507e+00 +2.7648e-01 +4.6045e+00
282 +1.548527554e+02 +1.548527554e+02 +2.027275539e+01 +2.027275539e+01 -2.9965e+00 -2.5205e+00 +2.1995e+00 -1.0648e+00 -2.7116e+00 +2.1747e+00 +3.0004e+00 -1.5572e+00 +1.9456e-01 +4.0586e+00
561 +9.005225543e+01 +9.005225543e+01 -4.452774457e+01 -4.452774457e+01 -2.1401e+00 -6.8271e-01 +3.2778e+00 -2.3170e+00 -1.9561e+00 +1.2636e+00 +4.3360e+00 +9.5519e-02 -1.9123e+00 +4.1687e+00
1088 +6.089041216e+01 +6.089041216e+01 -7.368958784e+01 -7.368958784e+01 -2.4910e+00 -4.5911e-01 +3.2285e+00 -2.1746e+00 -2.4224e+00 +2.5820e+00 +3.8919e+00 -3.3399e-01 -1.8035e+00 +3.7484e+00
4431 +3.018073022e+01 +3.018073022e+01 -1.043992698e+02 -1.043992698e+02 -2.4804e+00 -2.2914e-01 +3.1017e+00 -2.8091e+00 -1.4553e+00 +1.7215e+00 +3.9263e+00 -4.5270e-01 -2.1034e+00 +4.0271e+00
% function evaluation | noise-free fitness - Fopt (1.205900000000e+02) | best noise-free fitness - Fopt | measured fitness | best measured fitness | x1 | x2...
1 +6.476955654e+02 +6.476955654e+02 +7.682855654e+02 +7.682855654e+02 +4.0506e+00 -1.5423e+00 -2.5185e+00 -2.6460e+00 +1.7850e+00 -1.3986e+00 +4.0721e+00 -4.4793e+00 +4.3943e-01 +1.5774e+00
8 +4.225906119e+02 +4.225906119e+02 +5.431806119e+02 +5.431806119e+02 -1.8180e+00 -4.5690e+00 -1.6691e+00 +2.6564e+00 +3.3627e+00 +3.3993e+00 +1.4048e+00 +2.9005e+00 -1.1636e+00 +3.6431e+00
17 +3.473030421e+02 +3.473030421e+02 +4.678930421e+02 +4.678930421e+02 +4.7120e-02 -3.2081e+00 -4.9223e+00 +1.3614e+00 +3.3134e+00 +2.1840e+00 -4.7941e+00 +8.6265e-01 -1.7018e+00 +2.6580e+00
103 +2.185534454e+02 +2.185534454e+02 +3.391434454e+02 +3.391434454e+02 -1.8203e+00 -3.4515e+00 -1.3496e+00 +3.5432e+00 +3.0759e+00 -1.3888e+00 +1.1076e+00 +3.0802e+00 -1.7735e+00 +1.3102e+00
122 +1.540895922e+02 +1.540895922e+02 +2.746795922e+02 +2.746795922e+02 -2.0046e+00 +2.5697e+00 -2.5680e+00 -1.0729e-02 +1.7794e+00 -6.6422e-01 -3.9162e-01 -1.2343e+00 -2.1425e+00 +4.6131e+00
155 +9.211240333e+01 +9.211240333e+01 +2.127024033e+02 +2.127024033e+02 -2.2785e+00 -2.9775e-02 -1.3895e+00 +3.7178e-01 +4.2255e+00 -1.0516e+00 -1.9464e-01 +1.5896e-02 -1.9264e+00 +2.2838e+00
695 +4.263002665e+01 +4.263002665e+01 +1.632200266e+02 +1.632200266e+02 -1.1731e+00 -4.4440e-02 -2.1109e+00 +6.6195e-01 +3.1883e+00 -1.3432e+00 +5.8554e-01 -1.1660e+00 -2.6041e+00 +3.2268e+00
2680 +3.768735556e+01 +3.768735556e+01 +1.582773556e+02 +1.582773556e+02 -1.1255e+00 +2.3806e-02 -2.1837e+00 +6.9359e-01 +3.2263e+00 -1.2033e+00 +6.4773e-01 -1.1469e+00 -2.7108e+00 +3.2378e+00
3429 +2.367123316e+01 +2.367123316e+01 +1.442612332e+02 +1.442612332e+02 -1.1336e+00 -9.7670e-02 -2.0818e+00 +8.4939e-01 +3.3048e+00 -1.2317e+00 +7.6699e-01 -1.0480e+00 -2.6447e+00 +3.3074e+00
3830 +1.529700229e+01 +1.529700229e+01 +1.358870023e+02 +1.358870023e+02 -1.1445e+00 -1.4799e-02 -2.0792e+00 +7.3860e-01 +3.2911e+00 -1.2719e+00 +7.3972e-01 -1.0600e+00 -2.6123e+00 +3.2421e+00
% function evaluation | noise-free fitness - Fopt (1.000000000000e+03) | best noise-free fitness - Fopt | measured fitness | best measured fitness | x1 | x2...
1 +8.514003761e+02 +8.514003761e+02 +1.851400376e+03 +1.851400376e+03 -3.2163e+00 -4.0780e+00 +2.8991e-01 -1.9410e+00 +1.6041e+00 -2.7712e+00 +8.5058e-01 -1.3781e+00 +2.8809e+00 +3.9716e+00
3 +5.781473494e+02 +5.781473494e+02 +1.578147349e+03 +1.578147349e+03 +2.3210e+00 -2.8379e+00 -2.4962e+00 +4.9723e+00 +3.4059e+00 +2.2401e-01 +3.9070e+00 +1.1624e+00 +4.1401e+00 -4.3822e+00
25 +2.924148690e+02 +2.924148690e+02 +1.292414869e+03 +1.292414869e+03 -4.4859e+00 +3.7552e+00 -2.5497e+00 +4.9723e+00 -2.8382e+00 +2.2401e-01 +3.9070e+00 +1.1624e+00 -4.6617e-01 -4.3822e+00
57 +2.498145475e+02 +2.498145475e+02 +1.249814547e+03 +1.249814547e+03 -4.2389e+00 -1.4775e+00 -1.8564e+00 +3.2155e-01 -1.6448e+00 -7.8324e-01 +3.2543e+00 +2.2098e+00 +2.0999e+00 +1.2209e+00
85 +1.439408083e+02 +1.439408083e+02 +1.143940808e+03 +1.143940808e+03 -2.4353e+00 -2.7174e+00 -2.2259e+00 +7.1813e-01 -3.2278e+00 +2.8039e-01 +3.1760e+00 +2.6896e+00 -7.5941e-01 -1.2003e+00
355 +8.011796084e+01 +8.011796084e+01 +1.080117961e+03 +1.080117961e+03 -2.3622e+00 -1.0150e+00 -2.0819e+00 +8.0976e-01 -9.6807e-01 -4.7133e-01 +2.8248e+00 +3.2815e+00 +1.0744e+00 -1.6212e+00
1706 +5.393894731e+01 +5.393894731e+01 +1.053938947e+03 +1.053938947e+03 -2.4242e+00 -1.4824e+00 -2.2114e+00 +1.0742e+00 -5.1438e-01 +1.0954e+00 +2.5712e+00 +3.2395e+00 +1.0028e+00 -1.7629e+00
% function evaluation | noise-free fitness - Fopt (-9.166000000000e+01) | best noise-free fitness - Fopt | measured fitness | best measured fitness | x1 | x2...
1 +2.382434765e+03 +2.382434765e+03 +2.290774765e+03 +2.290774765e+03 +9.7232e-01 +4.3514e+00 +3.6704e+00 +1.1605e+00 -2.9491e+00 +1.8901e+00 -3.5648e+00 -4.7347e+00 +3.5327e+00 -4.6640e+00
2 +7.481074422e+02 +7.481074422e+02 +6.564474422e+02 +6.564474422e+02 +3.4146e+00 +2.9625e+00 +7.3269e-01 +3.5332e+00 +9.1910e-02 -2.4232e-01 -1.3591e+00 -1.5904e+00 -1.7228e+00 -1.7396e+00
3 +2.619686441e+02 +2.619686441e+02 +1.703086441e+02 +1.703086441e+02 +1.9340e+00 -3.5805e+00 +7.4256e-01 -1.1053e+00 +1.4956e+00 -1.3747e+00 +1.9222e-01 +9.6319e-01 +1.6100e+00 +1.4988e-01
55 +2.127275564e+02 +2.127275564e+02 +1.210675564e+02 +1.210675564e+02 -1.6983e+00 -1.9889e-01 -3.7420e-01 -6.3449e-01 -9.1536e-01 +2.2314e+00 +3.7411e+00 +1.0382e-01 +1.5406e+00 +1.5429e+00
203 +1.407303914e+02 +1.407303914e+02 +4.907039144e+01 +4.907039144e+01 +3.2276e-01 -6.9073e+00 +2.1208e+00 +1.8086e+00 +1.9416e+00 +3.7298e-01 -3.4954e-01 -2.1549e+00 +2.9526e+00 +3.2945e+00
850 +9.978344679e+01 +9.978344679e+01 +8.123446791e+00 +8.123446791e+00 +8.8803e-02 -3.9482e+00 +3.3771e+00 +1.3550e+00 +9.1439e-01 -7.9113e-01 +1.0671e+00 -2.9442e+00 +2.5562e+00 +2.4090e+00
2250 +6.130273316e+01 +6.130273316e+01 -3.035726684e+01 -3.035726684e+01 -2.0756e-02 -3.3580e+00 +1.8830e+00 +1.1928e+00 -1.1356e-01 -3.2899e-01 +2.3238e+00 -2.0191e+00 +1.8075e+00 +2.5049e+00
% function evaluation | noise-free fitness - Fopt (5.961500000000e+02) | best noise-free fitness - Fopt | measured fitness | best measured fitness | x1 | x2...
1 +6.828287031e+02 +6.828287031e+02 +1.278978703e+03 +1.278978703e+03 -3.0449e+00 -5.0477e-01 +4.8272e+00 -1.7433e+00 +1.5693e+00 +1.9639e+00 -1.5397e+00 -2.4336e+00 -2.1549e+00 +2.2620e-02
3 +3.866184613e+02 +3.866184613e+02 +9.827684613e+02 +9.827684613e+02 +3.3686e-01 +3.4313e-01 -3.8975e+00 -2.4867e-01 -1.6858e-01 -1.6368e+00 -2.0082e-01 -4.6527e+00 -2.8797e-01 -2.6128e+00
42 +2.268446521e+02 +2.268446521e+02 +8.229946521e+02 +8.229946521e+02 -1.5980e+00 +6.7092e-01 -3.6255e+00 -2.2140e-01 +1.3572e+00 -9.1548e-01 -3.5974e+00 -2.5850e+00 +1.9050e+00 -1.4308e-01
186 +1.559923862e+02 +1.559923862e+02 +7.521423862e+02 +7.521423862e+02 -1.1134e+00 -4.8004e-01 -2.1422e+00 +6.9305e-01 +1.1998e+00 -7.3630e-01 -3.1746e+00 -4.3411e+00 +2.1672e+00 +1.0993e+00
256 +9.866683766e+01 +9.866683766e+01 +6.948168377e+02 +6.948168377e+02 -9.2408e-01 +2.5910e-01 -2.1096e+00 +6.7871e-01 +7.8105e-01 -2.1392e+00 -3.3748e+00 -4.1684e+00 +2.7838e+00 +2.8993e+00
3033 +5.448751615e+01 +5.448751615e+01 +6.506375161e+02 +6.506375161e+02 -1.0503e+00 -3.5941e-01 -2.8545e+00 +2.9583e-01 +3.5355e-01 -2.0027e+00 -3.3489e+00 -3.7824e+00 +2.9235e+00 +3.1846e+00
4257 +3.975765696e+01 +3.975765696e+01 +6.359076570e+02 +6.359076570e+02 -1.0905e+00 -4.6949e-01 -2.8274e+00 +2.5584e-01 +3.4118e-01 -2.0605e+00 -3.3887e+00 -3.8897e+00 +2.8362e+00 +3.1993e+00
% function evaluation | noise-free fitness - Fopt (1.325100000000e+02) | best noise-free fitness - Fopt | measured fitness | best measured fitness | x1 | x2...
1 +2.675879621e+03 +2.675879621e+03 +2.808389621e+03 +2.808389621e+03 -2.7509e+00 +8.7340e-01 -3.5389e+00 +1.8916e-01 +3.2749e+00 -9.2238e-01 +3.6008e+00 -3.4262e+00 +2.6585e+00 +6.7150e-01
2 +3.422831019e+02 +3.422831019e+02 +4.747931019e+02 +4.747931019e+02 +2.7572e+00 +1.9886e+00 +3.2467e+00 -2.5277e+00 +4.3513e-01 +3.5238e-01 +2.8167e+00 +1.1262e+00 +4.8293e+00 +4.9104e+00
45 +1.797991855e+02 +1.797991855e+02 +3.123091855e+02 +3.123091855e+02 +1.9218e+00 +5.2480e+00 +6.3521e-01 -2.4814e+00 -1.2900e+00 +3.4257e+00 +3.1748e+00 -1.0139e+00 +2.5412e-01 +1.4500e+00
208 +1.384142867e+02 +1.384142867e+02 +2.709242867e+02 +2.709242867e+02 +3.6430e+00 +5.6417e+00 +1.8807e+00 -1.4990e+00 +2.7898e-01 +4.1830e+00 +4.1494e+00 +2.0757e+00 -1.7115e+00 +1.5745e+00
305 +9.856745539e+01 +9.856745539e+01 +2.310774554e+02 +2.310774554e+02 +2.6075e+00 +4.0118e+00 +4.1676e+00 -2.4847e+00 -1.9007e-01 +1.4350e+00 +2.8235e+00 +9.7562e-01 +6.8823e-01 -1.4948e+00
1466 +6.193452873e+01 +6.193452873e+01 +1.944445287e+02 +1.944445287e+02 +2.3673e+00 +3.2572e+00 +3.7134e+00 -1.8951e+00 +1.3226e-01 +1.3900e+00 +3.2754e+00 +2.3463e+00 +1.3529e+00 -6.0659e-01
4561 +3.402443924e+01 +3.402443924e+01 +1.665344392e+02 +1.665344392e+02 +7.3757e-01 +3.3010e+00 +4.1425e+00 -2.4625e+00 -1.0423e+00 +1.0535e+00 +2.5726e+00 +1.2291e+00 +1.0519e+00 +2.2711e-01
% function evaluation | noise-free fitness - Fopt (-2.401800000000e+02) | best noise-free fitness - Fopt | measured fitness | best measured fitness | x1 | x2...
1 +9.213456973e+02 +9.213456973e+02 +6.811656973e+02 +6.811656973e+02 +3.1056e+00 -4.8778e+00 +1.7176e+00 -1.4712e+00 -4.1701e-01 +1.4200e+00 -3.0370e+00 -3.6852e+00 -3.3753e+00 -7.1323e-01
6 +4.503188884e+02 +4.503188884e+02 +2.101388884e+02 +2.101388884e+02 -2.0983e+00 +4.3642e+00 -2.4344e+00 +4.1167e+00 +1.7990e+00 +2.3020e+00 -3.2236e+00 -3.3193e+00 +3.6546e+00 -1.1935e+00
30 +2.955601042e+02 +2.955601042e+02 +5.538010420e+01 +5.538010420e+01 -3.0571e+00 +3.1705e-01 -4.4170e+00 -2.6109e+00 +1.6540e+00 +9.1252e-01 -3.0044e+00 -4.8730e+00 +3.6378e+00 +1.0485e+00
81 +2.122258038e+02 +2.122258038e+02 -2.795419616e+01 -2.795419616e+01 -3.9527e+00 +1.6175e+00 +2.8585e+00 +2.1512e-02 +1.8708e+00 +3.6478e-01 -1.6688e+00 -1.2501e+00 +2.1328e+00 -2.9572e+00
192 +1.375981625e+02 +1.375981625e+02 -1.025818375e+02 -1.025818375e+02 -1.1004e+00 +1.4145e+00 +1.8107e+00 -1.2647e+00 -1.0375e+00 -9.2152e-01 -3.0986e+00 -3.1084e+00 +2.8265e+00 -4.9719e+00
469 +8.323852187e+01 +8.323852187e+01 -1.569414781e+02 -1.569414781e+02 -2.7211e+00 +4.5443e-01 +6.0982e-01 -2.1367e+00 +1.5257e+00 +1.4543e-01 -5.0228e+00 -3.6094e+00 +3.4445e+00 -2.7129e+00
1113 +4.443340150e+01 +4.443340150e+01 -1.957465985e+02 -1.957465985e+02 -2.6510e+00 +7.8717e-01 +1.2026e+00 -6.9256e-01 +8.1243e-01 -7.2707e-01 -4.2357e+00 -2.8247e+00 +2.8058e+00 -2.4460e+00
2561 +3.570176241e+01 +3.570176241e+01 -2.044782376e+02 -2.044782376e+02 -2.6207e+00 +7.5331e-01 +1.1734e+00 -6.2973e-01 +8.1349e-01 -6.8679e-01 -4.2497e+00 -2.9132e+00 +2.8252e+00 -2.5380e+00
3106 +2.120126028e+01 +2.120126028e+01 -2.189787397e+02 -2.189787397e+02 -2.7164e+00 +6.9997e-01 +9.9981e-01 -5.5931e-01 +1.0238e+00 -6.7416e-01 -4.3151e+00 -2.7718e+00 +2.7684e+00 -2.4779e+00
3444 +1.581770644e+01 +1.581770644e+01 -2.243622936e+02 -2.243622936e+02 -2.6347e+00 +6.7574e-01 +1.0481e+00 -6.1014e-01 +9.7990e-01 -6.8932e-01 -4.2805e+00 -2.8557e+00 +2.7738e+00 -2.5285e+00
% function evaluation | noise-free fitness - Fopt (-3.941600000000e+02) | best noise-free fitness - Fopt | measured fitness | best measured fitness | x1 | x2...
1 +4.140050549e+02 +4.140050549e+02 +1.984505493e+01 +1.984505493e+01 -1.8971e+00 -4.0107e+00 +1.4203e+00 +7.3477e-01 +2.1307e+00 -4.5061e+00 -3.2941e+00 -4.1286e+00 -2.3663e+00 +4.8797e+00
5 +3.626912403e+02 +3.626912403e+02 -3.146875970e+01 -3.146875970e+01 -3.5695e+00 +9.2478e-02 -4.1061e-01 +4.2553e+00 -2.0722e+00 +2.6184e+00 -2.1373e+00 +4.8267e-01 -9.1525e-01 +3.6358e+00
42 +1.571726259e+02 +1.571726259e+02 -2.369873741e+02 -2.369873741e+02 -2.5473e+00 -1.1289e+00 +2.1369e+00 +3.3682e+00 -3.4392e-01 +2.5952e+00 -1.7936e+00 -2.9711e+00 +1.1866e-01 +4.9005e-01
297 +8.056676848e+01 +8.056676848e+01 -3.135932315e+02 -3.135932315e+02 -2.7339e+00 -2.8126e+00 -2.5796e-01 +3.0366e+00 -1.8868e-01 +1.0318e+00 -2.9500e+00 -3.5449e+00 +2.8111e-01 -5.5361e-01
986 +6.047482270e+01 +6.047482270e+01 -3.336851773e+02 -3.336851773e+02 -2.6346e+00 -1.9144e+00 +6.4411e-01 +2.6711e+00 -7.8700e-01 +1.7461e+00 -2.7267e+00 -2.8722e+00 -2.1623e-02 -6.1122e-01
