% function evaluation | noise-free fitness - Fopt (-9.210000000000e+00) | best noise-free fitness - Fopt | measured fitness | best measured fitness | x1 | x2...
1 +7.040847651e+01 +7.040847651e+01 +6.119847651e+01 +6.119847651e+01 +1.9720e+00 -1.7380e+00
2 +3.082897243e+01 +3.082897243e+01 +2.161897243e+01 +2.161897243e+01 +1.1723e+00 +2.2999e+00
4 +2.074170635e+01 +2.074170635e+01 +1.153170635e+01 +1.153170635e+01 -3.4657e+00 +3.7724e+00
21 +9.554148975e+00 +9.554148975e+00 +3.441489754e-01 +3.441489754e-01 +2.2952e+00 +4.3151e+00
35 +3.547158519e+00 +3.547158519e+00 -5.662841481e+00 -5.662841481e+00 +2.4977e+00 +4.8955e+00
353 +1.644458774e+00 +1.644458774e+00 -7.565541226e+00 -7.565541226e+00 +4.8972e+00 +4.8458e+00
1016 +3.318795829e-01 +3.318795829e-01 -8.878120417e+00 -8.878120417e+00 +4.7948e+00 +4.9873e+00
% function evaluation | noise-free fitness - Fopt (6.559900000000e+02) | best noise-free fitness - Fopt | measured fitness | best measured fitness | x1 | x2...
1 +1.289389229e+01 +1.289389229e+01 +6.688838923e+02 +6.688838923e+02 -3.8244e+00 -4.5931e+00
12 +3.746713984e+00 +3.746713984e+00 +6.597367140e+02 +6.597367140e+02 +4.8463e+00 -4.6407e+00
126 +2.019335862e+00 +2.019335862e+00 +6.580093359e+02 +6.580093359e+02 +3.0304e+00 -4.9950e+00
702 +4.133801132e-01 +4.133801132e-01 +6.564033801e+02 +6.564033801e+02 +4.9741e+00 -4.9613e+00
% function evaluation | noise-free fitness - Fopt (6.671000000000e+01) | best noise-free fitness - Fopt | measured fitness | best measured fitness | x1 | x2...
1 +6.744072867e+01 +6.744072867e+01 +1.341507287e+02 +1.341507287e+02 +4.7489e+00 +7.6918e-01
3 +3.986572107e+01 +3.986572107e+01 +1.065757211e+02 +1.065757211e+02 -3.0932e+00 -1.2041e+00
4 +1.370270694e+01 +1.370270694e+01 +8.041270694e+01 +8.041270694e+01 +1.8630e+00 -4.3160e+00
55 +9.562786341e+00 +9.562786341e+00 +7.627278634e+01 +7.627278634e+01 -4.5669e+00 -4.0870e+00
137 +4.247714864e+00 +4.247714864e+00 +7.095771486e+01 +7.095771486e+01 -3.7925e+00 -4.6960e+00
353 +9.861214475e-01 +9.861214475e-01 +6.769612145e+01 +6.769612145e+01 -4.3016e+00 -4.9712e+00
% function evaluation | noise-free fitness - Fopt (9.416700000000e+02) | best noise-free fitness - Fopt | measured fitness | best measured fitness | x1 | x2...
1 +4.706856971e+01 +4.706856971e+01 +9.887385697e+02 +9.887385697e+02 +1.6715e+00 -9.6029e-01
3 +2.387487957e+01 +2.387487957e+01 +9.655448796e+02 +9.655448796e+02 +1.8924e+00 -3.3017e+00
10 +6.959682320e+00 +6.959682320e+00 +9.486296823e+02 +9.486296823e+02 -4.4185e+00 -4.3622e+00
124 +4.909829037e+00 +4.909829037e+00 +9.465798290e+02 +9.465798290e+02 -4.2266e+00 -4.5864e+00
320 +2.837601441e+00 +2.837601441e+00 +9.445076014e+02 +9.445076014e+02 -3.7301e+00 -4.8432e+00
1264 +1.823826709e+00 +1.823826709e+00 +9.434938267e+02 +9.434938267e+02 -3.3159e+00 -4.9860e+00
% function evaluation | noise-free fitness - Fopt (-3.745000000000e+01) | best noise-free fitness - Fopt | measured fitness | best measured fitness | x1 | x2...
1 +6.495018827e+01 +6.495018827e+01 +2.750018827e+01 +2.750018827e+01 +3.7470e+00 -1.3697e+00
2 +3.636553441e+00 +3.636553441e+00 -3.381344656e+01 -3.381344656e+01 +2.8899e+00 +4.8474e+00
123 +1.642456022e+00 +1.642456022e+00 -3.580754398e+01 -3.580754398e+01 +3.4466e+00 +4.9911e+00
331 +8.766252780e-01 +8.766252780e-01 -3.657337472e+01 -3.657337472e+01 +4.2939e+00 +4.9829e+00
% function evaluation | noise-free fitness - Fopt (2.906200000000e+02) | best noise-free fitness - Fopt | measured fitness | best measured fitness | x1 | x2...
1 +5.837184408e+01 +5.837184408e+01 +3.489918441e+02 +3.489918441e+02 +1.2304e-01 -3.4949e-01
2 +2.549231373e+01 +2.549231373e+01 +3.161123137e+02 +3.161123137e+02 -9.2849e-01 +3.0436e+00
6 +2.394085674e+01 +2.394085674e+01 +3.145608567e+02 +3.145608567e+02 +1.2479e+00 +2.9811e+00
19 +1.566164037e+01 +1.566164037e+01 +3.062816404e+02 +3.062816404e+02 -2.9946e+00 +4.2333e+00
20 +7.752823034e+00 +7.752823034e+00 +2.983728230e+02 +2.983728230e+02 +4.9659e+00 +4.2281e+00
22 +2.585887193e+00 +2.585887193e+00 +2.932058872e+02 +2.932058872e+02 +2.4418e+00 +4.9972e+00
898 +1.683654514e+00 +1.683654514e+00 +2.923036545e+02 +2.923036545e+02 +3.5559e+00 +4.9760e+00
1729 +9.209576660e-01 +9.209576660e-01 +2.915409577e+02 +2.915409577e+02 +4.9288e+00 +4.9150e+00
% function evaluation | noise-free fitness - Fopt (-1.015300000000e+02) | best noise-free fitness - Fopt | measured fitness | best measured fitness | x1 | x2...
1 +9.495151210e+01 +9.495151210e+01 -6.578487903e+00 -6.578487903e+00 +7.8616e-01 +3.9165e+00
3 +3.046803578e+01 +3.046803578e+01 -7.106196422e+01 -7.106196422e+01 +2.1950e+00 -2.6727e+00
9 +2.207620666e+01 +2.207620666e+01 -7.945379334e+01 -7.945379334e+01 +3.6658e+00 -3.6590e+00
13 +1.021766270e+01 +1.021766270e+01 -9.131233730e+01 -9.131233730e+01 -7.5109e-01 -4.4031e+00
57 +9.748993275e+00 +9.748993275e+00 -9.178100673e+01 -9.178100673e+01 -2.5806e+00 -4.2670e+00
63 +5.172909433e+00 +5.172909433e+00 -9.635709057e+01 -9.635709057e+01 -2.3705e+00 -4.7457e+00
193 +3.161331150e+00 +3.161331150e+00 -9.836866885e+01 -9.836866885e+01 -3.0394e+00 -4.8799e+00
366 +2.332078876e+00 +2.332078876e+00 -9.919792112e+01 -9.919792112e+01 -3.7315e+00 -4.8936e+00
440 +1.325010661e+00 +1.325010661e+00 -1.002049893e+02 -1.002049893e+02 -3.8953e+00 -4.9780e+00
1071 +8.846505992e-01 +8.846505992e-01 -1.006453494e+02 -1.006453494e+02 -4.2395e+00 -4.9876e+00
4003 +4.568154952e-01 +4.568154952e-01 -1.010731845e+02 -1.010731845e+02 -4.8927e+00 -4.9650e+00
4922 +3.723273669e-01 +3.723273669e-01 -1.011576726e+02 -1.011576726e+02 -4.7405e+00 -4.9887e+00
% function evaluation | noise-free fitness - Fopt (3.019700000000e+02) | best noise-free fitness - Fopt | measured fitness | best measured fitness | x1 | x2...
1 +5.629128567e+01 +5.629128567e+01 +3.582612857e+02 +3.582612857e+02 +4.4770e+00 +3.1857e-01
3 +3.698718459e+01 +3.698718459e+01 +3.389571846e+02 +3.389571846e+02 -4.6748e+00 +1.3338e+00
7 +2.200868748e+01 +2.200868748e+01 +3.239786875e+02 +3.239786875e+02 +3.4558e+00 +3.6447e+00
21 +9.129571524e+00 +9.129571524e+00 +3.110995715e+02 +3.110995715e+02 -2.7420e+00 +4.3128e+00
24 +2.487554821e+00 +2.487554821e+00 +3.044575548e+02 +3.044575548e+02 -4.3781e+00 +4.8134e+00
901 +1.448603512e+00 +1.448603512e+00 +3.034186035e+02 +3.034186035e+02 -4.4488e+00 +4.9103e+00
3037 +6.250143403e-01 +6.250143403e-01 +3.025950143e+02 +3.025950143e+02 -4.9550e+00 +4.9420e+00
4201 +1.125223007e-01 +1.125223007e-01 +3.020825223e+02 +3.020825223e+02 -4.9225e+00 +4.9965e+00
% function evaluation | noise-free fitness - Fopt (-6.561000000000e+01) | best noise-free fitness - Fopt | measured fitness | best measured fitness | x1 | x2...
1 +3.248183111e+01 +3.248183111e+01 -3.312816889e+01 -3.312816889e+01 -4.1941e+00 -1.8324e+00
17 +1.618262717e+01 +1.618262717e+01 -4.942737283e+01 -4.942737283e+01 -4.3634e+00 -3.4454e+00
19 +1.482522992e+00 +1.482522992e+00 -6.412747701e+01 -6.412747701e+01 -4.2371e+00 -4.9280e+00
% function evaluation | noise-free fitness - Fopt (-3.569000000000e+01) | best noise-free fitness - Fopt | measured fitness | best measured fitness | x1 | x2...
1 +6.628199030e+01 +6.628199030e+01 +3.059199030e+01 +3.059199030e+01 +1.2920e+00 -1.2574e+00
3 +2.011601443e+01 +2.011601443e+01 -1.557398557e+01 -1.557398557e+01 +4.7068e+00 +3.0177e+00
5 +6.829425336e+00 +6.829425336e+00 -2.886057466e+01 -2.886057466e+01 +4.0865e+00 +4.4084e+00
12 +6.261465136e+00 +6.261465136e+00 -2.942853486e+01 -2.942853486e+01 +2.3563e+00 +4.6382e+00
115 +3.361100923e+00 +3.361100923e+00 -3.232889908e+01 -3.232889908e+01 +4.9979e+00 +4.6641e+00
527 +1.478994751e+00 +1.478994751e+00 -3.421100525e+01 -3.421100525e+01 +4.5274e+00 +4.8994e+00
1689 +9.232725769e-01 +9.232725769e-01 -3.476672742e+01 -3.476672742e+01 +4.9145e+00 +4.9162e+00
% function evaluation | noise-free fitness - Fopt (3.174000000000e+01) | best noise-free fitness - Fopt | measured fitness | best measured fitness | x1 | x2...
1 +1.545562251e+01 +1.545562251e+01 +4.719562251e+01 +4.719562251e+01 +3.1423e+00 -3.6402e+00
54 +8.352214979e+00 +8.352214979e+00 +4.009221498e+01 +4.009221498e+01 +3.4074e-01 -4.6307e+00
118 +4.353385385e+00 +4.353385385e+00 +3.609338538e+01 +3.609338538e+01 +2.1245e+00 -4.8522e+00
168 +1.929148300e+00 +1.929148300e+00 +3.366914830e+01 +3.366914830e+01 +3.8206e+00 -4.9250e+00
871 +1.310743361e+00 +1.310743361e+00 +3.305074336e+01 +3.305074336e+01 +4.8598e+00 -4.8829e+00
4810 +7.938736066e-01 +7.938736066e-01 +3.253387361e+01 +3.253387361e+01 +4.7796e+00 -4.9427e+00
% function evaluation | noise-free fitness - Fopt (8.344900000000e+02) | best noise-free fitness - Fopt | measured fitness | best measured fitness | x1 | x2...
1 +6.801830480e+00 +6.801830480e+00 +8.412918305e+02 +8.412918305e+02 -3.4561e+00 -4.4742e+00
25 +4.330759322e+00 +4.330759322e+00 +8.388207593e+02 +8.388207593e+02 -3.7484e+00 -4.6921e+00
214 +3.947538258e+00 +3.947538258e+00 +8.384375383e+02 +8.384375383e+02 -1.5929e+00 -4.9460e+00
233 +2.378659379e+00 +2.378659379e+00 +8.368686594e+02 +8.368686594e+02 -3.7407e+00 -4.8881e+00
1248 +1.508668544e+00 +1.508668544e+00 +8.359986685e+02 +8.359986685e+02 -4.9104e+00 -4.8581e+00
1365 +8.023555818e-01 +8.023555818e-01 +8.352923556e+02 +8.352923556e+02 -4.8168e+00 -4.9381e+00
% function evaluation | noise-free fitness - Fopt (4.159000000000e+01) | best noise-free fitness - Fopt | measured fitness | best measured fitness | x1 | x2...
1 +8.737861518e+01 +8.737861518e+01 +1.289686152e+02 +1.289686152e+02 -4.2434e+00 -2.8135e+00
2 +2.769077840e+01 +2.769077840e+01 +6.928077840e+01 +6.928077840e+01 -3.2019e+00 +3.0511e+00
5 +1.157399803e+01 +1.157399803e+01 +5.316399803e+01 +5.316399803e+01 -3.9558e-01 +4.3822e+00
21 +2.998131184e+00 +2.998131184e+00 +4.458813118e+01 +4.458813118e+01 +3.0540e+00 +4.8948e+00
190 +1.452067698e+00 +1.452067698e+00 +4.304206770e+01 +4.304206770e+01 +3.8106e+00 +4.9737e+00
1098 +8.007939971e-01 +8.007939971e-01 +4.239079400e+01 +4.239079400e+01 +4.2754e+00 +4.9924e+00
3249 +4.413220797e-01 +4.413220797e-01 +4.203132208e+01 +4.203132208e+01 +4.7079e+00 +4.9851e+00
% function evaluation | noise-free fitness - Fopt (1.004200000000e+02) | best noise-free fitness - Fopt | measured fitness | best measured fitness | x1 | x2...
1 +3.820378839e+01 +3.820378839e+01 +1.386237884e+02 +1.386237884e+02 -2.8431e+00 -1.9639e+00
6 +8.470097182e+00 +8.470097182e+00 +1.088900972e+02 +1.088900972e+02 -2.6380e+00 -4.9168e+00
38 +4.235979865e+00 +4.235979865e+00 +1.046559799e+02 +1.046559799e+02 +2.9137e+00 -4.7850e+00
254 +1.979620584e+00 +1.979620584e+00 +1.023996206e+02 +1.023996206e+02 +4.2969e+00 -4.8723e+00
758 +1.156424286e+00 +1.156424286e+00 +1.015764243e+02 +1.015764243e+02 +4.6551e+00 -4.9188e+00
3070 +4.173436391e-01 +4.173436391e-01 +1.008373436e+02 +1.008373436e+02 +4.6775e+00 -4.9905e+00
% function evaluation | noise-free fitness - Fopt (-7.530000000000e+00) | best noise-free fitness - Fopt | measured fitness | best measured fitness | x1 | x2...
1 +4.430374353e+01 +4.430374353e+01 +3.677374353e+01 +3.677374353e+01 +4.0056e+00 -6.6906e-01
4 +2.054892008e+01 +2.054892008e+01 +1.301892008e+01 +1.301892008e+01 -3.9971e+00 -3.8448e+00
8 +8.658983073e+00 +8.658983073e+00 +1.128983073e+00 +1.128983073e+00 -1.9158e+00 -4.8257e+00
55 +3.276140468e+00 +3.276140468e+00 -4.253859532e+00 -4.253859532e+00 +4.7099e+00 -4.7014e+00
207 +1.590672854e+00 +1.590672854e+00 -5.939327146e+00 -5.939327146e+00 +3.8801e+00 -4.9529e+00
276 +1.463120431e+00 +1.463120431e+00 -6.066879569e+00 -6.066879569e+00 +3.7948e+00 -4.9742e+00
455 +3.878123914e-01 +3.878123914e-01 -7.142187609e+00 -7.142187609e+00 +4.9793e+00 -4.9633e+00
