% function evaluation | noise-free fitness - Fopt (3.590000000000e+01) | best noise-free fitness - Fopt | measured fitness | best measured fitness | x1 | x2...
1 +6.491544814e+01 +6.491544814e+01 +1.008154481e+02 +1.008154481e+02 -1.3807e-01 -3.3489e-01 -1.5006e+00
6 +2.900095990e+01 +2.900095990e+01 +6.490095990e+01 +6.490095990e+01 -5.7115e-02 +4.8254e-01 -1.1526e-01
15 +5.505149966e+00 +5.505149966e+00 +4.140514997e+01 +4.140514997e+01 +2.8187e+00 +2.4293e-01 +1.8753e+00
79 +3.605342400e+00 +3.605342400e+00 +3.950534240e+01 +3.950534240e+01 +3.7107e+00 +1.7024e-01 +2.5322e+00
93 +1.326640342e+00 +1.326640342e+00 +3.722664034e+01 +3.722664034e+01 +2.3924e+00 +1.2083e+00 +2.0702e+00
123 +3.532272578e-01 +3.532272578e-01 +3.625322726e+01 +3.625322726e+01 +2.9209e+00 +9.5917e-01 +2.4784e+00
166 +8.234915054e-02 +8.234915054e-02 +3.598234915e+01 +3.598234915e+01 +2.7354e+00 +1.0862e+00 +2.4843e+00
219 +3.531647650e-02 +3.531647650e-02 +3.593531648e+01 +3.593531648e+01 +2.8190e+00 +1.1291e+00 +2.5552e+00
273 +2.233708896e-02 +2.233708896e-02 +3.592233709e+01 +3.592233709e+01 +2.8043e+00 +1.1340e+00 +2.5580e+00
279 +1.366159582e-02 +1.366159582e-02 +3.591366160e+01 +3.591366160e+01 +2.7891e+00 +1.1298e+00 +2.5592e+00
285 +2.368422415e-03 +2.368422415e-03 +3.590236842e+01 +3.590236842e+01 +2.7823e+00 +1.1018e+00 +2.5778e+00
349 +1.334872136e-03 +1.334872136e-03 +3.590133487e+01 +3.590133487e+01 +2.7868e+00 +1.1060e+00 +2.5817e+00
374 +4.048091626e-04 +4.048091626e-04 +3.590040481e+01 +3.590040481e+01 +2.7770e+00 +1.1113e+00 +2.5823e+00
389 +3.117463080e-04 +3.117463080e-04 +3.590031175e+01 +3.590031175e+01 +2.7824e+00 +1.1141e+00 +2.5834e+00
395 +2.398755039e-04 +2.398755039e-04 +3.590023988e+01 +3.590023988e+01 +2.7832e+00 +1.1111e+00 +2.5850e+00
399 +5.441580101e-05 +5.441580101e-05 +3.590005442e+01 +3.590005442e+01 +2.7835e+00 +1.1114e+00 +2.5871e+00
474 +2.803598615e-05 +2.803598615e-05 +3.590002804e+01 +3.590002804e+01 +2.7824e+00 +1.1130e+00 +2.5866e+00
493 +1.614651226e-05 +1.614651226e-05 +3.590001615e+01 +3.590001615e+01 +2.7819e+00 +1.1128e+00 +2.5867e+00
512 +2.541625591e-06 +2.541625591e-06 +3.590000254e+01 +3.590000254e+01 +2.7818e+00 +1.1133e+00 +2.5871e+00
522 +2.026928215e-06 +2.026928215e-06 +3.590000203e+01 +3.590000203e+01 +2.7814e+00 +1.1136e+00 +2.5869e+00
561 +8.861392899e-07 +8.861392899e-07 +3.590000089e+01 +3.590000089e+01 +2.7816e+00 +1.1135e+00 +2.5871e+00
589 +4.925889883e-07 +4.925889883e-07 +3.590000049e+01 +3.590000049e+01 +2.7817e+00 +1.1134e+00 +2.5872e+00
595 +1.815205763e-07 +1.815205763e-07 +3.590000018e+01 +3.590000018e+01 +2.7816e+00 +1.1136e+00 +2.5872e+00
650 +1.049405967e-07 +1.049405967e-07 +3.590000010e+01 +3.590000010e+01 +2.7816e+00 +1.1136e+00 +2.5872e+00
651 +6.242022010e-08 +6.242022010e-08 +3.590000006e+01 +3.590000006e+01 +2.7816e+00 +1.1136e+00 +2.5872e+00
674 +3.665972770e-08 +3.665972770e-08 +3.590000004e+01 +3.590000004e+01 +2.7816e+00 +1.1136e+00 +2.5872e+00
710 +7.584411321e-09 +7.584411321e-09 +3.590000001e+01 +3.590000001e+01 +2.7816e+00 +1.1136e+00 +2.5872e+00
720 +1.073580336e-09 +1.073580336e-09 +3.590000000e+01 +3.590000000e+01 +2.7816e+00 +1.1136e+00 +2.5872e+00
834 +8.597282886e-10 +8.597282886e-10 +3.590000000e+01 +3.590000000e+01 +2.7816e+00 +1.1136e+00 +2.5872e+00
884 +5.165006201e-10 +5.165006201e-10 +3.590000000e+01 +3.590000000e+01 +2.7816e+00 +1.1136e+00 +2.5872e+00
916 +3.254569947e-10 +3.254569947e-10 +3.590000000e+01 +3.590000000e+01 +2.7816e+00 +1.1136e+00 +2.5872e+00
939 +2.452935632e-10 +2.452935632e-10 +3.590000000e+01 +3.590000000e+01 +2.7816e+00 +1.1136e+00 +2.5872e+00
941 +1.391313731e-10 +1.391313731e-10 +3.590000000e+01 +3.590000000e+01 +2.7816e+00 +1.1136e+00 +2.5872e+00
967 +1.272582040e-11 +1.272582040e-11 +3.590000000e+01 +3.590000000e+01 +2.7816e+00 +1.1136e+00 +2.5872e+00
992 +4.170885859e-12 +4.170885859e-12 +3.590000000e+01 +3.590000000e+01 +2.7816e+00 +1.1136e+00 +2.5872e+00
1013 +2.046363079e-12 +2.046363079e-12 +3.590000000e+01 +3.590000000e+01 +2.7816e+00 +1.1136e+00 +2.5872e+00
1098 +1.065814104e-12 +1.065814104e-12 +3.590000000e+01 +3.590000000e+01 +2.7816e+00 +1.1136e+00 +2.5872e+00
1107 +6.323830348e-13 +6.323830348e-13 +3.590000000e+01 +3.590000000e+01 +2.7816e+00 +1.1136e+00 +2.5872e+00
1119 +1.278976924e-13 +1.278976924e-13 +3.590000000e+01 +3.590000000e+01 +2.7816e+00 +1.1136e+00 +2.5872e+00
1181 +9.947598301e-14 +9.947598301e-14 +3.590000000e+01 +3.590000000e+01 +2.7816e+00 +1.1136e+00 +2.5872e+00
1208 +4.973799150e-14 +4.973799150e-14 +3.590000000e+01 +3.590000000e+01 +2.7816e+00 +1.1136e+00 +2.5872e+00
1217 +3.552713679e-14 +3.552713679e-14 +3.590000000e+01 +3.590000000e+01 +2.7816e+00 +1.1136e+00 +2.5872e+00
1252 +1.421085472e-14 +1.421085472e-14 +3.590000000e+01 +3.590000000e+01 +2.7816e+00 +1.1136e+00 +2.5872e+00
1264 +7.105427358e-15 +7.105427358e-15 +3.590000000e+01 +3.590000000e+01 +2.7816e+00 +1.1136e+00 +2.5872e+00
% function evaluation | noise-free fitness - Fopt (3.137000000000e+01) | best noise-free fitness - Fopt | measured fitness | best measured fitness | x1 | x2...
1 +8.199166469e+01 +8.199166469e+01 +1.133616647e+02 +1.133616647e+02 -1.1894e-01 -1.0248e+00 +7.0978e-01
7 +4.495188548e+01 +4.495188548e+01 +7.632188548e+01 +7.632188548e+01 +1.4405e+00 +8.7901e-01 -2.0471e+00
36 +3.959546981e+01 +3.959546981e+01 +7.096546981e+01 +7.096546981e+01 +1.5101e+00 +2.8861e+00 -2.1612e+00
41 +1.435469921e+01 +1.435469921e+01 +4.572469921e+01 +4.572469921e+01 +1.2138e+00 +3.5412e+00 -3.3580e+00
112 +6.721162911e+00 +6.721162911e+00 +3.809116291e+01 +3.809116291e+01 +7.9924e-01 +3.4864e+00 -3.8742e+00
132 +6.045092684e+00 +6.045092684e+00 +3.741509268e+01 +3.741509268e+01 -6.7289e-02 +2.7958e+00 -3.0136e+00
136 +2.621396094e+00 +2.621396094e+00 +3.399139609e+01 +3.399139609e+01 +2.6201e-01 +2.7556e+00 -3.7402e+00
151 +2.473983202e+00 +2.473983202e+00 +3.384398320e+01 +3.384398320e+01 -2.7577e-01 +2.7142e+00 -3.4533e+00
185 +1.221801709e+00 +1.221801709e+00 +3.259180171e+01 +3.259180171e+01 -1.1565e-01 +2.0065e+00 -3.5452e+00
190 +4.735717477e-01 +4.735717477e-01 +3.184357175e+01 +3.184357175e+01 -1.4547e-01 +2.2063e+00 -3.7460e+00
233 +2.593779796e-01 +2.593779796e-01 +3.162937798e+01 +3.162937798e+01 -3.4035e-01 +1.8119e+00 -3.6296e+00
241 +8.585211035e-02 +8.585211035e-02 +3.145585211e+01 +3.145585211e+01 -1.9097e-01 +2.0042e+00 -3.8501e+00
282 +2.460846097e-02 +2.460846097e-02 +3.139460846e+01 +3.139460846e+01 -2.6140e-01 +1.9550e+00 -3.8482e+00
328 +2.281544586e-03 +2.281544586e-03 +3.137228154e+01 +3.137228154e+01 -2.6745e-01 +1.8954e+00 -3.8735e+00
422 +1.194285293e-03 +1.194285293e-03 +3.137119429e+01 +3.137119429e+01 -2.6383e-01 +1.9085e+00 -3.8827e+00
474 +2.867683575e-04 +2.867683575e-04 +3.137028677e+01 +3.137028677e+01 -2.6644e-01 +1.9024e+00 -3.8854e+00
543 +1.598428468e-04 +1.598428468e-04 +3.137015984e+01 +3.137015984e+01 -2.7184e-01 +1.8993e+00 -3.8810e+00
563 +1.570327600e-04 +1.570327600e-04 +3.137015703e+01 +3.137015703e+01 -2.6819e-01 +1.9006e+00 -3.8848e+00
565 +6.943232109e-05 +6.943232109e-05 +3.137006943e+01 +3.137006943e+01 -2.7005e-01 +1.8984e+00 -3.8838e+00
591 +5.096912407e-05 +5.096912407e-05 +3.137005097e+01 +3.137005097e+01 -2.7131e-01 +1.8960e+00 -3.8830e+00
642 +3.061374576e-05 +3.061374576e-05 +3.137003061e+01 +3.137003061e+01 -2.7152e-01 +1.8975e+00 -3.8830e+00
650 +1.606540970e-05 +1.606540970e-05 +3.137001607e+01 +3.137001607e+01 -2.7160e-01 +1.8972e+00 -3.8834e+00
670 +8.320329513e-06 +8.320329513e-06 +3.137000832e+01 +3.137000832e+01 -2.7205e-01 +1.8975e+00 -3.8836e+00
685 +5.857723181e-06 +5.857723181e-06 +3.137000586e+01 +3.137000586e+01 -2.7176e-01 +1.8973e+00 -3.8837e+00
687 +1.804573660e-06 +1.804573660e-06 +3.137000180e+01 +3.137000180e+01 -2.7169e-01 +1.8969e+00 -3.8840e+00
700 +1.227729690e-06 +1.227729690e-06 +3.137000123e+01 +3.137000123e+01 -2.7198e-01 +1.8969e+00 -3.8838e+00
758 +9.240981029e-07 +9.240981029e-07 +3.137000092e+01 +3.137000092e+01 -2.7196e-01 +1.8970e+00 -3.8839e+00
778 +1.942569945e-07 +1.942569945e-07 +3.137000019e+01 +3.137000019e+01 -2.7194e-01 +1.8969e+00 -3.8840e+00
846 +1.062973887e-07 +1.062973887e-07 +3.137000011e+01 +3.137000011e+01 -2.7197e-01 +1.8968e+00 -3.8840e+00
863 +5.585006591e-08 +5.585006591e-08 +3.137000006e+01 +3.137000006e+01 -2.7201e-01 +1.8968e+00 -3.8840e+00
868 +3.154789496e-08 +3.154789496e-08 +3.137000003e+01 +3.137000003e+01 -2.7199e-01 +1.8968e+00 -3.8840e+00
958 +1.996048127e-08 +1.996048127e-08 +3.137000002e+01 +3.137000002e+01 -2.7199e-01 +1.8968e+00 -3.8840e+00
976 +6.724942381e-09 +6.724942381e-09 +3.137000001e+01 +3.137000001e+01 -2.7199e-01 +1.8968e+00 -3.8840e+00
987 +3.485620681e-09 +3.485620681e-09 +3.137000000e+01 +3.137000000e+01 -2.7200e-01 +1.8968e+00 -3.8840e+00
1009 +1.141859940e-09 +1.141859940e-09 +3.137000000e+01 +3.137000000e+01 -2.7200e-01 +1.8968e+00 -3.8840e+00
1085 +3.392273129e-10 +3.392273129e-10 +3.137000000e+01 +3.137000000e+01 -2.7200e-01 +1.8968e+00 -3.8840e+00
1118 +1.882121126e-10 +1.882121126e-10 +3.137000000e+01 +3.137000000e+01 -2.7200e-01 +1.8968e+00 -3.8840e+00
1122 +8.249756434e-11 +8.249756434e-11 +3.137000000e+01 +3.137000000e+01 -2.7200e-01 +1.8968e+00 -3.8840e+00
1162 +3.715072694e-11 +3.715072694e-11 +3.137000000e+01 +3.137000000e+01 -2.7200e-01 +1.8968e+00 -3.8840e+00
1185 +2.118483167e-11 +2.118483167e-11 +3.137000000e+01 +3.137000000e+01 -2.7200e-01 +1.8968e+00 -3.8840e+00
1207 +1.356426083e-11 +1.356426083e-11 +3.137000000e+01 +3.137000000e+01 -2.7200e-01 +1.8968e+00 -3.8840e+00
1213 +6.167510946e-12 +6.167510946e-12 +3.137000000e+01 +3.137000000e+01 -2.7200e-01 +1.8968e+00 -3.8840e+00
1222 +3.243627589e-12 +3.243627589e-12 +3.137000000e+01 +3.137000000e+01 -2.7200e-01 +1.8968e+00 -3.8840e+00
1239 +6.181721801e-13 +6.181721801e-13 +3.137000000e+01 +3.137000000e+01 -2.7200e-01 +1.8968e+00 -3.8840e+00
1317 +3.907985047e-13 +3.907985047e-13 +3.137000000e+01 +3.137000000e+01 -2.7200e-01 +1.8968e+00 -3.8840e+00
1335 +1.705302566e-13 +1.705302566e-13 +3.137000000e+01 +3.137000000e+01 -2.7200e-01 +1.8968e+00 -3.8840e+00
1355 +9.592326933e-14 +9.592326933e-14 +3.137000000e+01 +3.137000000e+01 -2.7200e-01 +1.8968e+00 -3.8840e+00
1360 +6.039613254e-14 +6.039613254e-14 +3.137000000e+01 +3.137000000e+01 -2.7200e-01 +1.8968e+00 -3.8840e+00
1415 +3.907985047e-14 +3.907985047e-14 +3.137000000e+01 +3.137000000e+01 -2.7200e-01 +1.8968e+00 -3.8840e+00
1438 +2.131628207e-14 +2.131628207e-14 +3.137000000e+01 +3.137000000e+01 -2.7200e-01 +1.8968e+00 -3.8840e+00
1446 +1.421085472e-14 +1.421085472e-14 +3.137000000e+01 +3.137000000e+01 -2.7200e-01 +1.8968e+00 -3.8840e+00
3892 +7.105427358e-15 +7.105427358e-15 +3.137000000e+01 +3.137000000e+01 -2.7200e-01 +1.8968e+00 -3.8840e+00
% function evaluation | noise-free fitness - Fopt (-1.000000000000e+03) | best noise-free fitness - Fopt | measured fitness | best measured fitness | x1 | x2...
1 +3.269029799e+05 +3.269029799e+05 +3.259029799e+05 +3.259029799e+05 +2.8729e+00 +1.9957e+00 +1.9464e+00
2 +1.594436997e+05 +1.594436997e+05 +1.584436997e+05 +1.584436997e+05 +1.5715e+00 +1.5632e+00 -2.3116e-01
8 +1.578551069e+05 +1.578551069e+05 +1.568551069e+05 +1.568551069e+05 +2.9995e+00 -3.0953e-01 +2.3161e+00
14 +3.217479080e+04 +3.217479080e+04 +3.117479080e+04 +3.117479080e+04 -1.1672e+00 -1.3258e+00 -1.8954e-01
18 +1.357998076e+04 +1.357998076e+04 +1.257998076e+04 +1.257998076e+04 +5.6835e-01 -3.0889e+00 +1.7346e+00
31 +4.783229335e+02 +4.783229335e+02 -5.216770665e+02 -5.216770665e+02 -8.6231e-01 -2.9021e+00 +2.2754e+00
42 +5.908072042e+01 +5.908072042e+01 -9.409192796e+02 -9.409192796e+02 -6.0187e+00 -3.7158e+00 +2.3832e+00
50 +2.365749243e+01 +2.365749243e+01 -9.763425076e+02 -9.763425076e+02 -3.5388e+00 -5.0110e+00 +3.2383e+00
82 +1.209647062e+01 +1.209647062e+01 -9.879035294e+02 -9.879035294e+02 -1.8877e+00 -5.5182e+00 +4.2286e+00
90 +9.620028267e+00 +9.620028267e+00 -9.903799717e+02 -9.903799717e+02 -2.5857e+00 -3.9567e+00 +3.3574e+00
112 +3.727246278e+00 +3.727246278e+00 -9.962727537e+02 -9.962727537e+02 -1.4565e+00 -4.4137e+00 +3.7551e+00
192 +1.683661898e+00 +1.683661898e+00 -9.983163381e+02 -9.983163381e+02 -9.3021e-01 -3.9548e+00 +3.7268e+00
201 +1.516289238e+00 +1.516289238e+00 -9.984837108e+02 -9.984837108e+02 -9.0372e-01 -3.9923e+00 +3.6847e+00
208 +9.421639198e-01 +9.421639198e-01 -9.990578361e+02 -9.990578361e+02 -8.2579e-01 -3.8133e+00 +3.2908e+00
218 +4.559275705e-01 +4.559275705e-01 -9.995440724e+02 -9.995440724e+02 -5.9618e-01 -3.4836e+00 +3.1658e+00
260 +3.566486836e-01 +3.566486836e-01 -9.996433513e+02 -9.996433513e+02 -3.7633e-01 -3.6190e+00 +2.9467e+00
265 +2.352214000e-01 +2.352214000e-01 -9.997647786e+02 -9.997647786e+02 -4.9386e-01 -3.4948e+00 +2.9645e+00
313 +1.514716394e-01 +1.514716394e-01 -9.998485284e+02 -9.998485284e+02 -4.3957e-01 -3.4348e+00 +2.9369e+00
340 +7.746028958e-02 +7.746028958e-02 -9.999225397e+02 -9.999225397e+02 -3.4065e-01 -3.4390e+00 +2.9314e+00
351 +6.217506090e-02 +6.217506090e-02 -9.999378249e+02 -9.999378249e+02 -3.2916e-01 -3.4121e+00 +2.9353e+00
371 +3.904786898e-02 +3.904786898e-02 -9.999609521e+02 -9.999609521e+02 -2.6883e-01 -3.4248e+00 +2.9102e+00
409 +2.089039389e-02 +2.089039389e-02 -9.999791096e+02 -9.999791096e+02 -2.4877e-01 -3.3890e+00 +2.9004e+00
456 +9.197265453e-03 +9.197265453e-03 -9.999908027e+02 -9.999908027e+02 -2.3209e-01 -3.3546e+00 +2.8682e+00
507 +4.601737372e-03 +4.601737372e-03 -9.999953983e+02 -9.999953983e+02 -2.1016e-01 -3.3599e+00 +2.8488e+00
514 +2.687832939e-03 +2.687832939e-03 -9.999973122e+02 -9.999973122e+02 -2.1071e-01 -3.3506e+00 +2.8424e+00
534 +2.509716901e-03 +2.509716901e-03 -9.999974903e+02 -9.999974903e+02 -2.0883e-01 -3.3482e+00 +2.8374e+00
542 +5.077332587e-04 +5.077332587e-04 -9.999994923e+02 -9.999994923e+02 -1.9553e-01 -3.3371e+00 +2.8287e+00
546 +3.613185069e-04 +3.613185069e-04 -9.999996387e+02 -9.999996387e+02 -1.9481e-01 -3.3344e+00 +2.8269e+00
592 +1.090221332e-04 +1.090221332e-04 -9.999998910e+02 -9.999998910e+02 -1.9046e-01 -3.3326e+00 +2.8253e+00
598 +4.742699923e-05 +4.742699923e-05 -9.999999526e+02 -9.999999526e+02 -1.8914e-01 -3.3310e+00 +2.8249e+00
655 +1.331330282e-05 +1.331330282e-05 -9.999999867e+02 -9.999999867e+02 -1.8743e-01 -3.3303e+00 +2.8237e+00
703 +3.469977514e-06 +3.469977514e-06 -9.999999965e+02 -9.999999965e+02 -1.8708e-01 -3.3307e+00 +2.8244e+00
765 +1.415505153e-06 +1.415505153e-06 -9.999999986e+02 -9.999999986e+02 -1.8673e-01 -3.3307e+00 +2.8243e+00
779 +4.970540886e-07 +4.970540886e-07 -9.999999995e+02 -9.999999995e+02 -1.8659e-01 -3.3306e+00 +2.8242e+00
792 +3.177190138e-07 +3.177190138e-07 -9.999999997e+02 -9.999999997e+02 -1.8657e-01 -3.3305e+00 +2.8241e+00
852 +2.508899115e-07 +2.508899115e-07 -9.999999997e+02 -9.999999997e+02 -1.8655e-01 -3.3305e+00 +2.8241e+00
871 +2.844672053e-08 +2.844672053e-08 -1.000000000e+03 -1.000000000e+03 -1.8643e-01 -3.3304e+00 +2.8240e+00
919 +1.065825472e-08 +1.065825472e-08 -1.000000000e+03 -1.000000000e+03 -1.8642e-01 -3.3304e+00 +2.8240e+00
952 +7.600192475e-09 +7.600192475e-09 -1.000000000e+03 -1.000000000e+03 -1.8642e-01 -3.3304e+00 +2.8240e+00
1006 +5.486072041e-09 +5.486072041e-09 -1.000000000e+03 -1.000000000e+03 -1.8641e-01 -3.3304e+00 +2.8240e+00
1020 +2.561819201e-09 +2.561819201e-09 -1.000000000e+03 -1.000000000e+03 -1.8641e-01 -3.3304e+00 +2.8240e+00
1050 +2.220986062e-09 +2.220986062e-09 -1.000000000e+03 -1.000000000e+03 -1.8641e-01 -3.3304e+00 +2.8240e+00
1068 +1.420289664e-09 +1.420289664e-09 -1.000000000e+03 -1.000000000e+03 -1.8641e-01 -3.3304e+00 +2.8240e+00
1074 +7.202061170e-10 +7.202061170e-10 -1.000000000e+03 -1.000000000e+03 -1.8640e-01 -3.3304e+00 +2.8240e+00
1112 +6.084519555e-10 +6.084519555e-10 -1.000000000e+03 -1.000000000e+03 -1.8640e-01 -3.3304e+00 +2.8240e+00
1139 +3.609557098e-10 +3.609557098e-10 -1.000000000e+03 -1.000000000e+03 -1.8640e-01 -3.3304e+00 +2.8240e+00
1161 +1.809894457e-10 +1.809894457e-10 -1.000000000e+03 -1.000000000e+03 -1.8640e-01 -3.3304e+00 +2.8240e+00
1199 +1.249418347e-10 +1.249418347e-10 -1.000000000e+03 -1.000000000e+03 -1.8640e-01 -3.3304e+00 +2.8240e+00
1208 +8.844835975e-11 +8.844835975e-11 -1.000000000e+03 -1.000000000e+03 -1.8640e-01 -3.3304e+00 +2.8240e+00
1211 +6.480149750e-12 +6.480149750e-12 -1.000000000e+03 -1.000000000e+03 -1.8640e-01 -3.3304e+00 +2.8240e+00
1365 +5.570655048e-12 +5.570655048e-12 -1.000000000e+03 -1.000000000e+03 -1.8640e-01 -3.3304e+00 +2.8240e+00
1380 +3.183231456e-12 +3.183231456e-12 -1.000000000e+03 -1.000000000e+03 -1.8640e-01 -3.3304e+00 +2.8240e+00
1381 +1.250555215e-12 +1.250555215e-12 -1.000000000e+03 -1.000000000e+03 -1.8640e-01 -3.3304e+00 +2.8240e+00
1408 +5.684341886e-13 +5.684341886e-13 -1.000000000e+03 -1.000000000e+03 -1.8640e-01 -3.3304e+00 +2.8240e+00
1459 +2.273736754e-13 +2.273736754e-13 -1.000000000e+03 -1.000000000e+03 -1.8640e-01 -3.3304e+00 +2.8240e+00
1521 +1.136868377e-13 +1.136868377e-13 -1.000000000e+03 -1.000000000e+03 -1.8640e-01 -3.3304e+00 +2.8240e+00
1571 +0.000000000e+00 +0.000000000e+00 -1.000000000e+03 -1.000000000e+03 -1.8640e-01 -3.3304e+00 +2.8240e+00
% function evaluation | noise-free fitness - Fopt (1.319200000000e+02) | best noise-free fitness - Fopt | measured fitness | best measured fitness | x1 | x2...
1 +2.651505282e+05 +2.651505282e+05 +2.652824482e+05 +2.652824482e+05 +1.5976e+00 -1.9678e+00 +3.4960e+00
2 +1.428906752e+05 +1.428906752e+05 +1.430225952e+05 +1.430225952e+05 +2.9621e-01 -2.4003e+00 +1.3185e+00
7 +6.548979402e+04 +6.548979402e+04 +6.562171402e+04 +6.562171402e+04 +3.1571e+00 -6.3943e-02 +7.3917e-01
14 +3.395811487e+03 +3.395811487e+03 +3.527731487e+03 +3.527731487e+03 +8.4653e+00 +1.0413e-01 -6.6463e-01
17 +5.606017071e+02 +5.606017071e+02 +6.925217071e+02 +6.925217071e+02 +7.7005e+00 -7.3754e-01 -1.8101e+00
24 +2.653860461e+02 +2.653860461e+02 +3.973060461e+02 +3.973060461e+02 +5.2685e+00 +1.5136e+00 -2.9708e+00
30 +2.349680803e+02 +2.349680803e+02 +3.668880803e+02 +3.668880803e+02 +3.1433e+00 -1.6001e+00 -9.5057e+00
33 +6.815013157e+01 +6.815013157e+01 +2.000701316e+02 +2.000701316e+02 -5.7618e-01 +2.2176e-01 -6.8627e+00
53 +5.687044174e+01 +5.687044174e+01 +1.887904417e+02 +1.887904417e+02 +1.1504e+00 +2.9886e+00 -5.2413e+00
94 +1.189623311e+01 +1.189623311e+01 +1.438162331e+02 +1.438162331e+02 -1.5937e+00 +2.8902e+00 -4.5344e+00
121 +3.634271174e+00 +3.634271174e+00 +1.355542712e+02 +1.355542712e+02 -2.7402e+00 +2.3486e+00 -4.0969e+00
195 +7.210381240e-01 +7.210381240e-01 +1.326410381e+02 +1.326410381e+02 -3.4882e+00 +2.0849e+00 -3.8938e+00
258 +2.090230212e-01 +2.090230212e-01 +1.321290230e+02 +1.321290230e+02 -3.8874e+00 +1.7974e+00 -3.7570e+00
268 +1.505587647e-01 +1.505587647e-01 +1.320705588e+02 +1.320705588e+02 -3.8260e+00 +1.9320e+00 -3.8489e+00
307 +8.325559041e-02 +8.325559041e-02 +1.320032556e+02 +1.320032556e+02 -3.8341e+00 +1.9519e+00 -3.7751e+00
315 +5.967742182e-02 +5.967742182e-02 +1.319796774e+02 +1.319796774e+02 -3.9074e+00 +1.9029e+00 -3.7920e+00
329 +3.860910139e-02 +3.860910139e-02 +1.319586091e+02 +1.319586091e+02 -3.9132e+00 +1.9372e+00 -3.7775e+00
360 +1.982936060e-02 +1.982936060e-02 +1.319398294e+02 +1.319398294e+02 -3.9173e+00 +1.9568e+00 -3.7471e+00
363 +1.264487780e-02 +1.264487780e-02 +1.319326449e+02 +1.319326449e+02 -3.9851e+00 +1.8814e+00 -3.7417e+00
372 +7.978450678e-03 +7.978450678e-03 +1.319279785e+02 +1.319279785e+02 -3.9515e+00 +1.9211e+00 -3.7299e+00
444 +5.357400942e-03 +5.357400942e-03 +1.319253574e+02 +1.319253574e+02 -3.9703e+00 +1.8962e+00 -3.7204e+00
463 +3.598219568e-03 +3.598219568e-03 +1.319235982e+02 +1.319235982e+02 -3.9649e+00 +1.9126e+00 -3.7195e+00
511 +2.204748922e-03 +2.204748922e-03 +1.319222047e+02 +1.319222047e+02 -3.9639e+00 +1.9224e+00 -3.7132e+00
521 +9.469926092e-04 +9.469926092e-04 +1.319209470e+02 +1.319209470e+02 -3.9727e+00 +1.9116e+00 -3.7074e+00
543 +5.996408630e-04 +5.996408630e-04 +1.319205996e+02 +1.319205996e+02 -3.9800e+00 +1.9050e+00 -3.7049e+00
564 +2.784172824e-04 +2.784172824e-04 +1.319202784e+02 +1.319202784e+02 -3.9853e+00 +1.9042e+00 -3.7033e+00
592 +2.207322709e-04 +2.207322709e-04 +1.319202207e+02 +1.319202207e+02 -3.9768e+00 +1.9133e+00 -3.7025e+00
603 +2.935249066e-05 +2.935249066e-05 +1.319200294e+02 +1.319200294e+02 -3.9815e+00 +1.9099e+00 -3.7000e+00
704 +1.539114407e-05 +1.539114407e-05 +1.319200154e+02 +1.319200154e+02 -3.9815e+00 +1.9104e+00 -3.6992e+00
725 +8.228547046e-06 +8.228547046e-06 +1.319200082e+02 +1.319200082e+02 -3.9819e+00 +1.9101e+00 -3.6995e+00
736 +6.293958705e-06 +6.293958705e-06 +1.319200063e+02 +1.319200063e+02 -3.9822e+00 +1.9100e+00 -3.6993e+00
791 +3.551216309e-06 +3.551216309e-06 +1.319200036e+02 +1.319200036e+02 -3.9819e+00 +1.9104e+00 -3.6994e+00
817 +8.559086382e-07 +8.559086382e-07 +1.319200009e+02 +1.319200009e+02 -3.9823e+00 +1.9103e+00 -3.6993e+00
846 +1.626237065e-07 +1.626237065e-07 +1.319200002e+02 +1.319200002e+02 -3.9823e+00 +1.9104e+00 -3.6992e+00
928 +1.391262288e-07 +1.391262288e-07 +1.319200001e+02 +1.319200001e+02 -3.9823e+00 +1.9104e+00 -3.6993e+00
939 +9.955658697e-08 +9.955658697e-08 +1.319200001e+02 +1.319200001e+02 -3.9824e+00 +1.9104e+00 -3.6992e+00
943 +3.033079565e-08 +3.033079565e-08 +1.319200000e+02 +1.319200000e+02 -3.9824e+00 +1.9104e+00 -3.6992e+00
965 +1.635370950e-08 +1.635370950e-08 +1.319200000e+02 +1.319200000e+02 -3.9824e+00 +1.9104e+00 -3.6992e+00
999 +5.632131206e-09 +5.632131206e-09 +1.319200000e+02 +1.319200000e+02 -3.9824e+00 +1.9104e+00 -3.6992e+00
1014 +1.199680355e-09 +1.199680355e-09 +1.319200000e+02 +1.319200000e+02 -3.9824e+00 +1.9104e+00 -3.6992e+00
1036 +6.483844572e-10 +6.483844572e-10 +1.319200000e+02 +1.319200000e+02 -3.9824e+00 +1.9104e+00 -3.6992e+00
1112 +3.589093467e-10 +3.589093467e-10 +1.319200000e+02 +1.319200000e+02 -3.9824e+00 +1.9104e+00 -3.6992e+00
1124 +1.529656402e-10 +1.529656402e-10 +1.319200000e+02 +1.319200000e+02 -3.9824e+00 +1.9104e+00 -3.6992e+00
1168 +7.511857802e-11 +7.511857802e-11 +1.319200000e+02 +1.319200000e+02 -3.9824e+00 +1.9104e+00 -3.6992e+00
1173 +3.763034329e-11 +3.763034329e-11 +1.319200000e+02 +1.319200000e+02 -3.9824e+00 +1.9104e+00 -3.6992e+00
1207 +2.009414857e-11 +2.009414857e-11 +1.319200000e+02 +1.319200000e+02 -3.9824e+00 +1.9104e+00 -3.6992e+00
1217 +1.182343112e-11 +1.182343112e-11 +1.319200000e+02 +1.319200000e+02 -3.9824e+00 +1.9104e+00 -3.6992e+00
1222 +3.808509064e-12 +3.808509064e-12 +1.319200000e+02 +1.319200000e+02 -3.9824e+00 +1.9104e+00 -3.6992e+00
1255 +2.330580173e-12 +2.330580173e-12 +1.319200000e+02 +1.319200000e+02 -3.9824e+00 +1.9104e+00 -3.6992e+00
1331 +1.307398634e-12 +1.307398634e-12 +1.319200000e+02 +1.319200000e+02 -3.9824e+00 +1.9104e+00 -3.6992e+00
1340 +9.379164112e-13 +9.379164112e-13 +1.319200000e+02 +1.319200000e+02 -3.9824e+00 +1.9104e+00 -3.6992e+00
1365 +5.968558980e-13 +5.968558980e-13 +1.319200000e+02 +1.319200000e+02 -3.9824e+00 +1.9104e+00 -3.6992e+00
1366 +2.557953849e-13 +2.557953849e-13 +1.319200000e+02 +1.319200000e+02 -3.9824e+00 +1.9104e+00 -3.6992e+00
1371 +2.273736754e-13 +2.273736754e-13 +1.319200000e+02 +1.319200000e+02 -3.9824e+00 +1.9104e+00 -3.6992e+00
1375 +5.684341886e-14 +5.684341886e-14 +1.319200000e+02 +1.319200000e+02 -3.9824e+00 +1.9104e+00 -3.6992e+00
1399 +2.842170943e-14 +2.842170943e-14 +1.319200000e+02 +1.319200000e+02 -3.9824e+00 +1.9104e+00 -3.6992e+00
3891 +0.000000000e+00 +0.000000000e+00 +1.319200000e+02 +1.319200000e+02 -3.9824e+00 +1.9104e+00 -3.6992e+00
% function evaluation | noise-free fitness - Fopt (5.908400000000e+02) | best noise-free fitness - Fopt | measured fitness | best measured fitness | x1 | x2...
1 +2.319139810e+05 +2.319139810e+05 +2.325048210e+05 +2.325048210e+05 -3.4099e+00 -2.6413e+00 -2.5678e+00
5 +9.326984243e+04 +9.326984243e+04 +9.386068243e+04 +9.386068243e+04 -1.0517e+00 -1.4058e+00 -4.5358e+00
10 +3.196016383e+04 +3.196016383e+04 +3.255100383e+04 +3.255100383e+04 -1.4349e-01 -5.1823e+00 -3.1280e+00
18 +1.748539694e+04 +1.748539694e+04 +1.807623694e+04 +1.807623694e+04 +1.7755e+00 -6.4737e+00 -5.0503e+00
21 +1.154175482e+03 +1.154175482e+03 +1.745015482e+03 +1.745015482e+03 +8.7587e-01 -4.9709e+00 -1.6658e+00
25 +3.355802366e+01 +3.355802366e+01 +6.243980237e+02 +6.243980237e+02 +1.4004e+00 -3.8802e+00 -1.3241e+00
39 +2.499852533e+01 +2.499852533e+01 +6.158385253e+02 +6.158385253e+02 +3.6204e+00 -5.2596e+00 -1.5050e+00
51 +1.259505487e+01 +1.259505487e+01 +6.034350549e+02 +6.034350549e+02 +3.0531e+00 -5.3410e+00 -2.7838e+00
123 +6.693251108e+00 +6.693251108e+00 +5.975332511e+02 +5.975332511e+02 +1.9585e+00 -4.2181e+00 -2.5030e+00
167 +4.574121003e+00 +4.574121003e+00 +5.954141210e+02 +5.954141210e+02 +2.2866e+00 -3.1078e+00 -2.3819e+00
174 +3.311027509e+00 +3.311027509e+00 +5.941510275e+02 +5.941510275e+02 +2.2922e+00 -3.9991e+00 -3.1007e+00
192 +1.205748249e+00 +1.205748249e+00 +5.920457482e+02 +5.920457482e+02 +1.7761e+00 -3.8004e+00 -3.2190e+00
208 +7.156463899e-01 +7.156463899e-01 +5.915556464e+02 +5.915556464e+02 +1.7723e+00 -3.1775e+00 -3.1390e+00
209 +4.908425398e-02 +4.908425398e-02 +5.908890843e+02 +5.908890843e+02 +1.5248e+00 -3.3095e+00 -3.4129e+00
345 +3.640374829e-02 +3.640374829e-02 +5.908764037e+02 +5.908764037e+02 +1.5005e+00 -3.3106e+00 -3.4225e+00
362 +7.752178741e-03 +7.752178741e-03 +5.908477522e+02 +5.908477522e+02 +1.4629e+00 -3.3779e+00 -3.4911e+00
457 +2.198392881e-03 +2.198392881e-03 +5.908421984e+02 +5.908421984e+02 +1.4569e+00 -3.3265e+00 -3.4818e+00
511 +1.254225068e-03 +1.254225068e-03 +5.908412542e+02 +5.908412542e+02 +1.4526e+00 -3.3531e+00 -3.4972e+00
531 +7.085394249e-04 +7.085394249e-04 +5.908407085e+02 +5.908407085e+02 +1.4493e+00 -3.3413e+00 -3.4921e+00
544 +2.803788067e-04 +2.803788067e-04 +5.908402804e+02 +5.908402804e+02 +1.4501e+00 -3.3415e+00 -3.4972e+00
572 +1.721782065e-04 +1.721782065e-04 +5.908401722e+02 +5.908401722e+02 +1.4483e+00 -3.3405e+00 -3.4969e+00
580 +9.331074875e-05 +9.331074875e-05 +5.908400933e+02 +5.908400933e+02 +1.4472e+00 -3.3341e+00 -3.4952e+00
631 +3.864384769e-05 +3.864384769e-05 +5.908400386e+02 +5.908400386e+02 +1.4471e+00 -3.3355e+00 -3.4968e+00
646 +9.172225191e-06 +9.172225191e-06 +5.908400092e+02 +5.908400092e+02 +1.4459e+00 -3.3358e+00 -3.4976e+00
671 +1.875654334e-07 +1.875654334e-07 +5.908400002e+02 +5.908400002e+02 +1.4456e+00 -3.3361e+00 -3.4983e+00
813 +1.574441058e-07 +1.574441058e-07 +5.908400002e+02 +5.908400002e+02 +1.4457e+00 -3.3360e+00 -3.4983e+00
838 +3.982358976e-08 +3.982358976e-08 +5.908400000e+02 +5.908400000e+02 +1.4456e+00 -3.3360e+00 -3.4984e+00
864 +2.091644546e-08 +2.091644546e-08 +5.908400000e+02 +5.908400000e+02 +1.4456e+00 -3.3360e+00 -3.4984e+00
930 +3.092168299e-09 +3.092168299e-09 +5.908400000e+02 +5.908400000e+02 +1.4456e+00 -3.3360e+00 -3.4984e+00
978 +2.011461220e-09 +2.011461220e-09 +5.908400000e+02 +5.908400000e+02 +1.4456e+00 -3.3360e+00 -3.4984e+00
979 +1.266812433e-09 +1.266812433e-09 +5.908400000e+02 +5.908400000e+02 +1.4456e+00 -3.3360e+00 -3.4984e+00
1014 +8.799361240e-10 +8.799361240e-10 +5.908400000e+02 +5.908400000e+02 +1.4456e+00 -3.3360e+00 -3.4984e+00
1025 +4.210960469e-10 +4.210960469e-10 +5.908400000e+02 +5.908400000e+02 +1.4456e+00 -3.3360e+00 -3.4984e+00
1031 +1.506350600e-10 +1.506350600e-10 +5.908400000e+02 +5.908400000e+02 +1.4456e+00 -3.3360e+00 -3.4984e+00
1048 +8.799361240e-11 +8.799361240e-11 +5.908400000e+02 +5.908400000e+02 +1.4456e+00 -3.3360e+00 -3.4984e+00
1068 +3.592504072e-11 +3.592504072e-11 +5.908400000e+02 +5.908400000e+02 +1.4456e+00 -3.3360e+00 -3.4984e+00
1084 +2.171418600e-11 +2.171418600e-11 +5.908400000e+02 +5.908400000e+02 +1.4456e+00 -3.3360e+00 -3.4984e+00
1094 +1.239186531e-11 +1.239186531e-11 +5.908400000e+02 +5.908400000e+02 +1.4456e+00 -3.3360e+00 -3.4984e+00
1107 +7.048583939e-12 +7.048583939e-12 +5.908400000e+02 +5.908400000e+02 +1.4456e+00 -3.3360e+00 -3.4984e+00
1160 +6.025402399e-12 +6.025402399e-12 +5.908400000e+02 +5.908400000e+02 +1.4456e+00 -3.3360e+00 -3.4984e+00
1163 +3.183231456e-12 +3.183231456e-12 +5.908400000e+02 +5.908400000e+02 +1.4456e+00 -3.3360e+00 -3.4984e+00
1185 +1.364242053e-12 +1.364242053e-12 +5.908400000e+02 +5.908400000e+02 +1.4456e+00 -3.3360e+00 -3.4984e+00
1198 +2.273736754e-13 +2.273736754e-13 +5.908400000e+02 +5.908400000e+02 +1.4456e+00 -3.3360e+00 -3.4984e+00
1272 +1.136868377e-13 +1.136868377e-13 +5.908400000e+02 +5.908400000e+02 +1.4456e+00 -3.3360e+00 -3.4984e+00
1305 +0.000000000e+00 +0.000000000e+00 +5.908400000e+02 +5.908400000e+02 +1.4456e+00 -3.3360e+00 -3.4984e+00
% function evaluation | noise-free fitness - Fopt (3.098000000000e+01) | best noise-free fitness - Fopt | measured fitness | best measured fitness | x1 | x2...
1 +1.123197696e+02 +1.123197696e+02 +1.432997696e+02 +1.432997696e+02 -6.6352e-01 -2.3847e+00 +3.6051e+00
5 +6.860967361e+01 +6.860967361e+01 +9.958967361e+01 +9.958967361e+01 +1.6947e+00 -1.1493e+00 +1.6371e+00
7 +4.556331353e+01 +4.556331353e+01 +7.654331353e+01 +7.654331353e+01 +8.9597e-01 -4.8085e-01 +8.4824e-01
24 +3.494168892e+01 +3.494168892e+01 +6.592168892e+01 +6.592168892e+01 +3.9493e-02 -1.8940e+00 +4.5855e-01
30 +2.314176795e+01 +2.314176795e+01 +5.412176795e+01 +5.412176795e+01 +1.3240e+00 -3.7816e+00 -2.0183e-01
39 +1.186690076e+01 +1.186690076e+01 +4.284690076e+01 +4.284690076e+01 +1.0900e+00 -2.6706e+00 -9.6559e-01
60 +7.607399509e+00 +7.607399509e+00 +3.858739951e+01 +3.858739951e+01 +1.6735e+00 -4.2982e+00 -1.4586e+00
75 +5.418202112e+00 +5.418202112e+00 +3.639820211e+01 +3.639820211e+01 +1.1778e+00 -3.5419e+00 -1.8125e+00
79 +2.529837547e+00 +2.529837547e+00 +3.350983755e+01 +3.350983755e+01 +1.5900e+00 -3.3761e+00 -2.0257e+00
106 +1.038514836e+00 +1.038514836e+00 +3.201851484e+01 +3.201851484e+01 +1.8300e+00 -3.3169e+00 -2.4416e+00
112 +7.155139722e-01 +7.155139722e-01 +3.169551397e+01 +3.169551397e+01 +1.9208e+00 -3.0265e+00 -2.5598e+00
130 +5.724210952e-01 +5.724210952e-01 +3.155242110e+01 +3.155242110e+01 +2.0115e+00 -2.7202e+00 -2.4162e+00
147 +3.899677341e-01 +3.899677341e-01 +3.136996773e+01 +3.136996773e+01 +2.0360e+00 -2.9102e+00 -2.5294e+00
199 +8.489949340e-02 +8.489949340e-02 +3.106489949e+01 +3.106489949e+01 +2.0738e+00 -2.6765e+00 -2.6637e+00
282 +5.780463645e-02 +5.780463645e-02 +3.103780464e+01 +3.103780464e+01 +2.1257e+00 -2.4942e+00 -2.6573e+00
291 +2.521506978e-02 +2.521506978e-02 +3.100521507e+01 +3.100521507e+01 +2.1747e+00 -2.4735e+00 -2.7009e+00
296 +4.821788653e-03 +4.821788653e-03 +3.098482179e+01 +3.098482179e+01 +2.1721e+00 -2.5069e+00 -2.7330e+00
362 +1.601339007e-03 +1.601339007e-03 +3.098160134e+01 +3.098160134e+01 +2.1708e+00 -2.4890e+00 -2.7416e+00
379 +1.451911915e-03 +1.451911915e-03 +3.098145191e+01 +3.098145191e+01 +2.1683e+00 -2.5005e+00 -2.7452e+00
392 +3.905583542e-04 +3.905583542e-04 +3.098039056e+01 +3.098039056e+01 +2.1756e+00 -2.4868e+00 -2.7494e+00
417 +7.774728986e-05 +7.774728986e-05 +3.098007775e+01 +3.098007775e+01 +2.1776e+00 -2.4825e+00 -2.7528e+00
525 +5.970143214e-05 +5.970143214e-05 +3.098005970e+01 +3.098005970e+01 +2.1790e+00 -2.4826e+00 -2.7539e+00
527 +3.158007902e-05 +3.158007902e-05 +3.098003158e+01 +3.098003158e+01 +2.1791e+00 -2.4827e+00 -2.7546e+00
535 +2.123974030e-05 +2.123974030e-05 +3.098002124e+01 +3.098002124e+01 +2.1788e+00 -2.4827e+00 -2.7547e+00
563 +7.659250119e-06 +7.659250119e-06 +3.098000766e+01 +3.098000766e+01 +2.1784e+00 -2.4815e+00 -2.7546e+00
602 +5.281236568e-06 +5.281236568e-06 +3.098000528e+01 +3.098000528e+01 +2.1784e+00 -2.4815e+00 -2.7547e+00
622 +2.960591072e-06 +2.960591072e-06 +3.098000296e+01 +3.098000296e+01 +2.1783e+00 -2.4816e+00 -2.7548e+00
635 +9.949724600e-07 +9.949724600e-07 +3.098000099e+01 +3.098000099e+01 +2.1783e+00 -2.4814e+00 -2.7550e+00
659 +3.543550875e-07 +3.543550875e-07 +3.098000035e+01 +3.098000035e+01 +2.1784e+00 -2.4817e+00 -2.7551e+00
700 +2.186527013e-07 +2.186527013e-07 +3.098000022e+01 +3.098000022e+01 +2.1784e+00 -2.4817e+00 -2.7551e+00
716 +1.306479867e-07 +1.306479867e-07 +3.098000013e+01 +3.098000013e+01 +2.1784e+00 -2.4816e+00 -2.7552e+00
772 +5.688284332e-08 +5.688284332e-08 +3.098000006e+01 +3.098000006e+01 +2.1784e+00 -2.4816e+00 -2.7552e+00
815 +1.107143532e-08 +1.107143532e-08 +3.098000001e+01 +3.098000001e+01 +2.1784e+00 -2.4816e+00 -2.7552e+00
824 +2.567318802e-09 +2.567318802e-09 +3.098000000e+01 +3.098000000e+01 +2.1784e+00 -2.4816e+00 -2.7552e+00
896 +2.312074088e-09 +2.312074088e-09 +3.098000000e+01 +3.098000000e+01 +2.1784e+00 -2.4816e+00 -2.7552e+00
918 +1.211770240e-09 +1.211770240e-09 +3.098000000e+01 +3.098000000e+01 +2.1784e+00 -2.4816e+00 -2.7552e+00
923 +3.363069823e-10 +3.363069823e-10 +3.098000000e+01 +3.098000000e+01 +2.1784e+00 -2.4816e+00 -2.7552e+00
988 +2.163673685e-10 +2.163673685e-10 +3.098000000e+01 +3.098000000e+01 +2.1784e+00 -2.4816e+00 -2.7552e+00
990 +6.113864970e-11 +6.113864970e-11 +3.098000000e+01 +3.098000000e+01 +2.1784e+00 -2.4816e+00 -2.7552e+00
996 +2.155431389e-11 +2.155431389e-11 +3.098000000e+01 +3.098000000e+01 +2.1784e+00 -2.4816e+00 -2.7552e+00
1066 +7.293721183e-12 +7.293721183e-12 +3.098000000e+01 +3.098000000e+01 +2.1784e+00 -2.4816e+00 -2.7552e+00
1118 +2.618349981e-12 +2.618349981e-12 +3.098000000e+01 +3.098000000e+01 +2.1784e+00 -2.4816e+00 -2.7552e+00
1122 +2.263078613e-12 +2.263078613e-12 +3.098000000e+01 +3.098000000e+01 +2.1784e+00 -2.4816e+00 -2.7552e+00
1124 +1.168842800e-12 +1.168842800e-12 +3.098000000e+01 +3.098000000e+01 +2.1784e+00 -2.4816e+00 -2.7552e+00
1235 +7.425171589e-13 +7.425171589e-13 +3.098000000e+01 +3.098000000e+01 +2.1784e+00 -2.4816e+00 -2.7552e+00
1249 +5.719869023e-13 +5.719869023e-13 +3.098000000e+01 +3.098000000e+01 +2.1784e+00 -2.4816e+00 -2.7552e+00
1263 +3.730349363e-13 +3.730349363e-13 +3.098000000e+01 +3.098000000e+01 +2.1784e+00 -2.4816e+00 -2.7552e+00
1305 +2.060573934e-13 +2.060573934e-13 +3.098000000e+01 +3.098000000e+01 +2.1784e+00 -2.4816e+00 -2.7552e+00
1306 +1.385558335e-13 +1.385558335e-13 +3.098000000e+01 +3.098000000e+01 +2.1784e+00 -2.4816e+00 -2.7552e+00
1314 +9.237055565e-14 +9.237055565e-14 +3.098000000e+01 +3.098000000e+01 +2.1784e+00 -2.4816e+00 -2.7552e+00
1341 +2.842170943e-14 +2.842170943e-14 +3.098000000e+01 +3.098000000e+01 +2.1784e+00 -2.4816e+00 -2.7552e+00
1342 +1.421085472e-14 +1.421085472e-14 +3.098000000e+01 +3.098000000e+01 +2.1784e+00 -2.4816e+00 -2.7552e+00
1384 +3.552713679e-15 +3.552713679e-15 +3.098000000e+01 +3.098000000e+01 +2.1784e+00 -2.4816e+00 -2.7552e+00
% function evaluation | noise-free fitness - Fopt (-1.445400000000e+02) | best noise-free fitness - Fopt | measured fitness | best measured fitness | x1 | x2...
1 +3.129218039e+05 +3.129218039e+05 +3.127772639e+05 +3.127772639e+05 -3.5639e+00 +3.0373e+00 +2.1991e+00
2 +1.329017283e+05 +1.329017283e+05 +1.327571883e+05 +1.327571883e+05 -4.8653e+00 +2.6048e+00 +2.1559e-02
17 +6.959597332e+04 +6.959597332e+04 +6.945143332e+04 +6.945143332e+04 -2.8418e+00 +6.0399e+00 -3.1802e+00
24 +4.414297433e+04 +4.414297433e+04 +4.399843433e+04 +4.399843433e+04 -4.8416e+00 +3.8361e+00 -2.5852e+00
27 +7.594761814e+01 +7.594761814e+01 -6.859238186e+01 -6.859238186e+01 -2.8380e+00 +3.6391e+00 -7.3771e+00
44 +2.415526036e+01 +2.415526036e+01 -1.203847396e+02 -1.203847396e+02 -4.2997e+00 +1.2755e-01 -4.9155e+00
87 +1.558335888e+01 +1.558335888e+01 -1.289566411e+02 -1.289566411e+02 -4.4757e+00 -1.6307e+00 -5.1733e+00
104 +8.379155888e+00 +8.379155888e+00 -1.361608441e+02 -1.361608441e+02 -3.4440e+00 -1.3843e+00 -4.7224e+00
139 +2.458393960e+00 +2.458393960e+00 -1.420816060e+02 -1.420816060e+02 -2.6081e+00 -4.2289e-01 -3.3604e+00
188 +1.344882478e+00 +1.344882478e+00 -1.431951175e+02 -1.431951175e+02 -2.5737e+00 -6.6777e-01 -3.5494e+00
200 +7.279582437e-01 +7.279582437e-01 -1.438120418e+02 -1.438120418e+02 -2.2682e+00 -7.2393e-01 -3.6246e+00
213 +2.786559409e-01 +2.786559409e-01 -1.442613441e+02 -1.442613441e+02 -2.1845e+00 -6.7908e-01 -3.4365e+00
217 +7.987563989e-02 +7.987563989e-02 -1.444601244e+02 -1.444601244e+02 -2.0439e+00 -5.8574e-01 -3.3415e+00
353 +4.348518599e-02 +4.348518599e-02 -1.444965148e+02 -1.444965148e+02 -1.9256e+00 -4.5727e-01 -3.3201e+00
363 +8.250821788e-03 +8.250821788e-03 -1.445317492e+02 -1.445317492e+02 -1.9124e+00 -4.9758e-01 -3.2778e+00
410 +5.118851629e-03 +5.118851629e-03 -1.445348811e+02 -1.445348811e+02 -1.9086e+00 -4.9613e-01 -3.2695e+00
455 +3.140613404e-03 +3.140613404e-03 -1.445368594e+02 -1.445368594e+02 -1.9189e+00 -5.1290e-01 -3.2627e+00
466 +2.001403658e-03 +2.001403658e-03 -1.445379986e+02 -1.445379986e+02 -1.9020e+00 -5.0234e-01 -3.2611e+00
477 +5.340912228e-04 +5.340912228e-04 -1.445394659e+02 -1.445394659e+02 -1.8984e+00 -5.0728e-01 -3.2551e+00
520 +1.634578572e-05 +1.634578572e-05 -1.445399837e+02 -1.445399837e+02 -1.8999e+00 -5.1170e-01 -3.2479e+00
673 +1.470000305e-05 +1.470000305e-05 -1.445399853e+02 -1.445399853e+02 -1.9003e+00 -5.1245e-01 -3.2473e+00
676 +2.029052297e-06 +2.029052297e-06 -1.445399980e+02 -1.445399980e+02 -1.9002e+00 -5.1278e-01 -3.2472e+00
731 +7.326707419e-07 +7.326707419e-07 -1.445399993e+02 -1.445399993e+02 -1.9002e+00 -5.1293e-01 -3.2474e+00
816 +5.635276352e-07 +5.635276352e-07 -1.445399994e+02 -1.445399994e+02 -1.8999e+00 -5.1260e-01 -3.2473e+00
842 +3.343222374e-07 +3.343222374e-07 -1.445399997e+02 -1.445399997e+02 -1.8999e+00 -5.1270e-01 -3.2473e+00
873 +2.507036356e-07 +2.507036356e-07 -1.445399997e+02 -1.445399997e+02 -1.9000e+00 -5.1271e-01 -3.2473e+00
880 +1.020387970e-07 +1.020387970e-07 -1.445399999e+02 -1.445399999e+02 -1.9000e+00 -5.1278e-01 -3.2473e+00
904 +9.356131159e-08 +9.356131159e-08 -1.445399999e+02 -1.445399999e+02 -1.9000e+00 -5.1274e-01 -3.2472e+00
922 +6.284506071e-08 +6.284506071e-08 -1.445399999e+02 -1.445399999e+02 -1.9001e+00 -5.1281e-01 -3.2472e+00
940 +1.116885073e-08 +1.116885073e-08 -1.445400000e+02 -1.445400000e+02 -1.9000e+00 -5.1280e-01 -3.2472e+00
984 +3.200625542e-09 +3.200625542e-09 -1.445400000e+02 -1.445400000e+02 -1.9000e+00 -5.1280e-01 -3.2472e+00
991 +6.899654181e-10 +6.899654181e-10 -1.445400000e+02 -1.445400000e+02 -1.9000e+00 -5.1280e-01 -3.2472e+00
1086 +6.191669399e-10 +6.191669399e-10 -1.445400000e+02 -1.445400000e+02 -1.9000e+00 -5.1280e-01 -3.2472e+00
1110 +3.732907317e-10 +3.732907317e-10 -1.445400000e+02 -1.445400000e+02 -1.9000e+00 -5.1280e-01 -3.2472e+00
1133 +2.326032700e-10 +2.326032700e-10 -1.445400000e+02 -1.445400000e+02 -1.9000e+00 -5.1280e-01 -3.2472e+00
1142 +1.341788902e-10 +1.341788902e-10 -1.445400000e+02 -1.445400000e+02 -1.9000e+00 -5.1280e-01 -3.2472e+00
1148 +7.054268281e-11 +7.054268281e-11 -1.445400000e+02 -1.445400000e+02 -1.9000e+00 -5.1280e-01 -3.2472e+00
1158 +3.797140380e-11 +3.797140380e-11 -1.445400000e+02 -1.445400000e+02 -1.9000e+00 -5.1280e-01 -3.2472e+00
1174 +1.980993147e-11 +1.980993147e-11 -1.445400000e+02 -1.445400000e+02 -1.9000e+00 -5.1280e-01 -3.2472e+00
1255 +9.606537787e-12 +9.606537787e-12 -1.445400000e+02 -1.445400000e+02 -1.9000e+00 -5.1280e-01 -3.2472e+00
1319 +5.854872143e-12 +5.854872143e-12 -1.445400000e+02 -1.445400000e+02 -1.9000e+00 -5.1280e-01 -3.2472e+00
1344 +1.108446668e-12 +1.108446668e-12 -1.445400000e+02 -1.445400000e+02 -1.9000e+00 -5.1280e-01 -3.2472e+00
1372 +3.126388037e-13 +3.126388037e-13 -1.445400000e+02 -1.445400000e+02 -1.9000e+00 -5.1280e-01 -3.2472e+00
1424 +1.989519660e-13 +1.989519660e-13 -1.445400000e+02 -1.445400000e+02 -1.9000e+00 -5.1280e-01 -3.2472e+00
1432 +1.136868377e-13 +1.136868377e-13 -1.445400000e+02 -1.445400000e+02 -1.9000e+00 -5.1280e-01 -3.2472e+00
1481 +8.526512829e-14 +8.526512829e-14 -1.445400000e+02 -1.445400000e+02 -1.9000e+00 -5.1280e-01 -3.2472e+00
1484 +5.684341886e-14 +5.684341886e-14 -1.445400000e+02 -1.445400000e+02 -1.9000e+00 -5.1280e-01 -3.2472e+00
1502 +2.842170943e-14 +2.842170943e-14 -1.445400000e+02 -1.445400000e+02 -1.9000e+00 -5.1280e-01 -3.2472e+00
1510 +0.000000000e+00 +0.000000000e+00 -1.445400000e+02 -1.445400000e+02 -1.9000e+00 -5.1280e-01 -3.2472e+00
% function evaluation | noise-free fitness - Fopt (-9.649000000000e+01) | best noise-free fitness - Fopt | measured fitness | best measured fitness | x1 | x2...
1 +4.150763639e+01 +4.150763639e+01 -5.498236361e+01 -5.498236361e+01 +1.9540e+00 +3.3672e+00 +1.3689e+00
9 +2.760158098e+01 +2.760158098e+01 -6.888841902e+01 -6.888841902e+01 +1.0885e+00 +2.8622e+00 +1.3850e+00
29 +9.859012008e+00 +9.859012008e+00 -8.663098799e+01 -8.663098799e+01 -2.6147e-01 +2.0504e+00 +2.2641e+00
52 +4.912158136e+00 +4.912158136e+00 -9.157784186e+01 -9.157784186e+01 -1.0171e+00 +1.5233e+00 +2.6799e+00
78 +3.000549298e+00 +3.000549298e+00 -9.348945070e+01 -9.348945070e+01 -1.5791e+00 +1.5807e+00 +2.4257e+00
80 +1.837775737e+00 +1.837775737e+00 -9.465222426e+01 -9.465222426e+01 -1.8670e+00 +1.8542e+00 +2.9476e+00
109 +1.367119147e+00 +1.367119147e+00 -9.512288085e+01 -9.512288085e+01 -1.9389e+00 +1.6405e+00 +2.9491e+00
121 +9.771448242e-01 +9.771448242e-01 -9.551285518e+01 -9.551285518e+01 -2.3134e+00 +1.7309e+00 +2.8412e+00
124 +6.228823399e-01 +6.228823399e-01 -9.586711766e+01 -9.586711766e+01 -2.3961e+00 +1.6338e+00 +2.9080e+00
151 +3.077501440e-01 +3.077501440e-01 -9.618224986e+01 -9.618224986e+01 -2.6095e+00 +1.7422e+00 +3.0709e+00
163 +9.591052375e-02 +9.591052375e-02 -9.639408948e+01 -9.639408948e+01 -2.7540e+00 +1.6706e+00 +3.1118e+00
213 +2.338380188e-02 +2.338380188e-02 -9.646661620e+01 -9.646661620e+01 -2.8837e+00 +1.6159e+00 +3.1462e+00
301 +4.484369746e-03 +4.484369746e-03 -9.648551563e+01 -9.648551563e+01 -2.9474e+00 +1.6612e+00 +3.1886e+00
357 +1.421708620e-03 +1.421708620e-03 -9.648857829e+01 -9.648857829e+01 -2.9550e+00 +1.6594e+00 +3.1973e+00
435 +9.583005057e-04 +9.583005057e-04 -9.648904170e+01 -9.648904170e+01 -2.9556e+00 +1.6596e+00 +3.2042e+00
437 +5.117829798e-04 +5.117829798e-04 -9.648948822e+01 -9.648948822e+01 -2.9705e+00 +1.6640e+00 +3.2064e+00
449 +1.442720257e-04 +1.442720257e-04 -9.648985573e+01 -9.648985573e+01 -2.9695e+00 +1.6579e+00 +3.2043e+00
535 +9.860222252e-05 +9.860222252e-05 -9.648990140e+01 -9.648990140e+01 -2.9684e+00 +1.6586e+00 +3.2058e+00
551 +2.297372767e-05 +2.297372767e-05 -9.648997703e+01 -9.648997703e+01 -2.9721e+00 +1.6598e+00 +3.2074e+00
580 +2.701384417e-06 +2.701384417e-06 -9.648999730e+01 -9.648999730e+01 -2.9730e+00 +1.6591e+00 +3.2076e+00
725 +1.748689286e-06 +1.748689286e-06 -9.648999825e+01 -9.648999825e+01 -2.9736e+00 +1.6594e+00 +3.2079e+00
737 +1.290998114e-06 +1.290998114e-06 -9.648999871e+01 -9.648999871e+01 -2.9734e+00 +1.6594e+00 +3.2079e+00
769 +9.181753597e-07 +9.181753597e-07 -9.648999908e+01 -9.648999908e+01 -2.9734e+00 +1.6593e+00 +3.2079e+00
788 +4.543491059e-07 +4.543491059e-07 -9.648999955e+01 -9.648999955e+01 -2.9734e+00 +1.6592e+00 +3.2079e+00
796 +1.717269811e-07 +1.717269811e-07 -9.648999983e+01 -9.648999983e+01 -2.9735e+00 +1.6592e+00 +3.2079e+00
834 +1.121456847e-07 +1.121456847e-07 -9.648999989e+01 -9.648999989e+01 -2.9736e+00 +1.6592e+00 +3.2079e+00
837 +5.523513380e-08 +5.523513380e-08 -9.648999994e+01 -9.648999994e+01 -2.9736e+00 +1.6592e+00 +3.2080e+00
864 +1.614453993e-08 +1.614453993e-08 -9.648999998e+01 -9.648999998e+01 -2.9736e+00 +1.6592e+00 +3.2080e+00
878 +6.582354217e-09 +6.582354217e-09 -9.648999999e+01 -9.648999999e+01 -2.9736e+00 +1.6592e+00 +3.2080e+00
939 +4.756927297e-09 +4.756927297e-09 -9.649000000e+01 -9.649000000e+01 -2.9736e+00 +1.6592e+00 +3.2080e+00
942 +2.921282771e-09 +2.921282771e-09 -9.649000000e+01 -9.649000000e+01 -2.9736e+00 +1.6592e+00 +3.2080e+00
966 +1.589853582e-09 +1.589853582e-09 -9.649000000e+01 -9.649000000e+01 -2.9736e+00 +1.6592e+00 +3.2080e+00
987 +5.119318303e-10 +5.119318303e-10 -9.649000000e+01 -9.649000000e+01 -2.9736e+00 +1.6592e+00 +3.2080e+00
1012 +3.109761337e-10 +3.109761337e-10 -9.649000000e+01 -9.649000000e+01 -2.9736e+00 +1.6592e+00 +3.2080e+00
1045 +1.757314294e-10 +1.757314294e-10 -9.649000000e+01 -9.649000000e+01 -2.9736e+00 +1.6592e+00 +3.2080e+00
1047 +5.236699963e-11 +5.236699963e-11 -9.649000000e+01 -9.649000000e+01 -2.9736e+00 +1.6592e+00 +3.2080e+00
1072 +3.728928277e-11 +3.728928277e-11 -9.649000000e+01 -9.649000000e+01 -2.9736e+00 +1.6592e+00 +3.2080e+00
1077 +1.215028078e-11 +1.215028078e-11 -9.649000000e+01 -9.649000000e+01 -2.9736e+00 +1.6592e+00 +3.2080e+00
1122 +9.151790437e-12 +9.151790437e-12 -9.649000000e+01 -9.649000000e+01 -2.9736e+00 +1.6592e+00 +3.2080e+00
1137 +5.726974450e-12 +5.726974450e-12 -9.649000000e+01 -9.649000000e+01 -2.9736e+00 +1.6592e+00 +3.2080e+00
1160 +3.439026841e-12 +3.439026841e-12 -9.649000000e+01 -9.649000000e+01 -2.9736e+00 +1.6592e+00 +3.2080e+00
1162 +2.273736754e-12 +2.273736754e-12 -9.649000000e+01 -9.649000000e+01 -2.9736e+00 +1.6592e+00 +3.2080e+00
1182 +1.023181539e-12 +1.023181539e-12 -9.649000000e+01 -9.649000000e+01 -2.9736e+00 +1.6592e+00 +3.2080e+00
1239 +9.237055565e-13 +9.237055565e-13 -9.649000000e+01 -9.649000000e+01 -2.9736e+00 +1.6592e+00 +3.2080e+00
1263 +5.542233339e-13 +5.542233339e-13 -9.649000000e+01 -9.649000000e+01 -2.9736e+00 +1.6592e+00 +3.2080e+00
1268 +3.979039320e-13 +3.979039320e-13 -9.649000000e+01 -9.649000000e+01 -2.9736e+00 +1.6592e+00 +3.2080e+00
1288 +2.273736754e-13 +2.273736754e-13 -9.649000000e+01 -9.649000000e+01 -2.9736e+00 +1.6592e+00 +3.2080e+00
1289 +5.684341886e-14 +5.684341886e-14 -9.649000000e+01 -9.649000000e+01 -2.9736e+00 +1.6592e+00 +3.2080e+00
1322 +1.421085472e-14 +1.421085472e-14 -9.649000000e+01 -9.649000000e+01 -2.9736e+00 +1.6592e+00 +3.2080e+00
1405 +0.000000000e+00 +0.000000000e+00 -9.649000000e+01 -9.649000000e+01 -2.9736e+00 +1.6592e+00 +3.2080e+00
% function evaluation | noise-free fitness - Fopt (1.000000000000e+03) | best noise-free fitness - Fopt | measured fitness | best measured fitness | x1 | x2...
1 +1.249041099e+01 +1.249041099e+01 +1.012490411e+03 +1.012490411e+03 +3.9705e+00 +1.8853e+00 +9.8248e-01
36 +7.189411344e+00 +7.189411344e+00 +1.007189411e+03 +1.007189411e+03 +3.6368e+00 +1.7546e+00 +2.1514e+00
58 +3.990654212e+00 +3.990654212e+00 +1.003990654e+03 +1.003990654e+03 +3.0497e+00 +2.2036e+00 +1.1120e+00
68 +1.450711229e+00 +1.450711229e+00 +1.001450711e+03 +1.001450711e+03 +2.3482e+00 +2.8826e+00 +1.1187e+00
122 +7.381728499e-01 +7.381728499e-01 +1.000738173e+03 +1.000738173e+03 +2.2392e+00 +2.5260e+00 +1.0792e+00
151 +4.554923590e-01 +4.554923590e-01 +1.000455492e+03 +1.000455492e+03 +2.0385e+00 +2.8568e+00 +1.0799e+00
159 +8.882589406e-02 +8.882589406e-02 +1.000088826e+03 +1.000088826e+03 +1.8379e+00 +2.8924e+00 +8.4477e-01
196 +4.374284245e-02 +4.374284245e-02 +1.000043743e+03 +1.000043743e+03 +1.7731e+00 +3.0151e+00 +8.1044e-01
217 +2.301524866e-02 +2.301524866e-02 +1.000023015e+03 +1.000023015e+03 +1.7508e+00 +2.9776e+00 +7.5899e-01
282 +1.574986494e-02 +1.574986494e-02 +1.000015750e+03 +1.000015750e+03 +1.7398e+00 +3.0046e+00 +7.4901e-01
317 +4.622467045e-03 +4.622467045e-03 +1.000004622e+03 +1.000004622e+03 +1.7019e+00 +3.0295e+00 +7.2376e-01
351 +3.145238584e-03 +3.145238584e-03 +1.000003145e+03 +1.000003145e+03 +1.6983e+00 +3.0375e+00 +7.2326e-01
360 +6.541978493e-04 +6.541978493e-04 +1.000000654e+03 +1.000000654e+03 +1.6787e+00 +3.0629e+00 +7.2774e-01
436 +3.858033112e-04 +3.858033112e-04 +1.000000386e+03 +1.000000386e+03 +1.6804e+00 +3.0552e+00 +7.2181e-01
447 +2.241965449e-04 +2.241965449e-04 +1.000000224e+03 +1.000000224e+03 +1.6761e+00 +3.0580e+00 +7.2004e-01
484 +1.564088691e-04 +1.564088691e-04 +1.000000156e+03 +1.000000156e+03 +1.6773e+00 +3.0595e+00 +7.2232e-01
496 +5.257277837e-05 +5.257277837e-05 +1.000000053e+03 +1.000000053e+03 +1.6743e+00 +3.0623e+00 +7.1972e-01
523 +1.716394343e-05 +1.716394343e-05 +1.000000017e+03 +1.000000017e+03 +1.6733e+00 +3.0622e+00 +7.1911e-01
524 +1.547934721e-05 +1.547934721e-05 +1.000000015e+03 +1.000000015e+03 +1.6733e+00 +3.0623e+00 +7.2007e-01
579 +6.653184414e-06 +6.653184414e-06 +1.000000007e+03 +1.000000007e+03 +1.6724e+00 +3.0631e+00 +7.1941e-01
599 +9.019177014e-07 +9.019177014e-07 +1.000000001e+03 +1.000000001e+03 +1.6723e+00 +3.0630e+00 +7.1940e-01
703 +3.439234888e-07 +3.439234888e-07 +1.000000000e+03 +1.000000000e+03 +1.6722e+00 +3.0631e+00 +7.1933e-01
752 +1.970053063e-07 +1.970053063e-07 +1.000000000e+03 +1.000000000e+03 +1.6721e+00 +3.0631e+00 +7.1926e-01
765 +1.331412705e-07 +1.331412705e-07 +1.000000000e+03 +1.000000000e+03 +1.6721e+00 +3.0631e+00 +7.1926e-01
779 +6.810603281e-08 +6.810603281e-08 +1.000000000e+03 +1.000000000e+03 +1.6721e+00 +3.0632e+00 +7.1925e-01
792 +3.007778560e-08 +3.007778560e-08 +1.000000000e+03 +1.000000000e+03 +1.6720e+00 +3.0632e+00 +7.1923e-01
844 +1.970306585e-08 +1.970306585e-08 +1.000000000e+03 +1.000000000e+03 +1.6720e+00 +3.0632e+00 +7.1921e-01
856 +1.402156613e-08 +1.402156613e-08 +1.000000000e+03 +1.000000000e+03 +1.6720e+00 +3.0632e+00 +7.1920e-01
868 +9.359837350e-09 +9.359837350e-09 +1.000000000e+03 +1.000000000e+03 +1.6720e+00 +3.0632e+00 +7.1921e-01
876 +3.052832653e-09 +3.052832653e-09 +1.000000000e+03 +1.000000000e+03 +1.6720e+00 +3.0632e+00 +7.1920e-01
901 +1.542957762e-09 +1.542957762e-09 +1.000000000e+03 +1.000000000e+03 +1.6720e+00 +3.0632e+00 +7.1920e-01
918 +8.205915947e-10 +8.205915947e-10 +1.000000000e+03 +1.000000000e+03 +1.6720e+00 +3.0632e+00 +7.1920e-01
961 +3.195737008e-10 +3.195737008e-10 +1.000000000e+03 +1.000000000e+03 +1.6720e+00 +3.0632e+00 +7.1920e-01
970 +1.735998012e-10 +1.735998012e-10 +1.000000000e+03 +1.000000000e+03 +1.6720e+00 +3.0632e+00 +7.1920e-01
975 +1.284661266e-10 +1.284661266e-10 +1.000000000e+03 +1.000000000e+03 +1.6720e+00 +3.0632e+00 +7.1920e-01
1009 +9.731593309e-11 +9.731593309e-11 +1.000000000e+03 +1.000000000e+03 +1.6720e+00 +3.0632e+00 +7.1920e-01
1021 +4.524736141e-11 +4.524736141e-11 +1.000000000e+03 +1.000000000e+03 +1.6720e+00 +3.0632e+00 +7.1920e-01
1032 +3.751665645e-11 +3.751665645e-11 +1.000000000e+03 +1.000000000e+03 +1.6720e+00 +3.0632e+00 +7.1920e-01
1041 +2.455635695e-11 +2.455635695e-11 +1.000000000e+03 +1.000000000e+03 +1.6720e+00 +3.0632e+00 +7.1920e-01
1085 +7.958078641e-12 +7.958078641e-12 +1.000000000e+03 +1.000000000e+03 +1.6720e+00 +3.0632e+00 +7.1920e-01
1144 +5.115907697e-12 +5.115907697e-12 +1.000000000e+03 +1.000000000e+03 +1.6720e+00 +3.0632e+00 +7.1920e-01
1175 +3.979039320e-12 +3.979039320e-12 +1.000000000e+03 +1.000000000e+03 +1.6720e+00 +3.0632e+00 +7.1920e-01
1187 +2.160049917e-12 +2.160049917e-12 +1.000000000e+03 +1.000000000e+03 +1.6720e+00 +3.0632e+00 +7.1920e-01
1203 +1.477928890e-12 +1.477928890e-12 +1.000000000e+03 +1.000000000e+03 +1.6720e+00 +3.0632e+00 +7.1920e-01
1209 +1.136868377e-13 +1.136868377e-13 +1.000000000e+03 +1.000000000e+03 +1.6720e+00 +3.0632e+00 +7.1920e-01
3701 +0.000000000e+00 +0.000000000e+00 +1.000000000e+03 +1.000000000e+03 +1.6720e+00 +3.0632e+00 +7.1920e-01
% function evaluation | noise-free fitness - Fopt (-1.547600000000e+02) | best noise-free fitness - Fopt | measured fitness | best measured fitness | x1 | x2...
1 +5.740650815e+03 +5.740650815e+03 +5.585890815e+03 +5.585890815e+03 +8.4447e-01 +1.5164e+00 +1.0978e+00
4 +1.940748488e+03 +1.940748488e+03 +1.785988488e+03 +1.785988488e+03 +1.7335e+00 +2.6549e+00 +4.0230e+00
10 +1.365015906e+01 +1.365015906e+01 -1.411098409e+02 -1.411098409e+02 +3.9563e+00 +5.4184e+00 +2.9327e+00
20 +3.780819953e+00 +3.780819953e+00 -1.509791800e+02 -1.509791800e+02 +2.1905e+00 +3.4553e+00 +1.4942e+00
89 +1.535373105e+00 +1.535373105e+00 -1.532246269e+02 -1.532246269e+02 +1.9859e+00 +2.9655e+00 +9.4963e-01
137 +7.321365145e-01 +7.321365145e-01 -1.540278635e+02 -1.540278635e+02 +1.8157e+00 +2.9146e+00 +6.5501e-01
152 +6.294206821e-01 +6.294206821e-01 -1.541305793e+02 -1.541305793e+02 +1.9499e+00 +3.2063e+00 +6.0288e-01
162 +3.000506473e-01 +3.000506473e-01 -1.544599494e+02 -1.544599494e+02 +1.7249e+00 +2.8281e+00 +2.9760e-01
199 +1.708275144e-01 +1.708275144e-01 -1.545891725e+02 -1.545891725e+02 +1.5780e+00 +2.9451e+00 +3.8210e-01
237 +7.324683709e-02 +7.324683709e-02 -1.546867532e+02 -1.546867532e+02 +1.5585e+00 +2.8930e+00 +2.7698e-01
293 +6.046009840e-02 +6.046009840e-02 -1.546995399e+02 -1.546995399e+02 +1.5964e+00 +2.9884e+00 +2.9941e-01
314 +2.357515219e-02 +2.357515219e-02 -1.547364248e+02 -1.547364248e+02 +1.5470e+00 +2.9712e+00 +2.4698e-01
340 +1.193570976e-02 +1.193570976e-02 -1.547480643e+02 -1.547480643e+02 +1.5250e+00 +2.9217e+00 +2.0414e-01
350 +7.927416556e-03 +7.927416556e-03 -1.547520726e+02 -1.547520726e+02 +1.5118e+00 +2.9631e+00 +2.0253e-01
372 +5.113253658e-03 +5.113253658e-03 -1.547548867e+02 -1.547548867e+02 +1.5104e+00 +2.9257e+00 +1.8928e-01
379 +2.984600139e-03 +2.984600139e-03 -1.547570154e+02 -1.547570154e+02 +1.5031e+00 +2.9371e+00 +1.8773e-01
409 +1.407800714e-03 +1.407800714e-03 -1.547585922e+02 -1.547585922e+02 +1.4926e+00 +2.9311e+00 +1.8015e-01
417 +2.804510963e-04 +2.804510963e-04 -1.547597195e+02 -1.547597195e+02 +1.4824e+00 +2.9250e+00 +1.7009e-01
492 +2.469481842e-04 +2.469481842e-04 -1.547597531e+02 -1.547597531e+02 +1.4833e+00 +2.9252e+00 +1.6842e-01
495 +1.333077278e-04 +1.333077278e-04 -1.547598667e+02 -1.547598667e+02 +1.4815e+00 +2.9275e+00 +1.6755e-01
496 +9.005641735e-05 +9.005641735e-05 -1.547599099e+02 -1.547599099e+02 +1.4807e+00 +2.9242e+00 +1.6641e-01
545 +4.767271162e-05 +4.767271162e-05 -1.547599523e+02 -1.547599523e+02 +1.4788e+00 +2.9249e+00 +1.6561e-01
561 +3.575088161e-05 +3.575088161e-05 -1.547599642e+02 -1.547599642e+02 +1.4796e+00 +2.9250e+00 +1.6547e-01
577 +1.661387944e-05 +1.661387944e-05 -1.547599834e+02 -1.547599834e+02 +1.4784e+00 +2.9247e+00 +1.6468e-01
586 +1.576531901e-05 +1.576531901e-05 -1.547599842e+02 -1.547599842e+02 +1.4782e+00 +2.9241e+00 +1.6446e-01
611 +3.335606038e-06 +3.335606038e-06 -1.547599967e+02 -1.547599967e+02 +1.4779e+00 +2.9243e+00 +1.6379e-01
623 +1.458760067e-06 +1.458760067e-06 -1.547599985e+02 -1.547599985e+02 +1.4779e+00 +2.9241e+00 +1.6352e-01
680 +8.365128963e-07 +8.365128963e-07 -1.547599992e+02 -1.547599992e+02 +1.4778e+00 +2.9240e+00 +1.6344e-01
709 +5.665798710e-07 +5.665798710e-07 -1.547599994e+02 -1.547599994e+02 +1.4777e+00 +2.9240e+00 +1.6338e-01
727 +3.199265564e-07 +3.199265564e-07 -1.547599997e+02 -1.547599997e+02 +1.4777e+00 +2.9240e+00 +1.6332e-01
744 +1.722028742e-07 +1.722028742e-07 -1.547599998e+02 -1.547599998e+02 +1.4777e+00 +2.9240e+00 +1.6329e-01
770 +7.641475008e-08 +7.641475008e-08 -1.547599999e+02 -1.547599999e+02 +1.4777e+00 +2.9240e+00 +1.6326e-01
779 +5.154822702e-08 +5.154822702e-08 -1.547599999e+02 -1.547599999e+02 +1.4776e+00 +2.9240e+00 +1.6325e-01
819 +3.323532383e-08 +3.323532383e-08 -1.547600000e+02 -1.547600000e+02 +1.4776e+00 +2.9240e+00 +1.6325e-01
842 +1.207456535e-08 +1.207456535e-08 -1.547600000e+02 -1.547600000e+02 +1.4776e+00 +2.9240e+00 +1.6322e-01
902 +9.198089401e-09 +9.198089401e-09 -1.547600000e+02 -1.547600000e+02 +1.4776e+00 +2.9240e+00 +1.6322e-01
918 +4.493017514e-09 +4.493017514e-09 -1.547600000e+02 -1.547600000e+02 +1.4776e+00 +2.9240e+00 +1.6321e-01
936 +3.259259529e-09 +3.259259529e-09 -1.547600000e+02 -1.547600000e+02 +1.4776e+00 +2.9240e+00 +1.6321e-01
953 +2.029850066e-09 +2.029850066e-09 -1.547600000e+02 -1.547600000e+02 +1.4776e+00 +2.9240e+00 +1.6321e-01
955 +1.392464810e-09 +1.392464810e-09 -1.547600000e+02 -1.547600000e+02 +1.4776e+00 +2.9240e+00 +1.6321e-01
997 +9.519283140e-10 +9.519283140e-10 -1.547600000e+02 -1.547600000e+02 +1.4776e+00 +2.9240e+00 +1.6321e-01
1028 +3.400373316e-10 +3.400373316e-10 -1.547600000e+02 -1.547600000e+02 +1.4776e+00 +2.9240e+00 +1.6320e-01
1032 +1.281250661e-10 +1.281250661e-10 -1.547600000e+02 -1.547600000e+02 +1.4776e+00 +2.9240e+00 +1.6320e-01
1083 +4.911271390e-11 +4.911271390e-11 -1.547600000e+02 -1.547600000e+02 +1.4776e+00 +2.9240e+00 +1.6320e-01
1111 +3.791456038e-11 +3.791456038e-11 -1.547600000e+02 -1.547600000e+02 +1.4776e+00 +2.9240e+00 +1.6320e-01
1164 +2.353317541e-11 +2.353317541e-11 -1.547600000e+02 -1.547600000e+02 +1.4776e+00 +2.9240e+00 +1.6320e-01
1191 +1.068656275e-11 +1.068656275e-11 -1.547600000e+02 -1.547600000e+02 +1.4776e+00 +2.9240e+00 +1.6320e-01
1207 +6.451728041e-12 +6.451728041e-12 -1.547600000e+02 -1.547600000e+02 +1.4776e+00 +2.9240e+00 +1.6320e-01
1215 +5.712763596e-12 +5.712763596e-12 -1.547600000e+02 -1.547600000e+02 +1.4776e+00 +2.9240e+00 +1.6320e-01
1271 +9.663381206e-13 +9.663381206e-13 -1.547600000e+02 -1.547600000e+02 +1.4776e+00 +2.9240e+00 +1.6320e-01
1328 +4.263256415e-13 +4.263256415e-13 -1.547600000e+02 -1.547600000e+02 +1.4776e+00 +2.9240e+00 +1.6320e-01
1332 +3.979039320e-13 +3.979039320e-13 -1.547600000e+02 -1.547600000e+02 +1.4776e+00 +2.9240e+00 +1.6320e-01
1333 +1.705302566e-13 +1.705302566e-13 -1.547600000e+02 -1.547600000e+02 +1.4776e+00 +2.9240e+00 +1.6320e-01
1375 +1.421085472e-13 +1.421085472e-13 -1.547600000e+02 -1.547600000e+02 +1.4776e+00 +2.9240e+00 +1.6320e-01
1398 +8.526512829e-14 +8.526512829e-14 -1.547600000e+02 -1.547600000e+02 +1.4776e+00 +2.9240e+00 +1.6320e-01
1408 +5.684341886e-14 +5.684341886e-14 -1.547600000e+02 -1.547600000e+02 +1.4776e+00 +2.9240e+00 +1.6320e-01
1436 +2.842170943e-14 +2.842170943e-14 -1.547600000e+02 -1.547600000e+02 +1.4776e+00 +2.9240e+00 +1.6320e-01
1466 +0.000000000e+00 +0.000000000e+00 -1.547600000e+02 -1.547600000e+02 +1.4776e+00 +2.9240e+00 +1.6320e-01
% function evaluation | noise-free fitness - Fopt (3.914000000000e+01) | best noise-free fitness - Fopt | measured fitness | best measured fitness | x1 | x2...
1 +1.871541313e+05 +1.871541313e+05 +1.871932713e+05 +1.871932713e+05 +3.5444e+00 +1.7150e+00 +1.8081e+00
4 +1.094567393e+05 +1.094567393e+05 +1.094958793e+05 +1.094958793e+05 +4.4334e+00 +2.8535e+00 +4.7333e+00
8 +2.858247600e+04 +2.858247600e+04 +2.862161600e+04 +2.862161600e+04 +3.6710e+00 -5.9020e-01 +2.1777e+00
9 +2.361728081e+03 +2.361728081e+03 +2.400868081e+03 +2.400868081e+03 +3.4882e+00 +1.8389e-01 +4.1285e+00
13 +1.526158269e+03 +1.526158269e+03 +1.565298269e+03 +1.565298269e+03 +3.3630e+00 -4.7009e-01 +3.4284e+00
15 +1.131703168e+02 +1.131703168e+02 +1.523103168e+02 +1.523103168e+02 +1.7519e+00 -8.9962e-01 +6.5548e+00
18 +5.486024199e+01 +5.486024199e+01 +9.400024199e+01 +9.400024199e+01 +3.6844e+00 -3.1277e+00 +3.6626e+00
29 +3.342059559e+01 +3.342059559e+01 +7.256059559e+01 +7.256059559e+01 +1.5546e+00 -3.6247e+00 +2.4165e+00
45 +1.453060832e+01 +1.453060832e+01 +5.367060832e+01 +5.367060832e+01 +1.1235e+00 -2.9999e+00 +1.4786e+00
140 +5.126812228e+00 +5.126812228e+00 +4.426681223e+01 +4.426681223e+01 +6.0843e-01 -3.2337e+00 +8.2908e-02
186 +1.756062462e+00 +1.756062462e+00 +4.089606246e+01 +4.089606246e+01 -8.4634e-01 -2.9166e+00 -9.1230e-02
205 +1.146087006e+00 +1.146087006e+00 +4.028608701e+01 +4.028608701e+01 -1.2655e+00 -2.5719e+00 -7.3511e-02
208 +7.735616925e-01 +7.735616925e-01 +3.991356169e+01 +3.991356169e+01 -6.9147e-01 -2.6224e+00 -3.1361e-01
306 +5.137091142e-01 +5.137091142e-01 +3.965370911e+01 +3.965370911e+01 -1.2753e+00 -2.7081e+00 -3.1808e-01
316 +2.753508062e-01 +2.753508062e-01 +3.941535081e+01 +3.941535081e+01 -1.2264e+00 -2.7205e+00 -4.2718e-01
336 +2.110319878e-01 +2.110319878e-01 +3.935103199e+01 +3.935103199e+01 -1.3794e+00 -2.6850e+00 -4.6153e-01
337 +9.433019179e-02 +9.433019179e-02 +3.923433019e+01 +3.923433019e+01 -1.2939e+00 -2.6033e+00 -4.6690e-01
369 +1.887792989e-02 +1.887792989e-02 +3.915887793e+01 +3.915887793e+01 -1.3720e+00 -2.6338e+00 -5.6547e-01
437 +8.825862040e-03 +8.825862040e-03 +3.914882586e+01 +3.914882586e+01 -1.3892e+00 -2.5983e+00 -5.7538e-01
458 +1.127311358e-03 +1.127311358e-03 +3.914112731e+01 +3.914112731e+01 -1.3817e+00 -2.6173e+00 -5.9824e-01
516 +4.913423140e-04 +4.913423140e-04 +3.914049134e+01 +3.914049134e+01 -1.3763e+00 -2.6177e+00 -6.0488e-01
551 +2.942712837e-04 +2.942712837e-04 +3.914029427e+01 +3.914029427e+01 -1.3829e+00 -2.6191e+00 -6.0450e-01
558 +1.613647746e-04 +1.613647746e-04 +3.914016136e+01 +3.914016136e+01 -1.3817e+00 -2.6209e+00 -6.0687e-01
568 +1.225067532e-04 +1.225067532e-04 +3.914012251e+01 +3.914012251e+01 -1.3813e+00 -2.6194e+00 -6.0699e-01
572 +8.990402807e-05 +8.990402807e-05 +3.914008990e+01 +3.914008990e+01 -1.3809e+00 -2.6211e+00 -6.0812e-01
594 +2.601166082e-05 +2.601166082e-05 +3.914002601e+01 +3.914002601e+01 -1.3819e+00 -2.6201e+00 -6.0910e-01
648 +2.130326979e-05 +2.130326979e-05 +3.914002130e+01 +3.914002130e+01 -1.3832e+00 -2.6204e+00 -6.0947e-01
659 +1.300694910e-05 +1.300694910e-05 +3.914001301e+01 +3.914001301e+01 -1.3815e+00 -2.6202e+00 -6.0995e-01
686 +5.619097976e-06 +5.619097976e-06 +3.914000562e+01 +3.914000562e+01 -1.3828e+00 -2.6202e+00 -6.0992e-01
692 +3.374505560e-06 +3.374505560e-06 +3.914000337e+01 +3.914000337e+01 -1.3826e+00 -2.6202e+00 -6.1008e-01
724 +1.783781947e-06 +1.783781947e-06 +3.914000178e+01 +3.914000178e+01 -1.3827e+00 -2.6200e+00 -6.1013e-01
786 +1.273775482e-06 +1.273775482e-06 +3.914000127e+01 +3.914000127e+01 -1.3831e+00 -2.6200e+00 -6.1013e-01
797 +7.545086760e-07 +7.545086760e-07 +3.914000075e+01 +3.914000075e+01 -1.3832e+00 -2.6200e+00 -6.1023e-01
813 +5.372893810e-07 +5.372893810e-07 +3.914000054e+01 +3.914000054e+01 -1.3831e+00 -2.6200e+00 -6.1025e-01
814 +2.454552259e-07 +2.454552259e-07 +3.914000025e+01 +3.914000025e+01 -1.3832e+00 -2.6200e+00 -6.1029e-01
857 +1.142511294e-07 +1.142511294e-07 +3.914000011e+01 +3.914000011e+01 -1.3831e+00 -2.6200e+00 -6.1033e-01
882 +5.086701549e-08 +5.086701549e-08 +3.914000005e+01 +3.914000005e+01 -1.3832e+00 -2.6200e+00 -6.1036e-01
919 +1.452999498e-08 +1.452999498e-08 +3.914000001e+01 +3.914000001e+01 -1.3832e+00 -2.6200e+00 -6.1038e-01
956 +6.019732268e-09 +6.019732268e-09 +3.914000001e+01 +3.914000001e+01 -1.3832e+00 -2.6200e+00 -6.1039e-01
962 +1.561843987e-09 +1.561843987e-09 +3.914000000e+01 +3.914000000e+01 -1.3832e+00 -2.6200e+00 -6.1039e-01
997 +8.777689686e-10 +8.777689686e-10 +3.914000000e+01 +3.914000000e+01 -1.3832e+00 -2.6200e+00 -6.1040e-01
998 +6.095461913e-10 +6.095461913e-10 +3.914000000e+01 +3.914000000e+01 -1.3832e+00 -2.6200e+00 -6.1040e-01
1032 +1.539390837e-10 +1.539390837e-10 +3.914000000e+01 +3.914000000e+01 -1.3832e+00 -2.6200e+00 -6.1040e-01
1050 +4.231281991e-11 +4.231281991e-11 +3.914000000e+01 +3.914000000e+01 -1.3832e+00 -2.6200e+00 -6.1040e-01
1074 +3.232258905e-11 +3.232258905e-11 +3.914000000e+01 +3.914000000e+01 -1.3832e+00 -2.6200e+00 -6.1040e-01
1111 +1.969624464e-11 +1.969624464e-11 +3.914000000e+01 +3.914000000e+01 -1.3832e+00 -2.6200e+00 -6.1040e-01
1162 +1.529798510e-11 +1.529798510e-11 +3.914000000e+01 +3.914000000e+01 -1.3832e+00 -2.6200e+00 -6.1040e-01
1182 +6.643574579e-12 +6.643574579e-12 +3.914000000e+01 +3.914000000e+01 -1.3832e+00 -2.6200e+00 -6.1040e-01
1192 +4.860112313e-12 +4.860112313e-12 +3.914000000e+01 +3.914000000e+01 -1.3832e+00 -2.6200e+00 -6.1040e-01
1207 +3.858247055e-12 +3.858247055e-12 +3.914000000e+01 +3.914000000e+01 -1.3832e+00 -2.6200e+00 -6.1040e-01
1220 +1.278976924e-13 +1.278976924e-13 +3.914000000e+01 +3.914000000e+01 -1.3832e+00 -2.6200e+00 -6.1040e-01
1350 +5.684341886e-14 +5.684341886e-14 +3.914000000e+01 +3.914000000e+01 -1.3832e+00 -2.6200e+00 -6.1040e-01
1381 +2.842170943e-14 +2.842170943e-14 +3.914000000e+01 +3.914000000e+01 -1.3832e+00 -2.6200e+00 -6.1040e-01
1391 +1.421085472e-14 +1.421085472e-14 +3.914000000e+01 +3.914000000e+01 -1.3832e+00 -2.6200e+00 -6.1040e-01
1397 +7.105427358e-15 +7.105427358e-15 +3.914000000e+01 +3.914000000e+01 -1.3832e+00 -2.6200e+00 -6.1040e-01
3512 +0.000000000e+00 +0.000000000e+00 +3.914000000e+01 +3.914000000e+01 -1.3832e+00 -2.6200e+00 -6.1040e-01
% function evaluation | noise-free fitness - Fopt (-1.186000000000e+01) | best noise-free fitness - Fopt | measured fitness | best measured fitness | x1 | x2...
1 +3.007729148e+05 +3.007729148e+05 +3.007610548e+05 +3.007610548e+05 -1.9097e+00 -2.7418e+00 -3.2749e-01
2 +7.532922219e+04 +7.532922219e+04 +7.531736219e+04 +7.531736219e+04 -3.2111e+00 -3.1743e+00 -2.5051e+00
7 +1.479148039e+04 +1.479148039e+04 +1.477962039e+04 +1.477962039e+04 -3.5022e-01 -8.3798e-01 -3.0844e+00
11 +6.799472974e+03 +6.799472974e+03 +6.787612974e+03 +6.787612974e+03 -2.6259e+00 -3.2209e+00 -4.0801e+00
17 +4.286920113e+01 +4.286920113e+01 +3.100920113e+01 +3.100920113e+01 +4.3886e-01 -2.2702e+00 -5.4958e+00
20 +2.935857285e+01 +2.935857285e+01 +1.749857285e+01 +1.749857285e+01 +1.0263e+00 -8.7358e-01 -5.1404e+00
28 +1.351171950e+01 +1.351171950e+01 +1.651719495e+00 +1.651719495e+00 +2.5460e+00 +1.0924e+00 -4.5144e+00
59 +7.798820207e+00 +7.798820207e+00 -4.061179793e+00 -4.061179793e+00 +1.3064e+00 +2.6297e-01 -3.6255e+00
98 +4.578275701e+00 +4.578275701e+00 -7.281724299e+00 -7.281724299e+00 +2.2235e+00 +1.6946e+00 -3.6214e+00
140 +2.816971645e+00 +2.816971645e+00 -9.043028355e+00 -9.043028355e+00 +2.4003e+00 +1.4629e+00 -3.4157e+00
169 +1.794076766e+00 +1.794076766e+00 -1.006592323e+01 -1.006592323e+01 +2.5057e+00 +1.6627e+00 -3.2612e+00
176 +4.940874601e-01 +4.940874601e-01 -1.136591254e+01 -1.136591254e+01 +2.5736e+00 +2.1517e+00 -3.0046e+00
237 +3.543028863e-01 +3.543028863e-01 -1.150569711e+01 -1.150569711e+01 +2.6017e+00 +2.2730e+00 -2.9586e+00
254 +2.509385862e-01 +2.509385862e-01 -1.160906141e+01 -1.160906141e+01 +2.6893e+00 +2.3625e+00 -2.9541e+00
257 +4.299255142e-02 +4.299255142e-02 -1.181700745e+01 -1.181700745e+01 +2.8135e+00 +2.5764e+00 -2.8604e+00
279 +2.301772343e-02 +2.301772343e-02 -1.183698228e+01 -1.183698228e+01 +2.8605e+00 +2.5738e+00 -2.8570e+00
320 +1.060929003e-02 +1.060929003e-02 -1.184939071e+01 -1.184939071e+01 +2.8497e+00 +2.5998e+00 -2.8328e+00
338 +2.820714639e-03 +2.820714639e-03 -1.185717929e+01 -1.185717929e+01 +2.8754e+00 +2.6013e+00 -2.8263e+00
363 +1.647835480e-03 +1.647835480e-03 -1.185835216e+01 -1.185835216e+01 +2.8847e+00 +2.6071e+00 -2.8231e+00
408 +3.119109575e-04 +3.119109575e-04 -1.185968809e+01 -1.185968809e+01 +2.8790e+00 +2.6141e+00 -2.8150e+00
459 +1.360394403e-04 +1.360394403e-04 -1.185986396e+01 -1.185986396e+01 +2.8845e+00 +2.6167e+00 -2.8146e+00
499 +9.198797815e-05 +9.198797815e-05 -1.185990801e+01 -1.185990801e+01 +2.8823e+00 +2.6150e+00 -2.8137e+00
504 +4.769933001e-05 +4.769933001e-05 -1.185995230e+01 -1.185995230e+01 +2.8842e+00 +2.6175e+00 -2.8134e+00
517 +2.868156355e-05 +2.868156355e-05 -1.185997132e+01 -1.185997132e+01 +2.8838e+00 +2.6171e+00 -2.8129e+00
527 +5.562848544e-06 +5.562848544e-06 -1.185999444e+01 -1.185999444e+01 +2.8844e+00 +2.6175e+00 -2.8123e+00
650 +3.317515304e-06 +3.317515304e-06 -1.185999668e+01 -1.185999668e+01 +2.8845e+00 +2.6182e+00 -2.8123e+00
664 +1.747827088e-06 +1.747827088e-06 -1.185999825e+01 -1.185999825e+01 +2.8847e+00 +2.6180e+00 -2.8122e+00
669 +9.667431407e-07 +9.667431407e-07 -1.185999903e+01 -1.185999903e+01 +2.8848e+00 +2.6185e+00 -2.8121e+00
702 +4.669127627e-07 +4.669127627e-07 -1.185999953e+01 -1.185999953e+01 +2.8846e+00 +2.6183e+00 -2.8120e+00
751 +3.364793386e-07 +3.364793386e-07 -1.185999966e+01 -1.185999966e+01 +2.8847e+00 +2.6184e+00 -2.8121e+00
754 +1.556373199e-07 +1.556373199e-07 -1.185999984e+01 -1.185999984e+01 +2.8847e+00 +2.6183e+00 -2.8121e+00
794 +6.120264295e-08 +6.120264295e-08 -1.185999994e+01 -1.185999994e+01 +2.8848e+00 +2.6184e+00 -2.8120e+00
826 +2.299342938e-08 +2.299342938e-08 -1.185999998e+01 -1.185999998e+01 +2.8848e+00 +2.6184e+00 -2.8120e+00
855 +1.299142838e-08 +1.299142838e-08 -1.185999999e+01 -1.185999999e+01 +2.8848e+00 +2.6184e+00 -2.8120e+00
877 +8.961311693e-09 +8.961311693e-09 -1.185999999e+01 -1.185999999e+01 +2.8848e+00 +2.6184e+00 -2.8120e+00
909 +5.892793808e-09 +5.892793808e-09 -1.185999999e+01 -1.185999999e+01 +2.8848e+00 +2.6184e+00 -2.8120e+00
913 +2.950081068e-09 +2.950081068e-09 -1.186000000e+01 -1.186000000e+01 +2.8848e+00 +2.6184e+00 -2.8120e+00
963 +2.439277225e-09 +2.439277225e-09 -1.186000000e+01 -1.186000000e+01 +2.8848e+00 +2.6184e+00 -2.8120e+00
978 +1.360762170e-09 +1.360762170e-09 -1.186000000e+01 -1.186000000e+01 +2.8848e+00 +2.6184e+00 -2.8120e+00
982 +7.213927233e-10 +7.213927233e-10 -1.186000000e+01 -1.186000000e+01 +2.8848e+00 +2.6184e+00 -2.8120e+00
1007 +3.453894948e-10 +3.453894948e-10 -1.186000000e+01 -1.186000000e+01 +2.8848e+00 +2.6184e+00 -2.8120e+00
1014 +2.007407574e-10 +2.007407574e-10 -1.186000000e+01 -1.186000000e+01 +2.8848e+00 +2.6184e+00 -2.8120e+00
1073 +1.330828781e-10 +1.330828781e-10 -1.186000000e+01 -1.186000000e+01 +2.8848e+00 +2.6184e+00 -2.8120e+00
1082 +6.426503774e-11 +6.426503774e-11 -1.186000000e+01 -1.186000000e+01 +2.8848e+00 +2.6184e+00 -2.8120e+00
1085 +6.296829724e-11 +6.296829724e-11 -1.186000000e+01 -1.186000000e+01 +2.8848e+00 +2.6184e+00 -2.8120e+00
1117 +1.663380544e-11 +1.663380544e-11 -1.186000000e+01 -1.186000000e+01 +2.8848e+00 +2.6184e+00 -2.8120e+00
1156 +1.011990491e-11 +1.011990491e-11 -1.186000000e+01 -1.186000000e+01 +2.8848e+00 +2.6184e+00 -2.8120e+00
1161 +6.409095477e-12 +6.409095477e-12 -1.186000000e+01 -1.186000000e+01 +2.8848e+00 +2.6184e+00 -2.8120e+00
1193 +3.486988476e-12 +3.486988476e-12 -1.186000000e+01 -1.186000000e+01 +2.8848e+00 +2.6184e+00 -2.8120e+00
1202 +2.046363079e-12 +2.046363079e-12 -1.186000000e+01 -1.186000000e+01 +2.8848e+00 +2.6184e+00 -2.8120e+00
1251 +1.223909862e-12 +1.223909862e-12 -1.186000000e+01 -1.186000000e+01 +2.8848e+00 +2.6184e+00 -2.8120e+00
1256 +5.471179065e-13 +5.471179065e-13 -1.186000000e+01 -1.186000000e+01 +2.8848e+00 +2.6184e+00 -2.8120e+00
1365 +3.215205879e-13 +3.215205879e-13 -1.186000000e+01 -1.186000000e+01 +2.8848e+00 +2.6184e+00 -2.8120e+00
1371 +2.255973186e-13 +2.255973186e-13 -1.186000000e+01 -1.186000000e+01 +2.8848e+00 +2.6184e+00 -2.8120e+00
1385 +4.973799150e-14 +4.973799150e-14 -1.186000000e+01 -1.186000000e+01 +2.8848e+00 +2.6184e+00 -2.8120e+00
1409 +2.486899575e-14 +2.486899575e-14 -1.186000000e+01 -1.186000000e+01 +2.8848e+00 +2.6184e+00 -2.8120e+00
1494 +1.243449788e-14 +1.243449788e-14 -1.186000000e+01 -1.186000000e+01 +2.8848e+00 +2.6184e+00 -2.8120e+00
% function evaluation | noise-free fitness - Fopt (7.068000000000e+01) | best noise-free fitness - Fopt | measured fitness | best measured fitness | x1 | x2...
1 +1.519360690e+05 +1.519360690e+05 +1.520067490e+05 +1.520067490e+05 -3.5519e+00 +1.2380e+00 +3.2023e+00
5 +4.084950147e+04 +4.084950147e+04 +4.092018147e+04 +4.092018147e+04 -1.1937e+00 +2.4735e+00 +1.2342e+00
7 +1.827408545e+04 +1.827408545e+04 +1.834476545e+04 +1.834476545e+04 -1.9924e+00 +3.1419e+00 +4.4542e-01
17 +1.051577923e+04 +1.051577923e+04 +1.058645923e+04 +1.058645923e+04 -2.1553e+00 +3.7363e+00 +7.2862e-01
23 +5.530522601e+01 +5.530522601e+01 +1.259852260e+02 +1.259852260e+02 +4.8025e-01 +4.9642e+00 +1.2781e+00
39 +2.758278411e+01 +2.758278411e+01 +9.826278411e+01 +9.826278411e+01 +3.7146e-01 +6.1770e+00 -6.4144e-01
44 +1.472553009e+01 +1.472553009e+01 +8.540553009e+01 +8.540553009e+01 -4.4275e-01 +5.1160e+00 -1.0739e+00
87 +9.912688227e+00 +9.912688227e+00 +8.059268823e+01 +8.059268823e+01 -1.5909e+00 +5.2642e+00 -2.6158e+00
134 +6.276861499e+00 +6.276861499e+00 +7.695686150e+01 +7.695686150e+01 -9.5320e-01 +4.8398e+00 -2.5574e+00
156 +2.839666799e+00 +2.839666799e+00 +7.351966680e+01 +7.351966680e+01 -9.5070e-01 +4.2872e+00 -2.3825e+00
186 +2.423545407e+00 +2.423545407e+00 +7.310354541e+01 +7.310354541e+01 -1.3357e+00 +3.9741e+00 -2.4480e+00
259 +1.553780212e+00 +1.553780212e+00 +7.223378021e+01 +7.223378021e+01 -1.1681e+00 +3.6697e+00 -2.2383e+00
310 +9.989389906e-01 +9.989389906e-01 +7.167893899e+01 +7.167893899e+01 -9.7388e-01 +3.5318e+00 -2.1992e+00
337 +6.045444967e-01 +6.045444967e-01 +7.128454450e+01 +7.128454450e+01 -8.0642e-01 +3.3643e+00 -2.1444e+00
344 +3.445708747e-01 +3.445708747e-01 +7.102457087e+01 +7.102457087e+01 -6.4942e-01 +3.4275e+00 -2.1340e+00
357 +7.959701466e-02 +7.959701466e-02 +7.075959701e+01 +7.075959701e+01 -4.1555e-01 +3.2713e+00 -2.0376e+00
453 +3.809330566e-02 +3.809330566e-02 +7.071809331e+01 +7.071809331e+01 -2.4663e-01 +3.2722e+00 -1.9866e+00
459 +7.687191129e-03 +7.687191129e-03 +7.068768719e+01 +7.068768719e+01 -3.1353e-01 +3.2414e+00 -2.0362e+00
489 +2.051198107e-03 +2.051198107e-03 +7.068205120e+01 +7.068205120e+01 -3.0692e-01 +3.2360e+00 -2.0464e+00
539 +1.454162962e-03 +1.454162962e-03 +7.068145416e+01 +7.068145416e+01 -2.9339e-01 +3.2348e+00 -2.0398e+00
543 +9.064191284e-04 +9.064191284e-04 +7.068090642e+01 +7.068090642e+01 -2.9135e-01 +3.2316e+00 -2.0402e+00
570 +6.024361546e-04 +6.024361546e-04 +7.068060244e+01 +7.068060244e+01 -2.9308e-01 +3.2259e+00 -2.0385e+00
591 +1.671666554e-04 +1.671666554e-04 +7.068016717e+01 +7.068016717e+01 -2.9359e-01 +3.2251e+00 -2.0427e+00
601 +9.888310143e-05 +9.888310143e-05 +7.068009888e+01 +7.068009888e+01 -2.9275e-01 +3.2241e+00 -2.0433e+00
640 +5.395441417e-05 +5.395441417e-05 +7.068005395e+01 +7.068005395e+01 -2.9147e-01 +3.2214e+00 -2.0413e+00
658 +3.040287127e-05 +3.040287127e-05 +7.068003040e+01 +7.068003040e+01 -2.9114e-01 +3.2215e+00 -2.0415e+00
671 +1.666032264e-05 +1.666032264e-05 +7.068001666e+01 +7.068001666e+01 -2.9083e-01 +3.2217e+00 -2.0418e+00
677 +1.540068578e-05 +1.540068578e-05 +7.068001540e+01 +7.068001540e+01 -2.9034e-01 +3.2212e+00 -2.0413e+00
735 +8.571980928e-06 +8.571980928e-06 +7.068000857e+01 +7.068000857e+01 -2.9006e-01 +3.2214e+00 -2.0415e+00
755 +4.543753889e-06 +4.543753889e-06 +7.068000454e+01 +7.068000454e+01 -2.8980e-01 +3.2213e+00 -2.0415e+00
768 +1.625885034e-06 +1.625885034e-06 +7.068000163e+01 +7.068000163e+01 -2.8971e-01 +3.2211e+00 -2.0416e+00
797 +6.014707594e-07 +6.014707594e-07 +7.068000060e+01 +7.068000060e+01 -2.8961e-01 +3.2209e+00 -2.0415e+00
846 +3.001273825e-07 +3.001273825e-07 +7.068000030e+01 +7.068000030e+01 -2.8966e-01 +3.2209e+00 -2.0416e+00
876 +1.253887518e-07 +1.253887518e-07 +7.068000013e+01 +7.068000013e+01 -2.8965e-01 +3.2209e+00 -2.0416e+00
908 +5.772480449e-08 +5.772480449e-08 +7.068000006e+01 +7.068000006e+01 -2.8963e-01 +3.2209e+00 -2.0416e+00
973 +3.722662711e-08 +3.722662711e-08 +7.068000004e+01 +7.068000004e+01 -2.8963e-01 +3.2208e+00 -2.0416e+00
993 +2.449374392e-08 +2.449374392e-08 +7.068000002e+01 +7.068000002e+01 -2.8963e-01 +3.2208e+00 -2.0416e+00
1001 +5.791491731e-09 +5.791491731e-09 +7.068000001e+01 +7.068000001e+01 -2.8961e-01 +3.2208e+00 -2.0416e+00
1047 +2.288942369e-09 +2.288942369e-09 +7.068000000e+01 +7.068000000e+01 -2.8961e-01 +3.2208e+00 -2.0416e+00
1052 +8.256648698e-10 +8.256648698e-10 +7.068000000e+01 +7.068000000e+01 -2.8961e-01 +3.2208e+00 -2.0416e+00
1106 +7.271694358e-11 +7.271694358e-11 +7.068000000e+01 +7.068000000e+01 -2.8960e-01 +3.2208e+00 -2.0416e+00
1110 +3.686295713e-11 +3.686295713e-11 +7.068000000e+01 +7.068000000e+01 -2.8960e-01 +3.2208e+00 -2.0416e+00
1271 +6.565414878e-12 +6.565414878e-12 +7.068000000e+01 +7.068000000e+01 -2.8960e-01 +3.2208e+00 -2.0416e+00
1298 +3.211653166e-12 +3.211653166e-12 +7.068000000e+01 +7.068000000e+01 -2.8960e-01 +3.2208e+00 -2.0416e+00
1392 +2.160049917e-12 +2.160049917e-12 +7.068000000e+01 +7.068000000e+01 -2.8960e-01 +3.2208e+00 -2.0416e+00
1402 +7.105427358e-13 +7.105427358e-13 +7.068000000e+01 +7.068000000e+01 -2.8960e-01 +3.2208e+00 -2.0416e+00
1426 +4.547473509e-13 +4.547473509e-13 +7.068000000e+01 +7.068000000e+01 -2.8960e-01 +3.2208e+00 -2.0416e+00
1446 +2.842170943e-13 +2.842170943e-13 +7.068000000e+01 +7.068000000e+01 -2.8960e-01 +3.2208e+00 -2.0416e+00
1448 +1.705302566e-13 +1.705302566e-13 +7.068000000e+01 +7.068000000e+01 -2.8960e-01 +3.2208e+00 -2.0416e+00
1466 +7.105427358e-14 +7.105427358e-14 +7.068000000e+01 +7.068000000e+01 -2.8960e-01 +3.2208e+00 -2.0416e+00
1492 +4.263256415e-14 +4.263256415e-14 +7.068000000e+01 +7.068000000e+01 -2.8960e-01 +3.2208e+00 -2.0416e+00
1528 +2.842170943e-14 +2.842170943e-14 +7.068000000e+01 +7.068000000e+01 -2.8960e-01 +3.2208e+00 -2.0416e+00
1532 +1.421085472e-14 +1.421085472e-14 +7.068000000e+01 +7.068000000e+01 -2.8960e-01 +3.2208e+00 -2.0416e+00
3702 +0.000000000e+00 +0.000000000e+00 +7.068000000e+01 +7.068000000e+01 -2.8960e-01 +3.2208e+00 -2.0416e+00
% function evaluation | noise-free fitness - Fopt (-6.260000000000e+00) | best noise-free fitness - Fopt | measured fitness | best measured fitness | x1 | x2...
1 +1.504439265e+02 +1.504439265e+02 +1.441839265e+02 +1.441839265e+02 -1.7423e+00 -1.5428e+00 +4.4721e-01
4 +6.678616880e+01 +6.678616880e+01 +6.052616880e+01 +6.052616880e+01 -8.5330e-01 -4.0429e-01 +3.3724e+00
6 +3.932663075e+01 +3.932663075e+01 +3.306663075e+01 +3.306663075e+01 -1.6614e+00 -7.2535e-01 +1.8325e+00
11 +2.425595180e+01 +2.425595180e+01 +1.799595180e+01 +1.799595180e+01 -7.2431e-01 -4.4856e+00 -5.0640e-01
22 +5.659509667e+00 +5.659509667e+00 -6.004903330e-01 -6.004903330e-01 +1.6856e-01 -2.4427e+00 -8.2317e-01
62 +3.397490732e+00 +3.397490732e+00 -2.862509268e+00 -2.862509268e+00 -3.9531e-01 -2.6279e+00 -1.0490e+00
80 +1.977292047e+00 +1.977292047e+00 -4.282707953e+00 -4.282707953e+00 -4.4490e-01 -2.4487e+00 -1.2216e+00
101 +7.044660867e-01 +7.044660867e-01 -5.555533913e+00 -5.555533913e+00 +1.0368e-01 -2.2875e+00 -1.4816e+00
135 +4.270755398e-01 +4.270755398e-01 -5.832924460e+00 -5.832924460e+00 +1.6846e-01 -2.2311e+00 -1.5357e+00
144 +3.915712477e-01 +3.915712477e-01 -5.868428752e+00 -5.868428752e+00 +1.1154e-01 -2.2126e+00 -1.5208e+00
161 +2.313999236e-01 +2.313999236e-01 -6.028600076e+00 -6.028600076e+00 +7.3237e-02 -2.0968e+00 -1.5174e+00
164 +2.365456334e-02 +2.365456334e-02 -6.236345437e+00 -6.236345437e+00 +3.1912e-01 -1.8960e+00 -1.5586e+00
203 +4.773251692e-03 +4.773251692e-03 -6.255226748e+00 -6.255226748e+00 +3.0681e-01 -1.9099e+00 -1.5952e+00
306 +2.850029617e-03 +2.850029617e-03 -6.257149970e+00 -6.257149970e+00 +3.0572e-01 -1.9099e+00 -1.6033e+00
318 +2.480636938e-03 +2.480636938e-03 -6.257519363e+00 -6.257519363e+00 +3.3132e-01 -1.8841e+00 -1.5938e+00
327 +1.431176788e-03 +1.431176788e-03 -6.258568823e+00 -6.258568823e+00 +3.2135e-01 -1.8970e+00 -1.6014e+00
353 +9.894631081e-04 +9.894631081e-04 -6.259010537e+00 -6.259010537e+00 +3.2197e-01 -1.8923e+00 -1.6019e+00
362 +5.027445416e-04 +5.027445416e-04 -6.259497255e+00 -6.259497255e+00 +3.3123e-01 -1.8882e+00 -1.6042e+00
364 +1.473099972e-04 +1.473099972e-04 -6.259852690e+00 -6.259852690e+00 +3.3108e-01 -1.8876e+00 -1.6068e+00
458 +3.019213426e-05 +3.019213426e-05 -6.259969808e+00 -6.259969808e+00 +3.2883e-01 -1.8913e+00 -1.6098e+00
511 +2.487924972e-05 +2.487924972e-05 -6.259975121e+00 -6.259975121e+00 +3.2982e-01 -1.8897e+00 -1.6092e+00
530 +1.526300085e-05 +1.526300085e-05 -6.259984737e+00 -6.259984737e+00 +3.2906e-01 -1.8906e+00 -1.6100e+00
534 +8.378240507e-06 +8.378240507e-06 -6.259991622e+00 -6.259991622e+00 +3.3015e-01 -1.8899e+00 -1.6098e+00
544 +5.143648104e-06 +5.143648104e-06 -6.259994856e+00 -6.259994856e+00 +3.2965e-01 -1.8900e+00 -1.6101e+00
571 +3.691384888e-06 +3.691384888e-06 -6.259996309e+00 -6.259996309e+00 +3.3007e-01 -1.8899e+00 -1.6101e+00
577 +2.386686460e-06 +2.386686460e-06 -6.259997613e+00 -6.259997613e+00 +3.3016e-01 -1.8899e+00 -1.6102e+00
613 +9.062840221e-07 +9.062840221e-07 -6.259999094e+00 -6.259999094e+00 +3.3017e-01 -1.8898e+00 -1.6103e+00
620 +4.683313275e-07 +4.683313275e-07 -6.259999532e+00 -6.259999532e+00 +3.3033e-01 -1.8897e+00 -1.6103e+00
668 +1.251294712e-07 +1.251294712e-07 -6.259999875e+00 -6.259999875e+00 +3.3035e-01 -1.8896e+00 -1.6103e+00
736 +9.308773485e-08 +9.308773485e-08 -6.259999907e+00 -6.259999907e+00 +3.3038e-01 -1.8896e+00 -1.6104e+00
752 +1.374991498e-08 +1.374991498e-08 -6.259999986e+00 -6.259999986e+00 +3.3038e-01 -1.8896e+00 -1.6104e+00
778 +7.267972002e-09 +7.267972002e-09 -6.259999993e+00 -6.259999993e+00 +3.3038e-01 -1.8896e+00 -1.6104e+00
807 +5.768159284e-09 +5.768159284e-09 -6.259999994e+00 -6.259999994e+00 +3.3039e-01 -1.8896e+00 -1.6104e+00
841 +3.353442857e-09 +3.353442857e-09 -6.259999997e+00 -6.259999997e+00 +3.3039e-01 -1.8896e+00 -1.6104e+00
867 +1.003321870e-09 +1.003321870e-09 -6.259999999e+00 -6.259999999e+00 +3.3040e-01 -1.8896e+00 -1.6104e+00
893 +6.592504320e-10 +6.592504320e-10 -6.259999999e+00 -6.259999999e+00 +3.3039e-01 -1.8896e+00 -1.6104e+00
915 +6.259108787e-10 +6.259108787e-10 -6.259999999e+00 -6.259999999e+00 +3.3040e-01 -1.8896e+00 -1.6104e+00
931 +1.013740203e-10 +1.013740203e-10 -6.260000000e+00 -6.260000000e+00 +3.3040e-01 -1.8896e+00 -1.6104e+00
961 +7.521094858e-11 +7.521094858e-11 -6.260000000e+00 -6.260000000e+00 +3.3040e-01 -1.8896e+00 -1.6104e+00
974 +3.282085714e-11 +3.282085714e-11 -6.260000000e+00 -6.260000000e+00 +3.3040e-01 -1.8896e+00 -1.6104e+00
998 +2.121147702e-11 +2.121147702e-11 -6.260000000e+00 -6.260000000e+00 +3.3040e-01 -1.8896e+00 -1.6104e+00
1034 +1.087219204e-11 +1.087219204e-11 -6.260000000e+00 -6.260000000e+00 +3.3040e-01 -1.8896e+00 -1.6104e+00
1038 +5.901057420e-12 +5.901057420e-12 -6.260000000e+00 -6.260000000e+00 +3.3040e-01 -1.8896e+00 -1.6104e+00
1059 +2.098765606e-12 +2.098765606e-12 -6.260000000e+00 -6.260000000e+00 +3.3040e-01 -1.8896e+00 -1.6104e+00
1074 +1.076472245e-12 +1.076472245e-12 -6.260000000e+00 -6.260000000e+00 +3.3040e-01 -1.8896e+00 -1.6104e+00
1195 +4.485301019e-13 +4.485301019e-13 -6.260000000e+00 -6.260000000e+00 +3.3040e-01 -1.8896e+00 -1.6104e+00
1204 +7.371880884e-14 +7.371880884e-14 -6.260000000e+00 -6.260000000e+00 +3.3040e-01 -1.8896e+00 -1.6104e+00
1297 +2.486899575e-14 +2.486899575e-14 -6.260000000e+00 -6.260000000e+00 +3.3040e-01 -1.8896e+00 -1.6104e+00
3494 +1.421085472e-14 +1.421085472e-14 -6.260000000e+00 -6.260000000e+00 +3.3040e-01 -1.8896e+00 -1.6104e+00
% function evaluation | noise-free fitness - Fopt (1.838600000000e+02) | best noise-free fitness - Fopt | measured fitness | best measured fitness | x1 | x2...
1 +9.591026711e+05 +9.591026711e+05 +9.592865311e+05 +9.592865311e+05 +1.5253e-01 +6.9035e-01 -1.2417e+00
4 +5.728431190e+05 +5.728431190e+05 +5.730269790e+05 +5.730269790e+05 +1.0416e+00 +1.8288e+00 +1.6835e+00
9 +3.258450490e+05 +3.258450490e+05 +3.260289090e+05 +3.260289090e+05 +9.6348e-02 -8.4079e-01 +1.0787e+00
15 +4.015729803e+04 +4.015729803e+04 +4.034115803e+04 +4.034115803e+04 -1.6399e+00 -1.9243e+00 +3.5050e+00
22 +8.445983533e+03 +8.445983533e+03 +8.629843533e+03 +8.629843533e+03 +7.8608e-01 -2.9459e+00 +4.0700e+00
29 +2.869125597e+03 +2.869125597e+03 +3.052985597e+03 +3.052985597e+03 +8.9132e-01 -5.8197e+00 +3.2398e+00
31 +1.894711710e+03 +1.894711710e+03 +2.078571710e+03 +2.078571710e+03 +3.5312e-01 -4.4936e+00 +4.3124e+00
55 +1.005971973e+03 +1.005971973e+03 +1.189831973e+03 +1.189831973e+03 -1.4866e+00 -4.2744e+00 +3.0973e+00
59 +3.803366154e+02 +3.803366154e+02 +5.641966154e+02 +5.641966154e+02 -5.5908e+00 -5.1261e+00 +2.6016e+00
69 +3.647777729e+01 +3.647777729e+01 +2.203377773e+02 +2.203377773e+02 -1.5751e+00 -6.6576e+00 +4.4382e+00
75 +2.363090567e+01 +2.363090567e+01 +2.074909057e+02 +2.074909057e+02 -1.6167e+00 -7.2581e+00 +2.8356e+00
78 +1.286777598e+01 +1.286777598e+01 +1.967277760e+02 +1.967277760e+02 -1.0220e+00 -5.5777e+00 +4.0642e+00
140 +8.067031500e+00 +8.067031500e+00 +1.919270315e+02 +1.919270315e+02 -4.4076e-01 -6.0917e+00 +2.4432e+00
147 +3.954892727e+00 +3.954892727e+00 +1.878148927e+02 +1.878148927e+02 -2.0109e-01 -5.3451e+00 +3.2549e+00
151 +2.057120339e+00 +2.057120339e+00 +1.859171203e+02 +1.859171203e+02 +1.1694e-01 -4.8202e+00 +3.1636e+00
164 +1.360635447e+00 +1.360635447e+00 +1.852206354e+02 +1.852206354e+02 +1.2903e-01 -4.7012e+00 +3.4768e+00
186 +4.302056297e-01 +4.302056297e-01 +1.842902056e+02 +1.842902056e+02 +2.4558e-01 -4.2575e+00 +3.5966e+00
206 +1.714037482e-01 +1.714037482e-01 +1.840314037e+02 +1.840314037e+02 +2.2083e-01 -4.0151e+00 +3.7471e+00
213 +1.548059503e-01 +1.548059503e-01 +1.840148060e+02 +1.840148060e+02 +2.6550e-01 -4.0559e+00 +3.7662e+00
273 +7.338662848e-02 +7.338662848e-02 +1.839333866e+02 +1.839333866e+02 +1.8764e-01 -3.8420e+00 +3.8899e+00
305 +6.097032512e-02 +6.097032512e-02 +1.839209703e+02 +1.839209703e+02 +2.4309e-01 -3.9041e+00 +3.8465e+00
320 +2.833075145e-02 +2.833075145e-02 +1.838883308e+02 +1.838883308e+02 +2.8784e-01 -3.8777e+00 +3.8850e+00
333 +2.438094799e-02 +2.438094799e-02 +1.838843809e+02 +1.838843809e+02 +2.8800e-01 -3.8614e+00 +3.8714e+00
338 +1.407012689e-02 +1.407012689e-02 +1.838740701e+02 +1.838740701e+02 +2.7702e-01 -3.8283e+00 +3.9148e+00
363 +4.855137781e-03 +4.855137781e-03 +1.838648551e+02 +1.838648551e+02 +2.8861e-01 -3.7928e+00 +3.9360e+00
409 +1.336701694e-03 +1.336701694e-03 +1.838613367e+02 +1.838613367e+02 +2.8101e-01 -3.7687e+00 +3.9354e+00
435 +2.580457582e-04 +2.580457582e-04 +1.838602580e+02 +1.838602580e+02 +2.8805e-01 -3.7608e+00 +3.9387e+00
479 +2.292794535e-04 +2.292794535e-04 +1.838602293e+02 +1.838602293e+02 +2.9246e-01 -3.7662e+00 +3.9364e+00
522 +1.570025441e-04 +1.570025441e-04 +1.838601570e+02 +1.838601570e+02 +2.9112e-01 -3.7641e+00 +3.9370e+00
529 +3.043993684e-05 +3.043993684e-05 +1.838600304e+02 +1.838600304e+02 +2.9162e-01 -3.7600e+00 +3.9405e+00
570 +2.475539034e-05 +2.475539034e-05 +1.838600248e+02 +1.838600248e+02 +2.9234e-01 -3.7605e+00 +3.9397e+00
590 +1.272586664e-05 +1.272586664e-05 +1.838600127e+02 +1.838600127e+02 +2.9227e-01 -3.7596e+00 +3.9400e+00
591 +8.293012968e-06 +8.293012968e-06 +1.838600083e+02 +1.838600083e+02 +2.9237e-01 -3.7592e+00 +3.9407e+00
610 +3.189242989e-06 +3.189242989e-06 +1.838600032e+02 +1.838600032e+02 +2.9249e-01 -3.7589e+00 +3.9405e+00
615 +1.970801435e-06 +1.970801435e-06 +1.838600020e+02 +1.838600020e+02 +2.9255e-01 -3.7587e+00 +3.9405e+00
617 +4.718480113e-07 +4.718480113e-07 +1.838600005e+02 +1.838600005e+02 +2.9270e-01 -3.7586e+00 +3.9407e+00
684 +3.043692232e-08 +3.043692232e-08 +1.838600000e+02 +1.838600000e+02 +2.9281e-01 -3.7585e+00 +3.9408e+00
834 +1.617704015e-08 +1.617704015e-08 +1.838600000e+02 +1.838600000e+02 +2.9278e-01 -3.7584e+00 +3.9408e+00
861 +4.150194854e-09 +4.150194854e-09 +1.838600000e+02 +1.838600000e+02 +2.9280e-01 -3.7584e+00 +3.9408e+00
913 +2.826283207e-09 +2.826283207e-09 +1.838600000e+02 +1.838600000e+02 +2.9279e-01 -3.7584e+00 +3.9408e+00
940 +1.267181915e-09 +1.267181915e-09 +1.838600000e+02 +1.838600000e+02 +2.9280e-01 -3.7584e+00 +3.9408e+00
971 +7.624691989e-10 +7.624691989e-10 +1.838600000e+02 +1.838600000e+02 +2.9280e-01 -3.7584e+00 +3.9408e+00
1026 +6.083098469e-10 +6.083098469e-10 +1.838600000e+02 +1.838600000e+02 +2.9280e-01 -3.7584e+00 +3.9408e+00
1031 +3.420268513e-10 +3.420268513e-10 +1.838600000e+02 +1.838600000e+02 +2.9280e-01 -3.7584e+00 +3.9408e+00
1040 +1.047055775e-10 +1.047055775e-10 +1.838600000e+02 +1.838600000e+02 +2.9280e-01 -3.7584e+00 +3.9408e+00
1054 +6.616573955e-11 +6.616573955e-11 +1.838600000e+02 +1.838600000e+02 +2.9280e-01 -3.7584e+00 +3.9408e+00
1077 +5.928768587e-11 +5.928768587e-11 +1.838600000e+02 +1.838600000e+02 +2.9280e-01 -3.7584e+00 +3.9408e+00
1106 +2.717115422e-11 +2.717115422e-11 +1.838600000e+02 +1.838600000e+02 +2.9280e-01 -3.7584e+00 +3.9408e+00
1115 +2.225419848e-11 +2.225419848e-11 +1.838600000e+02 +1.838600000e+02 +2.9280e-01 -3.7584e+00 +3.9408e+00
1122 +1.543298822e-11 +1.543298822e-11 +1.838600000e+02 +1.838600000e+02 +2.9280e-01 -3.7584e+00 +3.9408e+00
1124 +2.359001883e-12 +2.359001883e-12 +1.838600000e+02 +1.838600000e+02 +2.9280e-01 -3.7584e+00 +3.9408e+00
1241 +1.477928890e-12 +1.477928890e-12 +1.838600000e+02 +1.838600000e+02 +2.9280e-01 -3.7584e+00 +3.9408e+00
1244 +3.694822226e-13 +3.694822226e-13 +1.838600000e+02 +1.838600000e+02 +2.9280e-01 -3.7584e+00 +3.9408e+00
1290 +1.136868377e-13 +1.136868377e-13 +1.838600000e+02 +1.838600000e+02 +2.9280e-01 -3.7584e+00 +3.9408e+00
1371 +5.684341886e-14 +5.684341886e-14 +1.838600000e+02 +1.838600000e+02 +2.9280e-01 -3.7584e+00 +3.9408e+00
1375 +2.842170943e-14 +2.842170943e-14 +1.838600000e+02 +1.838600000e+02 +2.9280e-01 -3.7584e+00 +3.9408e+00
3663 +0.000000000e+00 +0.000000000e+00 +1.838600000e+02 +1.838600000e+02 +2.9280e-01 -3.7584e+00 +3.9408e+00
