% function evaluation | noise-free fitness - Fopt (6.870000000000e+00) | best noise-free fitness - Fopt | measured fitness | best measured fitness | x1 | x2...
1 +9.782592492e+00 +9.782592492e+00 +1.665259249e+01 +1.665259249e+01 +2.6135e+00 -5.2991e-01 -4.9003e+00 -2.0643e+00 -3.6568e+00
9 +4.405523672e+00 +4.405523672e+00 +1.127552367e+01 +1.127552367e+01 +3.6901e+00 -1.7767e+00 +1.4873e+00 -3.6265e+00 +8.5474e-01
242 +2.487526433e+00 +2.487526433e+00 +9.357526433e+00 +9.357526433e+00 +1.6807e+00 +1.7760e+00 -6.9281e-01 +1.5077e+00 -3.4250e+00
505 +1.261254204e+00 +1.261254204e+00 +8.131254204e+00 +8.131254204e+00 +5.3534e-01 +2.6782e+00 -2.4739e+00 +1.7120e+00 -2.2937e+00
% function evaluation | noise-free fitness - Fopt (1.000000000000e-02) | best noise-free fitness - Fopt | measured fitness | best measured fitness | x1 | x2...
1 +2.418252079e+01 +2.418252079e+01 +2.419252079e+01 +2.419252079e+01 -3.3145e+00 -2.0747e+00 +1.6156e+00 +2.8810e+00 +2.5900e+00
2 +8.607008337e+00 +8.607008337e+00 +8.617008337e+00 +8.617008337e+00 -3.2678e+00 -1.2003e+00 +3.1316e+00 +1.2185e+00 -1.4664e+00
5 +1.593805255e+00 +1.593805255e+00 +1.603805255e+00 +1.603805255e+00 -3.7069e+00 +1.1496e+00 +1.6558e+00 +3.5683e+00 -3.1454e+00
% function evaluation | noise-free fitness - Fopt (-1.306100000000e+02) | best noise-free fitness - Fopt | measured fitness | best measured fitness | x1 | x2...
1 +2.813000222e+01 +2.813000222e+01 -1.024799978e+02 -1.024799978e+02 +1.0443e+00 -1.0840e+00 -2.3717e+00 -4.8947e+00 +2.2565e-01
3 +1.877247333e+01 +1.877247333e+01 -1.118375267e+02 -1.118375267e+02 -1.1702e+00 +2.0060e+00 -8.1445e-01 +3.9869e+00 +3.4038e+00
10 +8.834285554e+00 +8.834285554e+00 -1.217757144e+02 -1.217757144e+02 +4.1075e+00 +2.5772e+00 +1.4419e+00 -2.7409e+00 -1.7672e+00
75 +3.250991837e+00 +3.250991837e+00 -1.273590082e+02 -1.273590082e+02 +5.5531e+00 -2.0209e+00 +1.0244e+00 +2.7028e+00 +1.2018e-01
4166 +1.943555067e+00 +1.943555067e+00 -1.286664449e+02 -1.286664449e+02 +3.0592e+00 -3.4879e+00 -3.6007e+00 +1.0975e+00 +1.3389e+00
% function evaluation | noise-free fitness - Fopt (-2.231200000000e+02) | best noise-free fitness - Fopt | measured fitness | best measured fitness | x1 | x2...
1 +1.560800629e+01 +1.560800629e+01 -2.075119937e+02 -2.075119937e+02 -2.7298e+00 +3.4051e+00 +1.6989e-01 +4.8254e+00 -1.6582e+00
2 +6.050244767e+00 +6.050244767e+00 -2.170697552e+02 -2.170697552e+02 +2.2547e+00 -6.7118e-01 -3.2421e+00 -2.4540e+00 -3.0995e-02
19 +2.480112858e+00 +2.480112858e+00 -2.206398871e+02 -2.206398871e+02 +3.8442e-02 -3.7554e+00 -3.4549e+00 +2.0665e+00 +9.3617e-01
1763 +1.289464662e+00 +1.289464662e+00 -2.218305353e+02 -2.218305353e+02 +2.3453e+00 -2.3383e+00 +3.4558e+00 +3.9754e+00 -1.4425e+00
3768 +9.829081532e-01 +9.829081532e-01 -2.221370918e+02 -2.221370918e+02 +2.7531e+00 -2.3310e+00 +4.3872e+00 +5.0685e+00 -9.6244e-01
% function evaluation | noise-free fitness - Fopt (-4.443000000000e+01) | best noise-free fitness - Fopt | measured fitness | best measured fitness | x1 | x2...
1 +2.299681683e+01 +2.299681683e+01 -2.143318317e+01 -2.143318317e+01 -2.4340e+00 -4.2942e+00 -3.6146e+00 -3.7194e-02 -7.2372e-02
2 +6.123943045e+00 +6.123943045e+00 -3.830605695e+01 -3.830605695e+01 -4.5010e+00 -4.3846e+00 -2.4088e+00 +1.5462e+00 +3.6475e+00
92 +2.685944445e+00 +2.685944445e+00 -4.174405555e+01 -4.174405555e+01 +3.0399e+00 -2.8512e+00 -4.3707e-01 +1.7528e+00 -4.4963e+00
1491 +2.310807978e+00 +2.310807978e+00 -4.211919202e+01 -4.211919202e+01 +9.4838e-01 +5.5452e-01 -1.9167e+00 +1.6998e+00 -3.2428e+00
% function evaluation | noise-free fitness - Fopt (8.539000000000e+01) | best noise-free fitness - Fopt | measured fitness | best measured fitness | x1 | x2...
1 +1.891109928e+01 +1.891109928e+01 +1.043010993e+02 +1.043010993e+02 -1.5744e+00 -5.1894e-01 -3.8119e+00 -2.9283e+00 +4.8137e+00
7 +9.727790902e+00 +9.727790902e+00 +9.511779090e+01 +9.511779090e+01 +2.7959e+00 +4.9488e+00 -4.1361e+00 -3.6566e+00 -1.8518e+00
11 +4.978335006e+00 +4.978335006e+00 +9.036833501e+01 +9.036833501e+01 -3.5370e+00 +2.1580e-01 +2.4431e+00 +2.7786e+00 -3.7283e+00
12 +3.959429651e+00 +3.959429651e+00 +8.934942965e+01 +8.934942965e+01 -1.5870e+00 -2.3405e+00 -1.0804e+00 -4.1026e+00 -1.8276e-01
1712 +1.918768873e+00 +1.918768873e+00 +8.730876887e+01 +8.730876887e+01 +3.0735e+00 -9.0751e-01 +5.5963e-01 -1.7711e-02 +1.2457e+00
2299 +1.270739117e+00 +1.270739117e+00 +8.666073912e+01 +8.666073912e+01 +2.7843e+00 -1.7635e+00 +2.1297e-01 -2.6092e+00 -3.3583e+00
% function evaluation | noise-free fitness - Fopt (-9.872900000000e+02) | best noise-free fitness - Fopt | measured fitness | best measured fitness | x1 | x2...
1 +1.925290286e+01 +1.925290286e+01 -9.680370971e+02 -9.680370971e+02 -4.7342e+00 +3.0469e+00 +1.2510e+00 -3.0414e+00 -3.9917e+00
4 +1.520260363e+01 +1.520260363e+01 -9.720873964e+02 -9.720873964e+02 -4.9113e+00 +1.0493e-01 +2.4911e+00 -3.3982e+00 -2.8462e+00
9 +7.273506670e+00 +7.273506670e+00 -9.800164933e+02 -9.800164933e+02 -1.8797e-01 +1.0857e+00 -4.8259e+00 -1.3389e+00 +1.5180e+00
15 +4.103778614e+00 +4.103778614e+00 -9.831862214e+02 -9.831862214e+02 +5.3005e-01 +6.3514e-01 +4.5320e+00 -4.2444e+00 -1.9817e+00
201 +3.368191891e+00 +3.368191891e+00 -9.839218081e+02 -9.839218081e+02 -1.0381e+00 +9.3356e-01 +5.9554e+00 -5.1814e+00 -3.3379e+00
1433 +2.511479629e+00 +2.511479629e+00 -9.847785204e+02 -9.847785204e+02 -2.3392e+00 -4.8769e-01 +5.4513e+00 -3.7833e+00 -2.0143e+00
2405 +1.463645695e+00 +1.463645695e+00 -9.858263543e+02 -9.858263543e+02 -1.2429e+00 +3.0366e-01 +2.5554e+00 -3.8340e+00 -1.7434e+00
% function evaluation | noise-free fitness - Fopt (-1.517600000000e+02) | best noise-free fitness - Fopt | measured fitness | best measured fitness | x1 | x2...
1 +3.251981387e+01 +3.251981387e+01 -1.192401861e+02 -1.192401861e+02 -9.6042e-01 -4.3502e+00 -3.2921e+00 -2.9645e+00 +2.1978e+00
2 +1.726511527e+01 +1.726511527e+01 -1.344948847e+02 -1.344948847e+02 -3.0323e+00 +2.4578e-01 -2.4760e+00 +4.2022e+00 -3.3863e+00
5 +1.394120277e+01 +1.394120277e+01 -1.378187972e+02 -1.378187972e+02 -9.9147e-01 +2.3925e+00 +2.5168e+00 +4.9430e+00 -4.7660e+00
7 +9.619600723e+00 +9.619600723e+00 -1.421403993e+02 -1.421403993e+02 +1.8482e+00 -3.4781e+00 -1.4618e+00 -3.8168e+00 -9.9107e-01
56 +3.400321919e+00 +3.400321919e+00 -1.483596781e+02 -1.483596781e+02 +1.0314e+00 -6.2786e-01 -1.8919e+00 -2.2628e+00 -3.3277e+00
1711 +1.522866708e+00 +1.522866708e+00 -1.502371333e+02 -1.502371333e+02 -7.9881e-01 -1.2954e-01 +1.6425e+00 -3.5419e+00 +3.7222e+00
% function evaluation | noise-free fitness - Fopt (6.680000000000e+01) | best noise-free fitness - Fopt | measured fitness | best measured fitness | x1 | x2...
1 +3.327906587e+01 +3.327906587e+01 +1.000790659e+02 +1.000790659e+02 +2.6112e+00 +3.9689e+00 +5.0559e-02 -3.0026e+00 +2.1849e+00
2 +7.966881125e+00 +7.966881125e+00 +7.476688113e+01 +7.476688113e+01 -1.2457e+00 +2.9312e+00 +2.1150e+00 +3.8288e+00 -4.6470e+00
8 +6.003457094e+00 +6.003457094e+00 +7.280345709e+01 +7.280345709e+01 +1.0189e+00 +7.5031e-01 -5.6702e-01 +6.6616e-01 -4.3009e+00
195 +3.562068088e+00 +3.562068088e+00 +7.036206809e+01 +7.036206809e+01 -5.3653e+00 +1.6238e-01 +1.2262e+00 +1.0884e+00 -3.1519e+00
2921 +1.787941759e+00 +1.787941759e+00 +6.858794176e+01 +6.858794176e+01 +9.5826e-01 -2.2278e+00 +5.2241e+00 -1.7041e+00 -3.3773e+00
% function evaluation | noise-free fitness - Fopt (9.625000000000e+01) | best noise-free fitness - Fopt | measured fitness | best measured fitness | x1 | x2...
1 +3.569532372e+01 +3.569532372e+01 +1.319453237e+02 +1.319453237e+02 +1.0356e+00 +4.2387e+00 -1.1135e+00 +4.3229e+00 +4.8315e+00
2 +1.763235323e+01 +1.763235323e+01 +1.138823532e+02 +1.138823532e+02 -4.8001e+00 +2.8002e-01 +4.1583e+00 -1.6318e+00 +1.3890e+00
3 +1.097437236e+01 +1.097437236e+01 +1.072243724e+02 +1.072243724e+02 +3.6353e-02 -4.0327e+00 +4.5151e+00 +2.3906e-01 +4.3278e+00
8 +5.859176099e+00 +5.859176099e+00 +1.021091761e+02 +1.021091761e+02 -1.9256e+00 +1.4180e-01 -7.9519e-01 +1.9047e+00 -1.4093e+00
156 +2.819170760e+00 +2.819170760e+00 +9.906917076e+01 +9.906917076e+01 -1.6790e+00 -2.3075e+00 +3.2920e+00 +1.2439e+00 -3.2117e-01
1150 +2.475003376e+00 +2.475003376e+00 +9.872500338e+01 +9.872500338e+01 -4.7835e+00 +1.3063e+00 +5.0395e+00 +5.9141e-02 -1.1929e+00
2158 +1.225511187e+00 +1.225511187e+00 +9.747551119e+01 +9.747551119e+01 -2.5213e+00 +4.9274e-01 -3.3890e-02 +1.7496e+00 -1.6335e+00
% function evaluation | noise-free fitness - Fopt (1.467200000000e+02) | best noise-free fitness - Fopt | measured fitness | best measured fitness | x1 | x2...
1 +1.682223819e+01 +1.682223819e+01 +1.635422382e+02 +1.635422382e+02 -1.5418e+00 +4.1186e+00 -4.6707e+00 +2.1640e+00 -2.7410e+00
4 +1.046578089e+01 +1.046578089e+01 +1.571857809e+02 +1.571857809e+02 +4.7366e+00 -4.3329e+00 +3.4135e+00 +6.7137e-01 -4.4251e+00
7 +7.622158635e+00 +7.622158635e+00 +1.543421586e+02 +1.543421586e+02 -1.4760e-01 +4.8447e-01 +4.9954e+00 -3.6411e+00 -2.7014e+00
149 +3.833357005e+00 +3.833357005e+00 +1.505533570e+02 +1.505533570e+02 -3.7850e+00 -1.5842e+00 -3.7743e+00 +5.6104e+00 +4.7917e+00
799 +2.456282336e+00 +2.456282336e+00 +1.491762823e+02 +1.491762823e+02 -5.8018e+00 -5.4291e+00 -4.0464e-01 +4.5580e+00 +3.4014e+00
% function evaluation | noise-free fitness - Fopt (-5.919800000000e+02) | best noise-free fitness - Fopt | measured fitness | best measured fitness | x1 | x2...
1 +1.483965060e+01 +1.483965060e+01 -5.771403494e+02 -5.771403494e+02 -4.9531e+00 -2.0407e+00 -4.8921e+00 +3.9488e+00 +3.9255e+00
5 +8.992633314e+00 +8.992633314e+00 -5.829873667e+02 -5.829873667e+02 +2.3674e+00 +2.3013e+00 -1.9692e+00 -3.4499e+00 -3.1451e+00
40 +4.710712378e+00 +4.710712378e+00 -5.872692876e+02 -5.872692876e+02 +3.5618e+00 +2.5875e+00 -4.6994e+00 -2.0728e+00 -2.9609e+00
50 +1.317921745e+00 +1.317921745e+00 -5.906620783e+02 -5.906620783e+02 +4.0482e+00 -9.1724e-01 -4.7859e+00 -5.4319e+00 -2.6819e-01
% function evaluation | noise-free fitness - Fopt (7.429000000000e+01) | best noise-free fitness - Fopt | measured fitness | best measured fitness | x1 | x2...
1 +3.127198971e+01 +3.127198971e+01 +1.055619897e+02 +1.055619897e+02 +1.7791e+00 +3.4821e+00 -2.6611e+00 -1.9747e+00 +3.6532e+00
3 +1.940396166e+01 +1.940396166e+01 +9.369396166e+01 +9.369396166e+01 +2.3988e-01 -7.1419e-01 -5.4479e-01 +2.6890e+00 -1.1246e+00
4 +1.528689452e+01 +1.528689452e+01 +8.957689452e+01 +8.957689452e+01 +2.0440e+00 -1.5101e+00 +4.1568e+00 +4.7022e+00 -3.1064e+00
12 +4.759487422e+00 +4.759487422e+00 +7.904948742e+01 +7.904948742e+01 -3.8393e-01 +2.8817e+00 +2.3120e+00 -1.7431e+00 +3.7615e-01
52 +3.596533277e+00 +3.596533277e+00 +7.788653328e+01 +7.788653328e+01 +1.1850e+00 -1.8924e+00 +1.9655e-01 -1.8693e+00 +8.8532e-01
821 +1.179064682e+00 +1.179064682e+00 +7.546906468e+01 +7.546906468e+01 +2.0511e+00 -2.1292e+00 +1.5034e+00 +6.0299e-01 +7.0101e-01
1504 +9.873429831e-01 +9.873429831e-01 +7.527734298e+01 +7.527734298e+01 +1.4666e+00 -1.4323e+00 +2.7169e+00 +9.8949e-01 +2.1750e+00
% function evaluation | noise-free fitness - Fopt (-3.490000000000e+00) | best noise-free fitness - Fopt | measured fitness | best measured fitness | x1 | x2...
1 +3.040699489e+01 +3.040699489e+01 +2.691699489e+01 +2.691699489e+01 +2.9660e+00 +4.6323e+00 +3.6411e+00 -2.9688e+00 +1.3241e+00
2 +1.800250334e+01 +1.800250334e+01 +1.451250334e+01 +1.451250334e+01 +2.6534e+00 -4.5329e+00 -4.1440e+00 +2.2886e-02 -3.4214e+00
3 +1.428507696e+01 +1.428507696e+01 +1.079507696e+01 +1.079507696e+01 -3.4142e+00 +2.5681e+00 +3.8376e+00 -2.9737e+00 +3.7820e+00
5 +7.150035779e+00 +7.150035779e+00 +3.660035779e+00 +3.660035779e+00 +2.8880e+00 -1.8847e+00 -3.1143e+00 +4.0155e+00 +4.8837e+00
7 +1.441055670e+00 +1.441055670e+00 -2.048944330e+00 -2.048944330e+00 -3.5312e+00 -5.3254e-01 -4.7571e+00 -8.0523e-01 -4.1987e+00
% function evaluation | noise-free fitness - Fopt (-1.283000000000e+01) | best noise-free fitness - Fopt | measured fitness | best measured fitness | x1 | x2...
1 +3.070006650e+01 +3.070006650e+01 +1.787006650e+01 +1.787006650e+01 +3.7240e+00 +1.5052e+00 +2.2089e+00 -2.8479e-01 +3.8213e+00
2 +2.330635355e+01 +2.330635355e+01 +1.047635355e+01 +1.047635355e+01 -2.3501e+00 -4.1884e+00 +1.3285e+00 +2.3696e+00 -3.9098e+00
8 +1.138065742e+01 +1.138065742e+01 -1.449342580e+00 -1.449342580e+00 +4.6987e+00 -3.9744e+00 -2.4944e+00 +4.7489e+00 +2.3660e+00
24 +9.518057684e+00 +9.518057684e+00 -3.311942316e+00 -3.311942316e+00 +3.4286e+00 -2.3347e+00 +1.0752e+00 -8.7274e-01 +1.0774e+00
35 +6.109044753e+00 +6.109044753e+00 -6.720955247e+00 -6.720955247e+00 +3.3956e+00 +2.7846e-01 -1.2854e+00 +9.6429e-01 +5.9374e+00
126 +3.867021841e+00 +3.867021841e+00 -8.962978159e+00 -8.962978159e+00 +3.1135e+00 +3.9368e+00 -1.6452e+00 -4.7161e-01 +4.2196e+00
1513 +1.446537146e+00 +1.446537146e+00 -1.138346285e+01 -1.138346285e+01 +3.9078e+00 +3.1369e+00 +3.0409e+00 +2.9002e+00 -1.1143e+00
