1.0000e-14 1.0000e-14 1.0000e-14 1.0000e-14 1.0000e-14 1.0000e-14 1.0000e-14 1.0000e-14 1.0000e-14 1.0000e-14 1.0000e-14 1.0000e-14 1.0000e-14 1.0000e-14 1.0000e-14 
1.0000e-14 1.0000e-14 1.0000e-14 1.6663e-01 1.6602e-01 1.0000e-14 1.0000e-14 1.0000e-14 9.9723e+00 1.0000e-14 1.0000e-14 1.0000e-14 1.0000e-14 1.5316e-01 1.0000e-14 
1.0000e-14 1.0000e-14 1.0000e-14 1.0000e-14 1.0000e-14 1.0000e-14 1.0000e-14 1.0000e-14 1.0000e-14 1.0000e-14 1.0000e-14 1.0000e-14 1.0000e-14 1.0000e-14 1.0000e-14 
1.0000e-14 1.0000e-14 1.0000e-14 1.0000e-14 1.0000e-14 1.0000e-14 1.9895e-13 1.0000e-14 1.0000e-14 1.0000e-14 1.0000e-14 1.0000e-14 1.0000e-14 1.0000e-14 2.2737e-13 
1.0000e-14 1.0000e-14 1.0000e-14 1.0000e-14 1.0000e-14 1.0000e-14 1.0000e-14 1.0000e-14 1.0000e-14 1.0000e-14 1.0000e-14 1.0000e-14 1.0000e-14 1.4211e-14 1.0000e-14 
6.9861e-11 1.0000e-14 3.4106e-13 2.8422e-13 2.6603e-11 6.6791e-13 4.1780e-11 1.2790e-13 1.0000e-14 4.3980e-10 3.7133e-11 2.3626e-13 1.4211e-14 1.4744e-13 2.1600e-12 
1.4211e-14 1.0000e-14 1.0000e-14 1.0000e-14 1.0000e-14 1.0000e-14 1.0000e-14 1.0000e-14 1.0000e-14 1.0000e-14 1.0000e-14 1.0000e-14 1.0000e-14 1.0000e-14 1.0000e-14 
1.2803e-08 4.9655e-06 1.9881e-07 3.1493e-06 8.7323e-08 8.7518e-06 1.7538e-06 1.3873e-07 2.8198e-07 2.3130e-07 1.3099e-07 5.1605e-05 8.9377e-07 2.1913e-06 8.1564e-06 
1.6497e-07 1.8015e-06 1.0000e-14 1.1504e-06 2.3764e-08 4.3750e-08 1.2612e-12 5.3833e-09 3.5527e-14 1.0000e-14 4.8857e-11 2.8486e-07 2.5527e-07 4.2933e-06 1.0656e-09 
2.9944e-02 7.0869e+01 4.9418e-01 2.4728e+01 6.5632e-02 1.7358e-01 5.8584e-03 1.9969e-05 3.6505e+00 2.1274e+00 2.4673e-02 4.0715e-04 1.8679e-01 1.1482e+00 1.2578e-01 
1.6483e+01 6.0312e+00 3.3418e-01 5.1614e-03 2.7628e+00 1.4860e+01 9.6164e-03 2.3132e+00 1.3697e+01 5.8250e+00 1.9047e-01 3.1441e-05 5.0809e-01 4.1051e+00 2.2627e-01 
2.3874e-12 8.4640e-05 3.8575e-02 1.5586e-01 5.6843e-14 2.2105e+00 8.2116e+00 3.5060e-03 3.1157e-03 1.4211e-14 5.4641e-11 1.4012e-02 1.0000e-14 7.4848e-04 1.0000e-14 
7.2971e-03 5.9264e-02 1.7260e-02 2.4363e-04 9.3544e-02 3.8825e-02 4.5151e-05 7.4277e-03 2.9064e-03 4.6041e-04 3.8075e-05 4.9370e-02 2.6289e-02 2.4838e-02 1.7938e-01 
4.4235e-07 3.7544e-05 1.8265e-06 3.8692e-07 1.2725e-05 9.7542e-06 4.2674e-09 1.4435e-08 1.5831e-07 7.4483e-07 3.6150e-06 3.3128e-06 4.5635e-07 1.6584e-08 9.8703e-06 
1.0000e-14 4.2633e-14 1.0000e-14 1.0000e-14 6.3949e-13 1.0000e-14 1.0000e-14 9.9496e-01 3.6948e-13 1.0000e-14 1.0000e-14 1.0000e-14 1.0000e-14 6.5370e-13 9.9496e-01 
1.0000e-14 1.0000e-14 3.0241e-05 2.2145e-02 1.0000e-14 1.0000e-14 2.9544e-03 2.5580e-13 1.0000e-14 5.5618e-06 4.3343e-13 5.9479e-06 1.4009e-07 3.1757e-01 1.0000e-14 
8.3132e-07 8.8301e-10 1.1823e-10 5.8478e-12 2.8778e-05 3.4541e-09 2.2183e-11 2.5105e-10 1.6380e-10 2.4032e-08 2.3260e-10 1.6713e-09 4.1784e-09 6.7453e-10 2.8888e-10 
9.8279e-04 4.4433e-05 7.5479e-03 2.8778e-05 1.0062e-03 5.4045e-04 2.8778e-05 9.8279e-04 7.8543e-03 1.0256e+00 9.8287e-04 2.4680e-04 9.8279e-04 9.8279e-04 2.2950e-04 
2.1160e-11 1.7192e-08 3.5786e-09 5.3521e-09 1.5708e-02 5.9274e-06 6.3351e-09 1.0660e-07 1.1911e-09 3.4270e-08 9.4983e-08 4.7786e-08 3.8100e-07 5.1043e-06 1.1749e-11 
1.0000e-14 1.0000e-14 5.9219e-01 1.0000e-14 1.0000e-14 1.0000e-14 1.0000e-14 1.0000e-14 5.9219e-01 1.0000e-14 1.0000e-14 1.0000e-14 1.0000e-14 1.0000e-14 1.0000e-14 
1.0000e-14 1.0000e-14 1.0000e-14 1.0000e-14 1.0000e-14 1.0000e-14 1.0000e-14 1.0000e-14 1.0000e-14 1.0000e-14 1.0000e-14 1.0000e-14 1.0000e-14 1.0000e-14 1.0000e-14 
1.0000e-14 1.0000e-14 1.0000e-14 1.0000e-14 1.0000e-14 1.0000e-14 2.8422e-14 6.9186e-01 1.0000e-14 1.0000e-14 8.5265e-14 8.5080e-11 2.5905e+00 1.0000e-14 1.0000e-14 
4.8854e-02 1.6230e-02 5.1269e-03 3.3426e-01 4.0841e-01 5.9200e-01 2.8964e-01 5.8467e-01 1.7216e-02 8.9713e-02 6.2792e-01 2.6952e-01 4.9028e-01 5.1743e-01 1.5017e-01 
3.0869e-02 2.0285e+00 2.1436e+00 2.0897e+00 2.6911e-01 2.0296e+00 2.0140e+00 2.0305e+00 2.0101e+00 2.3230e-01 2.0101e+00 1.6790e-01 2.0394e+00 1.0047e-02 2.0614e+00 
