8.2687e-03 3.5192e-01 7.9276e-04 1.1235e+00 4.5342e-03 5.9839e-03 2.1807e-02 2.0740e-03 9.9601e-03 1.6504e-03 3.3806e+00 3.5316e-03 4.4276e-03 1.8807e-01 7.1181e-01 
1.0000e+03 1.0000e+03 1.0000e+03 1.0000e+03 1.0000e+03 1.0000e+03 1.0000e+03 6.1847e+02 1.0000e+03 1.0000e+03 1.0000e+03 2.4423e+02 1.0000e+03 1.0000e+03 1.0000e+03 
5.5439e+01 7.1199e+01 5.0058e+01 8.1201e+01 6.7151e+01 6.6562e+01 5.6096e+01 1.0502e+02 4.8687e+01 3.6976e+01 4.4974e+01 6.5944e+01 6.9045e+01 5.6255e+01 5.2056e+01 
6.6623e+01 1.0375e+02 6.3282e+01 6.6428e+01 9.0855e+01 8.3546e+01 1.0101e+02 6.2929e+01 9.1005e+01 5.9477e+01 6.7284e+01 5.9062e+01 6.3088e+01 1.0016e+02 6.5324e+01 
3.0622e+01 1.8330e+01 2.6367e+01 1.6238e+01 5.1928e+01 1.0000e-14 2.8422e-14 1.0000e-14 2.0691e+01 4.2604e+01 1.0658e-14 5.6207e+01 1.1288e+01 1.1288e+01 2.7534e-14 
8.3591e+01 2.0921e+02 8.5202e+01 7.7247e+01 1.2318e+02 1.0302e+02 1.0171e+02 1.4447e+02 1.7346e+02 2.1571e+02 6.7517e+01 2.3725e+02 7.7547e+01 1.7662e+02 3.8514e+02 
6.1585e+01 2.4273e+01 6.3083e+00 3.5919e+00 1.7280e+01 1.6626e+01 1.5280e+01 7.6233e+01 3.2897e+01 1.7838e+01 1.8207e+01 2.1800e+01 5.7952e+01 2.7936e+01 1.0367e+01 
6.2190e+01 2.8245e+02 2.2776e+02 4.0735e+01 1.7931e+01 4.6179e+01 1.1687e+02 7.0931e+01 1.7533e+01 9.0431e+01 1.9961e+02 7.9959e+01 1.7558e+01 1.8217e+01 2.0367e+01 
1.2893e+02 3.5840e+01 2.2326e+01 7.2313e+01 2.0081e+01 5.7842e+01 1.7892e+02 2.4894e+01 2.0846e+01 2.0494e+01 1.0537e+02 1.1545e+02 6.0191e+01 9.4086e+01 1.8556e+01 
1.0000e+03 1.0000e+03 1.0000e+03 1.0000e+03 1.0000e+03 1.0000e+03 1.0000e+03 1.0000e+03 1.0000e+03 1.0000e+03 1.0000e+03 1.0000e+03 1.0000e+03 1.0000e+03 1.0000e+03 
1.6217e+02 1.6541e+02 1.5670e+02 2.6614e+02 1.8650e+02 1.8459e+02 2.8795e+02 2.0073e+02 1.4652e+02 1.7740e+02 1.3832e+02 1.6592e+02 1.8598e+02 1.3658e+02 1.8831e+02 
1.0000e+03 1.0000e+03 1.0000e+03 7.3734e+02 1.0000e+03 1.0000e+03 1.0000e+03 1.0000e+03 1.0000e+03 1.0000e+03 1.0000e+03 1.0000e+03 1.0000e+03 1.0000e+03 1.0000e+03 
2.4676e+02 6.1651e+01 3.1245e+01 1.4275e+02 6.0867e+01 4.1086e+01 2.3031e+01 2.2039e+02 7.6203e+01 2.4418e+01 9.9863e+01 2.9617e+01 3.0812e+02 9.8270e+01 4.9721e+01 
3.3716e+00 2.1217e-02 2.9065e-01 5.5536e-02 4.0125e-02 5.8567e-02 5.6356e-01 6.4847e-01 5.1809e-01 6.6961e-02 1.1036e-01 5.2179e-02 1.4806e-02 2.4448e-02 1.7410e+00 
6.8182e+01 1.1834e+02 1.2857e+02 7.6106e+01 1.1924e+02 1.3132e+02 1.1136e+02 6.6041e+01 1.3901e+02 1.2088e+02 1.1674e+02 1.6162e+02 1.1977e+02 1.2766e+02 7.9369e+01 
2.1624e+01 1.2596e+01 2.0285e+01 1.8304e+01 1.4709e+01 8.8255e+00 1.2550e+01 1.0533e+01 1.1744e+01 1.6119e+01 9.8848e+00 1.8062e+01 1.4956e+01 1.6180e+01 1.4128e+01 
2.1834e+00 8.9531e-01 3.0382e+00 1.0940e+00 2.2636e+00 6.6684e-01 1.6892e+00 2.6594e+00 3.2186e+00 2.8285e+00 2.2835e+00 2.6020e+00 1.5374e+00 1.1712e+00 8.2686e-01 
6.3583e+00 1.3817e+01 4.6058e+00 1.1507e+01 7.5008e+00 3.5659e+00 6.1305e+00 8.9237e+00 8.0253e+00 6.3930e+00 4.1821e+00 4.6389e+00 8.8557e+00 5.2961e+00 9.2354e+00 
5.2244e+00 7.2467e+00 6.1019e+00 4.7968e+00 6.6626e+00 5.6670e+00 3.9791e+00 4.2623e+00 5.8355e+00 4.4145e+00 5.8358e+00 4.7369e+00 5.6381e+00 5.3901e+00 5.0069e+00 
1.5656e+00 1.8118e+00 1.2491e+00 1.8510e+00 1.9890e+00 1.3924e+00 1.7030e+00 1.7866e+00 1.6325e+00 1.3967e+00 1.7295e+00 1.8160e+00 1.7753e+00 1.3133e+00 1.6193e+00 
3.5134e-02 4.7460e+00 4.1322e-02 3.7328e+00 2.0697e+00 9.6207e+00 2.1188e+01 1.8183e+00 1.9447e+00 3.2269e+00 3.4065e+00 6.9429e+00 7.4133e+00 1.7251e+00 2.0840e+00 
1.4917e+01 4.7195e+00 8.7546e+00 5.1551e+01 8.7667e+00 4.9991e+00 1.6174e+01 8.7556e+00 1.1142e+01 2.6051e+01 2.0866e+00 2.1672e+00 2.7530e+01 8.8460e+00 1.9579e+00 
2.7684e+00 2.3224e+00 2.9920e+00 2.9415e+00 2.3085e+00 2.8692e+00 3.7489e+00 1.5663e+00 2.4234e+00 2.7332e+00 1.7515e+00 2.8233e+00 1.7703e+00 2.8463e+00 2.9128e+00 
1.5305e+02 1.4045e+02 1.6830e+02 1.5048e+02 1.3712e+02 1.3411e+02 1.7351e+02 1.6096e+02 1.4283e+02 1.5486e+02 1.5418e+02 1.3290e+02 1.7211e+02 1.3759e+02 1.3937e+02 
