% function evaluation | noise-free fitness - Fopt (2.997000000000e+01) | best noise-free fitness - Fopt | measured fitness | best measured fitness | x1 | x2...
1 +1.052404777e+03 +1.052404777e+03 +1.082374777e+03 +1.082374777e+03 +2.5561e+00 +1.8516e+00 +5.5415e-01
2 +5.987614384e+02 +5.987614384e+02 +6.287314384e+02 +6.287314384e+02 +1.2547e+00 +1.4191e+00 -1.6234e+00
14 +8.814156454e+01 +8.814156454e+01 +1.181115645e+02 +1.181115645e+02 +2.0673e+00 -2.9819e+00 -2.7669e+00
24 +5.072469453e+01 +5.072469453e+01 +8.069469453e+01 +8.069469453e+01 +9.7130e-01 -2.1322e+00 -3.0828e+00
79 +1.976576346e+01 +1.976576346e+01 +4.973576346e+01 +4.973576346e+01 +1.3261e+00 -2.2200e+00 -3.0956e+00
108 +1.440006610e+01 +1.440006610e+01 +4.437006610e+01 +4.437006610e+01 +1.4275e+00 -2.4410e+00 -2.9560e+00
176 +9.386609080e+00 +9.386609080e+00 +3.935660908e+01 +3.935660908e+01 +1.3781e+00 -2.4104e+00 -3.0378e+00
225 +6.233524538e+00 +6.233524538e+00 +3.620352454e+01 +3.620352454e+01 +1.3852e+00 -2.4684e+00 -2.9869e+00
496 +3.811432930e+00 +3.811432930e+00 +3.378143293e+01 +3.378143293e+01 +1.2809e+00 -2.3034e+00 -3.1279e+00
514 +2.478907908e+00 +2.478907908e+00 +3.244890791e+01 +3.244890791e+01 +1.1987e+00 -2.1843e+00 -3.2336e+00
533 +1.574593165e+00 +1.574593165e+00 +3.154459316e+01 +3.154459316e+01 +1.0008e+00 -1.8861e+00 -3.4891e+00
534 +8.223624899e-01 +8.223624899e-01 +3.079236249e+01 +3.079236249e+01 +9.5958e-01 -1.8289e+00 -3.5448e+00
577 +5.831067374e-01 +5.831067374e-01 +3.055310674e+01 +3.055310674e+01 +9.0537e-01 -1.7478e+00 -3.6252e+00
586 +2.588534855e-01 +2.588534855e-01 +3.022885349e+01 +3.022885349e+01 +8.2349e-01 -1.6301e+00 -3.7257e+00
590 +1.702674203e-01 +1.702674203e-01 +3.014026742e+01 +3.014026742e+01 +8.9257e-01 -1.7301e+00 -3.6363e+00
628 +5.326747490e-02 +5.326747490e-02 +3.002326747e+01 +3.002326747e+01 +8.8218e-01 -1.7157e+00 -3.6501e+00
690 +4.149308096e-03 +4.149308096e-03 +2.997414931e+01 +2.997414931e+01 +8.7265e-01 -1.7014e+00 -3.6631e+00
766 +3.496508944e-03 +3.496508944e-03 +2.997349651e+01 +2.997349651e+01 +8.7302e-01 -1.7020e+00 -3.6626e+00
794 +2.041055578e-03 +2.041055578e-03 +2.997204106e+01 +2.997204106e+01 +8.7319e-01 -1.7022e+00 -3.6624e+00
801 +1.527590173e-03 +1.527590173e-03 +2.997152759e+01 +2.997152759e+01 +8.7532e-01 -1.7054e+00 -3.6596e+00
838 +6.468538206e-04 +6.468538206e-04 +2.997064685e+01 +2.997064685e+01 +8.7399e-01 -1.7034e+00 -3.6613e+00
857 +3.961652234e-04 +3.961652234e-04 +2.997039617e+01 +2.997039617e+01 +8.7410e-01 -1.7036e+00 -3.6612e+00
873 +2.161014658e-04 +2.161014658e-04 +2.997021610e+01 +2.997021610e+01 +8.7416e-01 -1.7036e+00 -3.6611e+00
948 +5.497159403e-05 +5.497159403e-05 +2.997005497e+01 +2.997005497e+01 +8.7392e-01 -1.7033e+00 -3.6614e+00
987 +3.512386359e-05 +3.512386359e-05 +2.997003512e+01 +2.997003512e+01 +8.7389e-01 -1.7032e+00 -3.6615e+00
1031 +1.790695968e-05 +1.790695968e-05 +2.997001791e+01 +2.997001791e+01 +8.7388e-01 -1.7032e+00 -3.6615e+00
1075 +8.454314738e-06 +8.454314738e-06 +2.997000845e+01 +2.997000845e+01 +8.7391e-01 -1.7033e+00 -3.6614e+00
1160 +6.242238069e-06 +6.242238069e-06 +2.997000624e+01 +2.997000624e+01 +8.7390e-01 -1.7033e+00 -3.6615e+00
1684 +3.772762788e-06 +3.772762788e-06 +2.997000377e+01 +2.997000377e+01 +8.7400e-01 -1.7034e+00 -3.6613e+00
1699 +2.187031850e-06 +2.187031850e-06 +2.997000219e+01 +2.997000219e+01 +8.7414e-01 -1.7036e+00 -3.6611e+00
1705 +1.259481166e-06 +1.259481166e-06 +2.997000126e+01 +2.997000126e+01 +8.7429e-01 -1.7038e+00 -3.6609e+00
1708 +9.826383049e-07 +9.826383049e-07 +2.997000098e+01 +2.997000098e+01 +8.7424e-01 -1.7038e+00 -3.6610e+00
1764 +1.956501237e-07 +1.956501237e-07 +2.997000020e+01 +2.997000020e+01 +8.7443e-01 -1.7040e+00 -3.6608e+00
1810 +1.581514120e-07 +1.581514120e-07 +2.997000016e+01 +2.997000016e+01 +8.7440e-01 -1.7040e+00 -3.6608e+00
1833 +8.839916177e-08 +8.839916177e-08 +2.997000009e+01 +2.997000009e+01 +8.7442e-01 -1.7040e+00 -3.6608e+00
1842 +3.477547850e-08 +3.477547850e-08 +2.997000003e+01 +2.997000003e+01 +8.7441e-01 -1.7040e+00 -3.6608e+00
1932 +1.828988161e-08 +1.828988161e-08 +2.997000002e+01 +2.997000002e+01 +8.7442e-01 -1.7040e+00 -3.6608e+00
1954 +1.301076580e-08 +1.301076580e-08 +2.997000001e+01 +2.997000001e+01 +8.7442e-01 -1.7040e+00 -3.6608e+00
1993 +9.213621865e-09 +9.213621865e-09 +2.997000001e+01 +2.997000001e+01 +8.7441e-01 -1.7040e+00 -3.6608e+00
2021 +2.925862219e-09 +2.925862219e-09 +2.997000000e+01 +2.997000000e+01 +8.7440e-01 -1.7040e+00 -3.6608e+00
2106 +2.329759496e-09 +2.329759496e-09 +2.997000000e+01 +2.997000000e+01 +8.7440e-01 -1.7040e+00 -3.6608e+00
2134 +1.552535878e-09 +1.552535878e-09 +2.997000000e+01 +2.997000000e+01 +8.7440e-01 -1.7040e+00 -3.6608e+00
2146 +5.734612785e-10 +5.734612785e-10 +2.997000000e+01 +2.997000000e+01 +8.7440e-01 -1.7040e+00 -3.6608e+00
2162 +3.967137729e-10 +3.967137729e-10 +2.997000000e+01 +2.997000000e+01 +8.7440e-01 -1.7040e+00 -3.6608e+00
2192 +1.279438777e-10 +1.279438777e-10 +2.997000000e+01 +2.997000000e+01 +8.7440e-01 -1.7040e+00 -3.6608e+00
2289 +4.100542128e-11 +4.100542128e-11 +2.997000000e+01 +2.997000000e+01 +8.7440e-01 -1.7040e+00 -3.6608e+00
2296 +1.100630698e-11 +1.100630698e-11 +2.997000000e+01 +2.997000000e+01 +8.7440e-01 -1.7040e+00 -3.6608e+00
2392 +4.018119171e-12 +4.018119171e-12 +2.997000000e+01 +2.997000000e+01 +8.7440e-01 -1.7040e+00 -3.6608e+00
2421 +3.872457910e-12 +3.872457910e-12 +2.997000000e+01 +2.997000000e+01 +8.7440e-01 -1.7040e+00 -3.6608e+00
2473 +2.504663144e-12 +2.504663144e-12 +2.997000000e+01 +2.997000000e+01 +8.7440e-01 -1.7040e+00 -3.6608e+00
2491 +1.499245172e-12 +1.499245172e-12 +2.997000000e+01 +2.997000000e+01 +8.7440e-01 -1.7040e+00 -3.6608e+00
2529 +9.521272659e-13 +9.521272659e-13 +2.997000000e+01 +2.997000000e+01 +8.7440e-01 -1.7040e+00 -3.6608e+00
2559 +4.689582056e-13 +4.689582056e-13 +2.997000000e+01 +2.997000000e+01 +8.7440e-01 -1.7040e+00 -3.6608e+00
2624 +3.979039320e-13 +3.979039320e-13 +2.997000000e+01 +2.997000000e+01 +8.7440e-01 -1.7040e+00 -3.6608e+00
% function evaluation | noise-free fitness - Fopt (-5.171000000000e+01) | best noise-free fitness - Fopt | measured fitness | best measured fitness | x1 | x2...
1 +8.782809238e+02 +8.782809238e+02 +8.265709238e+02 +8.265709238e+02 +7.4970e-01 -1.7106e-01 -6.2695e-01
5 +4.043801146e+02 +4.043801146e+02 +3.526701146e+02 +3.526701146e+02 +3.1079e+00 +1.0644e+00 -2.5950e+00
7 +3.842824391e+02 +3.842824391e+02 +3.325724391e+02 +3.325724391e+02 +2.3092e+00 +1.7328e+00 -3.3838e+00
24 +1.889665914e+02 +1.889665914e+02 +1.372565914e+02 +1.372565914e+02 +7.7085e+00 +1.4920e+00 -2.9941e+00
31 +8.264453614e+01 +8.264453614e+01 +3.093453614e+01 +3.093453614e+01 +6.2080e+00 +1.7458e+00 -2.9505e+00
79 +5.471953598e+01 +5.471953598e+01 +3.009535981e+00 +3.009535981e+00 +5.4062e+00 +1.6656e+00 -2.8958e+00
99 +3.480190991e+01 +3.480190991e+01 -1.690809009e+01 -1.690809009e+01 +5.6608e+00 +1.7023e+00 -2.9038e+00
121 +2.067852708e+01 +2.067852708e+01 -3.103147292e+01 -3.103147292e+01 +5.0684e+00 +2.0630e+00 -3.1031e+00
186 +1.462282049e+01 +1.462282049e+01 -3.708717951e+01 -3.708717951e+01 +4.2888e+00 +2.3263e+00 -3.1216e+00
197 +8.593053086e+00 +8.593053086e+00 -4.311694691e+01 -4.311694691e+01 +3.8567e+00 +2.5788e+00 -3.2544e+00
240 +4.418608123e+00 +4.418608123e+00 -4.729139188e+01 -4.729139188e+01 +3.9360e+00 +2.5247e+00 -3.2028e+00
321 +3.764884383e+00 +3.764884383e+00 -4.794511562e+01 -4.794511562e+01 +3.9837e+00 +2.5071e+00 -3.2092e+00
362 +2.369033024e+00 +2.369033024e+00 -4.934096698e+01 -4.934096698e+01 +3.6329e+00 +2.6682e+00 -3.2483e+00
425 +1.230838101e+00 +1.230838101e+00 -5.047916190e+01 -5.047916190e+01 +3.4577e+00 +2.7451e+00 -3.2652e+00
475 +9.773258248e-01 +9.773258248e-01 -5.073267418e+01 -5.073267418e+01 +3.2620e+00 +2.8352e+00 -3.2881e+00
514 +5.391908213e-01 +5.391908213e-01 -5.117080918e+01 -5.117080918e+01 +2.9839e+00 +2.9589e+00 -3.3184e+00
524 +3.890478030e-01 +3.890478030e-01 -5.132095220e+01 -5.132095220e+01 +2.8568e+00 +3.0170e+00 -3.3315e+00
590 +2.037111562e-01 +2.037111562e-01 -5.150628884e+01 -5.150628884e+01 +2.8712e+00 +3.0115e+00 -3.3319e+00
598 +1.025889964e-01 +1.025889964e-01 -5.160741100e+01 -5.160741100e+01 +2.7699e+00 +3.0575e+00 -3.3432e+00
620 +8.394852886e-02 +8.394852886e-02 -5.162605147e+01 -5.162605147e+01 +2.7737e+00 +3.0558e+00 -3.3427e+00
629 +6.277280459e-02 +6.277280459e-02 -5.164722720e+01 -5.164722720e+01 +2.7639e+00 +3.0603e+00 -3.3437e+00
691 +3.318153239e-02 +3.318153239e-02 -5.167681847e+01 -5.167681847e+01 +2.7154e+00 +3.0822e+00 -3.3491e+00
703 +2.069508371e-02 +2.069508371e-02 -5.168930492e+01 -5.168930492e+01 +2.6912e+00 +3.0932e+00 -3.3517e+00
757 +1.377764185e-02 +1.377764185e-02 -5.169622236e+01 -5.169622236e+01 +2.6661e+00 +3.1046e+00 -3.3546e+00
766 +9.272318787e-03 +9.272318787e-03 -5.170072768e+01 -5.170072768e+01 +2.6706e+00 +3.1025e+00 -3.3541e+00
817 +6.212602908e-03 +6.212602908e-03 -5.170378740e+01 -5.170378740e+01 +2.6607e+00 +3.1071e+00 -3.3552e+00
822 +3.539965694e-03 +3.539965694e-03 -5.170646003e+01 -5.170646003e+01 +2.6445e+00 +3.1144e+00 -3.3570e+00
885 +1.392242134e-03 +1.392242134e-03 -5.170860776e+01 -5.170860776e+01 +2.6176e+00 +3.1266e+00 -3.3601e+00
896 +9.972432872e-04 +9.972432872e-04 -5.170900276e+01 -5.170900276e+01 +2.5950e+00 +3.1369e+00 -3.3626e+00
936 +5.494270891e-04 +5.494270891e-04 -5.170945057e+01 -5.170945057e+01 +2.5896e+00 +3.1393e+00 -3.3632e+00
950 +2.721240696e-04 +2.721240696e-04 -5.170972788e+01 -5.170972788e+01 +2.6040e+00 +3.1328e+00 -3.3616e+00
985 +1.500216319e-04 +1.500216319e-04 -5.170984998e+01 -5.170984998e+01 +2.6023e+00 +3.1335e+00 -3.3618e+00
1030 +4.358072916e-05 +4.358072916e-05 -5.170995642e+01 -5.170995642e+01 +2.6081e+00 +3.1310e+00 -3.3611e+00
1064 +3.135038583e-05 +3.135038583e-05 -5.170996865e+01 -5.170996865e+01 +2.6074e+00 +3.1312e+00 -3.3612e+00
1150 +2.296008796e-05 +2.296008796e-05 -5.170997704e+01 -5.170997704e+01 +2.6068e+00 +3.1315e+00 -3.3613e+00
1211 +1.439945149e-05 +1.439945149e-05 -5.170998560e+01 -5.170998560e+01 +2.6069e+00 +3.1315e+00 -3.3613e+00
1256 +7.841698910e-06 +7.841698910e-06 -5.170999216e+01 -5.170999216e+01 +2.6059e+00 +3.1320e+00 -3.3614e+00
1265 +5.186568558e-06 +5.186568558e-06 -5.170999481e+01 -5.170999481e+01 +2.6054e+00 +3.1322e+00 -3.3614e+00
1326 +3.363973462e-06 +3.363973462e-06 -5.170999664e+01 -5.170999664e+01 +2.6036e+00 +3.1330e+00 -3.3616e+00
1332 +2.362294417e-06 +2.362294417e-06 -5.170999764e+01 -5.170999764e+01 +2.6036e+00 +3.1330e+00 -3.3616e+00
1343 +9.052009418e-07 +9.052009418e-07 -5.170999909e+01 -5.170999909e+01 +2.6037e+00 +3.1330e+00 -3.3616e+00
1375 +4.938301643e-07 +4.938301643e-07 -5.170999951e+01 -5.170999951e+01 +2.6038e+00 +3.1329e+00 -3.3616e+00
1396 +2.052887993e-07 +2.052887993e-07 -5.170999979e+01 -5.170999979e+01 +2.6039e+00 +3.1328e+00 -3.3616e+00
1426 +1.052866523e-07 +1.052866523e-07 -5.170999989e+01 -5.170999989e+01 +2.6038e+00 +3.1329e+00 -3.3616e+00
1455 +6.182078494e-08 +6.182078494e-08 -5.170999994e+01 -5.170999994e+01 +2.6038e+00 +3.1329e+00 -3.3616e+00
1720 +3.916908753e-08 +3.916908753e-08 -5.170999996e+01 -5.170999996e+01 +2.6038e+00 +3.1329e+00 -3.3616e+00
1761 +2.400701504e-08 +2.400701504e-08 -5.170999998e+01 -5.170999998e+01 +2.6039e+00 +3.1329e+00 -3.3616e+00
1822 +1.416551498e-08 +1.416551498e-08 -5.170999999e+01 -5.170999999e+01 +2.6039e+00 +3.1328e+00 -3.3616e+00
1846 +9.320231698e-09 +9.320231698e-09 -5.170999999e+01 -5.170999999e+01 +2.6039e+00 +3.1328e+00 -3.3616e+00
1867 +4.100733975e-09 +4.100733975e-09 -5.171000000e+01 -5.171000000e+01 +2.6040e+00 +3.1328e+00 -3.3616e+00
1869 +3.514188052e-09 +3.514188052e-09 -5.171000000e+01 -5.171000000e+01 +2.6040e+00 +3.1328e+00 -3.3616e+00
1905 +9.382006283e-10 +9.382006283e-10 -5.171000000e+01 -5.171000000e+01 +2.6040e+00 +3.1328e+00 -3.3616e+00
1933 +4.147153732e-10 +4.147153732e-10 -5.171000000e+01 -5.171000000e+01 +2.6040e+00 +3.1328e+00 -3.3616e+00
1993 +3.173710184e-10 +3.173710184e-10 -5.171000000e+01 -5.171000000e+01 +2.6040e+00 +3.1328e+00 -3.3616e+00
2006 +2.380602382e-10 +2.380602382e-10 -5.171000000e+01 -5.171000000e+01 +2.6040e+00 +3.1328e+00 -3.3616e+00
2021 +1.135802563e-10 +1.135802563e-10 -5.171000000e+01 -5.171000000e+01 +2.6040e+00 +3.1328e+00 -3.3616e+00
2065 +9.868728057e-11 +9.868728057e-11 -5.171000000e+01 -5.171000000e+01 +2.6040e+00 +3.1328e+00 -3.3616e+00
2081 +6.307487865e-11 +6.307487865e-11 -5.171000000e+01 -5.171000000e+01 +2.6040e+00 +3.1328e+00 -3.3616e+00
2117 +3.498712431e-11 +3.498712431e-11 -5.171000000e+01 -5.171000000e+01 +2.6040e+00 +3.1328e+00 -3.3616e+00
2135 +7.595701845e-12 +7.595701845e-12 -5.171000000e+01 -5.171000000e+01 +2.6040e+00 +3.1328e+00 -3.3616e+00
2196 +5.428546501e-12 +5.428546501e-12 -5.171000000e+01 -5.171000000e+01 +2.6040e+00 +3.1328e+00 -3.3616e+00
2228 +2.415845302e-12 +2.415845302e-12 -5.171000000e+01 -5.171000000e+01 +2.6040e+00 +3.1328e+00 -3.3616e+00
% function evaluation | noise-free fitness - Fopt (-2.799500000000e+02) | best noise-free fitness - Fopt | measured fitness | best measured fitness | x1 | x2...
1 +2.473921637e+03 +2.473921637e+03 +2.193971637e+03 +2.193971637e+03 +2.1892e+00 +1.0704e+00 -2.4450e+00
15 +9.583356308e+02 +9.583356308e+02 +6.783856308e+02 +6.783856308e+02 +3.9680e-01 -1.5442e+00 +2.3016e+00
29 +3.880537207e+02 +3.880537207e+02 +1.081037207e+02 +1.081037207e+02 -2.7950e+00 -3.8697e+00 +1.4180e+00
39 +2.287301330e+02 +2.287301330e+02 -5.121986703e+01 -5.121986703e+01 +6.6382e-01 -6.2341e+00 +5.1504e-01
46 +1.258200513e+02 +1.258200513e+02 -1.541299487e+02 -1.541299487e+02 -2.4598e+00 -4.9087e+00 +2.7683e+00
124 +8.139338039e+01 +8.139338039e+01 -1.985566196e+02 -1.985566196e+02 -1.2862e+00 -6.1161e+00 +8.5820e-01
146 +6.233208672e+01 +6.233208672e+01 -2.176179133e+02 -2.176179133e+02 -1.1854e+00 -5.9768e+00 +9.0210e-01
191 +3.549049668e+01 +3.549049668e+01 -2.444595033e+02 -2.444595033e+02 -2.2157e+00 -5.1625e+00 +1.9391e+00
198 +1.965180045e+01 +1.965180045e+01 -2.602981996e+02 -2.602981996e+02 -2.6967e+00 -4.6418e+00 +2.4817e+00
235 +9.344645877e+00 +9.344645877e+00 -2.706053541e+02 -2.706053541e+02 -3.4020e+00 -4.1736e+00 +3.0655e+00
242 +1.754566548e+00 +1.754566548e+00 -2.781954335e+02 -2.781954335e+02 -3.3244e+00 -4.2295e+00 +2.9519e+00
368 +1.032332786e+00 +1.032332786e+00 -2.789176672e+02 -2.789176672e+02 -3.5563e+00 -4.0122e+00 +3.2084e+00
404 +6.657723291e-01 +6.657723291e-01 -2.792842277e+02 -2.792842277e+02 -3.6686e+00 -3.9140e+00 +3.3345e+00
425 +4.388150542e-01 +4.388150542e-01 -2.795111849e+02 -2.795111849e+02 -3.7043e+00 -3.8795e+00 +3.3730e+00
460 +2.582582544e-01 +2.582582544e-01 -2.796917417e+02 -2.796917417e+02 -3.6842e+00 -3.9023e+00 +3.3442e+00
477 +1.623848252e-01 +1.623848252e-01 -2.797876152e+02 -2.797876152e+02 -3.6969e+00 -3.8898e+00 +3.3595e+00
479 +1.347165812e-01 +1.347165812e-01 -2.798152834e+02 -2.798152834e+02 -3.7062e+00 -3.8807e+00 +3.3709e+00
492 +6.385106852e-02 +6.385106852e-02 -2.798861489e+02 -2.798861489e+02 -3.6760e+00 -3.9083e+00 +3.3381e+00
571 +5.014002440e-02 +5.014002440e-02 -2.798998600e+02 -2.798998600e+02 -3.6434e+00 -3.9372e+00 +3.3031e+00
592 +3.673195770e-02 +3.673195770e-02 -2.799132680e+02 -2.799132680e+02 -3.6336e+00 -3.9457e+00 +3.2929e+00
595 +2.291504940e-02 +2.291504940e-02 -2.799270850e+02 -2.799270850e+02 -3.6408e+00 -3.9395e+00 +3.3006e+00
621 +1.451347840e-02 +1.451347840e-02 -2.799354865e+02 -2.799354865e+02 -3.6483e+00 -3.9328e+00 +3.3086e+00
673 +8.960531501e-03 +8.960531501e-03 -2.799410395e+02 -2.799410395e+02 -3.6439e+00 -3.9366e+00 +3.3040e+00
691 +6.255317281e-03 +6.255317281e-03 -2.799437447e+02 -2.799437447e+02 -3.6430e+00 -3.9375e+00 +3.3030e+00
1055 +3.775739705e-03 +3.775739705e-03 -2.799462243e+02 -2.799462243e+02 -3.6369e+00 -3.9429e+00 +3.2965e+00
1074 +2.279072255e-03 +2.279072255e-03 -2.799477209e+02 -2.799477209e+02 -3.6323e+00 -3.9470e+00 +3.2916e+00
1089 +1.561286932e-03 +1.561286932e-03 -2.799484387e+02 -2.799484387e+02 -3.6246e+00 -3.9538e+00 +3.2834e+00
1090 +4.211043832e-04 +4.211043832e-04 -2.799495789e+02 -2.799495789e+02 -3.6219e+00 -3.9561e+00 +3.2806e+00
1124 +3.639373627e-04 +3.639373627e-04 -2.799496361e+02 -2.799496361e+02 -3.6218e+00 -3.9563e+00 +3.2804e+00
1144 +1.345483761e-04 +1.345483761e-04 -2.799498655e+02 -2.799498655e+02 -3.6176e+00 -3.9600e+00 +3.2761e+00
1160 +9.918744422e-05 +9.918744422e-05 -2.799499008e+02 -2.799499008e+02 -3.6187e+00 -3.9591e+00 +3.2771e+00
1196 +4.537206229e-05 +4.537206229e-05 -2.799499546e+02 -2.799499546e+02 -3.6189e+00 -3.9589e+00 +3.2774e+00
1203 +2.992599815e-05 +2.992599815e-05 -2.799499701e+02 -2.799499701e+02 -3.6174e+00 -3.9602e+00 +3.2758e+00
1234 +2.470528096e-05 +2.470528096e-05 -2.799499753e+02 -2.799499753e+02 -3.6168e+00 -3.9607e+00 +3.2751e+00
1262 +1.208386664e-05 +1.208386664e-05 -2.799499879e+02 -2.799499879e+02 -3.6179e+00 -3.9597e+00 +3.2763e+00
1287 +4.802205410e-06 +4.802205410e-06 -2.799499952e+02 -2.799499952e+02 -3.6182e+00 -3.9595e+00 +3.2766e+00
1317 +3.814068123e-06 +3.814068123e-06 -2.799499962e+02 -2.799499962e+02 -3.6179e+00 -3.9597e+00 +3.2763e+00
1363 +2.444360746e-06 +2.444360746e-06 -2.799499976e+02 -2.799499976e+02 -3.6180e+00 -3.9597e+00 +3.2764e+00
1375 +1.213897065e-06 +1.213897065e-06 -2.799499988e+02 -2.799499988e+02 -3.6179e+00 -3.9597e+00 +3.2764e+00
1447 +9.223094253e-07 +9.223094253e-07 -2.799499991e+02 -2.799499991e+02 -3.6179e+00 -3.9597e+00 +3.2763e+00
1549 +6.305800184e-07 +6.305800184e-07 -2.799499994e+02 -2.799499994e+02 -3.6178e+00 -3.9598e+00 +3.2763e+00
1570 +3.730651201e-07 +3.730651201e-07 -2.799499996e+02 -2.799499996e+02 -3.6177e+00 -3.9599e+00 +3.2762e+00
1597 +2.007735702e-07 +2.007735702e-07 -2.799499998e+02 -2.799499998e+02 -3.6177e+00 -3.9599e+00 +3.2761e+00
1654 +1.354791834e-07 +1.354791834e-07 -2.799499999e+02 -2.799499999e+02 -3.6176e+00 -3.9600e+00 +3.2760e+00
1671 +4.676792287e-08 +4.676792287e-08 -2.799500000e+02 -2.799500000e+02 -3.6176e+00 -3.9600e+00 +3.2760e+00
1701 +3.158510253e-08 +3.158510253e-08 -2.799500000e+02 -2.799500000e+02 -3.6176e+00 -3.9600e+00 +3.2760e+00
1746 +2.115353936e-08 +2.115353936e-08 -2.799500000e+02 -2.799500000e+02 -3.6176e+00 -3.9600e+00 +3.2760e+00
1752 +1.369392066e-08 +1.369392066e-08 -2.799500000e+02 -2.799500000e+02 -3.6176e+00 -3.9600e+00 +3.2760e+00
1793 +9.667928680e-09 +9.667928680e-09 -2.799500000e+02 -2.799500000e+02 -3.6176e+00 -3.9600e+00 +3.2760e+00
1822 +3.980119345e-09 +3.980119345e-09 -2.799500000e+02 -2.799500000e+02 -3.6176e+00 -3.9600e+00 +3.2760e+00
1842 +1.375781267e-09 +1.375781267e-09 -2.799500000e+02 -2.799500000e+02 -3.6176e+00 -3.9600e+00 +3.2760e+00
1867 +8.219558367e-10 +8.219558367e-10 -2.799500000e+02 -2.799500000e+02 -3.6176e+00 -3.9600e+00 +3.2760e+00
1907 +6.043023859e-10 +6.043023859e-10 -2.799500000e+02 -2.799500000e+02 -3.6176e+00 -3.9600e+00 +3.2760e+00
1987 +2.848992153e-10 +2.848992153e-10 -2.799500000e+02 -2.799500000e+02 -3.6176e+00 -3.9600e+00 +3.2760e+00
2030 +2.225419848e-10 +2.225419848e-10 -2.799500000e+02 -2.799500000e+02 -3.6176e+00 -3.9600e+00 +3.2760e+00
4448 +5.996980690e-11 +5.996980690e-11 -2.799500000e+02 -2.799500000e+02 -3.6176e+00 -3.9600e+00 +3.2760e+00
4609 +3.632294465e-11 +3.632294465e-11 -2.799500000e+02 -2.799500000e+02 -3.6176e+00 -3.9600e+00 +3.2760e+00
4618 +2.478373062e-11 +2.478373062e-11 -2.799500000e+02 -2.799500000e+02 -3.6176e+00 -3.9600e+00 +3.2760e+00
4639 +8.981260180e-12 +8.981260180e-12 -2.799500000e+02 -2.799500000e+02 -3.6176e+00 -3.9600e+00 +3.2760e+00
4667 +5.968558980e-12 +5.968558980e-12 -2.799500000e+02 -2.799500000e+02 -3.6176e+00 -3.9600e+00 +3.2760e+00
% function evaluation | noise-free fitness - Fopt (9.319900000000e+02) | best noise-free fitness - Fopt | measured fitness | best measured fitness | x1 | x2...
1 +7.328835126e+02 +7.328835126e+02 +1.664873513e+03 +1.664873513e+03 +2.4276e+00 -1.5920e+00 -2.6474e+00
3 +5.961550878e+02 +5.961550878e+02 +1.528145088e+03 +1.528145088e+03 +2.8573e-01 -1.0266e+00 -2.5825e+00
15 +2.675384271e+02 +2.675384271e+02 +1.199528427e+03 +1.199528427e+03 +1.1518e+00 -1.7965e+00 +2.6167e+00
26 +1.325991910e+02 +1.325991910e+02 +1.064589191e+03 +1.064589191e+03 +1.4876e+00 +1.6852e+00 +4.0263e+00
55 +2.237712415e+01 +2.237712415e+01 +9.543671242e+02 +9.543671242e+02 +1.0807e+00 +2.4549e-01 +2.9069e+00
102 +1.426012283e+01 +1.426012283e+01 +9.462501228e+02 +9.462501228e+02 +1.3577e+00 +9.5446e-01 +2.7679e+00
123 +9.061539079e+00 +9.061539079e+00 +9.410515391e+02 +9.410515391e+02 +1.4354e+00 +1.0254e+00 +2.9253e+00
160 +3.153276006e+00 +3.153276006e+00 +9.351432760e+02 +9.351432760e+02 +1.3479e+00 +8.7107e-01 +2.9298e+00
166 +2.289702794e+00 +2.289702794e+00 +9.342797028e+02 +9.342797028e+02 +1.2961e+00 +7.6044e-01 +2.9632e+00
170 +1.294370191e+00 +1.294370191e+00 +9.332843702e+02 +9.332843702e+02 +1.2943e+00 +7.7359e-01 +2.9713e+00
240 +9.008782192e-01 +9.008782192e-01 +9.328908782e+02 +9.328908782e+02 +1.2263e+00 +6.2330e-01 +3.0011e+00
347 +5.722919811e-01 +5.722919811e-01 +9.325622920e+02 +9.325622920e+02 +1.2579e+00 +6.9197e-01 +2.9859e+00
398 +3.819175456e-01 +3.819175456e-01 +9.323719175e+02 +9.323719175e+02 +1.2679e+00 +7.1964e-01 +2.9753e+00
409 +2.359175290e-01 +2.359175290e-01 +9.322259175e+02 +9.322259175e+02 +1.2732e+00 +7.3099e-01 +2.9728e+00
461 +1.397365515e-01 +1.397365515e-01 +9.321297366e+02 +9.321297366e+02 +1.2923e+00 +7.7506e-01 +2.9612e+00
490 +6.417831548e-02 +6.417831548e-02 +9.320541783e+02 +9.320541783e+02 +1.3149e+00 +8.2821e-01 +2.9459e+00
492 +5.727595020e-02 +5.727595020e-02 +9.320472760e+02 +9.320472760e+02 +1.3190e+00 +8.3799e-01 +2.9430e+00
496 +2.502860595e-02 +2.502860595e-02 +9.320150286e+02 +9.320150286e+02 +1.3265e+00 +8.5554e-01 +2.9374e+00
579 +9.598852932e-03 +9.598852932e-03 +9.319995989e+02 +9.319995989e+02 +1.3399e+00 +8.8682e-01 +2.9285e+00
590 +4.751023375e-03 +4.751023375e-03 +9.319947510e+02 +9.319947510e+02 +1.3343e+00 +8.7355e-01 +2.9324e+00
622 +3.307213412e-03 +3.307213412e-03 +9.319933072e+02 +9.319933072e+02 +1.3350e+00 +8.7535e-01 +2.9319e+00
629 +2.188873541e-03 +2.188873541e-03 +9.319921889e+02 +9.319921889e+02 +1.3354e+00 +8.7613e-01 +2.9316e+00
668 +1.104594204e-03 +1.104594204e-03 +9.319911046e+02 +9.319911046e+02 +1.3380e+00 +8.8233e-01 +2.9299e+00
719 +7.217021030e-04 +7.217021030e-04 +9.319907217e+02 +9.319907217e+02 +1.3372e+00 +8.8050e-01 +2.9304e+00
749 +6.006249092e-04 +6.006249092e-04 +9.319906006e+02 +9.319906006e+02 +1.3367e+00 +8.7933e-01 +2.9307e+00
765 +3.861930107e-04 +3.861930107e-04 +9.319903862e+02 +9.319903862e+02 +1.3365e+00 +8.7880e-01 +2.9309e+00
804 +2.433204395e-04 +2.433204395e-04 +9.319902433e+02 +9.319902433e+02 +1.3367e+00 +8.7912e-01 +2.9308e+00
829 +1.206862781e-04 +1.206862781e-04 +9.319901207e+02 +9.319901207e+02 +1.3369e+00 +8.7971e-01 +2.9306e+00
891 +9.864403398e-05 +9.864403398e-05 +9.319900986e+02 +9.319900986e+02 +1.3369e+00 +8.7979e-01 +2.9306e+00
1375 +6.176330407e-05 +6.176330407e-05 +9.319900618e+02 +9.319900618e+02 +1.3372e+00 +8.8030e-01 +2.9304e+00
1409 +3.839238457e-05 +3.839238457e-05 +9.319900384e+02 +9.319900384e+02 +1.3376e+00 +8.8144e-01 +2.9301e+00
1426 +2.487887741e-05 +2.487887741e-05 +9.319900249e+02 +9.319900249e+02 +1.3377e+00 +8.8163e-01 +2.9301e+00
1438 +9.596295172e-06 +9.596295172e-06 +9.319900096e+02 +9.319900096e+02 +1.3383e+00 +8.8287e-01 +2.9297e+00
1461 +4.779329515e-06 +4.779329515e-06 +9.319900048e+02 +9.319900048e+02 +1.3386e+00 +8.8377e-01 +2.9294e+00
1489 +3.826476473e-06 +3.826476473e-06 +9.319900038e+02 +9.319900038e+02 +1.3383e+00 +8.8301e-01 +2.9297e+00
1501 +1.625824552e-06 +1.625824552e-06 +9.319900016e+02 +9.319900016e+02 +1.3383e+00 +8.8307e-01 +2.9296e+00
1510 +1.245216595e-06 +1.245216595e-06 +9.319900012e+02 +9.319900012e+02 +1.3383e+00 +8.8291e-01 +2.9297e+00
1539 +7.912676665e-07 +7.912676665e-07 +9.319900008e+02 +9.319900008e+02 +1.3383e+00 +8.8305e-01 +2.9296e+00
1546 +5.306405910e-07 +5.306405910e-07 +9.319900005e+02 +9.319900005e+02 +1.3383e+00 +8.8306e-01 +2.9296e+00
1553 +3.766784857e-07 +3.766784857e-07 +9.319900004e+02 +9.319900004e+02 +1.3383e+00 +8.8300e-01 +2.9297e+00
1616 +1.921196144e-07 +1.921196144e-07 +9.319900002e+02 +9.319900002e+02 +1.3384e+00 +8.8330e-01 +2.9296e+00
1641 +1.425777327e-07 +1.425777327e-07 +9.319900001e+02 +9.319900001e+02 +1.3384e+00 +8.8329e-01 +2.9296e+00
1679 +9.605400919e-08 +9.605400919e-08 +9.319900001e+02 +9.319900001e+02 +1.3384e+00 +8.8329e-01 +2.9296e+00
1681 +5.493393473e-08 +5.493393473e-08 +9.319900001e+02 +9.319900001e+02 +1.3384e+00 +8.8327e-01 +2.9296e+00
1714 +3.145612482e-08 +3.145612482e-08 +9.319900000e+02 +9.319900000e+02 +1.3384e+00 +8.8320e-01 +2.9296e+00
1784 +1.800810878e-08 +1.800810878e-08 +9.319900000e+02 +9.319900000e+02 +1.3384e+00 +8.8322e-01 +2.9296e+00
1811 +5.278479875e-09 +5.278479875e-09 +9.319900000e+02 +9.319900000e+02 +1.3384e+00 +8.8322e-01 +2.9296e+00
1849 +3.970058060e-09 +3.970058060e-09 +9.319900000e+02 +9.319900000e+02 +1.3384e+00 +8.8321e-01 +2.9296e+00
1862 +2.204842531e-09 +2.204842531e-09 +9.319900000e+02 +9.319900000e+02 +1.3384e+00 +8.8321e-01 +2.9296e+00
1900 +5.209130904e-10 +5.209130904e-10 +9.319900000e+02 +9.319900000e+02 +1.3384e+00 +8.8319e-01 +2.9296e+00
1950 +3.623199518e-10 +3.623199518e-10 +9.319900000e+02 +9.319900000e+02 +1.3384e+00 +8.8320e-01 +2.9296e+00
1981 +1.987245923e-10 +1.987245923e-10 +9.319900000e+02 +9.319900000e+02 +1.3384e+00 +8.8320e-01 +2.9296e+00
2047 +1.037960828e-10 +1.037960828e-10 +9.319900000e+02 +9.319900000e+02 +1.3384e+00 +8.8320e-01 +2.9296e+00
2050 +7.014477887e-11 +7.014477887e-11 +9.319900000e+02 +9.319900000e+02 +1.3384e+00 +8.8320e-01 +2.9296e+00
2052 +2.023625711e-11 +2.023625711e-11 +9.319900000e+02 +9.319900000e+02 +1.3384e+00 +8.8320e-01 +2.9296e+00
2221 +1.523403625e-11 +1.523403625e-11 +9.319900000e+02 +9.319900000e+02 +1.3384e+00 +8.8320e-01 +2.9296e+00
4595 +4.547473509e-12 +4.547473509e-12 +9.319900000e+02 +9.319900000e+02 +1.3384e+00 +8.8320e-01 +2.9296e+00
4713 +2.614797268e-12 +2.614797268e-12 +9.319900000e+02 +9.319900000e+02 +1.3384e+00 +8.8320e-01 +2.9296e+00
4771 +1.591615728e-12 +1.591615728e-12 +9.319900000e+02 +9.319900000e+02 +1.3384e+00 +8.8320e-01 +2.9296e+00
% function evaluation | noise-free fitness - Fopt (1.133100000000e+02) | best noise-free fitness - Fopt | measured fitness | best measured fitness | x1 | x2...
1 +9.263961526e+02 +9.263961526e+02 +1.039706153e+03 +1.039706153e+03 +1.4586e-01 -9.7054e-01 -1.2529e+00
4 +3.926861026e+02 +3.926861026e+02 +5.059961026e+02 +5.059961026e+02 +1.0349e+00 +1.6796e-01 +1.6722e+00
21 +2.138550625e+02 +2.138550625e+02 +3.271650625e+02 +3.271650625e+02 +2.1567e+00 +2.0434e+00 -2.7191e-01
31 +1.339836059e+02 +1.339836059e+02 +2.472936059e+02 +2.472936059e+02 +2.1206e+00 +3.5169e+00 +1.4362e+00
37 +7.287053374e+01 +7.287053374e+01 +1.861805337e+02 +1.861805337e+02 +2.6194e+00 +3.9872e+00 -7.3390e-01
55 +5.958330922e+01 +5.958330922e+01 +1.728933092e+02 +1.728933092e+02 +1.7562e+00 +3.6546e+00 +5.3286e-01
87 +1.172303285e+01 +1.172303285e+01 +1.250330328e+02 +1.250330328e+02 +2.1634e+00 +3.5707e+00 +4.8675e-02
123 +5.822417752e+00 +5.822417752e+00 +1.191324178e+02 +1.191324178e+02 +2.1779e+00 +3.7225e+00 -4.1128e-02
254 +3.967609311e+00 +3.967609311e+00 +1.172776093e+02 +1.172776093e+02 +2.1664e+00 +3.6487e+00 +4.3460e-02
292 +1.899499537e+00 +1.899499537e+00 +1.152094995e+02 +1.152094995e+02 +2.1543e+00 +3.3399e+00 +3.7878e-01
297 +1.212310308e+00 +1.212310308e+00 +1.145223103e+02 +1.145223103e+02 +2.1502e+00 +3.3757e+00 +3.4474e-01
315 +8.837632378e-01 +8.837632378e-01 +1.141937632e+02 +1.141937632e+02 +2.1469e+00 +3.3123e+00 +4.1112e-01
404 +4.802184715e-01 +4.802184715e-01 +1.137902185e+02 +1.137902185e+02 +2.1442e+00 +3.2962e+00 +4.2651e-01
450 +3.600008591e-01 +3.600008591e-01 +1.136700009e+02 +1.136700009e+02 +2.1435e+00 +3.3065e+00 +4.1831e-01
483 +1.978082384e-01 +1.978082384e-01 +1.135078082e+02 +1.135078082e+02 +2.1418e+00 +3.2850e+00 +4.4094e-01
529 +1.422462596e-01 +1.422462596e-01 +1.134522463e+02 +1.134522463e+02 +2.1405e+00 +3.2604e+00 +4.6688e-01
570 +9.867059858e-02 +9.867059858e-02 +1.134086706e+02 +1.134086706e+02 +2.1393e+00 +3.2405e+00 +4.8853e-01
581 +5.545035236e-02 +5.545035236e-02 +1.133654504e+02 +1.133654504e+02 +2.1374e+00 +3.2095e+00 +5.2141e-01
590 +3.935593858e-02 +3.935593858e-02 +1.133493559e+02 +1.133493559e+02 +2.1372e+00 +3.1998e+00 +5.3158e-01
633 +1.178675624e-02 +1.178675624e-02 +1.133217868e+02 +1.133217868e+02 +2.1355e+00 +3.1701e+00 +5.6305e-01
673 +9.908388764e-03 +9.908388764e-03 +1.133199084e+02 +1.133199084e+02 +2.1351e+00 +3.1633e+00 +5.7035e-01
692 +5.804162231e-03 +5.804162231e-03 +1.133158042e+02 +1.133158042e+02 +2.1353e+00 +3.1669e+00 +5.6655e-01
700 +3.024353014e-03 +3.024353014e-03 +1.133130244e+02 +1.133130244e+02 +2.1351e+00 +3.1643e+00 +5.6947e-01
738 +1.163760959e-03 +1.163760959e-03 +1.133111638e+02 +1.133111638e+02 +2.1352e+00 +3.1664e+00 +5.6715e-01
766 +7.034209814e-04 +7.034209814e-04 +1.133107034e+02 +1.133107034e+02 +2.1352e+00 +3.1664e+00 +5.6718e-01
783 +5.176626648e-04 +5.176626648e-04 +1.133105177e+02 +1.133105177e+02 +2.1352e+00 +3.1665e+00 +5.6706e-01
801 +2.533035341e-04 +2.533035341e-04 +1.133102533e+02 +1.133102533e+02 +2.1351e+00 +3.1639e+00 +5.6976e-01
838 +1.956954386e-04 +1.956954386e-04 +1.133101957e+02 +1.133101957e+02 +2.1352e+00 +3.1664e+00 +5.6711e-01
849 +1.538058345e-04 +1.538058345e-04 +1.133101538e+02 +1.133101538e+02 +2.1352e+00 +3.1658e+00 +5.6779e-01
901 +2.393454184e-05 +2.393454184e-05 +1.133100239e+02 +1.133100239e+02 +2.1353e+00 +3.1665e+00 +5.6703e-01
1031 +1.433522253e-05 +1.433522253e-05 +1.133100143e+02 +1.133100143e+02 +2.1353e+00 +3.1666e+00 +5.6690e-01
1411 +9.998717331e-06 +9.998717331e-06 +1.133100100e+02 +1.133100100e+02 +2.1352e+00 +3.1665e+00 +5.6708e-01
1445 +5.922047052e-06 +5.922047052e-06 +1.133100059e+02 +1.133100059e+02 +2.1352e+00 +3.1662e+00 +5.6737e-01
1454 +3.654979608e-06 +3.654979608e-06 +1.133100037e+02 +1.133100037e+02 +2.1352e+00 +3.1661e+00 +5.6748e-01
1472 +2.244663193e-07 +2.244663193e-07 +1.133100002e+02 +1.133100002e+02 +2.1352e+00 +3.1656e+00 +5.6802e-01
1613 +1.571387145e-07 +1.571387145e-07 +1.133100002e+02 +1.133100002e+02 +2.1352e+00 +3.1657e+00 +5.6794e-01
1623 +7.684180048e-08 +7.684180048e-08 +1.133100001e+02 +1.133100001e+02 +2.1352e+00 +3.1657e+00 +5.6794e-01
1641 +4.603236903e-08 +4.603236903e-08 +1.133100000e+02 +1.133100000e+02 +2.1352e+00 +3.1656e+00 +5.6798e-01
1656 +3.159826178e-08 +3.159826178e-08 +1.133100000e+02 +1.133100000e+02 +2.1352e+00 +3.1656e+00 +5.6796e-01
1671 +1.545991779e-08 +1.545991779e-08 +1.133100000e+02 +1.133100000e+02 +2.1352e+00 +3.1656e+00 +5.6798e-01
1708 +9.329724548e-09 +9.329724548e-09 +1.133100000e+02 +1.133100000e+02 +2.1352e+00 +3.1656e+00 +5.6799e-01
1715 +4.804661558e-09 +4.804661558e-09 +1.133100000e+02 +1.133100000e+02 +2.1352e+00 +3.1656e+00 +5.6799e-01
1815 +3.762664846e-09 +3.762664846e-09 +1.133100000e+02 +1.133100000e+02 +2.1352e+00 +3.1656e+00 +5.6799e-01
1822 +2.380531328e-09 +2.380531328e-09 +1.133100000e+02 +1.133100000e+02 +2.1352e+00 +3.1656e+00 +5.6799e-01
1852 +1.135518346e-09 +1.135518346e-09 +1.133100000e+02 +1.133100000e+02 +2.1352e+00 +3.1656e+00 +5.6800e-01
1867 +5.670415248e-10 +5.670415248e-10 +1.133100000e+02 +1.133100000e+02 +2.1352e+00 +3.1656e+00 +5.6799e-01
1904 +3.821583050e-10 +3.821583050e-10 +1.133100000e+02 +1.133100000e+02 +2.1352e+00 +3.1656e+00 +5.6800e-01
1909 +2.186055781e-10 +2.186055781e-10 +1.133100000e+02 +1.133100000e+02 +2.1352e+00 +3.1656e+00 +5.6800e-01
1952 +8.901679394e-11 +8.901679394e-11 +1.133100000e+02 +1.133100000e+02 +2.1352e+00 +3.1656e+00 +5.6800e-01
2019 +5.147171578e-11 +5.147171578e-11 +1.133100000e+02 +1.133100000e+02 +2.1352e+00 +3.1656e+00 +5.6800e-01
2059 +2.508215857e-11 +2.508215857e-11 +1.133100000e+02 +1.133100000e+02 +2.1352e+00 +3.1656e+00 +5.6800e-01
2082 +1.472244548e-11 +1.472244548e-11 +1.133100000e+02 +1.133100000e+02 +2.1352e+00 +3.1656e+00 +5.6800e-01
2121 +8.924416761e-12 +8.924416761e-12 +1.133100000e+02 +1.133100000e+02 +2.1352e+00 +3.1656e+00 +5.6800e-01
2144 +4.618527782e-12 +4.618527782e-12 +1.133100000e+02 +1.133100000e+02 +2.1352e+00 +3.1656e+00 +5.6800e-01
2198 +3.936406756e-12 +3.936406756e-12 +1.133100000e+02 +1.133100000e+02 +2.1352e+00 +3.1656e+00 +5.6800e-01
2249 +2.387423592e-12 +2.387423592e-12 +1.133100000e+02 +1.133100000e+02 +2.1352e+00 +3.1656e+00 +5.6800e-01
4697 +1.449507181e-12 +1.449507181e-12 +1.133100000e+02 +1.133100000e+02 +2.1352e+00 +3.1656e+00 +5.6800e-01
% function evaluation | noise-free fitness - Fopt (-3.000200000000e+02) | best noise-free fitness - Fopt | measured fitness | best measured fitness | x1 | x2...
1 +6.348654214e+02 +6.348654214e+02 +3.348454214e+02 +3.348454214e+02 -3.5627e+00 +2.8260e+00 -1.5778e+00
5 +6.271574394e+02 +6.271574394e+02 +3.271374394e+02 +3.271374394e+02 -1.2045e+00 +4.0614e+00 -3.5459e+00
14 +1.892981538e+02 +1.892981538e+02 -1.107218462e+02 -1.107218462e+02 +1.2293e+00 +7.8372e-01 -2.3573e+00
24 +1.549213947e+02 +1.549213947e+02 -1.450986053e+02 -1.450986053e+02 -1.2231e+00 +1.0200e+00 -1.5616e+00
32 +9.412571939e+01 +9.412571939e+01 -2.058942806e+02 -2.058942806e+02 -2.5819e+00 -1.1397e-01 +1.2781e+00
37 +5.096537669e+01 +5.096537669e+01 -2.490546233e+02 -2.490546233e+02 -2.6134e+00 -5.9402e-01 +1.6359e+00
121 +3.235818716e+01 +3.235818716e+01 -2.676618128e+02 -2.676618128e+02 -3.1733e+00 -8.2803e-01 +2.1948e+00
409 +2.376656641e+01 +2.376656641e+01 -2.762534336e+02 -2.762534336e+02 -2.8376e+00 -6.4509e-01 +1.7398e+00
457 +1.502112193e+01 +1.502112193e+01 -2.849988781e+02 -2.849988781e+02 -1.9387e+00 -2.2710e-01 +5.3492e-01
475 +8.112416131e+00 +8.112416131e+00 -2.919075839e+02 -2.919075839e+02 -1.6220e+00 -4.4924e-02 +1.1488e-01
490 +6.033587650e+00 +6.033587650e+00 -2.939864124e+02 -2.939864124e+02 +2.3324e-02 +7.4159e-01 -2.0702e+00
508 +3.842484309e+00 +3.842484309e+00 -2.961775157e+02 -2.961775157e+02 -8.7248e-01 +3.3084e-01 -9.2045e-01
518 +6.736672326e-01 +6.736672326e-01 -2.993463328e+02 -2.993463328e+02 -2.9539e-01 +6.1353e-01 -1.6821e+00
579 +3.308544474e-01 +3.308544474e-01 -2.996891456e+02 -2.996891456e+02 -3.0722e-01 +6.0863e-01 -1.6652e+00
590 +2.017425133e-01 +2.017425133e-01 -2.998182575e+02 -2.998182575e+02 -3.8309e-01 +5.7184e-01 -1.5623e+00
620 +1.564378078e-01 +1.564378078e-01 -2.998635622e+02 -2.998635622e+02 -3.5399e-01 +5.8711e-01 -1.6020e+00
628 +5.372964510e-02 +5.372964510e-02 -2.999662704e+02 -2.999662704e+02 -3.8440e-01 +5.7218e-01 -1.5620e+00
690 +1.500033985e-02 +1.500033985e-02 -3.000049997e+02 -3.000049997e+02 -3.3445e-01 +5.9680e-01 -1.6290e+00
749 +8.817295015e-03 +8.817295015e-03 -3.000111827e+02 -3.000111827e+02 -3.3714e-01 +5.9550e-01 -1.6255e+00
779 +6.038308407e-03 +6.038308407e-03 -3.000139617e+02 -3.000139617e+02 -3.3026e-01 +5.9892e-01 -1.6347e+00
837 +3.892886208e-03 +3.892886208e-03 -3.000161071e+02 -3.000161071e+02 -3.2975e-01 +5.9919e-01 -1.6354e+00
901 +2.394497429e-03 +2.394497429e-03 -3.000176055e+02 -3.000176055e+02 -3.1760e-01 +6.0524e-01 -1.6518e+00
915 +1.425194806e-03 +1.425194806e-03 -3.000185748e+02 -3.000185748e+02 -3.1763e-01 +6.0523e-01 -1.6517e+00
985 +8.311382377e-04 +8.311382377e-04 -3.000191689e+02 -3.000191689e+02 -3.1473e-01 +6.0667e-01 -1.6556e+00
1144 +5.746874273e-04 +5.746874273e-04 -3.000194253e+02 -3.000194253e+02 -3.1299e-01 +6.0754e-01 -1.6580e+00
1189 +3.569940097e-04 +3.569940097e-04 -3.000196430e+02 -3.000196430e+02 -3.0543e-01 +6.1130e-01 -1.6682e+00
1192 +2.500561278e-04 +2.500561278e-04 -3.000197499e+02 -3.000197499e+02 -3.0878e-01 +6.0963e-01 -1.6636e+00
1208 +1.444593877e-04 +1.444593877e-04 -3.000198555e+02 -3.000198555e+02 -3.0616e-01 +6.1093e-01 -1.6672e+00
1254 +8.577834399e-05 +8.577834399e-05 -3.000199142e+02 -3.000199142e+02 -3.0318e-01 +6.1242e-01 -1.6712e+00
1256 +4.669650713e-05 +4.669650713e-05 -3.000199533e+02 -3.000199533e+02 -3.0062e-01 +6.1369e-01 -1.6746e+00
1277 +3.487710654e-05 +3.487710654e-05 -3.000199651e+02 -3.000199651e+02 -3.0208e-01 +6.1296e-01 -1.6727e+00
1296 +2.084965075e-05 +2.084965075e-05 -3.000199792e+02 -3.000199792e+02 -3.0008e-01 +6.1396e-01 -1.6754e+00
1312 +1.523674348e-05 +1.523674348e-05 -3.000199848e+02 -3.000199848e+02 -3.0066e-01 +6.1367e-01 -1.6746e+00
1326 +4.919563992e-06 +4.919563992e-06 -3.000199951e+02 -3.000199951e+02 -3.0004e-01 +6.1398e-01 -1.6754e+00
1343 +2.311122444e-06 +2.311122444e-06 -3.000199977e+02 -3.000199977e+02 -3.0031e-01 +6.1385e-01 -1.6751e+00
1378 +1.431167448e-06 +1.431167448e-06 -3.000199986e+02 -3.000199986e+02 -3.0041e-01 +6.1379e-01 -1.6749e+00
1396 +4.255251724e-07 +4.255251724e-07 -3.000199996e+02 -3.000199996e+02 -3.0052e-01 +6.1374e-01 -1.6748e+00
1449 +1.690994509e-07 +1.690994509e-07 -3.000199998e+02 -3.000199998e+02 -3.0060e-01 +6.1370e-01 -1.6747e+00
1560 +6.148576404e-08 +6.148576404e-08 -3.000199999e+02 -3.000199999e+02 -3.0068e-01 +6.1366e-01 -1.6746e+00
1715 +3.441778063e-08 +3.441778063e-08 -3.000200000e+02 -3.000200000e+02 -3.0071e-01 +6.1365e-01 -1.6745e+00
1734 +1.657059556e-08 +1.657059556e-08 -3.000200000e+02 -3.000200000e+02 -3.0075e-01 +6.1362e-01 -1.6745e+00
1746 +1.496403002e-08 +1.496403002e-08 -3.000200000e+02 -3.000200000e+02 -3.0076e-01 +6.1362e-01 -1.6745e+00
1810 +9.894733921e-09 +9.894733921e-09 -3.000200000e+02 -3.000200000e+02 -3.0076e-01 +6.1362e-01 -1.6745e+00
1822 +5.199979114e-09 +5.199979114e-09 -3.000200000e+02 -3.000200000e+02 -3.0077e-01 +6.1362e-01 -1.6744e+00
1852 +3.460399967e-09 +3.460399967e-09 -3.000200000e+02 -3.000200000e+02 -3.0078e-01 +6.1361e-01 -1.6744e+00
1905 +1.401929239e-09 +1.401929239e-09 -3.000200000e+02 -3.000200000e+02 -3.0080e-01 +6.1360e-01 -1.6744e+00
1932 +8.461711332e-10 +8.461711332e-10 -3.000200000e+02 -3.000200000e+02 -3.0079e-01 +6.1361e-01 -1.6744e+00
1946 +4.029629963e-10 +4.029629963e-10 -3.000200000e+02 -3.000200000e+02 -3.0079e-01 +6.1361e-01 -1.6744e+00
1985 +3.834657036e-10 +3.834657036e-10 -3.000200000e+02 -3.000200000e+02 -3.0079e-01 +6.1360e-01 -1.6744e+00
2081 +1.979856279e-10 +1.979856279e-10 -3.000200000e+02 -3.000200000e+02 -3.0079e-01 +6.1360e-01 -1.6744e+00
2121 +1.239754965e-10 +1.239754965e-10 -3.000200000e+02 -3.000200000e+02 -3.0080e-01 +6.1360e-01 -1.6744e+00
2152 +4.240519047e-11 +4.240519047e-11 -3.000200000e+02 -3.000200000e+02 -3.0080e-01 +6.1360e-01 -1.6744e+00
2201 +3.501554602e-11 +3.501554602e-11 -3.000200000e+02 -3.000200000e+02 -3.0080e-01 +6.1360e-01 -1.6744e+00
2215 +2.199840310e-11 +2.199840310e-11 -3.000200000e+02 -3.000200000e+02 -3.0080e-01 +6.1360e-01 -1.6744e+00
2226 +1.534772309e-11 +1.534772309e-11 -3.000200000e+02 -3.000200000e+02 -3.0080e-01 +6.1360e-01 -1.6744e+00
4490 +3.069544618e-12 +3.069544618e-12 -3.000200000e+02 -3.000200000e+02 -3.0080e-01 +6.1360e-01 -1.6744e+00
% function evaluation | noise-free fitness - Fopt (4.471000000000e+01) | best noise-free fitness - Fopt | measured fitness | best measured fitness | x1 | x2...
1 +1.130259459e+03 +1.130259459e+03 +1.174969459e+03 +1.174969459e+03 -6.7741e-01 +2.3508e+00 +3.9164e+00
2 +8.780970066e+02 +8.780970066e+02 +9.228070066e+02 +9.228070066e+02 -1.9788e+00 +1.9183e+00 +1.7388e+00
10 +6.231219860e+02 +6.231219860e+02 +6.678319860e+02 +6.678319860e+02 +2.4230e+00 +2.2435e+00 +2.2747e+00
22 +1.287520740e+02 +1.287520740e+02 +1.734620740e+02 +1.734620740e+02 +3.0648e+00 -8.5626e-02 +2.3075e+00
31 +6.789679049e+01 +6.789679049e+01 +1.126067905e+02 +1.126067905e+02 +1.1300e+00 -1.5445e+00 +3.1396e+00
106 +3.098411763e+01 +3.098411763e+01 +7.569411763e+01 +7.569411763e+01 +1.5320e+00 -1.8733e+00 +3.2264e+00
245 +2.176929501e+01 +2.176929501e+01 +6.647929501e+01 +6.647929501e+01 +1.8944e-01 -2.3753e+00 +3.5515e+00
398 +1.404232816e+01 +1.404232816e+01 +5.875232816e+01 +5.875232816e+01 +7.7265e-01 -2.0865e+00 +3.3631e+00
422 +9.880336047e+00 +9.880336047e+00 +5.459033605e+01 +5.459033605e+01 +1.2031e+00 -1.8550e+00 +3.1973e+00
448 +2.762021621e+00 +2.762021621e+00 +4.747202162e+01 +4.747202162e+01 +2.2786e+00 -1.3029e+00 +2.8377e+00
492 +1.608001220e+00 +1.608001220e+00 +4.631800122e+01 +4.631800122e+01 +2.6380e+00 -1.1199e+00 +2.7163e+00
502 +8.983225377e-01 +8.983225377e-01 +4.560832254e+01 +4.560832254e+01 +3.0084e+00 -9.4428e-01 +2.5996e+00
555 +3.462107265e-01 +3.462107265e-01 +4.505621073e+01 +4.505621073e+01 +2.7988e+00 -1.0489e+00 +2.6674e+00
610 +2.070363653e-01 +2.070363653e-01 +4.491703637e+01 +4.491703637e+01 +2.7415e+00 -1.0755e+00 +2.6851e+00
616 +1.472107558e-01 +1.472107558e-01 +4.485721076e+01 +4.485721076e+01 +2.7431e+00 -1.0750e+00 +2.6849e+00
628 +7.431558180e-02 +7.431558180e-02 +4.478431558e+01 +4.478431558e+01 +2.8269e+00 -1.0326e+00 +2.6571e+00
656 +1.076176530e-02 +1.076176530e-02 +4.472076177e+01 +4.472076177e+01 +2.9295e+00 -9.7954e-01 +2.6219e+00
749 +9.962951563e-03 +9.962951563e-03 +4.471996295e+01 +4.471996295e+01 +2.8638e+00 -1.0133e+00 +2.6442e+00
813 +5.833035470e-03 +5.833035470e-03 +4.471583304e+01 +4.471583304e+01 +2.8728e+00 -1.0086e+00 +2.6411e+00
901 +3.083168639e-03 +3.083168639e-03 +4.471308317e+01 +4.471308317e+01 +2.8869e+00 -1.0014e+00 +2.6363e+00
935 +2.087544638e-03 +2.087544638e-03 +4.471208754e+01 +4.471208754e+01 +2.8914e+00 -9.9908e-01 +2.6348e+00
972 +1.509187311e-03 +1.509187311e-03 +4.471150919e+01 +4.471150919e+01 +2.8935e+00 -9.9800e-01 +2.6341e+00
1109 +9.996894690e-04 +9.996894690e-04 +4.471099969e+01 +4.471099969e+01 +2.8974e+00 -9.9599e-01 +2.6327e+00
1171 +5.862129523e-04 +5.862129523e-04 +4.471058621e+01 +4.471058621e+01 +2.9032e+00 -9.9301e-01 +2.6308e+00
1203 +2.810102987e-04 +2.810102987e-04 +4.471028101e+01 +4.471028101e+01 +2.9080e+00 -9.9050e-01 +2.6291e+00
1208 +2.062315984e-04 +2.062315984e-04 +4.471020623e+01 +4.471020623e+01 +2.9084e+00 -9.9033e-01 +2.6290e+00
1249 +1.239983113e-04 +1.239983113e-04 +4.471012400e+01 +4.471012400e+01 +2.9155e+00 -9.8667e-01 +2.6266e+00
1253 +2.474555065e-05 +2.474555065e-05 +4.471002475e+01 +4.471002475e+01 +2.9152e+00 -9.8681e-01 +2.6267e+00
1287 +1.140783687e-05 +1.140783687e-05 +4.471001141e+01 +4.471001141e+01 +2.9149e+00 -9.8697e-01 +2.6268e+00
1296 +5.493577461e-06 +5.493577461e-06 +4.471000549e+01 +4.471000549e+01 +2.9157e+00 -9.8655e-01 +2.6265e+00
1384 +5.783786321e-07 +5.783786321e-07 +4.471000058e+01 +4.471000058e+01 +2.9163e+00 -9.8627e-01 +2.6263e+00
1455 +2.933359724e-07 +2.933359724e-07 +4.471000029e+01 +4.471000029e+01 +2.9159e+00 -9.8647e-01 +2.6264e+00
1517 +1.909874072e-07 +1.909874072e-07 +4.471000019e+01 +4.471000019e+01 +2.9159e+00 -9.8648e-01 +2.6265e+00
1545 +9.053646011e-08 +9.053646011e-08 +4.471000009e+01 +4.471000009e+01 +2.9159e+00 -9.8646e-01 +2.6264e+00
1602 +3.341689592e-08 +3.341689592e-08 +4.471000003e+01 +4.471000003e+01 +2.9159e+00 -9.8646e-01 +2.6264e+00
2001 +2.497668561e-08 +2.497668561e-08 +4.471000002e+01 +4.471000002e+01 +2.9159e+00 -9.8645e-01 +2.6264e+00
2053 +1.328313459e-08 +1.328313459e-08 +4.471000001e+01 +4.471000001e+01 +2.9159e+00 -9.8643e-01 +2.6264e+00
2070 +7.864692009e-09 +7.864692009e-09 +4.471000001e+01 +4.471000001e+01 +2.9160e+00 -9.8642e-01 +2.6264e+00
2077 +5.142759107e-09 +5.142759107e-09 +4.471000001e+01 +4.471000001e+01 +2.9160e+00 -9.8641e-01 +2.6264e+00
2082 +3.719506481e-09 +3.719506481e-09 +4.471000000e+01 +4.471000000e+01 +2.9160e+00 -9.8641e-01 +2.6264e+00
2135 +2.657856157e-10 +2.657856157e-10 +4.471000000e+01 +4.471000000e+01 +2.9160e+00 -9.8640e-01 +2.6264e+00
2201 +1.885567258e-10 +1.885567258e-10 +4.471000000e+01 +4.471000000e+01 +2.9160e+00 -9.8640e-01 +2.6264e+00
2226 +1.177369313e-10 +1.177369313e-10 +4.471000000e+01 +4.471000000e+01 +2.9160e+00 -9.8640e-01 +2.6264e+00
2251 +4.587263902e-11 +4.587263902e-11 +4.471000000e+01 +4.471000000e+01 +2.9160e+00 -9.8640e-01 +2.6264e+00
2296 +1.737276989e-11 +1.737276989e-11 +4.471000000e+01 +4.471000000e+01 +2.9160e+00 -9.8640e-01 +2.6264e+00
2348 +6.892264537e-12 +6.892264537e-12 +4.471000000e+01 +4.471000000e+01 +2.9160e+00 -9.8640e-01 +2.6264e+00
% function evaluation | noise-free fitness - Fopt (-1.000000000000e+03) | best noise-free fitness - Fopt | measured fitness | best measured fitness | x1 | x2...
1 +1.539256481e+03 +1.539256481e+03 +5.392564811e+02 +5.392564811e+02 +1.0396e+00 -3.0558e+00 +2.7451e+00
10 +8.752684430e+02 +8.752684430e+02 -1.247315570e+02 -1.247315570e+02 +2.2399e+00 -1.3745e-01 +4.7888e+00
18 +2.554084286e+02 +2.554084286e+02 -7.445915714e+02 -7.445915714e+02 -5.8038e-01 +2.1895e+00 +1.4519e+00
31 +2.373175021e+02 +2.373175021e+02 -7.626824979e+02 -7.626824979e+02 -4.4751e-01 +2.6592e+00 +1.7189e+00
78 +6.635980835e+01 +6.635980835e+01 -9.336401917e+02 -9.336401917e+02 -1.7481e+00 +2.1463e+00 +5.5255e+00
98 +5.722598604e+01 +5.722598604e+01 -9.427740140e+02 -9.427740140e+02 -1.7079e+00 +2.1868e+00 +4.7877e+00
108 +2.548594988e+01 +2.548594988e+01 -9.745140501e+02 -9.745140501e+02 -1.9801e+00 +2.0312e+00 +5.1774e+00
112 +1.043339090e+01 +1.043339090e+01 -9.895666091e+02 -9.895666091e+02 -2.2261e+00 +2.1062e+00 +4.1226e+00
319 +9.725689265e+00 +9.725689265e+00 -9.902743107e+02 -9.902743107e+02 -2.1057e+00 +2.0536e+00 +4.7277e+00
351 +6.063403532e+00 +6.063403532e+00 -9.939365965e+02 -9.939365965e+02 -2.1448e+00 +2.0993e+00 +4.3421e+00
387 +3.967580312e+00 +3.967580312e+00 -9.960324197e+02 -9.960324197e+02 -2.1819e+00 +2.1264e+00 +4.0291e+00
425 +1.643924766e+00 +1.643924766e+00 -9.983560752e+02 -9.983560752e+02 -2.2220e+00 +2.1959e+00 +3.5119e+00
471 +1.081509890e+00 +1.081509890e+00 -9.989184901e+02 -9.989184901e+02 -2.2380e+00 +2.2085e+00 +3.3300e+00
479 +9.132692349e-01 +9.132692349e-01 -9.990867308e+02 -9.990867308e+02 -2.2214e+00 +2.1895e+00 +3.5128e+00
484 +2.833172452e-01 +2.833172452e-01 -9.997166828e+02 -9.997166828e+02 -2.2487e+00 +2.2150e+00 +3.2899e+00
517 +2.147499578e-01 +2.147499578e-01 -9.997852500e+02 -9.997852500e+02 -2.2555e+00 +2.2285e+00 +3.1868e+00
522 +9.353348740e-02 +9.353348740e-02 -9.999064665e+02 -9.999064665e+02 -2.2565e+00 +2.2270e+00 +3.1947e+00
570 +1.777873936e-02 +1.777873936e-02 -9.999822213e+02 -9.999822213e+02 -2.2512e+00 +2.2211e+00 +3.2444e+00
622 +1.301011785e-02 +1.301011785e-02 -9.999869899e+02 -9.999869899e+02 -2.2520e+00 +2.2219e+00 +3.2374e+00
635 +9.997094263e-03 +9.997094263e-03 -9.999900029e+02 -9.999900029e+02 -2.2521e+00 +2.2222e+00 +3.2348e+00
679 +5.760840831e-03 +5.760840831e-03 -9.999942392e+02 -9.999942392e+02 -2.2519e+00 +2.2219e+00 +3.2373e+00
724 +2.829401785e-03 +2.829401785e-03 -9.999971706e+02 -9.999971706e+02 -2.2522e+00 +2.2222e+00 +3.2350e+00
831 +2.204787028e-03 +2.204787028e-03 -9.999977952e+02 -9.999977952e+02 -2.2522e+00 +2.2222e+00 +3.2351e+00
936 +1.424381848e-03 +1.424381848e-03 -9.999985756e+02 -9.999985756e+02 -2.2526e+00 +2.2227e+00 +3.2303e+00
997 +9.533878520e-04 +9.533878520e-04 -9.999990466e+02 -9.999990466e+02 -2.2531e+00 +2.2232e+00 +3.2255e+00
1050 +6.075041257e-04 +6.075041257e-04 -9.999993925e+02 -9.999993925e+02 -2.2534e+00 +2.2236e+00 +3.2225e+00
1104 +3.835356176e-04 +3.835356176e-04 -9.999996165e+02 -9.999996165e+02 -2.2536e+00 +2.2239e+00 +3.2202e+00
1144 +2.416296393e-04 +2.416296393e-04 -9.999997584e+02 -9.999997584e+02 -2.2537e+00 +2.2240e+00 +3.2192e+00
1171 +1.545985535e-04 +1.545985535e-04 -9.999998454e+02 -9.999998454e+02 -2.2539e+00 +2.2242e+00 +3.2175e+00
1203 +9.388719354e-05 +9.388719354e-05 -9.999999061e+02 -9.999999061e+02 -2.2540e+00 +2.2243e+00 +3.2163e+00
1228 +5.651435072e-05 +5.651435072e-05 -9.999999435e+02 -9.999999435e+02 -2.2546e+00 +2.2250e+00 +3.2101e+00
1262 +3.605201846e-05 +3.605201846e-05 -9.999999639e+02 -9.999999639e+02 -2.2544e+00 +2.2248e+00 +3.2118e+00
1291 +2.352292563e-05 +2.352292563e-05 -9.999999765e+02 -9.999999765e+02 -2.2544e+00 +2.2249e+00 +3.2115e+00
1319 +9.352062648e-06 +9.352062648e-06 -9.999999906e+02 -9.999999906e+02 -2.2544e+00 +2.2248e+00 +3.2118e+00
1365 +4.829076033e-06 +4.829076033e-06 -9.999999952e+02 -9.999999952e+02 -2.2544e+00 +2.2248e+00 +3.2117e+00
1371 +1.365447588e-06 +1.365447588e-06 -9.999999986e+02 -9.999999986e+02 -2.2544e+00 +2.2248e+00 +3.2116e+00
1399 +9.664618119e-07 +9.664618119e-07 -9.999999990e+02 -9.999999990e+02 -2.2544e+00 +2.2248e+00 +3.2117e+00
1445 +2.522484692e-07 +2.522484692e-07 -9.999999997e+02 -9.999999997e+02 -2.2544e+00 +2.2248e+00 +3.2119e+00
1473 +2.316054406e-07 +2.316054406e-07 -9.999999998e+02 -9.999999998e+02 -2.2544e+00 +2.2248e+00 +3.2118e+00
1553 +1.398310587e-07 +1.398310587e-07 -9.999999999e+02 -9.999999999e+02 -2.2544e+00 +2.2248e+00 +3.2119e+00
1615 +9.236362075e-08 +9.236362075e-08 -9.999999999e+02 -9.999999999e+02 -2.2544e+00 +2.2248e+00 +3.2119e+00
1708 +6.235359251e-08 +6.235359251e-08 -9.999999999e+02 -9.999999999e+02 -2.2544e+00 +2.2248e+00 +3.2119e+00
1731 +3.791171821e-08 +3.791171821e-08 -1.000000000e+03 -1.000000000e+03 -2.2544e+00 +2.2248e+00 +3.2119e+00
1822 +2.475894689e-08 +2.475894689e-08 -1.000000000e+03 -1.000000000e+03 -2.2544e+00 +2.2248e+00 +3.2119e+00
1877 +1.503099156e-08 +1.503099156e-08 -1.000000000e+03 -1.000000000e+03 -2.2544e+00 +2.2248e+00 +3.2119e+00
1905 +8.768211046e-09 +8.768211046e-09 -1.000000000e+03 -1.000000000e+03 -2.2544e+00 +2.2248e+00 +3.2120e+00
1932 +4.378307494e-09 +4.378307494e-09 -1.000000000e+03 -1.000000000e+03 -2.2544e+00 +2.2248e+00 +3.2120e+00
1950 +1.196895028e-09 +1.196895028e-09 -1.000000000e+03 -1.000000000e+03 -2.2544e+00 +2.2248e+00 +3.2120e+00
2082 +9.658833733e-10 +9.658833733e-10 -1.000000000e+03 -1.000000000e+03 -2.2544e+00 +2.2248e+00 +3.2120e+00
2137 +4.770299711e-10 +4.770299711e-10 -1.000000000e+03 -1.000000000e+03 -2.2544e+00 +2.2248e+00 +3.2120e+00
2222 +3.874447430e-10 +3.874447430e-10 -1.000000000e+03 -1.000000000e+03 -2.2544e+00 +2.2248e+00 +3.2120e+00
2256 +2.443130143e-10 +2.443130143e-10 -1.000000000e+03 -1.000000000e+03 -2.2544e+00 +2.2248e+00 +3.2120e+00
2281 +1.448370313e-10 +1.448370313e-10 -1.000000000e+03 -1.000000000e+03 -2.2544e+00 +2.2248e+00 +3.2120e+00
2318 +7.662492862e-11 +7.662492862e-11 -1.000000000e+03 -1.000000000e+03 -2.2544e+00 +2.2248e+00 +3.2120e+00
2341 +5.741185305e-11 +5.741185305e-11 -1.000000000e+03 -1.000000000e+03 -2.2544e+00 +2.2248e+00 +3.2120e+00
2363 +2.773958840e-11 +2.773958840e-11 -1.000000000e+03 -1.000000000e+03 -2.2544e+00 +2.2248e+00 +3.2120e+00
2382 +2.296474122e-11 +2.296474122e-11 -1.000000000e+03 -1.000000000e+03 -2.2544e+00 +2.2248e+00 +3.2120e+00
4560 +9.549694369e-12 +9.549694369e-12 -1.000000000e+03 -1.000000000e+03 -2.2544e+00 +2.2248e+00 +3.2120e+00
4561 +4.092726158e-12 +4.092726158e-12 -1.000000000e+03 -1.000000000e+03 -2.2544e+00 +2.2248e+00 +3.2120e+00
4610 +2.728484105e-12 +2.728484105e-12 -1.000000000e+03 -1.000000000e+03 -2.2544e+00 +2.2248e+00 +3.2120e+00
4678 +2.273736754e-12 +2.273736754e-12 -1.000000000e+03 -1.000000000e+03 -2.2544e+00 +2.2248e+00 +3.2120e+00
4729 +1.477928890e-12 +1.477928890e-12 -1.000000000e+03 -1.000000000e+03 -2.2544e+00 +2.2248e+00 +3.2120e+00
% function evaluation | noise-free fitness - Fopt (3.042000000000e+02) | best noise-free fitness - Fopt | measured fitness | best measured fitness | x1 | x2...
1 +7.614271770e+02 +7.614271770e+02 +1.065627177e+03 +1.065627177e+03 +2.1547e+00 +1.7122e+00 -2.6140e+00
3 +6.188258380e+02 +6.188258380e+02 +9.230258380e+02 +9.230258380e+02 +1.2845e-02 +2.2776e+00 -2.5491e+00
19 +3.209770754e+02 +3.209770754e+02 +6.251770754e+02 +6.251770754e+02 -1.1532e+00 +2.4986e+00 +4.8672e-01
25 +2.423465283e+02 +2.423465283e+02 +5.465465283e+02 +5.465465283e+02 -9.9601e-01 +3.6658e+00 -9.2909e-01
34 +8.496695374e+01 +8.496695374e+01 +3.891669537e+02 +3.891669537e+02 -2.7718e+00 +4.0159e+00 +4.1671e-01
37 +6.108272826e+00 +6.108272826e+00 +3.103082728e+02 +3.103082728e+02 -1.7578e+00 +4.4629e+00 +9.3567e-02
237 +3.971701000e+00 +3.971701000e+00 +3.081717010e+02 +3.081717010e+02 -3.1925e+00 +2.7291e+00 +9.7667e-02
471 +2.473671492e+00 +2.473671492e+00 +3.066736715e+02 +3.066736715e+02 -3.1523e+00 +2.7663e+00 +9.2782e-02
520 +1.565240824e+00 +1.565240824e+00 +3.057652408e+02 +3.057652408e+02 -2.8892e+00 +3.0995e+00 +9.5360e-02
534 +5.134712422e-01 +5.134712422e-01 +3.047134712e+02 +3.047134712e+02 -2.7625e+00 +3.2489e+00 +9.2917e-02
542 +3.957032135e-01 +3.957032135e-01 +3.045957032e+02 +3.045957032e+02 -2.5644e+00 +3.4949e+00 +9.4008e-02
579 +2.506392258e-01 +2.506392258e-01 +3.044506392e+02 +3.044506392e+02 -2.5022e+00 +3.5698e+00 +9.3125e-02
590 +9.921064932e-02 +9.921064932e-02 +3.042992106e+02 +3.042992106e+02 -2.6038e+00 +3.4423e+00 +9.3152e-02
628 +4.139740969e-02 +4.139740969e-02 +3.042413974e+02 +3.042413974e+02 -2.5736e+00 +3.4796e+00 +9.2864e-02
656 +3.100118422e-02 +3.100118422e-02 +3.042310012e+02 +3.042310012e+02 -2.5078e+00 +3.5605e+00 +9.2826e-02
690 +2.278952707e-02 +2.278952707e-02 +3.042227895e+02 +3.042227895e+02 -2.5939e+00 +3.4542e+00 +9.2770e-02
715 +1.282207665e-02 +1.282207665e-02 +3.042128221e+02 +3.042128221e+02 -2.5753e+00 +3.4771e+00 +9.2795e-02
779 +7.196199438e-03 +7.196199438e-03 +3.042071962e+02 +3.042071962e+02 -2.5715e+00 +3.4819e+00 +9.2797e-02
815 +4.282168329e-03 +4.282168329e-03 +3.042042822e+02 +3.042042822e+02 -2.5706e+00 +3.4829e+00 +9.2801e-02
829 +2.442068062e-03 +2.442068062e-03 +3.042024421e+02 +3.042024421e+02 -2.5671e+00 +3.4873e+00 +9.2803e-02
890 +1.399565922e-03 +1.399565922e-03 +3.042013996e+02 +3.042013996e+02 -2.5562e+00 +3.5007e+00 +9.2805e-02
926 +4.171623482e-04 +4.171623482e-04 +3.042004172e+02 +3.042004172e+02 -2.5519e+00 +3.5059e+00 +9.2802e-02
956 +3.794849105e-04 +3.794849105e-04 +3.042003795e+02 +3.042003795e+02 -2.5523e+00 +3.5054e+00 +9.2800e-02
980 +2.068286598e-04 +2.068286598e-04 +3.042002068e+02 +3.042002068e+02 -2.5538e+00 +3.5036e+00 +9.2801e-02
985 +1.090607349e-04 +1.090607349e-04 +3.042001091e+02 +3.042001091e+02 -2.5525e+00 +3.5053e+00 +9.2800e-02
1066 +8.973765108e-05 +8.973765108e-05 +3.042000897e+02 +3.042000897e+02 -2.5530e+00 +3.5047e+00 +9.2801e-02
1278 +6.142632355e-05 +6.142632355e-05 +3.042000614e+02 +3.042000614e+02 -2.5526e+00 +3.5051e+00 +9.2800e-02
1371 +3.755864253e-05 +3.755864253e-05 +3.042000376e+02 +3.042000376e+02 -2.5520e+00 +3.5059e+00 +9.2800e-02
1381 +2.107640057e-05 +2.107640057e-05 +3.042000211e+02 +3.042000211e+02 -2.5513e+00 +3.5067e+00 +9.2800e-02
1424 +1.315184829e-05 +1.315184829e-05 +3.042000132e+02 +3.042000132e+02 -2.5506e+00 +3.5075e+00 +9.2800e-02
1426 +6.801790789e-06 +6.801790789e-06 +3.042000068e+02 +3.042000068e+02 -2.5498e+00 +3.5086e+00 +9.2800e-02
1438 +2.834417558e-06 +2.834417558e-06 +3.042000028e+02 +3.042000028e+02 -2.5491e+00 +3.5094e+00 +9.2800e-02
1473 +6.874134897e-07 +6.874134897e-07 +3.042000007e+02 +3.042000007e+02 -2.5496e+00 +3.5088e+00 +9.2800e-02
1539 +5.697492043e-07 +5.697492043e-07 +3.042000006e+02 +3.042000006e+02 -2.5497e+00 +3.5087e+00 +9.2800e-02
1560 +3.261909001e-07 +3.261909001e-07 +3.042000003e+02 +3.042000003e+02 -2.5496e+00 +3.5088e+00 +9.2800e-02
1577 +2.126465688e-07 +2.126465688e-07 +3.042000002e+02 +3.042000002e+02 -2.5495e+00 +3.5089e+00 +9.2800e-02
1599 +1.381375228e-07 +1.381375228e-07 +3.042000001e+02 +3.042000001e+02 -2.5495e+00 +3.5089e+00 +9.2800e-02
1631 +8.538125940e-08 +8.538125940e-08 +3.042000001e+02 +3.042000001e+02 -2.5496e+00 +3.5088e+00 +9.2800e-02
1641 +4.013310217e-08 +4.013310217e-08 +3.042000000e+02 +3.042000000e+02 -2.5496e+00 +3.5088e+00 +9.2800e-02
1655 +2.012779987e-08 +2.012779987e-08 +3.042000000e+02 +3.042000000e+02 -2.5496e+00 +3.5089e+00 +9.2800e-02
1694 +7.774133337e-09 +7.774133337e-09 +3.042000000e+02 +3.042000000e+02 -2.5496e+00 +3.5088e+00 +9.2800e-02
1725 +4.733806236e-09 +4.733806236e-09 +3.042000000e+02 +3.042000000e+02 -2.5496e+00 +3.5088e+00 +9.2800e-02
1822 +3.513889624e-09 +3.513889624e-09 +3.042000000e+02 +3.042000000e+02 -2.5496e+00 +3.5088e+00 +9.2800e-02
1842 +1.854630227e-09 +1.854630227e-09 +3.042000000e+02 +3.042000000e+02 -2.5496e+00 +3.5088e+00 +9.2800e-02
1852 +1.048761078e-09 +1.048761078e-09 +3.042000000e+02 +3.042000000e+02 -2.5496e+00 +3.5088e+00 +9.2800e-02
1869 +6.739924174e-10 +6.739924174e-10 +3.042000000e+02 +3.042000000e+02 -2.5496e+00 +3.5088e+00 +9.2800e-02
1942 +4.303046808e-10 +4.303046808e-10 +3.042000000e+02 +3.042000000e+02 -2.5496e+00 +3.5088e+00 +9.2800e-02
1952 +1.722924026e-10 +1.722924026e-10 +3.042000000e+02 +3.042000000e+02 -2.5496e+00 +3.5088e+00 +9.2800e-02
2081 +1.579110176e-10 +1.579110176e-10 +3.042000000e+02 +3.042000000e+02 -2.5496e+00 +3.5088e+00 +9.2800e-02
4404 +9.612222129e-11 +9.612222129e-11 +3.042000000e+02 +3.042000000e+02 -2.5496e+00 +3.5088e+00 +9.2800e-02
4460 +5.809397408e-11 +5.809397408e-11 +3.042000000e+02 +3.042000000e+02 -2.5496e+00 +3.5088e+00 +9.2800e-02
4471 +3.103650670e-11 +3.103650670e-11 +3.042000000e+02 +3.042000000e+02 -2.5496e+00 +3.5088e+00 +9.2800e-02
4532 +1.608668754e-11 +1.608668754e-11 +3.042000000e+02 +3.042000000e+02 -2.5496e+00 +3.5088e+00 +9.2800e-02
4534 +1.574562702e-11 +1.574562702e-11 +3.042000000e+02 +3.042000000e+02 -2.5496e+00 +3.5088e+00 +9.2800e-02
4602 +6.366462912e-12 +6.366462912e-12 +3.042000000e+02 +3.042000000e+02 -2.5496e+00 +3.5088e+00 +9.2800e-02
% function evaluation | noise-free fitness - Fopt (-1.046700000000e+02) | best noise-free fitness - Fopt | measured fitness | best measured fitness | x1 | x2...
1 +1.127457688e+03 +1.127457688e+03 +1.022787688e+03 +1.022787688e+03 -2.9935e+00 -3.4179e+00 +1.0636e+00
3 +9.921613553e+02 +9.921613553e+02 +8.874913553e+02 +8.874913553e+02 -5.1354e+00 -2.8525e+00 +1.1285e+00
15 +4.751888530e+02 +4.751888530e+02 +3.705188530e+02 +3.705188530e+02 -5.2368e+00 -8.1741e-01 +2.8860e+00
24 +3.664269406e+02 +3.664269406e+02 +2.617569406e+02 +2.617569406e+02 -3.0181e+00 +1.6013e-01 +6.2741e-01
36 +2.302090099e+02 +2.302090099e+02 +1.255390099e+02 +1.255390099e+02 -2.5180e+00 +2.0338e-01 -1.6709e+00
41 +1.517928963e+02 +1.517928963e+02 +4.712289633e+01 +4.712289633e+01 -2.9544e+00 +4.1034e-01 -3.1723e+00
79 +5.668983941e+01 +5.668983941e+01 -4.798016059e+01 -4.798016059e+01 -4.5562e+00 +6.8336e-01 -1.6715e+00
119 +5.914247970e+00 +5.914247970e+00 -9.875575203e+01 -9.875575203e+01 -3.4607e+00 +1.0040e+00 -3.6579e+00
177 +3.135228123e+00 +3.135228123e+00 -1.015347719e+02 -1.015347719e+02 -3.7981e+00 +9.4596e-01 -3.2364e+00
240 +1.022206291e+00 +1.022206291e+00 -1.036477937e+02 -1.036477937e+02 -3.9605e+00 +9.0880e-01 -3.0318e+00
368 +5.144926920e-01 +5.144926920e-01 -1.041555073e+02 -1.041555073e+02 -3.9995e+00 +8.9881e-01 -2.9738e+00
415 +2.278594791e-01 +2.278594791e-01 -1.044421405e+02 -1.044421405e+02 -3.9426e+00 +9.0932e-01 -3.0409e+00
489 +1.560474332e-01 +1.560474332e-01 -1.045139526e+02 -1.045139526e+02 -3.8855e+00 +9.1788e-01 -3.1039e+00
500 +6.763333530e-02 +6.763333530e-02 -1.046023667e+02 -1.046023667e+02 -3.8650e+00 +9.2116e-01 -3.1288e+00
517 +4.480474841e-02 +4.480474841e-02 -1.046251953e+02 -1.046251953e+02 -3.8333e+00 +9.2634e-01 -3.1652e+00
545 +2.066404051e-02 +2.066404051e-02 -1.046493360e+02 -1.046493360e+02 -3.8076e+00 +9.3047e-01 -3.1943e+00
590 +9.429149773e-03 +9.429149773e-03 -1.046605709e+02 -1.046605709e+02 -3.8320e+00 +9.2648e-01 -3.1662e+00
682 +6.091616134e-03 +6.091616134e-03 -1.046639084e+02 -1.046639084e+02 -3.8300e+00 +9.2680e-01 -3.1684e+00
886 +3.835564787e-03 +3.835564787e-03 -1.046661644e+02 -1.046661644e+02 -3.8259e+00 +9.2746e-01 -3.1732e+00
919 +2.344773240e-03 +2.344773240e-03 -1.046676552e+02 -1.046676552e+02 -3.8205e+00 +9.2832e-01 -3.1793e+00
945 +1.495423598e-03 +1.495423598e-03 -1.046685046e+02 -1.046685046e+02 -3.8137e+00 +9.2941e-01 -3.1871e+00
953 +8.112270524e-04 +8.112270524e-04 -1.046691888e+02 -1.046691888e+02 -3.8085e+00 +9.3023e-01 -3.1931e+00
985 +4.783543299e-04 +4.783543299e-04 -1.046695216e+02 -1.046695216e+02 -3.7976e+00 +9.3197e-01 -3.2055e+00
1013 +3.138086491e-04 +3.138086491e-04 -1.046696862e+02 -1.046696862e+02 -3.8039e+00 +9.3095e-01 -3.1982e+00
1014 +2.000460635e-04 +2.000460635e-04 -1.046698000e+02 -1.046698000e+02 -3.8045e+00 +9.3087e-01 -3.1976e+00
1034 +1.282669627e-04 +1.282669627e-04 -1.046698717e+02 -1.046698717e+02 -3.8049e+00 +9.3080e-01 -3.1972e+00
1048 +7.584362298e-05 +7.584362298e-05 -1.046699242e+02 -1.046699242e+02 -3.8043e+00 +9.3090e-01 -3.1979e+00
1074 +4.095345456e-05 +4.095345456e-05 -1.046699590e+02 -1.046699590e+02 -3.8034e+00 +9.3103e-01 -3.1988e+00
1075 +3.230750129e-05 +3.230750129e-05 -1.046699677e+02 -1.046699677e+02 -3.8040e+00 +9.3094e-01 -3.1981e+00
1101 +2.427949912e-05 +2.427949912e-05 -1.046699757e+02 -1.046699757e+02 -3.8033e+00 +9.3106e-01 -3.1990e+00
1124 +1.353667740e-05 +1.353667740e-05 -1.046699865e+02 -1.046699865e+02 -3.8034e+00 +9.3103e-01 -3.1988e+00
1144 +8.436627027e-06 +8.436627027e-06 -1.046699916e+02 -1.046699916e+02 -3.8032e+00 +9.3106e-01 -3.1990e+00
1189 +4.978630599e-06 +4.978630599e-06 -1.046699950e+02 -1.046699950e+02 -3.8031e+00 +9.3108e-01 -3.1992e+00
1226 +3.980095642e-06 +3.980095642e-06 -1.046699960e+02 -1.046699960e+02 -3.8031e+00 +9.3108e-01 -3.1992e+00
1265 +1.269777243e-06 +1.269777243e-06 -1.046699987e+02 -1.046699987e+02 -3.8027e+00 +9.3115e-01 -3.1996e+00
1274 +9.133754162e-07 +9.133754162e-07 -1.046699991e+02 -1.046699991e+02 -3.8025e+00 +9.3118e-01 -3.1999e+00
1351 +6.262546606e-07 +6.262546606e-07 -1.046699994e+02 -1.046699994e+02 -3.8027e+00 +9.3116e-01 -3.1997e+00
1439 +3.900913725e-07 +3.900913725e-07 -1.046699996e+02 -1.046699996e+02 -3.8026e+00 +9.3116e-01 -3.1997e+00
1500 +1.928167279e-07 +1.928167279e-07 -1.046699998e+02 -1.046699998e+02 -3.8025e+00 +9.3118e-01 -3.1999e+00
1511 +1.372854967e-07 +1.372854967e-07 -1.046699999e+02 -1.046699999e+02 -3.8025e+00 +9.3118e-01 -3.1999e+00
1549 +8.424193254e-08 +8.424193254e-08 -1.046699999e+02 -1.046699999e+02 -3.8025e+00 +9.3119e-01 -3.1999e+00
1554 +5.741675579e-08 +5.741675579e-08 -1.046699999e+02 -1.046699999e+02 -3.8025e+00 +9.3119e-01 -3.1999e+00
1583 +2.787113829e-08 +2.787113829e-08 -1.046700000e+02 -1.046700000e+02 -3.8024e+00 +9.3120e-01 -3.2000e+00
1597 +2.195601212e-08 +2.195601212e-08 -1.046700000e+02 -1.046700000e+02 -3.8024e+00 +9.3120e-01 -3.2000e+00
1639 +9.807436641e-09 +9.807436641e-09 -1.046700000e+02 -1.046700000e+02 -3.8024e+00 +9.3120e-01 -3.2000e+00
1671 +5.498208111e-09 +5.498208111e-09 -1.046700000e+02 -1.046700000e+02 -3.8024e+00 +9.3120e-01 -3.2000e+00
1678 +3.727791409e-10 +3.727791409e-10 -1.046700000e+02 -1.046700000e+02 -3.8024e+00 +9.3120e-01 -3.2000e+00
1867 +2.064695082e-10 +2.064695082e-10 -1.046700000e+02 -1.046700000e+02 -3.8024e+00 +9.3120e-01 -3.2000e+00
1907 +1.475655154e-10 +1.475655154e-10 -1.046700000e+02 -1.046700000e+02 -3.8024e+00 +9.3120e-01 -3.2000e+00
1909 +8.810729923e-11 +8.810729923e-11 -1.046700000e+02 -1.046700000e+02 -3.8024e+00 +9.3120e-01 -3.2000e+00
1932 +3.454658781e-11 +3.454658781e-11 -1.046700000e+02 -1.046700000e+02 -3.8024e+00 +9.3120e-01 -3.2000e+00
1952 +1.166711172e-11 +1.166711172e-11 -1.046700000e+02 -1.046700000e+02 -3.8024e+00 +9.3120e-01 -3.2000e+00
2019 +7.176481631e-12 +7.176481631e-12 -1.046700000e+02 -1.046700000e+02 -3.8024e+00 +9.3120e-01 -3.2000e+00
2121 +5.684341886e-12 +5.684341886e-12 -1.046700000e+02 -1.046700000e+02 -3.8024e+00 +9.3120e-01 -3.2000e+00
% function evaluation | noise-free fitness - Fopt (4.869500000000e+02) | best noise-free fitness - Fopt | measured fitness | best measured fitness | x1 | x2...
1 +6.763689645e+02 +6.763689645e+02 +1.163318964e+03 +1.163318964e+03 -2.9436e+00 -3.1381e+00 -3.0668e+00
3 +4.114924934e+02 +4.114924934e+02 +8.984424934e+02 +8.984424934e+02 -5.0855e+00 -2.5727e+00 -3.0018e+00
4 +3.208982865e+02 +3.208982865e+02 +8.078482865e+02 +8.078482865e+02 -2.0546e+00 -1.9996e+00 -1.4158e-01
11 +2.061863038e+02 +2.061863038e+02 +6.931363038e+02 +6.931363038e+02 -4.4456e+00 +1.3111e-01 -3.8010e-01
17 +1.444209563e+02 +1.444209563e+02 +6.313709563e+02 +6.313709563e+02 -3.9680e+00 -1.6021e+00 -1.3143e+00
24 +9.177822031e+01 +9.177822031e+01 +5.787282203e+02 +5.787282203e+02 -4.4846e+00 -1.0571e+00 -1.5060e+00
31 +5.881019227e+01 +5.881019227e+01 +5.457601923e+02 +5.457601923e+02 -4.1355e+00 -1.8014e+00 -5.8152e-01
78 +2.564466948e+01 +2.564466948e+01 +5.125946695e+02 +5.125946695e+02 -4.3241e+00 -9.0723e-01 -1.1135e+00
79 +2.215268059e+01 +2.215268059e+01 +5.091026806e+02 +5.091026806e+02 -4.0443e+00 -8.6926e-01 -8.8298e-01
98 +1.311639064e+01 +1.311639064e+01 +5.000663906e+02 +5.000663906e+02 -4.2639e+00 -8.6504e-01 -9.9407e-01
100 +9.046583776e+00 +9.046583776e+00 +4.959965838e+02 +4.959965838e+02 -4.1821e+00 -6.3021e-01 -1.0655e+00
125 +5.816290595e+00 +5.816290595e+00 +4.927662906e+02 +4.927662906e+02 -4.1445e+00 -7.2645e-01 -9.8460e-01
170 +3.444477454e+00 +3.444477454e+00 +4.903944775e+02 +4.903944775e+02 -4.1637e+00 -7.5757e-01 -9.9634e-01
490 +2.351365525e+00 +2.351365525e+00 +4.893013655e+02 +4.893013655e+02 -4.1369e+00 -6.6361e-01 -1.0176e+00
514 +1.411121354e+00 +1.411121354e+00 +4.883611214e+02 +4.883611214e+02 -4.0934e+00 -5.0871e-01 -1.0482e+00
520 +8.415272256e-01 +8.415272256e-01 +4.877915272e+02 +4.877915272e+02 -4.0606e+00 -3.8741e-01 -1.0745e+00
534 +5.179952442e-01 +5.179952442e-01 +4.874679952e+02 +4.874679952e+02 -3.9922e+00 -1.4084e-01 -1.1235e+00
586 +3.486585059e-01 +3.486585059e-01 +4.872986585e+02 +4.872986585e+02 -3.9480e+00 +1.7869e-03 -1.1519e+00
616 +1.301334732e-01 +1.301334732e-01 +4.870801335e+02 +4.870801335e+02 -3.9999e+00 -1.7875e-01 -1.1162e+00
620 +7.879189592e-02 +7.879189592e-02 +4.870287919e+02 +4.870287919e+02 -3.9656e+00 -5.5553e-02 -1.1416e+00
633 +9.445870223e-03 +9.445870223e-03 +4.869594459e+02 +4.869594459e+02 -3.9763e+00 -9.2564e-02 -1.1344e+00
738 +1.030248830e-03 +1.030248830e-03 +4.869510302e+02 +4.869510302e+02 -3.9747e+00 -8.7090e-02 -1.1355e+00
837 +6.538447373e-04 +6.538447373e-04 +4.869506538e+02 +4.869506538e+02 -3.9744e+00 -8.5939e-02 -1.1358e+00
857 +3.870883999e-04 +3.870883999e-04 +4.869503871e+02 +4.869503871e+02 -3.9743e+00 -8.5447e-02 -1.1359e+00
910 +1.346950459e-04 +1.346950459e-04 +4.869501347e+02 +4.869501347e+02 -3.9744e+00 -8.5782e-02 -1.1358e+00
956 +9.835439278e-05 +9.835439278e-05 +4.869500984e+02 +4.869500984e+02 -3.9743e+00 -8.5655e-02 -1.1358e+00
1039 +6.140884204e-05 +6.140884204e-05 +4.869500614e+02 +4.869500614e+02 -3.9744e+00 -8.5850e-02 -1.1358e+00
1460 +3.692996466e-05 +3.692996466e-05 +4.869500369e+02 +4.869500369e+02 -3.9746e+00 -8.6560e-02 -1.1357e+00
1472 +2.472086771e-05 +2.472086771e-05 +4.869500247e+02 +4.869500247e+02 -3.9747e+00 -8.7064e-02 -1.1356e+00
1501 +9.017309480e-06 +9.017309480e-06 +4.869500090e+02 +4.869500090e+02 -3.9752e+00 -8.8939e-02 -1.1352e+00
1560 +1.803318128e-06 +1.803318128e-06 +4.869500018e+02 +4.869500018e+02 -3.9753e+00 -8.9187e-02 -1.1351e+00
1623 +3.855546424e-07 +3.855546424e-07 +4.869500004e+02 +4.869500004e+02 -3.9752e+00 -8.8670e-02 -1.1352e+00
1645 +2.477270300e-07 +2.477270300e-07 +4.869500002e+02 +4.869500002e+02 -3.9752e+00 -8.8777e-02 -1.1352e+00
1654 +1.215310590e-07 +1.215310590e-07 +4.869500001e+02 +4.869500001e+02 -3.9752e+00 -8.8807e-02 -1.1352e+00
1700 +6.277116427e-08 +6.277116427e-08 +4.869500001e+02 +4.869500001e+02 -3.9752e+00 -8.8830e-02 -1.1352e+00
1741 +2.478503802e-08 +2.478503802e-08 +4.869500000e+02 +4.869500000e+02 -3.9752e+00 -8.8828e-02 -1.1352e+00
1810 +9.009340829e-09 +9.009340829e-09 +4.869500000e+02 +4.869500000e+02 -3.9752e+00 -8.8801e-02 -1.1352e+00
1862 +5.946731108e-09 +5.946731108e-09 +4.869500000e+02 +4.869500000e+02 -3.9752e+00 -8.8815e-02 -1.1352e+00
1934 +3.787476999e-09 +3.787476999e-09 +4.869500000e+02 +4.869500000e+02 -3.9752e+00 -8.8821e-02 -1.1352e+00
1971 +2.221270279e-09 +2.221270279e-09 +4.869500000e+02 +4.869500000e+02 -3.9752e+00 -8.8818e-02 -1.1352e+00
2037 +1.392947979e-09 +1.392947979e-09 +4.869500000e+02 +4.869500000e+02 -3.9752e+00 -8.8811e-02 -1.1352e+00
2050 +8.629967851e-10 +8.629967851e-10 +4.869500000e+02 +4.869500000e+02 -3.9752e+00 -8.8811e-02 -1.1352e+00
2152 +5.961169336e-10 +5.961169336e-10 +4.869500000e+02 +4.869500000e+02 -3.9752e+00 -8.8808e-02 -1.1352e+00
2170 +3.893205758e-10 +3.893205758e-10 +4.869500000e+02 +4.869500000e+02 -3.9752e+00 -8.8806e-02 -1.1352e+00
2186 +1.768967195e-10 +1.768967195e-10 +4.869500000e+02 +4.869500000e+02 -3.9752e+00 -8.8802e-02 -1.1352e+00
2192 +9.919176591e-11 +9.919176591e-11 +4.869500000e+02 +4.869500000e+02 -3.9752e+00 -8.8803e-02 -1.1352e+00
2193 +6.218670023e-11 +6.218670023e-11 +4.869500000e+02 +4.869500000e+02 -3.9752e+00 -8.8802e-02 -1.1352e+00
2229 +3.660716175e-11 +3.660716175e-11 +4.869500000e+02 +4.869500000e+02 -3.9752e+00 -8.8799e-02 -1.1352e+00
2249 +7.503331290e-12 +7.503331290e-12 +4.869500000e+02 +4.869500000e+02 -3.9752e+00 -8.8801e-02 -1.1352e+00
2289 +5.059064279e-12 +5.059064279e-12 +4.869500000e+02 +4.869500000e+02 -3.9752e+00 -8.8800e-02 -1.1352e+00
2348 +1.250555215e-12 +1.250555215e-12 +4.869500000e+02 +4.869500000e+02 -3.9752e+00 -8.8800e-02 -1.1352e+00
2369 +4.547473509e-13 +4.547473509e-13 +4.869500000e+02 +4.869500000e+02 -3.9752e+00 -8.8800e-02 -1.1352e+00
2403 +2.273736754e-13 +2.273736754e-13 +4.869500000e+02 +4.869500000e+02 -3.9752e+00 -8.8800e-02 -1.1352e+00
% function evaluation | noise-free fitness - Fopt (9.655000000000e+01) | best noise-free fitness - Fopt | measured fitness | best measured fitness | x1 | x2...
1 +9.021394859e+02 +9.021394859e+02 +9.986894859e+02 +9.986894859e+02 +1.4445e+00 -1.8945e+00 +6.3226e-01
7 +5.762566098e+02 +5.762566098e+02 +6.728066098e+02 +6.728066098e+02 +3.0040e+00 +9.4014e-03 -2.1246e+00
11 +3.097429166e+02 +3.097429166e+02 +4.062929166e+02 +4.062929166e+02 +2.6261e-01 +1.3550e+00 -8.6306e-01
17 +1.776092050e+02 +1.776092050e+02 +2.741592050e+02 +2.741592050e+02 +1.3902e+00 +2.0417e+00 -1.6174e+00
39 +1.341363824e+02 +1.341363824e+02 +2.306863824e+02 +2.306863824e+02 +1.2736e+00 +3.1376e+00 +5.6209e-01
60 +9.716837156e+01 +9.716837156e+01 +1.937183716e+02 +1.937183716e+02 +2.4665e-01 +2.6898e+00 +7.8266e-01
100 +5.732895152e+01 +5.732895152e+01 +1.538789515e+02 +1.538789515e+02 +6.9849e-01 +2.9399e+00 -7.5355e-02
130 +3.780142062e+01 +3.780142062e+01 +1.343514206e+02 +1.343514206e+02 +8.6429e-01 +2.9614e+00 -9.7339e-02
212 +2.049990918e+01 +2.049990918e+01 +1.170499092e+02 +1.170499092e+02 +1.1973e+00 +3.0520e+00 -5.9210e-01
314 +1.545796401e+01 +1.545796401e+01 +1.120079640e+02 +1.120079640e+02 +1.3529e+00 +3.1115e+00 -8.2131e-01
351 +8.026844465e+00 +8.026844465e+00 +1.045768445e+02 +1.045768445e+02 +1.6476e+00 +3.1730e+00 -1.2678e+00
398 +5.946058294e+00 +5.946058294e+00 +1.024960583e+02 +1.024960583e+02 +1.6881e+00 +3.1698e+00 -1.3247e+00
475 +3.853134820e+00 +3.853134820e+00 +1.004031348e+02 +1.004031348e+02 +1.7736e+00 +3.1813e+00 -1.4625e+00
502 +2.477854776e+00 +2.477854776e+00 +9.902785478e+01 +9.902785478e+01 +1.8748e+00 +3.2068e+00 -1.6120e+00
518 +1.251837004e+00 +1.251837004e+00 +9.780183700e+01 +9.780183700e+01 +1.9921e+00 +3.2304e+00 -1.7884e+00
520 +8.884061027e-01 +8.884061027e-01 +9.743840610e+01 +9.743840610e+01 +2.1354e+00 +3.2614e+00 -2.0143e+00
525 +6.138710408e-01 +6.138710408e-01 +9.716387104e+01 +9.716387104e+01 +2.1206e+00 +3.2531e+00 -1.9834e+00
591 +3.732102760e-01 +3.732102760e-01 +9.692321028e+01 +9.692321028e+01 +2.1196e+00 +3.2564e+00 -1.9818e+00
594 +1.773113490e-01 +1.773113490e-01 +9.672731135e+01 +9.672731135e+01 +2.2892e+00 +3.2904e+00 -2.2380e+00
622 +6.599729337e-02 +6.599729337e-02 +9.661599729e+01 +9.661599729e+01 +2.1971e+00 +3.2718e+00 -2.1000e+00
632 +5.027214856e-02 +5.027214856e-02 +9.660027215e+01 +9.660027215e+01 +2.1933e+00 +3.2704e+00 -2.0949e+00
690 +2.717074089e-02 +2.717074089e-02 +9.657717074e+01 +9.657717074e+01 +2.1892e+00 +3.2698e+00 -2.0887e+00
749 +1.284564033e-02 +1.284564033e-02 +9.656284564e+01 +9.656284564e+01 +2.1881e+00 +3.2696e+00 -2.0870e+00
781 +8.704742725e-03 +8.704742725e-03 +9.655870474e+01 +9.655870474e+01 +2.1918e+00 +3.2704e+00 -2.0925e+00
842 +5.762583845e-03 +5.762583845e-03 +9.655576258e+01 +9.655576258e+01 +2.1943e+00 +3.2709e+00 -2.0963e+00
936 +3.835375336e-03 +3.835375336e-03 +9.655383538e+01 +9.655383538e+01 +2.1973e+00 +3.2715e+00 -2.1007e+00
985 +2.464582991e-03 +2.464582991e-03 +9.655246458e+01 +9.655246458e+01 +2.2009e+00 +3.2723e+00 -2.1062e+00
1009 +1.420673988e-03 +1.420673988e-03 +9.655142067e+01 +9.655142067e+01 +2.2029e+00 +3.2727e+00 -2.1091e+00
1032 +7.574521424e-04 +7.574521424e-04 +9.655075745e+01 +9.655075745e+01 +2.2065e+00 +3.2734e+00 -2.1146e+00
1052 +5.780182806e-04 +5.780182806e-04 +9.655057802e+01 +9.655057802e+01 +2.2072e+00 +3.2736e+00 -2.1156e+00
1064 +3.581648724e-04 +3.581648724e-04 +9.655035816e+01 +9.655035816e+01 +2.2084e+00 +3.2738e+00 -2.1174e+00
1090 +8.582871888e-05 +8.582871888e-05 +9.655008583e+01 +9.655008583e+01 +2.2126e+00 +3.2747e+00 -2.1237e+00
1144 +3.436152967e-05 +3.436152967e-05 +9.655003436e+01 +9.655003436e+01 +2.2107e+00 +3.2743e+00 -2.1208e+00
1160 +1.261217088e-05 +1.261217088e-05 +9.655001261e+01 +9.655001261e+01 +2.2105e+00 +3.2743e+00 -2.1205e+00
1203 +7.713251463e-06 +7.713251463e-06 +9.655000771e+01 +9.655000771e+01 +2.2107e+00 +3.2743e+00 -2.1208e+00
1277 +4.793158624e-06 +4.793158624e-06 +9.655000479e+01 +9.655000479e+01 +2.2113e+00 +3.2744e+00 -2.1218e+00
1287 +3.799682887e-06 +3.799682887e-06 +9.655000380e+01 +9.655000380e+01 +2.2115e+00 +3.2745e+00 -2.1221e+00
1326 +9.449605329e-07 +9.449605329e-07 +9.655000094e+01 +9.655000094e+01 +2.2114e+00 +3.2744e+00 -2.1219e+00
1396 +5.153175238e-07 +5.153175238e-07 +9.655000052e+01 +9.655000052e+01 +2.2113e+00 +3.2744e+00 -2.1218e+00
1456 +3.841704483e-07 +3.841704483e-07 +9.655000038e+01 +9.655000038e+01 +2.2113e+00 +3.2744e+00 -2.1218e+00
1555 +2.469441966e-07 +2.469441966e-07 +9.655000025e+01 +9.655000025e+01 +2.2113e+00 +3.2744e+00 -2.1218e+00
1619 +1.424265008e-07 +1.424265008e-07 +9.655000014e+01 +9.655000014e+01 +2.2113e+00 +3.2744e+00 -2.1217e+00
1671 +7.780120370e-08 +7.780120370e-08 +9.655000008e+01 +9.655000008e+01 +2.2112e+00 +3.2744e+00 -2.1217e+00
1689 +4.835916911e-08 +4.835916911e-08 +9.655000005e+01 +9.655000005e+01 +2.2112e+00 +3.2744e+00 -2.1216e+00
1700 +2.743500715e-08 +2.743500715e-08 +9.655000003e+01 +9.655000003e+01 +2.2112e+00 +3.2744e+00 -2.1216e+00
1701 +1.956249207e-08 +1.956249207e-08 +9.655000002e+01 +9.655000002e+01 +2.2112e+00 +3.2744e+00 -2.1216e+00
1744 +5.121449931e-09 +5.121449931e-09 +9.655000001e+01 +9.655000001e+01 +2.2112e+00 +3.2744e+00 -2.1216e+00
1810 +3.654477609e-09 +3.654477609e-09 +9.655000000e+01 +9.655000000e+01 +2.2112e+00 +3.2744e+00 -2.1216e+00
1832 +1.796934157e-09 +1.796934157e-09 +9.655000000e+01 +9.655000000e+01 +2.2112e+00 +3.2744e+00 -2.1216e+00
1849 +1.445755515e-09 +1.445755515e-09 +9.655000000e+01 +9.655000000e+01 +2.2112e+00 +3.2744e+00 -2.1216e+00
1857 +8.163141274e-10 +8.163141274e-10 +9.655000000e+01 +9.655000000e+01 +2.2112e+00 +3.2744e+00 -2.1216e+00
1886 +6.217106829e-10 +6.217106829e-10 +9.655000000e+01 +9.655000000e+01 +2.2112e+00 +3.2744e+00 -2.1216e+00
1904 +2.635403007e-10 +2.635403007e-10 +9.655000000e+01 +9.655000000e+01 +2.2112e+00 +3.2744e+00 -2.1216e+00
1909 +1.680149353e-10 +1.680149353e-10 +9.655000000e+01 +9.655000000e+01 +2.2112e+00 +3.2744e+00 -2.1216e+00
1932 +1.218154466e-10 +1.218154466e-10 +9.655000000e+01 +9.655000000e+01 +2.2112e+00 +3.2744e+00 -2.1216e+00
1946 +9.893597053e-11 +9.893597053e-11 +9.655000000e+01 +9.655000000e+01 +2.2112e+00 +3.2744e+00 -2.1216e+00
1954 +2.846434199e-11 +2.846434199e-11 +9.655000000e+01 +9.655000000e+01 +2.2112e+00 +3.2744e+00 -2.1216e+00
2049 +2.370370566e-11 +2.370370566e-11 +9.655000000e+01 +9.655000000e+01 +2.2112e+00 +3.2744e+00 -2.1216e+00
2117 +1.374189651e-11 +1.374189651e-11 +9.655000000e+01 +9.655000000e+01 +2.2112e+00 +3.2744e+00 -2.1216e+00
2135 +7.318590178e-12 +7.318590178e-12 +9.655000000e+01 +9.655000000e+01 +2.2112e+00 +3.2744e+00 -2.1216e+00
2142 +4.291678124e-12 +4.291678124e-12 +9.655000000e+01 +9.655000000e+01 +2.2112e+00 +3.2744e+00 -2.1216e+00
2181 +3.765876500e-12 +3.765876500e-12 +9.655000000e+01 +9.655000000e+01 +2.2112e+00 +3.2744e+00 -2.1216e+00
% function evaluation | noise-free fitness - Fopt (6.320000000000e+00) | best noise-free fitness - Fopt | measured fitness | best measured fitness | x1 | x2...
1 +8.548168994e+02 +8.548168994e+02 +8.611368994e+02 +8.611368994e+02 +1.2221e+00 +2.0600e+00 -2.5068e+00
4 +5.415018789e+02 +5.415018789e+02 +5.478218789e+02 +5.478218789e+02 +2.1111e+00 +3.1985e+00 +4.1836e-01
25 +3.289679441e+02 +3.289679441e+02 +3.352879441e+02 +3.352879441e+02 +3.5896e+00 +1.0134e+00 -1.7940e-01
46 +1.864592763e+02 +1.864592763e+02 +1.927792763e+02 +1.927792763e+02 +4.4969e+00 -1.0473e+00 +2.6882e-02
54 +9.920183081e+01 +9.920183081e+01 +1.055218308e+02 +1.055218308e+02 +4.5369e+00 -2.4852e+00 +2.2932e-02
119 +5.389989630e+01 +5.389989630e+01 +6.021989630e+01 +6.021989630e+01 +4.0347e+00 -2.3036e+00 -1.9838e-01
128 +1.170385550e+01 +1.170385550e+01 +1.802385550e+01 +1.802385550e+01 +3.5326e+00 -2.1945e+00 +8.3754e-01
239 +8.449852595e+00 +8.449852595e+00 +1.476985260e+01 +1.476985260e+01 +3.3354e+00 -1.9028e+00 +1.1337e+00
255 +3.990455246e+00 +3.990455246e+00 +1.031045525e+01 +1.031045525e+01 +3.2260e+00 -1.9559e+00 +1.3326e+00
264 +3.207008010e+00 +3.207008010e+00 +9.527008010e+00 +9.527008010e+00 +3.2290e+00 -1.8885e+00 +1.3252e+00
284 +2.507813064e+00 +2.507813064e+00 +8.827813064e+00 +8.827813064e+00 +3.2574e+00 -1.9535e+00 +1.2637e+00
292 +7.805662275e-01 +7.805662275e-01 +7.100566227e+00 +7.100566227e+00 +3.2448e+00 -1.9216e+00 +1.2996e+00
347 +5.702735636e-01 +5.702735636e-01 +6.890273564e+00 +6.890273564e+00 +3.2554e+00 -1.9398e+00 +1.2797e+00
349 +6.811690062e-02 +6.811690062e-02 +6.388116901e+00 +6.388116901e+00 +3.2584e+00 -1.9362e+00 +1.2767e+00
454 +5.839725109e-02 +5.839725109e-02 +6.378397251e+00 +6.378397251e+00 +3.2498e+00 -1.9312e+00 +1.2899e+00
545 +3.854390593e-02 +3.854390593e-02 +6.358543906e+00 +6.358543906e+00 +3.2507e+00 -1.9319e+00 +1.2887e+00
1167 +2.128566051e-02 +2.128566051e-02 +6.341285661e+00 +6.341285661e+00 +3.2616e+00 -1.9385e+00 +1.2720e+00
1171 +1.369179167e-02 +1.369179167e-02 +6.333691792e+00 +6.333691792e+00 +3.2672e+00 -1.9418e+00 +1.2636e+00
1189 +5.848563961e-03 +5.848563961e-03 +6.325848564e+00 +6.325848564e+00 +3.2868e+00 -1.9535e+00 +1.2339e+00
1203 +1.946138133e-03 +1.946138133e-03 +6.321946138e+00 +6.321946138e+00 +3.2860e+00 -1.9530e+00 +1.2351e+00
1215 +2.028760531e-04 +2.028760531e-04 +6.320202876e+00 +6.320202876e+00 +3.2906e+00 -1.9558e+00 +1.2281e+00
1326 +1.283440873e-04 +1.283440873e-04 +6.320128344e+00 +6.320128344e+00 +3.2910e+00 -1.9561e+00 +1.2274e+00
1344 +9.929604796e-05 +9.929604796e-05 +6.320099296e+00 +6.320099296e+00 +3.2901e+00 -1.9555e+00 +1.2288e+00
1351 +4.583331132e-05 +4.583331132e-05 +6.320045833e+00 +6.320045833e+00 +3.2905e+00 -1.9557e+00 +1.2283e+00
1372 +8.356049651e-06 +8.356049651e-06 +6.320008356e+00 +6.320008356e+00 +3.2901e+00 -1.9555e+00 +1.2289e+00
1503 +4.937452514e-06 +4.937452514e-06 +6.320004937e+00 +6.320004937e+00 +3.2900e+00 -1.9554e+00 +1.2290e+00
1551 +3.045273736e-06 +3.045273736e-06 +6.320003045e+00 +6.320003045e+00 +3.2899e+00 -1.9554e+00 +1.2291e+00
1761 +2.481233947e-06 +2.481233947e-06 +6.320002481e+00 +6.320002481e+00 +3.2899e+00 -1.9554e+00 +1.2291e+00
1888 +1.505062786e-06 +1.505062786e-06 +6.320001505e+00 +6.320001505e+00 +3.2898e+00 -1.9553e+00 +1.2293e+00
1906 +6.838520044e-07 +6.838520044e-07 +6.320000684e+00 +6.320000684e+00 +3.2898e+00 -1.9553e+00 +1.2294e+00
1935 +5.782174686e-07 +5.782174686e-07 +6.320000578e+00 +6.320000578e+00 +3.2897e+00 -1.9553e+00 +1.2294e+00
1941 +3.554203714e-07 +3.554203714e-07 +6.320000355e+00 +6.320000355e+00 +3.2897e+00 -1.9553e+00 +1.2294e+00
1971 +2.330049833e-07 +2.330049833e-07 +6.320000233e+00 +6.320000233e+00 +3.2897e+00 -1.9552e+00 +1.2295e+00
1998 +9.464726602e-08 +9.464726602e-08 +6.320000095e+00 +6.320000095e+00 +3.2897e+00 -1.9552e+00 +1.2295e+00
2049 +5.606697595e-08 +5.606697595e-08 +6.320000056e+00 +6.320000056e+00 +3.2896e+00 -1.9552e+00 +1.2295e+00
2059 +2.350799289e-08 +2.350799289e-08 +6.320000024e+00 +6.320000024e+00 +3.2896e+00 -1.9552e+00 +1.2296e+00
2107 +1.158680973e-08 +1.158680973e-08 +6.320000012e+00 +6.320000012e+00 +3.2896e+00 -1.9552e+00 +1.2296e+00
2117 +9.783136967e-09 +9.783136967e-09 +6.320000010e+00 +6.320000010e+00 +3.2896e+00 -1.9552e+00 +1.2296e+00
2137 +5.764642985e-09 +5.764642985e-09 +6.320000006e+00 +6.320000006e+00 +3.2896e+00 -1.9552e+00 +1.2296e+00
2162 +1.697863183e-09 +1.697863183e-09 +6.320000002e+00 +6.320000002e+00 +3.2896e+00 -1.9552e+00 +1.2296e+00
2201 +9.131753131e-10 +9.131753131e-10 +6.320000001e+00 +6.320000001e+00 +3.2896e+00 -1.9552e+00 +1.2296e+00
2231 +5.566009875e-10 +5.566009875e-10 +6.320000001e+00 +6.320000001e+00 +3.2896e+00 -1.9552e+00 +1.2296e+00
2289 +3.099840384e-10 +3.099840384e-10 +6.320000000e+00 +6.320000000e+00 +3.2896e+00 -1.9552e+00 +1.2296e+00
2296 +1.757545220e-10 +1.757545220e-10 +6.320000000e+00 +6.320000000e+00 +3.2896e+00 -1.9552e+00 +1.2296e+00
2300 +9.806999657e-11 +9.806999657e-11 +6.320000000e+00 +6.320000000e+00 +3.2896e+00 -1.9552e+00 +1.2296e+00
2353 +5.023093053e-11 +5.023093053e-11 +6.320000000e+00 +6.320000000e+00 +3.2896e+00 -1.9552e+00 +1.2296e+00
2369 +3.407851779e-11 +3.407851779e-11 +6.320000000e+00 +6.320000000e+00 +3.2896e+00 -1.9552e+00 +1.2296e+00
2392 +9.909406629e-12 +9.909406629e-12 +6.320000000e+00 +6.320000000e+00 +3.2896e+00 -1.9552e+00 +1.2296e+00
2434 +5.774936085e-12 +5.774936085e-12 +6.320000000e+00 +6.320000000e+00 +3.2896e+00 -1.9552e+00 +1.2296e+00
2462 +2.875033545e-12 +2.875033545e-12 +6.320000000e+00 +6.320000000e+00 +3.2896e+00 -1.9552e+00 +1.2296e+00
2480 +2.331468352e-12 +2.331468352e-12 +6.320000000e+00 +6.320000000e+00 +3.2896e+00 -1.9552e+00 +1.2296e+00
2500 +4.858335956e-13 +4.858335956e-13 +6.320000000e+00 +6.320000000e+00 +3.2896e+00 -1.9552e+00 +1.2296e+00
2563 +3.490541189e-13 +3.490541189e-13 +6.320000000e+00 +6.320000000e+00 +3.2896e+00 -1.9552e+00 +1.2296e+00
2564 +2.193800697e-13 +2.193800697e-13 +6.320000000e+00 +6.320000000e+00 +3.2896e+00 -1.9552e+00 +1.2296e+00
% function evaluation | noise-free fitness - Fopt (-1.275100000000e+02) | best noise-free fitness - Fopt | measured fitness | best measured fitness | x1 | x2...
1 +9.355461259e+02 +9.355461259e+02 +8.080361259e+02 +8.080361259e+02 +1.2535e+00 -3.5050e+00 -9.6635e-01
3 +6.147253939e+02 +6.147253939e+02 +4.872153939e+02 +4.872153939e+02 -8.8837e-01 -2.9396e+00 -9.0143e-01
19 +3.103530046e+02 +3.103530046e+02 +1.828430046e+02 +1.828430046e+02 -4.8945e+00 -3.6188e+00 +2.1976e+00
37 +2.392919589e+02 +2.392919589e+02 +1.117819589e+02 +1.117819589e+02 -2.8132e+00 -3.5859e+00 +3.1664e+00
39 +1.084010409e+02 +1.084010409e+02 -1.910895907e+01 -1.910895907e+01 -4.2720e+00 -4.3755e+00 +4.4341e-01
55 +6.502135702e+01 +6.502135702e+01 -6.248864298e+01 -6.248864298e+01 -4.5758e+00 -3.3897e+00 -1.0537e-01
105 +3.252402783e+01 +3.252402783e+01 -9.498597217e+01 -9.498597217e+01 -4.1665e+00 -3.1768e+00 +6.4564e-01
132 +2.397663370e+01 +2.397663370e+01 -1.035333663e+02 -1.035333663e+02 -3.7686e+00 -2.8497e+00 +9.9289e-01
151 +3.306148415e+00 +3.306148415e+00 -1.242038516e+02 -1.242038516e+02 -3.7329e+00 -3.0369e+00 +1.0237e+00
242 +1.333228512e+00 +1.333228512e+00 -1.261767715e+02 -1.261767715e+02 -3.6611e+00 -2.9752e+00 +1.0796e+00
331 +4.503684544e-01 +4.503684544e-01 -1.270596315e+02 -1.270596315e+02 -3.6211e+00 -2.9421e+00 +1.1328e+00
421 +3.347324997e-01 +3.347324997e-01 -1.271752675e+02 -1.271752675e+02 -3.6201e+00 -2.9424e+00 +1.1332e+00
492 +2.404414374e-01 +2.404414374e-01 -1.272695586e+02 -1.272695586e+02 -3.6432e+00 -2.9664e+00 +1.1051e+00
518 +1.457249615e-01 +1.457249615e-01 -1.273642750e+02 -1.273642750e+02 -3.6778e+00 -3.0011e+00 +1.0632e+00
523 +9.631341931e-02 +9.631341931e-02 -1.274136866e+02 -1.274136866e+02 -3.7002e+00 -3.0233e+00 +1.0350e+00
579 +3.637600691e-02 +3.637600691e-02 -1.274736240e+02 -1.274736240e+02 -3.7438e+00 -3.0681e+00 +9.8158e-01
620 +2.209853356e-02 +2.209853356e-02 -1.274879015e+02 -1.274879015e+02 -3.7216e+00 -3.0452e+00 +1.0092e+00
657 +1.460689524e-02 +1.460689524e-02 -1.274953931e+02 -1.274953931e+02 -3.7257e+00 -3.0496e+00 +1.0040e+00
685 +4.038865191e-03 +4.038865191e-03 -1.275059611e+02 -1.275059611e+02 -3.7236e+00 -3.0475e+00 +1.0065e+00
706 +1.565551866e-03 +1.565551866e-03 -1.275084344e+02 -1.275084344e+02 -3.7320e+00 -3.0559e+00 +9.9627e-01
799 +8.573342437e-04 +8.573342437e-04 -1.275091427e+02 -1.275091427e+02 -3.7319e+00 -3.0558e+00 +9.9641e-01
822 +6.205177873e-04 +6.205177873e-04 -1.275093795e+02 -1.275093795e+02 -3.7327e+00 -3.0566e+00 +9.9543e-01
873 +3.757173277e-04 +3.757173277e-04 -1.275096243e+02 -1.275096243e+02 -3.7347e+00 -3.0586e+00 +9.9300e-01
904 +1.501133638e-04 +1.501133638e-04 -1.275098499e+02 -1.275098499e+02 -3.7385e+00 -3.0625e+00 +9.8830e-01
950 +6.531363519e-05 +6.531363519e-05 -1.275099347e+02 -1.275099347e+02 -3.7362e+00 -3.0602e+00 +9.9113e-01
975 +5.532917440e-05 +5.532917440e-05 -1.275099447e+02 -1.275099447e+02 -3.7366e+00 -3.0606e+00 +9.9066e-01
995 +2.742924244e-05 +2.742924244e-05 -1.275099726e+02 -1.275099726e+02 -3.7363e+00 -3.0603e+00 +9.9101e-01
1014 +2.219715087e-05 +2.219715087e-05 -1.275099778e+02 -1.275099778e+02 -3.7362e+00 -3.0602e+00 +9.9119e-01
1036 +1.154960627e-05 +1.154960627e-05 -1.275099885e+02 -1.275099885e+02 -3.7362e+00 -3.0602e+00 +9.9116e-01
1090 +8.085203561e-06 +8.085203561e-06 -1.275099919e+02 -1.275099919e+02 -3.7363e+00 -3.0603e+00 +9.9102e-01
1104 +5.766172109e-06 +5.766172109e-06 -1.275099942e+02 -1.275099942e+02 -3.7364e+00 -3.0604e+00 +9.9088e-01
1175 +3.939095592e-06 +3.939095592e-06 -1.275099961e+02 -1.275099961e+02 -3.7364e+00 -3.0604e+00 +9.9084e-01
1211 +2.422145215e-06 +2.422145215e-06 -1.275099976e+02 -1.275099976e+02 -3.7365e+00 -3.0605e+00 +9.9075e-01
1226 +1.563066775e-06 +1.563066775e-06 -1.275099984e+02 -1.275099984e+02 -3.7366e+00 -3.0606e+00 +9.9070e-01
1264 +8.058938477e-07 +8.058938477e-07 -1.275099992e+02 -1.275099992e+02 -3.7368e+00 -3.0608e+00 +9.9040e-01
1297 +3.430745465e-07 +3.430745465e-07 -1.275099997e+02 -1.275099997e+02 -3.7368e+00 -3.0608e+00 +9.9037e-01
1312 +2.390239899e-07 +2.390239899e-07 -1.275099998e+02 -1.275099998e+02 -3.7367e+00 -3.0607e+00 +9.9047e-01
1314 +1.385725596e-07 +1.385725596e-07 -1.275099999e+02 -1.275099999e+02 -3.7367e+00 -3.0607e+00 +9.9047e-01
1367 +8.523603867e-08 +8.523603867e-08 -1.275099999e+02 -1.275099999e+02 -3.7368e+00 -3.0608e+00 +9.9044e-01
1375 +3.437520490e-08 +3.437520490e-08 -1.275100000e+02 -1.275100000e+02 -3.7368e+00 -3.0608e+00 +9.9043e-01
1437 +2.117245401e-08 +2.117245401e-08 -1.275100000e+02 -1.275100000e+02 -3.7368e+00 -3.0608e+00 +9.9044e-01
1461 +1.566068875e-08 +1.566068875e-08 -1.275100000e+02 -1.275100000e+02 -3.7368e+00 -3.0608e+00 +9.9043e-01
1597 +8.527592854e-09 +8.527592854e-09 -1.275100000e+02 -1.275100000e+02 -3.7368e+00 -3.0608e+00 +9.9042e-01
1626 +6.241762662e-09 +6.241762662e-09 -1.275100000e+02 -1.275100000e+02 -3.7368e+00 -3.0608e+00 +9.9041e-01
1635 +2.631480811e-09 +2.631480811e-09 -1.275100000e+02 -1.275100000e+02 -3.7368e+00 -3.0608e+00 +9.9041e-01
1645 +1.705018349e-09 +1.705018349e-09 -1.275100000e+02 -1.275100000e+02 -3.7368e+00 -3.0608e+00 +9.9040e-01
1656 +1.090029400e-09 +1.090029400e-09 -1.275100000e+02 -1.275100000e+02 -3.7368e+00 -3.0608e+00 +9.9040e-01
1701 +6.662475016e-10 +6.662475016e-10 -1.275100000e+02 -1.275100000e+02 -3.7368e+00 -3.0608e+00 +9.9041e-01
1725 +5.903473266e-10 +5.903473266e-10 -1.275100000e+02 -1.275100000e+02 -3.7368e+00 -3.0608e+00 +9.9041e-01
1756 +2.892335260e-10 +2.892335260e-10 -1.275100000e+02 -1.275100000e+02 -3.7368e+00 -3.0608e+00 +9.9040e-01
1810 +1.400053407e-10 +1.400053407e-10 -1.275100000e+02 -1.275100000e+02 -3.7368e+00 -3.0608e+00 +9.9040e-01
1842 +9.862333172e-11 +9.862333172e-11 -1.275100000e+02 -1.275100000e+02 -3.7368e+00 -3.0608e+00 +9.9040e-01
1852 +2.651745490e-11 +2.651745490e-11 -1.275100000e+02 -1.275100000e+02 -3.7368e+00 -3.0608e+00 +9.9040e-01
1907 +2.410160960e-11 +2.410160960e-11 -1.275100000e+02 -1.275100000e+02 -3.7368e+00 -3.0608e+00 +9.9040e-01
1909 +2.927436071e-12 +2.927436071e-12 -1.275100000e+02 -1.275100000e+02 -3.7368e+00 -3.0608e+00 +9.9040e-01
1954 +1.705302566e-12 +1.705302566e-12 -1.275100000e+02 -1.275100000e+02 -3.7368e+00 -3.0608e+00 +9.9040e-01
2030 +3.836930773e-13 +3.836930773e-13 -1.275100000e+02 -1.275100000e+02 -3.7368e+00 -3.0608e+00 +9.9040e-01
2135 +1.847411113e-13 +1.847411113e-13 -1.275100000e+02 -1.275100000e+02 -3.7368e+00 -3.0608e+00 +9.9040e-01
2146 +1.136868377e-13 +1.136868377e-13 -1.275100000e+02 -1.275100000e+02 -3.7368e+00 -3.0608e+00 +9.9040e-01
2186 +8.526512829e-14 +8.526512829e-14 -1.275100000e+02 -1.275100000e+02 -3.7368e+00 -3.0608e+00 +9.9040e-01
% function evaluation | noise-free fitness - Fopt (8.328000000000e+02) | best noise-free fitness - Fopt | measured fitness | best measured fitness | x1 | x2...
1 +6.803882140e+02 +6.803882140e+02 +1.513188214e+03 +1.513188214e+03 -1.1725e+00 -1.5881e+00 +2.4422e+00
2 +2.315160581e+02 +2.315160581e+02 +1.064316058e+03 +1.064316058e+03 -2.4738e+00 -2.0206e+00 +2.6460e-01
24 +1.314985567e+02 +1.314985567e+02 +9.642985567e+02 +9.642985567e+02 -8.6541e-01 -3.3926e+00 -7.4452e-02
31 +3.109458305e+01 +3.109458305e+01 +8.638945830e+02 +8.638945830e+02 -4.4557e-02 -3.6105e+00 -1.1251e-01
534 +2.400611049e+01 +2.400611049e+01 +8.568061105e+02 +8.568061105e+02 -1.4115e-01 -3.4829e+00 -1.4879e-01
555 +1.535928463e+01 +1.535928463e+01 +8.481592846e+02 +8.481592846e+02 -8.4834e-01 -2.7712e+00 -4.4660e-01
579 +5.353731613e+00 +5.353731613e+00 +8.381537316e+02 +8.381537316e+02 -2.2147e+00 -1.3854e+00 -9.8935e-01
586 +3.807723722e+00 +3.807723722e+00 +8.366077237e+02 +8.366077237e+02 -2.7549e+00 -8.3552e-01 -1.2184e+00
622 +1.368543648e+00 +1.368543648e+00 +8.341685436e+02 +8.341685436e+02 -2.6173e+00 -9.6017e-01 -1.1723e+00
674 +5.553772699e-01 +5.553772699e-01 +8.333553773e+02 +8.333553773e+02 -2.5750e+00 -9.9340e-01 -1.1578e+00
690 +3.681442838e-01 +3.681442838e-01 +8.331681443e+02 +8.331681443e+02 -2.7770e+00 -7.9315e-01 -1.2378e+00
709 +2.147027633e-01 +2.147027633e-01 +8.330147028e+02 +8.330147028e+02 -2.8305e+00 -7.3779e-01 -1.2608e+00
711 +1.404596166e-01 +1.404596166e-01 +8.329404596e+02 +8.329404596e+02 -2.8320e+00 -7.3558e-01 -1.2619e+00
738 +4.200850990e-02 +4.200850990e-02 +8.328420085e+02 +8.328420085e+02 -2.7506e+00 -8.1788e-01 -1.2281e+00
755 +3.251883218e-02 +3.251883218e-02 +8.328325188e+02 +8.328325188e+02 -2.7422e+00 -8.2634e-01 -1.2248e+00
779 +1.902171468e-02 +1.902171468e-02 +8.328190217e+02 +8.328190217e+02 -2.7694e+00 -7.9854e-01 -1.2361e+00
801 +7.983065767e-03 +7.983065767e-03 +8.328079831e+02 +8.328079831e+02 -2.7555e+00 -8.1278e-01 -1.2304e+00
837 +3.620354395e-03 +3.620354395e-03 +8.328036204e+02 +8.328036204e+02 -2.7638e+00 -8.0440e-01 -1.2337e+00
901 +2.306201042e-03 +2.306201042e-03 +8.328023062e+02 +8.328023062e+02 -2.7639e+00 -8.0428e-01 -1.2338e+00
917 +1.527752654e-03 +1.527752654e-03 +8.328015278e+02 +8.328015278e+02 -2.7652e+00 -8.0293e-01 -1.2343e+00
939 +9.141384685e-04 +9.141384685e-04 +8.328009141e+02 +8.328009141e+02 -2.7642e+00 -8.0395e-01 -1.2339e+00
985 +6.078749261e-04 +6.078749261e-04 +8.328006079e+02 +8.328006079e+02 -2.7655e+00 -8.0267e-01 -1.2344e+00
1075 +3.687963907e-04 +3.687963907e-04 +8.328003688e+02 +8.328003688e+02 -2.7646e+00 -8.0353e-01 -1.2341e+00
1482 +2.442510192e-04 +2.442510192e-04 +8.328002443e+02 +8.328002443e+02 -2.7663e+00 -8.0187e-01 -1.2348e+00
1528 +1.567283148e-04 +1.567283148e-04 +8.328001567e+02 +8.328001567e+02 -2.7680e+00 -8.0005e-01 -1.2355e+00
1545 +6.009138906e-05 +6.009138906e-05 +8.328000601e+02 +8.328000601e+02 -2.7747e+00 -7.9330e-01 -1.2382e+00
1573 +2.623538239e-05 +2.623538239e-05 +8.328000262e+02 +8.328000262e+02 -2.7730e+00 -7.9506e-01 -1.2375e+00
1627 +2.372745132e-05 +2.372745132e-05 +8.328000237e+02 +8.328000237e+02 -2.7749e+00 -7.9308e-01 -1.2383e+00
1635 +1.253545361e-05 +1.253545361e-05 +8.328000125e+02 +8.328000125e+02 -2.7743e+00 -7.9368e-01 -1.2380e+00
1641 +3.367815566e-06 +3.367815566e-06 +8.328000034e+02 +8.328000034e+02 -2.7751e+00 -7.9289e-01 -1.2384e+00
1679 +1.987284463e-06 +1.987284463e-06 +8.328000020e+02 +8.328000020e+02 -2.7750e+00 -7.9305e-01 -1.2383e+00
1708 +1.402753924e-06 +1.402753924e-06 +8.328000014e+02 +8.328000014e+02 -2.7748e+00 -7.9316e-01 -1.2383e+00
1717 +9.653683719e-07 +9.653683719e-07 +8.328000010e+02 +8.328000010e+02 -2.7751e+00 -7.9293e-01 -1.2383e+00
1751 +4.872354111e-07 +4.872354111e-07 +8.328000005e+02 +8.328000005e+02 -2.7752e+00 -7.9285e-01 -1.2384e+00
1822 +3.827216233e-07 +3.827216233e-07 +8.328000004e+02 +8.328000004e+02 -2.7753e+00 -7.9274e-01 -1.2384e+00
1823 +1.227997473e-07 +1.227997473e-07 +8.328000001e+02 +8.328000001e+02 -2.7754e+00 -7.9260e-01 -1.2385e+00
1867 +4.658329544e-08 +4.658329544e-08 +8.328000000e+02 +8.328000000e+02 -2.7753e+00 -7.9271e-01 -1.2384e+00
1886 +3.076115718e-08 +3.076115718e-08 +8.328000000e+02 +8.328000000e+02 -2.7752e+00 -7.9276e-01 -1.2384e+00
1941 +1.652745141e-08 +1.652745141e-08 +8.328000000e+02 +8.328000000e+02 -2.7752e+00 -7.9279e-01 -1.2384e+00
1942 +5.179799700e-09 +5.179799700e-09 +8.328000000e+02 +8.328000000e+02 -2.7752e+00 -7.9281e-01 -1.2384e+00
2065 +3.920490599e-09 +3.920490599e-09 +8.328000000e+02 +8.328000000e+02 -2.7752e+00 -7.9277e-01 -1.2384e+00
2130 +2.369574759e-09 +2.369574759e-09 +8.328000000e+02 +8.328000000e+02 -2.7752e+00 -7.9280e-01 -1.2384e+00
2153 +5.669562597e-10 +5.669562597e-10 +8.328000000e+02 +8.328000000e+02 -2.7752e+00 -7.9279e-01 -1.2384e+00
2248 +2.960405254e-10 +2.960405254e-10 +8.328000000e+02 +8.328000000e+02 -2.7752e+00 -7.9279e-01 -1.2384e+00
2249 +2.232809493e-10 +2.232809493e-10 +8.328000000e+02 +8.328000000e+02 -2.7752e+00 -7.9279e-01 -1.2384e+00
2446 +1.577973308e-10 +1.577973308e-10 +8.328000000e+02 +8.328000000e+02 -2.7752e+00 -7.9279e-01 -1.2384e+00
2459 +9.356426744e-11 +9.356426744e-11 +8.328000000e+02 +8.328000000e+02 -2.7752e+00 -7.9280e-01 -1.2384e+00
4714 +6.218670023e-11 +6.218670023e-11 +8.328000000e+02 +8.328000000e+02 -2.7752e+00 -7.9280e-01 -1.2384e+00
4762 +3.717559593e-11 +3.717559593e-11 +8.328000000e+02 +8.328000000e+02 -2.7752e+00 -7.9280e-01 -1.2384e+00
4813 +2.307842806e-11 +2.307842806e-11 +8.328000000e+02 +8.328000000e+02 -2.7752e+00 -7.9280e-01 -1.2384e+00
