% function evaluation | noise-free fitness - Fopt (-5.465000000000e+02) | best noise-free fitness - Fopt | measured fitness | best measured fitness | x1 | x2...
1 +6.113895611e+04 +6.113895611e+04 +6.059245611e+04 +6.059245611e+04 -1.5515e+00 -3.1228e+00
5 +3.583916882e+04 +3.583916882e+04 +3.529266882e+04 +3.529266882e+04 -6.6252e-01 -1.9843e+00
6 +2.085105553e+04 +2.085105553e+04 +2.030455553e+04 +2.030455553e+04 +1.3736e+00 -7.6464e-01
11 +7.177605791e+03 +7.177605791e+03 +6.631105791e+03 +6.631105791e+03 +3.0594e+00 +6.1162e-01
16 +4.875014121e+00 +4.875014121e+00 -5.416249859e+02 -5.416249859e+02 -3.6502e-01 +1.5649e+00
43 +3.480500934e+00 +3.480500934e+00 -5.430194991e+02 -5.430194991e+02 -1.8159e+00 +1.1080e+00
48 +2.497805381e+00 +2.497805381e+00 -5.440021946e+02 -5.440021946e+02 -2.1146e+00 +1.0637e+00
191 +1.352776674e+00 +1.352776674e+00 -5.451472233e+02 -5.451472233e+02 +1.5760e+00 +1.8975e+00
% function evaluation | noise-free fitness - Fopt (1.000000000000e+03) | best noise-free fitness - Fopt | measured fitness | best measured fitness | x1 | x2...
1 +8.420702324e+01 +8.420702324e+01 +1.084207023e+03 +1.084207023e+03 +8.4876e-02 +1.0527e+00
5 +5.136277350e+00 +5.136277350e+00 +1.005136277e+03 +1.005136277e+03 +9.7391e-01 +2.1912e+00
26 +3.388155570e+00 +3.388155570e+00 +1.003388156e+03 +1.003388156e+03 +5.2415e-01 +1.6896e+00
71 +2.391784134e+00 +2.391784134e+00 +1.002391784e+03 +1.002391784e+03 +5.7877e-01 +1.6650e+00
132 +1.529715793e+00 +1.529715793e+00 +1.001529716e+03 +1.001529716e+03 +1.6123e+00 +1.9100e+00
822 +6.697372965e-01 +6.697372965e-01 +1.000669737e+03 +1.000669737e+03 +1.5680e+00 +3.0234e+00
968 +6.205522066e-01 +6.205522066e-01 +1.000620552e+03 +1.000620552e+03 +1.5264e+00 +3.0223e+00
3550 +1.258982310e-01 +1.258982310e-01 +1.000125898e+03 +1.000125898e+03 -2.1621e+00 +2.1036e+00
3594 +9.419085940e-02 +9.419085940e-02 +1.000094191e+03 +1.000094191e+03 -2.1497e+00 +2.0805e+00
3646 +4.920875030e-02 +4.920875030e-02 +1.000049209e+03 +1.000049209e+03 -2.0626e+00 +2.1111e+00
3676 +2.111016534e-02 +2.111016534e-02 +1.000021110e+03 +1.000021110e+03 -2.1250e+00 +2.1064e+00
3703 +4.206045313e-03 +4.206045313e-03 +1.000004206e+03 +1.000004206e+03 -2.1072e+00 +2.1002e+00
3725 +3.580555625e-03 +3.580555625e-03 +1.000003581e+03 +1.000003581e+03 -2.0944e+00 +2.1093e+00
3742 +5.304300531e-04 +5.304300531e-04 +1.000000530e+03 +1.000000530e+03 -2.1007e+00 +2.1053e+00
3809 +3.292148054e-04 +3.292148054e-04 +1.000000329e+03 +1.000000329e+03 -2.1035e+00 +2.1062e+00
3814 +2.053174292e-04 +2.053174292e-04 +1.000000205e+03 +1.000000205e+03 -2.1021e+00 +2.1053e+00
3825 +3.692706946e-05 +3.692706946e-05 +1.000000037e+03 +1.000000037e+03 -2.1059e+00 +2.1048e+00
3844 +4.795823997e-06 +4.795823997e-06 +1.000000005e+03 +1.000000005e+03 -2.1046e+00 +2.1050e+00
3847 +3.102989012e-07 +3.102989012e-07 +1.000000000e+03 +1.000000000e+03 -2.1049e+00 +2.1049e+00
3928 +2.502285952e-07 +2.502285952e-07 +1.000000000e+03 +1.000000000e+03 -2.1048e+00 +2.1048e+00
3957 +2.880574357e-08 +2.880574357e-08 +1.000000000e+03 +1.000000000e+03 -2.1048e+00 +2.1048e+00
3969 +8.644292393e-09 +8.644292393e-09 +1.000000000e+03 +1.000000000e+03 -2.1048e+00 +2.1048e+00
3995 +6.717755241e-10 +6.717755241e-10 +1.000000000e+03 +1.000000000e+03 -2.1048e+00 +2.1048e+00
4034 +2.833075996e-10 +2.833075996e-10 +1.000000000e+03 +1.000000000e+03 -2.1048e+00 +2.1048e+00
4041 +1.033413355e-10 +1.033413355e-10 +1.000000000e+03 +1.000000000e+03 -2.1048e+00 +2.1048e+00
4058 +1.671196515e-11 +1.671196515e-11 +1.000000000e+03 +1.000000000e+03 -2.1048e+00 +2.1048e+00
4112 +1.080024958e-11 +1.080024958e-11 +1.000000000e+03 +1.000000000e+03 -2.1048e+00 +2.1048e+00
4127 +3.979039320e-12 +3.979039320e-12 +1.000000000e+03 +1.000000000e+03 -2.1048e+00 +2.1048e+00
4138 +2.501110430e-12 +2.501110430e-12 +1.000000000e+03 +1.000000000e+03 -2.1048e+00 +2.1048e+00
4161 +7.958078641e-13 +7.958078641e-13 +1.000000000e+03 +1.000000000e+03 -2.1048e+00 +2.1048e+00
4181 +3.410605132e-13 +3.410605132e-13 +1.000000000e+03 +1.000000000e+03 -2.1048e+00 +2.1048e+00
4199 +0.000000000e+00 +0.000000000e+00 +1.000000000e+03 +1.000000000e+03 -2.1048e+00 +2.1048e+00
% function evaluation | noise-free fitness - Fopt (2.083800000000e+02) | best noise-free fitness - Fopt | measured fitness | best measured fitness | x1 | x2...
1 +2.568293786e+04 +2.568293786e+04 +2.589131786e+04 +2.589131786e+04 +4.5809e-01 -1.2438e+00
5 +1.046919390e+04 +1.046919390e+04 +1.067757390e+04 +1.067757390e+04 +1.3471e+00 -1.0533e-01
6 +3.609749530e+03 +3.609749530e+03 +3.818129530e+03 +3.818129530e+03 +3.3833e+00 +1.1144e+00
16 +4.219567874e+01 +4.219567874e+01 +2.505756787e+02 +2.505756787e+02 +1.4211e+00 +3.2068e+00
26 +4.855410528e+00 +4.855410528e+00 +2.132354105e+02 +2.132354105e+02 -6.3544e-01 +1.0435e+00
30 +3.342623181e+00 +3.342623181e+00 +2.117226232e+02 +2.117226232e+02 +4.3448e-01 +2.4179e+00
58 +1.554192756e+00 +1.554192756e+00 +2.099341928e+02 +2.099341928e+02 -9.2131e-01 +2.4316e+00
66 +5.959440619e-01 +5.959440619e-01 +2.089759441e+02 +2.089759441e+02 +1.5005e+00 +3.0066e+00
3442 +2.939606566e-01 +2.939606566e-01 +2.086739607e+02 +2.086739607e+02 -2.0198e+00 +2.1046e+00
3446 +2.318787892e-01 +2.318787892e-01 +2.086118788e+02 +2.086118788e+02 -2.1837e+00 +2.1025e+00
3687 +8.520254834e-02 +8.520254834e-02 +2.084652025e+02 +2.084652025e+02 -2.0489e+00 +2.1241e+00
3690 +3.529989431e-02 +3.529989431e-02 +2.084152999e+02 +2.084152999e+02 -2.0811e+00 +2.1016e+00
3692 +8.336492016e-03 +8.336492016e-03 +2.083883365e+02 +2.083883365e+02 -2.1040e+00 +2.1108e+00
3728 +3.091704387e-03 +3.091704387e-03 +2.083830917e+02 +2.083830917e+02 -2.1158e+00 +2.1016e+00
3734 +3.170116318e-04 +3.170116318e-04 +2.083803170e+02 +2.083803170e+02 -2.1074e+00 +2.1034e+00
3773 +1.540096064e-04 +1.540096064e-04 +2.083801540e+02 +2.083801540e+02 -2.1027e+00 +2.1050e+00
3784 +7.734343495e-05 +7.734343495e-05 +2.083800773e+02 +2.083800773e+02 -2.1041e+00 +2.1045e+00
3799 +4.580533397e-05 +4.580533397e-05 +2.083800458e+02 +2.083800458e+02 -2.1061e+00 +2.1047e+00
3827 +1.061562867e-05 +1.061562867e-05 +2.083800106e+02 +2.083800106e+02 -2.1049e+00 +2.1050e+00
3846 +9.961202466e-06 +9.961202466e-06 +2.083800100e+02 +2.083800100e+02 -2.1055e+00 +2.1046e+00
3851 +2.240973430e-06 +2.240973430e-06 +2.083800022e+02 +2.083800022e+02 -2.1049e+00 +2.1049e+00
3885 +1.348417413e-06 +1.348417413e-06 +2.083800013e+02 +2.083800013e+02 -2.1050e+00 +2.1048e+00
3886 +9.623880715e-08 +9.623880715e-08 +2.083800001e+02 +2.083800001e+02 -2.1048e+00 +2.1048e+00
3923 +1.721892318e-08 +1.721892318e-08 +2.083800000e+02 +2.083800000e+02 -2.1049e+00 +2.1048e+00
3941 +5.278565141e-09 +5.278565141e-09 +2.083800000e+02 +2.083800000e+02 -2.1048e+00 +2.1048e+00
3970 +3.294900353e-09 +3.294900353e-09 +2.083800000e+02 +2.083800000e+02 -2.1048e+00 +2.1048e+00
3974 +1.467924449e-09 +1.467924449e-09 +2.083800000e+02 +2.083800000e+02 -2.1048e+00 +2.1048e+00
3998 +8.871268165e-10 +8.871268165e-10 +2.083800000e+02 +2.083800000e+02 -2.1048e+00 +2.1048e+00
4003 +3.977049801e-10 +3.977049801e-10 +2.083800000e+02 +2.083800000e+02 -2.1048e+00 +2.1048e+00
4033 +4.655476005e-11 +4.655476005e-11 +2.083800000e+02 +2.083800000e+02 -2.1048e+00 +2.1048e+00
4056 +3.132072379e-11 +3.132072379e-11 +2.083800000e+02 +2.083800000e+02 -2.1048e+00 +2.1048e+00
4064 +1.830358087e-11 +1.830358087e-11 +2.083800000e+02 +2.083800000e+02 -2.1048e+00 +2.1048e+00
4065 +1.546140993e-11 +1.546140993e-11 +2.083800000e+02 +2.083800000e+02 -2.1048e+00 +2.1048e+00
4077 +8.725464795e-12 +8.725464795e-12 +2.083800000e+02 +2.083800000e+02 -2.1048e+00 +2.1048e+00
4081 +5.741185305e-12 +5.741185305e-12 +2.083800000e+02 +2.083800000e+02 -2.1048e+00 +2.1048e+00
4086 +1.449507181e-12 +1.449507181e-12 +2.083800000e+02 +2.083800000e+02 -2.1048e+00 +2.1048e+00
4099 +1.136868377e-13 +1.136868377e-13 +2.083800000e+02 +2.083800000e+02 -2.1048e+00 +2.1048e+00
4142 +8.526512829e-14 +8.526512829e-14 +2.083800000e+02 +2.083800000e+02 -2.1048e+00 +2.1048e+00
4149 +2.842170943e-14 +2.842170943e-14 +2.083800000e+02 +2.083800000e+02 -2.1048e+00 +2.1048e+00
4166 +0.000000000e+00 +0.000000000e+00 +2.083800000e+02 +2.083800000e+02 -2.1048e+00 +2.1048e+00
% function evaluation | noise-free fitness - Fopt (-1.449600000000e+02) | best noise-free fitness - Fopt | measured fitness | best measured fitness | x1 | x2...
1 +3.926404706e+03 +3.926404706e+03 +3.781444706e+03 +3.781444706e+03 -2.8355e+00 +5.1756e-01
2 +1.282390272e+03 +1.282390272e+03 +1.137430272e+03 +1.137430272e+03 -4.1369e+00 +8.5058e-02
7 +5.785653205e+00 +5.785653205e+00 -1.391743468e+02 -1.391743468e+02 -1.6001e+00 -1.4505e+00
27 +2.629092782e+00 +2.629092782e+00 -1.423309072e+02 -1.423309072e+02 -1.8688e+00 -2.0831e+00
41 +1.673946304e+00 +1.673946304e+00 -1.432860537e+02 -1.432860537e+02 -2.3084e+00 -9.3027e-01
43 +1.551527758e+00 +1.551527758e+00 -1.434084722e+02 -1.434084722e+02 -1.9667e+00 -1.8016e+00
98 +8.558106093e-01 +8.558106093e-01 -1.441041894e+02 -1.441041894e+02 -2.1347e+00 -2.0373e+00
108 +1.461520530e-01 +1.461520530e-01 -1.448138479e+02 -1.448138479e+02 -2.1763e+00 -2.0785e+00
146 +5.479618446e-02 +5.479618446e-02 -1.449052038e+02 -1.449052038e+02 -2.1514e+00 -2.0936e+00
154 +1.646383355e-03 +1.646383355e-03 -1.449583536e+02 -1.449583536e+02 -2.1124e+00 -2.1038e+00
231 +4.018163723e-04 +4.018163723e-04 -1.449595982e+02 -1.449595982e+02 -2.1084e+00 -2.1034e+00
252 +2.381355825e-04 +2.381355825e-04 -1.449597619e+02 -1.449597619e+02 -2.1077e+00 -2.1045e+00
278 +5.171527732e-06 +5.171527732e-06 -1.449599948e+02 -1.449599948e+02 -2.1052e+00 -2.1049e+00
313 +1.582404195e-06 +1.582404195e-06 -1.449599984e+02 -1.449599984e+02 -2.1046e+00 -2.1049e+00
327 +7.963078303e-07 +7.963078303e-07 -1.449599992e+02 -1.449599992e+02 -2.1050e+00 -2.1048e+00
353 +5.601215776e-07 +5.601215776e-07 -1.449599994e+02 -1.449599994e+02 -2.1047e+00 -2.1048e+00
357 +6.814076414e-09 +6.814076414e-09 -1.449600000e+02 -1.449600000e+02 -2.1048e+00 -2.1048e+00
388 +5.355559551e-09 +5.355559551e-09 -1.449600000e+02 -1.449600000e+02 -2.1049e+00 -2.1048e+00
413 +3.627548040e-09 +3.627548040e-09 -1.449600000e+02 -1.449600000e+02 -2.1049e+00 -2.1048e+00
422 +1.070105782e-09 +1.070105782e-09 -1.449600000e+02 -1.449600000e+02 -2.1048e+00 -2.1048e+00
435 +1.201385658e-10 +1.201385658e-10 -1.449600000e+02 -1.449600000e+02 -2.1048e+00 -2.1048e+00
445 +6.076561476e-11 +6.076561476e-11 -1.449600000e+02 -1.449600000e+02 -2.1048e+00 -2.1048e+00
462 +1.384137249e-11 +1.384137249e-11 -1.449600000e+02 -1.449600000e+02 -2.1048e+00 -2.1048e+00
484 +9.919176591e-12 +9.919176591e-12 -1.449600000e+02 -1.449600000e+02 -2.1048e+00 -2.1048e+00
489 +2.359001883e-12 +2.359001883e-12 -1.449600000e+02 -1.449600000e+02 -2.1048e+00 -2.1048e+00
509 +1.136868377e-12 +1.136868377e-12 -1.449600000e+02 -1.449600000e+02 -2.1048e+00 -2.1048e+00
519 +2.842170943e-13 +2.842170943e-13 -1.449600000e+02 -1.449600000e+02 -2.1048e+00 -2.1048e+00
537 +1.705302566e-13 +1.705302566e-13 -1.449600000e+02 -1.449600000e+02 -2.1048e+00 -2.1048e+00
547 +5.684341886e-14 +5.684341886e-14 -1.449600000e+02 -1.449600000e+02 -2.1048e+00 -2.1048e+00
551 +2.842170943e-14 +2.842170943e-14 -1.449600000e+02 -1.449600000e+02 -2.1048e+00 -2.1048e+00
556 +0.000000000e+00 +0.000000000e+00 -1.449600000e+02 -1.449600000e+02 -2.1048e+00 -2.1048e+00
% function evaluation | noise-free fitness - Fopt (-6.300000000000e+00) | best noise-free fitness - Fopt | measured fitness | best measured fitness | x1 | x2...
1 +5.042578652e+04 +5.042578652e+04 +5.041948652e+04 +5.041948652e+04 -5.0648e-01 +2.2485e+00
3 +1.525852330e+04 +1.525852330e+04 +1.525222330e+04 +1.525222330e+04 -2.6841e+00 +1.0664e-01
7 +6.481021390e+03 +6.481021390e+03 +6.474721390e+03 +6.474721390e+03 +7.2897e-01 +2.8045e-01
10 +6.106332445e+00 +6.106332445e+00 -1.936675550e-01 -1.936675550e-01 -1.9968e+00 -2.4985e+00
16 +1.685045289e+00 +1.685045289e+00 -4.614954711e+00 -4.614954711e+00 +1.9227e+00 -1.0431e+00
27 +1.200641355e+00 +1.200641355e+00 -5.099358645e+00 -5.099358645e+00 -1.5852e+00 -2.9828e+00
367 +5.717476135e-01 +5.717476135e-01 -5.728252387e+00 -5.728252387e+00 +2.2568e+00 -2.0726e+00
368 +3.083455258e-01 +3.083455258e-01 -5.991654474e+00 -5.991654474e+00 +2.1648e+00 -2.0601e+00
389 +1.396138987e-01 +1.396138987e-01 -6.160386101e+00 -6.160386101e+00 +2.1793e+00 -2.0878e+00
392 +9.921069526e-03 +9.921069526e-03 -6.290078930e+00 -6.290078930e+00 +2.1193e+00 -2.0969e+00
428 +3.254716172e-03 +3.254716172e-03 -6.296745284e+00 -6.296745284e+00 +2.1104e+00 -2.1003e+00
434 +1.051704809e-03 +1.051704809e-03 -6.298948295e+00 -6.298948295e+00 +2.1030e+00 -2.1034e+00
462 +4.848545412e-04 +4.848545412e-04 -6.299515145e+00 -6.299515145e+00 +2.1008e+00 -2.1064e+00
483 +2.055822301e-04 +2.055822301e-04 -6.299794418e+00 -6.299794418e+00 +2.1021e+00 -2.1053e+00
501 +1.149764479e-04 +1.149764479e-04 -6.299885024e+00 -6.299885024e+00 +2.1045e+00 -2.1043e+00
520 +9.413525679e-05 +9.413525679e-05 -6.299905865e+00 -6.299905865e+00 +2.1041e+00 -2.1056e+00
523 +9.652156768e-06 +9.652156768e-06 -6.299990348e+00 -6.299990348e+00 +2.1053e+00 -2.1049e+00
567 +1.935406413e-06 +1.935406413e-06 -6.299998065e+00 -6.299998065e+00 +2.1046e+00 -2.1049e+00
580 +1.576960351e-06 +1.576960351e-06 -6.299998423e+00 -6.299998423e+00 +2.1047e+00 -2.1049e+00
592 +3.309105656e-07 +3.309105656e-07 -6.299999669e+00 -6.299999669e+00 +2.1047e+00 -2.1049e+00
608 +1.859746108e-07 +1.859746108e-07 -6.299999814e+00 -6.299999814e+00 +2.1049e+00 -2.1049e+00
610 +7.389034362e-08 +7.389034362e-08 -6.299999926e+00 -6.299999926e+00 +2.1049e+00 -2.1049e+00
616 +2.200411409e-09 +2.200411409e-09 -6.299999998e+00 -6.299999998e+00 +2.1048e+00 -2.1048e+00
699 +4.371631945e-10 +4.371631945e-10 -6.300000000e+00 -6.300000000e+00 +2.1048e+00 -2.1048e+00
711 +9.788703181e-11 +9.788703181e-11 -6.300000000e+00 -6.300000000e+00 +2.1048e+00 -2.1048e+00
734 +4.156408551e-11 +4.156408551e-11 -6.300000000e+00 -6.300000000e+00 +2.1048e+00 -2.1048e+00
748 +3.084732469e-11 +3.084732469e-11 -6.300000000e+00 -6.300000000e+00 +2.1048e+00 -2.1048e+00
750 +8.837375276e-13 +8.837375276e-13 -6.300000000e+00 -6.300000000e+00 +2.1048e+00 -2.1048e+00
808 +5.710987239e-13 +5.710987239e-13 -6.300000000e+00 -6.300000000e+00 +2.1048e+00 -2.1048e+00
812 +1.731947918e-13 +1.731947918e-13 -6.300000000e+00 -6.300000000e+00 +2.1048e+00 -2.1048e+00
831 +4.174438573e-14 +4.174438573e-14 -6.300000000e+00 -6.300000000e+00 +2.1048e+00 -2.1048e+00
854 +2.664535259e-15 +2.664535259e-15 -6.300000000e+00 -6.300000000e+00 +2.1048e+00 -2.1048e+00
% function evaluation | noise-free fitness - Fopt (-2.206000000000e+01) | best noise-free fitness - Fopt | measured fitness | best measured fitness | x1 | x2...
1 +5.504993904e+03 +5.504993904e+03 +5.482933904e+03 +5.482933904e+03 -9.0150e-01 +2.2722e-01
4 +3.748191774e+03 +3.748191774e+03 +3.726131774e+03 +3.726131774e+03 -3.3609e-01 +2.9214e-01
5 +5.396221688e+00 +5.396221688e+00 -1.666377831e+01 -1.666377831e+01 -1.2476e-02 +1.3657e+00
25 +3.740924320e+00 +3.740924320e+00 -1.831907568e+01 -1.831907568e+01 +2.1597e+00 +2.2255e+00
44 +2.212610347e+00 +2.212610347e+00 -1.984738965e+01 -1.984738965e+01 +1.9936e+00 +1.0696e+00
50 +9.569748880e-01 +9.569748880e-01 -2.110302511e+01 -2.110302511e+01 +2.0597e+00 +1.0083e+00
% function evaluation | noise-free fitness - Fopt (7.129000000000e+01) | best noise-free fitness - Fopt | measured fitness | best measured fitness | x1 | x2...
1 +3.592271050e+04 +3.592271050e+04 +3.599400050e+04 +3.599400050e+04 -3.9711e+00 -2.7787e+00
5 +1.685246085e+04 +1.685246085e+04 +1.692375085e+04 +1.692375085e+04 -3.0821e+00 -1.6402e+00
6 +7.114458162e+03 +7.114458162e+03 +7.185748162e+03 +7.185748162e+03 -1.0459e+00 -4.2050e-01
11 +5.816157287e+02 +5.816157287e+02 +6.529057287e+02 +6.529057287e+02 +6.3982e-01 +9.5576e-01
16 +3.743966928e+01 +3.743966928e+01 +1.087296693e+02 +1.087296693e+02 -2.7846e+00 +1.9091e+00
27 +2.677932503e+00 +2.677932503e+00 +7.396793250e+01 +7.396793250e+01 -1.1160e-01 +2.6470e+00
59 +1.926607389e+00 +1.926607389e+00 +7.321660739e+01 +7.321660739e+01 -9.8862e-01 +1.2703e+00
131 +1.454866195e+00 +1.454866195e+00 +7.274486619e+01 +7.274486619e+01 +1.4923e+00 +1.8929e+00
833 +9.396382343e-01 +9.396382343e-01 +7.222963823e+01 +7.222963823e+01 +1.5128e+00 +3.0467e+00
1168 +6.271696372e-01 +6.271696372e-01 +7.191716964e+01 +7.191716964e+01 +1.4956e+00 +2.9945e+00
4809 +2.835238062e-01 +2.835238062e-01 +7.157352381e+01 +7.157352381e+01 -2.1374e+00 +2.1288e+00
4850 +1.921626224e-01 +1.921626224e-01 +7.148216262e+01 +7.148216262e+01 -2.1885e+00 +2.0921e+00
4928 +9.220992258e-02 +9.220992258e-02 +7.138220992e+01 +7.138220992e+01 -2.0480e+00 +2.1258e+00
5002 +2.064152164e-02 +2.064152164e-02 +7.131064152e+01 +7.131064152e+01 -2.0961e+00 +2.0984e+00
% function evaluation | noise-free fitness - Fopt (-1.054000000000e+01) | best noise-free fitness - Fopt | measured fitness | best measured fitness | x1 | x2...
1 +8.281875241e+03 +8.281875241e+03 +8.271335241e+03 +8.271335241e+03 +3.4167e+00 +1.0888e+00
3 +5.420748863e+00 +5.420748863e+00 -5.119251137e+00 -5.119251137e+00 +1.2392e+00 -1.0530e+00
27 +1.837517366e+00 +1.837517366e+00 -8.702482634e+00 -8.702482634e+00 +2.0073e+00 -1.0539e+00
786 +1.153912275e+00 +1.153912275e+00 -9.386087725e+00 -9.386087725e+00 +2.0544e+00 -1.7699e+00
2211 +1.879585532e-01 +1.879585532e-01 -1.035204145e+01 -1.035204145e+01 +2.0188e+00 -2.1219e+00
2242 +8.842603154e-02 +8.842603154e-02 -1.045157397e+01 -1.045157397e+01 +2.1614e+00 -2.0851e+00
2290 +4.017543704e-02 +4.017543704e-02 -1.049982456e+01 -1.049982456e+01 +2.0665e+00 -2.1109e+00
2339 +1.410535909e-03 +1.410535909e-03 -1.053858946e+01 -1.053858946e+01 +2.1016e+00 -2.1035e+00
2519 +9.925836729e-04 +9.925836729e-04 -1.053900742e+01 -1.053900742e+01 +2.1088e+00 -2.1023e+00
2536 +2.776380720e-04 +2.776380720e-04 -1.053972236e+01 -1.053972236e+01 +2.1019e+00 -2.1051e+00
2553 +1.282481787e-04 +1.282481787e-04 -1.053987175e+01 -1.053987175e+01 +2.1071e+00 -2.1042e+00
2579 +4.885992425e-05 +4.885992425e-05 -1.053995114e+01 -1.053995114e+01 +2.1044e+00 -2.1054e+00
2592 +1.582857647e-05 +1.582857647e-05 -1.053998417e+01 -1.053998417e+01 +2.1051e+00 -2.1050e+00
2616 +6.030104073e-06 +6.030104073e-06 -1.053999397e+01 -1.053999397e+01 +2.1053e+00 -2.1047e+00
2645 +1.677609871e-06 +1.677609871e-06 -1.053999832e+01 -1.053999832e+01 +2.1051e+00 -2.1048e+00
2670 +5.204151226e-07 +5.204151226e-07 -1.053999948e+01 -1.053999948e+01 +2.1048e+00 -2.1049e+00
2719 +2.718508174e-07 +2.718508174e-07 -1.053999973e+01 -1.053999973e+01 +2.1049e+00 -2.1048e+00
2739 +2.477271508e-07 +2.477271508e-07 -1.053999975e+01 -1.053999975e+01 +2.1047e+00 -2.1049e+00
2745 +7.622393383e-09 +7.622393383e-09 -1.053999999e+01 -1.053999999e+01 +2.1048e+00 -2.1048e+00
2812 +5.266983294e-09 +5.266983294e-09 -1.053999999e+01 -1.053999999e+01 +2.1049e+00 -2.1048e+00
2853 +8.124256823e-10 +8.124256823e-10 -1.054000000e+01 -1.054000000e+01 +2.1048e+00 -2.1048e+00
2922 +2.328235382e-10 +2.328235382e-10 -1.054000000e+01 -1.054000000e+01 +2.1048e+00 -2.1048e+00
2955 +1.531947902e-10 +1.531947902e-10 -1.054000000e+01 -1.054000000e+01 +2.1048e+00 -2.1048e+00
2964 +1.882227707e-11 +1.882227707e-11 -1.054000000e+01 -1.054000000e+01 +2.1048e+00 -2.1048e+00
2987 +9.084288877e-12 +9.084288877e-12 -1.054000000e+01 -1.054000000e+01 +2.1048e+00 -2.1048e+00
3002 +4.638067708e-12 +4.638067708e-12 -1.054000000e+01 -1.054000000e+01 +2.1048e+00 -2.1048e+00
3034 +3.771205570e-12 +3.771205570e-12 -1.054000000e+01 -1.054000000e+01 +2.1048e+00 -2.1048e+00
3066 +1.403321903e-13 +1.403321903e-13 -1.054000000e+01 -1.054000000e+01 +2.1048e+00 -2.1048e+00
3139 +9.414691249e-14 +9.414691249e-14 -1.054000000e+01 -1.054000000e+01 +2.1048e+00 -2.1048e+00
3180 +1.421085472e-14 +1.421085472e-14 -1.054000000e+01 -1.054000000e+01 +2.1048e+00 -2.1048e+00
3187 +5.329070518e-15 +5.329070518e-15 -1.054000000e+01 -1.054000000e+01 +2.1048e+00 -2.1048e+00
3253 +1.776356839e-15 +1.776356839e-15 -1.054000000e+01 -1.054000000e+01 +2.1048e+00 -2.1048e+00
% function evaluation | noise-free fitness - Fopt (3.860100000000e+02) | best noise-free fitness - Fopt | measured fitness | best measured fitness | x1 | x2...
1 +5.074949364e+00 +5.074949364e+00 +3.910849494e+02 +3.910849494e+02 -7.8457e-01 -1.8202e+00
8 +3.819792917e+00 +3.819792917e+00 +3.898297929e+02 +3.898297929e+02 -1.2134e+00 -2.0529e+00
9 +1.784376787e+00 +1.784376787e+00 +3.877943768e+02 +3.877943768e+02 -1.3722e+00 -3.0291e+00
58 +1.523613291e+00 +1.523613291e+00 +3.875336133e+02 +3.875336133e+02 -1.3644e+00 -2.9305e+00
114 +9.796378168e-01 +9.796378168e-01 +3.869896378e+02 +3.869896378e+02 -1.4504e+00 -2.9591e+00
126 +6.147791299e-01 +6.147791299e-01 +3.866247791e+02 +3.866247791e+02 -1.5063e+00 -3.0169e+00
% function evaluation | noise-free fitness - Fopt (-1.257000000000e+01) | best noise-free fitness - Fopt | measured fitness | best measured fitness | x1 | x2...
1 +4.355855543e+04 +4.355855543e+04 +4.354598543e+04 +4.354598543e+04 +1.4934e+00 -2.4979e+00
4 +3.826516981e+04 +3.826516981e+04 +3.825259981e+04 +3.825259981e+04 +2.0589e+00 -2.4330e+00
5 +1.503249250e+04 +1.503249250e+04 +1.501992250e+04 +1.501992250e+04 +2.3825e+00 -1.3594e+00
6 +1.657422289e+03 +1.657422289e+03 +1.644852289e+03 +1.644852289e+03 +4.4186e+00 -1.3975e-01
16 +5.795822958e+00 +5.795822958e+00 -6.774177042e+00 -6.774177042e+00 +2.5424e+00 +1.7001e+00
28 +3.844785064e+00 +3.844785064e+00 -8.725214936e+00 -8.725214936e+00 +8.5147e-01 +1.8095e+00
60 +1.667102801e+00 +1.667102801e+00 -1.090289720e+01 -1.090289720e+01 +2.0918e+00 +2.1945e+00
769 +1.727453461e-01 +1.727453461e-01 -1.239725465e+01 -1.239725465e+01 +2.1873e+00 +2.0874e+00
896 +1.368099291e-01 +1.368099291e-01 -1.243319007e+01 -1.243319007e+01 +2.1225e+00 +2.1231e+00
911 +6.105376198e-02 +6.105376198e-02 -1.250894624e+01 -1.250894624e+01 +2.1361e+00 +2.1090e+00
953 +9.033541858e-03 +9.033541858e-03 -1.256096646e+01 -1.256096646e+01 +2.1237e+00 +2.0999e+00
988 +2.151077627e-03 +2.151077627e-03 -1.256784892e+01 -1.256784892e+01 +2.0986e+00 +2.1043e+00
1008 +5.182551643e-05 +5.182551643e-05 -1.256994817e+01 -1.256994817e+01 +2.1035e+00 +2.1050e+00
1044 +2.898007156e-05 +2.898007156e-05 -1.256997102e+01 -1.256997102e+01 +2.1045e+00 +2.1052e+00
1071 +1.742590573e-05 +1.742590573e-05 -1.256998257e+01 -1.256998257e+01 +2.1055e+00 +2.1045e+00
1091 +1.407057926e-05 +1.407057926e-05 -1.256998593e+01 -1.256998593e+01 +2.1049e+00 +2.1046e+00
1119 +2.850126018e-06 +2.850126018e-06 -1.256999715e+01 -1.256999715e+01 +2.1046e+00 +2.1049e+00
1121 +1.620417450e-06 +1.620417450e-06 -1.256999838e+01 -1.256999838e+01 +2.1051e+00 +2.1048e+00
1146 +5.465066888e-07 +5.465066888e-07 -1.256999945e+01 -1.256999945e+01 +2.1050e+00 +2.1048e+00
1182 +1.413733077e-07 +1.413733077e-07 -1.256999986e+01 -1.256999986e+01 +2.1049e+00 +2.1048e+00
1212 +1.708683861e-08 +1.708683861e-08 -1.256999998e+01 -1.256999998e+01 +2.1048e+00 +2.1048e+00
1226 +1.061452615e-08 +1.061452615e-08 -1.256999999e+01 -1.256999999e+01 +2.1049e+00 +2.1048e+00
1234 +2.707682967e-10 +2.707682967e-10 -1.257000000e+01 -1.257000000e+01 +2.1048e+00 +2.1048e+00
1314 +1.871338640e-10 +1.871338640e-10 -1.257000000e+01 -1.257000000e+01 +2.1048e+00 +2.1048e+00
1325 +3.257838443e-11 +3.257838443e-11 -1.257000000e+01 -1.257000000e+01 +2.1048e+00 +2.1048e+00
1337 +6.014744258e-12 +6.014744258e-12 -1.257000000e+01 -1.257000000e+01 +2.1048e+00 +2.1048e+00
1363 +1.262989713e-12 +1.262989713e-12 -1.257000000e+01 -1.257000000e+01 +2.1048e+00 +2.1048e+00
1401 +2.113864639e-13 +2.113864639e-13 -1.257000000e+01 -1.257000000e+01 +2.1048e+00 +2.1048e+00
1426 +4.618527782e-14 +4.618527782e-14 -1.257000000e+01 -1.257000000e+01 +2.1048e+00 +2.1048e+00
1455 +3.907985047e-14 +3.907985047e-14 -1.257000000e+01 -1.257000000e+01 +2.1048e+00 +2.1048e+00
1473 +1.421085472e-14 +1.421085472e-14 -1.257000000e+01 -1.257000000e+01 +2.1048e+00 +2.1048e+00
1480 +3.552713679e-15 +3.552713679e-15 -1.257000000e+01 -1.257000000e+01 +2.1048e+00 +2.1048e+00
1529 +1.776356839e-15 +1.776356839e-15 -1.257000000e+01 -1.257000000e+01 +2.1048e+00 +2.1048e+00
% function evaluation | noise-free fitness - Fopt (-1.270400000000e+02) | best noise-free fitness - Fopt | measured fitness | best measured fitness | x1 | x2...
1 +2.282386566e+04 +2.282386566e+04 +2.269682566e+04 +2.269682566e+04 +3.8668e+00 +2.0712e-01
2 +1.013411885e+04 +1.013411885e+04 +1.000707885e+04 +1.000707885e+04 +2.5654e+00 -2.2538e-01
3 +2.081503150e+00 +2.081503150e+00 -1.249584968e+02 -1.249584968e+02 +1.6892e+00 -1.9347e+00
190 +1.526619353e+00 +1.526619353e+00 -1.255133806e+02 -1.255133806e+02 +6.6595e-01 -2.7996e+00
829 +8.998163517e-01 +8.998163517e-01 -1.261401836e+02 -1.261401836e+02 +1.4475e+00 -2.9643e+00
855 +6.230856193e-01 +6.230856193e-01 -1.264169144e+02 -1.264169144e+02 +1.4965e+00 -2.9953e+00
3489 +1.288086830e-01 +1.288086830e-01 -1.269111913e+02 -1.269111913e+02 -2.0516e+00 -2.1333e+00
3955 +2.681327893e-02 +2.681327893e-02 -1.270131867e+02 -1.270131867e+02 -2.1288e+00 -2.1059e+00
3977 +2.312118644e-02 +2.312118644e-02 -1.270168788e+02 -1.270168788e+02 -2.0746e+00 -2.1116e+00
4023 +9.209551808e-04 +9.209551808e-04 -1.270390790e+02 -1.270390790e+02 -2.1083e+00 -2.1024e+00
4123 +4.590766312e-04 +4.590766312e-04 -1.270395409e+02 -1.270395409e+02 -2.1006e+00 -2.1058e+00
4124 +1.997404808e-04 +1.997404808e-04 -1.270398003e+02 -1.270398003e+02 -2.1074e+00 -2.1038e+00
4132 +7.040634344e-06 +7.040634344e-06 -1.270399930e+02 -1.270399930e+02 -2.1051e+00 -2.1049e+00
4136 +3.084700168e-06 +3.084700168e-06 -1.270399969e+02 -1.270399969e+02 -2.1045e+00 -2.1049e+00
4181 +4.525618635e-07 +4.525618635e-07 -1.270399995e+02 -1.270399995e+02 -2.1049e+00 -2.1048e+00
4342 +1.628171731e-07 +1.628171731e-07 -1.270399998e+02 -1.270399998e+02 -2.1049e+00 -2.1049e+00
4365 +1.368242550e-07 +1.368242550e-07 -1.270399999e+02 -1.270399999e+02 -2.1049e+00 -2.1049e+00
4388 +2.989565928e-09 +2.989565928e-09 -1.270400000e+02 -1.270400000e+02 -2.1048e+00 -2.1048e+00
4458 +1.686174755e-09 +1.686174755e-09 -1.270400000e+02 -1.270400000e+02 -2.1048e+00 -2.1048e+00
4482 +1.354251822e-09 +1.354251822e-09 -1.270400000e+02 -1.270400000e+02 -2.1048e+00 -2.1048e+00
4495 +1.136015726e-10 +1.136015726e-10 -1.270400000e+02 -1.270400000e+02 -2.1048e+00 -2.1048e+00
% function evaluation | noise-free fitness - Fopt (-3.752000000000e+01) | best noise-free fitness - Fopt | measured fitness | best measured fitness | x1 | x2...
1 +3.570673031e+03 +3.570673031e+03 +3.533153031e+03 +3.533153031e+03 -4.3317e-01 -3.8093e+00
5 +9.355765333e+00 +9.355765333e+00 -2.816423467e+01 -2.816423467e+01 +4.5586e-01 -2.6708e+00
6 +4.694624148e+00 +4.694624148e+00 -3.282537585e+01 -3.282537585e+01 +2.4920e+00 -1.4511e+00
19 +3.432052918e+00 +3.432052918e+00 -3.408794708e+01 -3.408794708e+01 +9.0991e-01 -2.1268e+00
29 +1.374964510e+00 +1.374964510e+00 -3.614503549e+01 -3.614503549e+01 +1.8746e+00 -2.1907e+00
63 +4.995678149e-02 +4.995678149e-02 -3.747004322e+01 -3.747004322e+01 +2.0728e+00 -2.1030e+00
% function evaluation | noise-free fitness - Fopt (-3.311600000000e+02) | best noise-free fitness - Fopt | measured fitness | best measured fitness | x1 | x2...
1 +4.329642376e+00 +4.329642376e+00 -3.268303576e+02 -3.268303576e+02 -1.8027e+00 -2.2686e+00
15 +1.750565126e+00 +1.750565126e+00 -3.294094349e+02 -3.294094349e+02 -1.3476e+00 -3.0147e+00
20 +1.520918184e+00 +1.520918184e+00 -3.296390818e+02 -3.296390818e+02 -2.5418e+00 -3.2499e+00
4173 +8.826864815e-01 +8.826864815e-01 -3.302773135e+02 -3.302773135e+02 -1.4079e+00 -2.9929e+00
4360 +6.165596413e-01 +6.165596413e-01 -3.305434404e+02 -3.305434404e+02 -1.5434e+00 -3.0157e+00
% function evaluation | noise-free fitness - Fopt (4.481000000000e+01) | best noise-free fitness - Fopt | measured fitness | best measured fitness | x1 | x2...
1 +9.138354376e+04 +9.138354376e+04 +9.142835376e+04 +9.142835376e+04 -1.4923e+00 -3.9776e+00
5 +5.969100107e+04 +5.969100107e+04 +5.973581107e+04 +5.973581107e+04 -6.0332e-01 -2.8392e+00
6 +3.975283739e+04 +3.975283739e+04 +3.979764739e+04 +3.979764739e+04 +1.4328e+00 -1.6195e+00
11 +1.947201505e+04 +1.947201505e+04 +1.951682505e+04 +1.951682505e+04 +3.1186e+00 -2.4320e-01
16 +6.100498262e+02 +6.100498262e+02 +6.548598262e+02 +6.548598262e+02 -3.0583e-01 +7.1012e-01
25 +5.189712582e+00 +5.189712582e+00 +4.999971258e+01 +4.999971258e+01 +1.9842e+00 +1.6756e+00
38 +3.295961329e+00 +3.295961329e+00 +4.810596133e+01 +4.810596133e+01 -2.0803e+00 +1.9595e+00
53 +2.437385197e+00 +2.437385197e+00 +4.724738520e+01 +4.724738520e+01 -1.0382e+00 +2.4480e+00
168 +1.406852390e+00 +1.406852390e+00 +4.621685239e+01 +4.621685239e+01 -1.9313e+00 +9.8330e-01
174 +6.646471319e-01 +6.646471319e-01 +4.547464713e+01 +4.547464713e+01 -2.0688e+00 +9.8251e-01
215 +6.108898016e-01 +6.108898016e-01 +4.542088980e+01 +4.542088980e+01 -2.1057e+00 +9.5211e-01
4519 +3.101111484e-01 +3.101111484e-01 +4.512011115e+01 +4.512011115e+01 -2.0168e+00 +2.1050e+00
4527 +1.733032240e-01 +1.733032240e-01 +4.498330322e+01 +4.498330322e+01 -2.0476e+00 +2.1382e+00
4542 +9.765726193e-02 +9.765726193e-02 +4.490765726e+01 +4.490765726e+01 -2.0903e+00 +2.0892e+00
4568 +1.347764464e-04 +1.347764464e-04 +4.481013478e+01 +4.481013478e+01 -2.1031e+00 +2.1058e+00
4648 +8.330269731e-05 +8.330269731e-05 +4.481008330e+01 +4.481008330e+01 -2.1045e+00 +2.1055e+00
4659 +4.032048846e-05 +4.032048846e-05 +4.481004032e+01 +4.481004032e+01 -2.1056e+00 +2.1043e+00
4670 +3.276230110e-05 +3.276230110e-05 +4.481003276e+01 +4.481003276e+01 -2.1059e+00 +2.1047e+00
4676 +1.601236028e-05 +1.601236028e-05 +4.481001601e+01 +4.481001601e+01 -2.1042e+00 +2.1052e+00
4679 +4.917076474e-06 +4.917076474e-06 +4.481000492e+01 +4.481000492e+01 -2.1044e+00 +2.1050e+00
4708 +1.643171061e-06 +1.643171061e-06 +4.481000164e+01 +4.481000164e+01 -2.1050e+00 +2.1047e+00
4714 +6.835439450e-07 +6.835439450e-07 +4.481000068e+01 +4.481000068e+01 -2.1047e+00 +2.1049e+00
4720 +2.384963835e-07 +2.384963835e-07 +4.481000024e+01 +4.481000024e+01 -2.1047e+00 +2.1049e+00
4727 +9.644370635e-08 +9.644370635e-08 +4.481000010e+01 +4.481000010e+01 -2.1048e+00 +2.1049e+00
4739 +3.286207573e-08 +3.286207573e-08 +4.481000003e+01 +4.481000003e+01 -2.1049e+00 +2.1048e+00
4750 +1.708892938e-08 +1.708892938e-08 +4.481000002e+01 +4.481000002e+01 -2.1049e+00 +2.1048e+00
4752 +2.300453161e-09 +2.300453161e-09 +4.481000000e+01 +4.481000000e+01 -2.1048e+00 +2.1048e+00
4755 +1.023543916e-09 +1.023543916e-09 +4.481000000e+01 +4.481000000e+01 -2.1048e+00 +2.1048e+00
4765 +7.099956179e-10 +7.099956179e-10 +4.481000000e+01 +4.481000000e+01 -2.1048e+00 +2.1048e+00
4783 +1.125428639e-10 +1.125428639e-10 +4.481000000e+01 +4.481000000e+01 -2.1048e+00 +2.1048e+00
4803 +1.037392394e-12 +1.037392394e-12 +4.481000000e+01 +4.481000000e+01 -2.1048e+00 +2.1048e+00
4889 +2.202682481e-13 +2.202682481e-13 +4.481000000e+01 +4.481000000e+01 -2.1048e+00 +2.1048e+00
4894 +4.973799150e-14 +4.973799150e-14 +4.481000000e+01 +4.481000000e+01 -2.1048e+00 +2.1048e+00
4913 +2.131628207e-14 +2.131628207e-14 +4.481000000e+01 +4.481000000e+01 -2.1048e+00 +2.1048e+00
4928 +1.421085472e-14 +1.421085472e-14 +4.481000000e+01 +4.481000000e+01 -2.1048e+00 +2.1048e+00
4950 +7.105427358e-15 +7.105427358e-15 +4.481000000e+01 +4.481000000e+01 -2.1048e+00 +2.1048e+00
% function evaluation | noise-free fitness - Fopt (-1.764600000000e+02) | best noise-free fitness - Fopt | measured fitness | best measured fitness | x1 | x2...
1 +5.091487269e+00 +5.091487269e+00 -1.713685127e+02 -1.713685127e+02 +1.3097e+00 +2.7696e+00
2 +3.722982636e+00 +3.722982636e+00 -1.727370174e+02 -1.727370174e+02 +8.2629e-03 +2.3371e+00
30 +1.373314677e+00 +1.373314677e+00 -1.750866853e+02 -1.750866853e+02 +1.4683e+00 +1.8306e+00
1689 +7.337017300e-01 +7.337017300e-01 -1.757262983e+02 -1.757262983e+02 -2.1394e+00 +9.3124e-01
2013 +6.051215260e-01 +6.051215260e-01 -1.758548785e+02 -1.758548785e+02 -2.0859e+00 +9.6171e-01
3161 +3.512889904e-01 +3.512889904e-01 -1.761087110e+02 -1.761087110e+02 -2.1224e+00 +2.0628e+00
3173 +2.438671699e-01 +2.438671699e-01 -1.762161328e+02 -1.762161328e+02 -2.1571e+00 +2.0652e+00
3225 +1.038392549e-01 +1.038392549e-01 -1.763561607e+02 -1.763561607e+02 -2.1196e+00 +2.0813e+00
3234 +9.822007337e-02 +9.822007337e-02 -1.763617799e+02 -1.763617799e+02 -2.1552e+00 +2.0806e+00
3247 +3.383570228e-02 +3.383570228e-02 -1.764261643e+02 -1.764261643e+02 -2.1201e+00 +2.1115e+00
3249 +3.203361634e-03 +3.203361634e-03 -1.764567966e+02 -1.764567966e+02 -2.1004e+00 +2.1092e+00
3281 +1.504445047e-03 +1.504445047e-03 -1.764584956e+02 -1.764584956e+02 -2.1070e+00 +2.1020e+00
3355 +9.348939012e-04 +9.348939012e-04 -1.764590651e+02 -1.764590651e+02 -2.1005e+00 +2.1046e+00
3381 +5.129030714e-04 +5.129030714e-04 -1.764594871e+02 -1.764594871e+02 -2.1005e+00 +2.1056e+00
3390 +2.675145159e-04 +2.675145159e-04 -1.764597325e+02 -1.764597325e+02 -2.1035e+00 +2.1042e+00
3397 +6.884943798e-05 +6.884943798e-05 -1.764599312e+02 -1.764599312e+02 -2.1055e+00 +2.1052e+00
3421 +9.035683320e-06 +9.035683320e-06 -1.764599910e+02 -1.764599910e+02 -2.1043e+00 +2.1049e+00
3439 +4.161934413e-06 +4.161934413e-06 -1.764599958e+02 -1.764599958e+02 -2.1049e+00 +2.1050e+00
3470 +3.081289833e-06 +3.081289833e-06 -1.764599969e+02 -1.764599969e+02 -2.1045e+00 +2.1050e+00
3471 +2.203201262e-06 +2.203201262e-06 -1.764599978e+02 -1.764599978e+02 -2.1047e+00 +2.1048e+00
3476 +1.122371401e-06 +1.122371401e-06 -1.764599989e+02 -1.764599989e+02 -2.1047e+00 +2.1049e+00
3483 +3.733958920e-07 +3.733958920e-07 -1.764599996e+02 -1.764599996e+02 -2.1047e+00 +2.1049e+00
3494 +2.399505661e-07 +2.399505661e-07 -1.764599998e+02 -1.764599998e+02 -2.1049e+00 +2.1049e+00
3506 +1.203828219e-07 +1.203828219e-07 -1.764599999e+02 -1.764599999e+02 -2.1049e+00 +2.1048e+00
3508 +3.312635499e-09 +3.312635499e-09 -1.764600000e+02 -1.764600000e+02 -2.1048e+00 +2.1048e+00
3521 +2.291841383e-09 +2.291841383e-09 -1.764600000e+02 -1.764600000e+02 -2.1049e+00 +2.1048e+00
3539 +1.475655154e-10 +1.475655154e-10 -1.764600000e+02 -1.764600000e+02 -2.1048e+00 +2.1048e+00
3570 +4.456524039e-11 +4.456524039e-11 -1.764600000e+02 -1.764600000e+02 -2.1048e+00 +2.1048e+00
3603 +7.986500350e-12 +7.986500350e-12 -1.764600000e+02 -1.764600000e+02 -2.1048e+00 +2.1048e+00
3609 +2.017941370e-12 +2.017941370e-12 -1.764600000e+02 -1.764600000e+02 -2.1048e+00 +2.1048e+00
3637 +1.023181539e-12 +1.023181539e-12 -1.764600000e+02 -1.764600000e+02 -2.1048e+00 +2.1048e+00
3650 +7.673861546e-13 +7.673861546e-13 -1.764600000e+02 -1.764600000e+02 -2.1048e+00 +2.1048e+00
3651 +1.421085472e-13 +1.421085472e-13 -1.764600000e+02 -1.764600000e+02 -2.1048e+00 +2.1048e+00
3689 +2.842170943e-14 +2.842170943e-14 -1.764600000e+02 -1.764600000e+02 -2.1048e+00 +2.1048e+00
3717 +0.000000000e+00 +0.000000000e+00 -1.764600000e+02 -1.764600000e+02 -2.1048e+00 +2.1048e+00
