% function evaluation | noise-free fitness - Fopt (-4.620900000000e+02) | best noise-free fitness - Fopt | measured fitness | best measured fitness | x1 | x2...
1 +2.855983096e+02 +2.855983096e+02 -1.764916904e+02 -1.764916904e+02 -1.6604e+00 +1.7696e-01 +3.0166e+00 -2.6402e+00 +1.1493e+00
10 +1.213094672e+02 +1.213094672e+02 -3.407805328e+02 -3.407805328e+02 -1.1877e+00 -1.4631e+00 +3.1238e-01 +4.4638e-01 +2.0994e+00
25 +7.702875685e+01 +7.702875685e+01 -3.850612432e+02 -3.850612432e+02 -5.7049e-01 +1.8038e+00 +5.1812e-01 -5.0854e-01 +1.1174e+00
81 +3.228914581e+01 +3.228914581e+01 -4.298008542e+02 -4.298008542e+02 +3.8683e-01 +2.8539e+00 +6.7722e-01 +1.5654e+00 +2.3015e+00
144 +1.506601099e+01 +1.506601099e+01 -4.470239890e+02 -4.470239890e+02 +3.8125e-01 +1.4866e+00 +1.6662e+00 +1.1672e+00 +1.9365e+00
2191 +4.336483098e+00 +4.336483098e+00 -4.577535169e+02 -4.577535169e+02 +1.3492e+00 +3.1046e+00 +1.6463e+00 +7.3519e-01 +1.9866e+00
2476 +3.590431652e+00 +3.590431652e+00 -4.584995683e+02 -4.584995683e+02 +1.3352e+00 +3.0993e+00 +1.6033e+00 +7.0913e-01 +2.2945e+00
% function evaluation | noise-free fitness - Fopt (7.766000000000e+01) | best noise-free fitness - Fopt | measured fitness | best measured fitness | x1 | x2...
1 +2.625603398e+02 +2.625603398e+02 +3.402203398e+02 +3.402203398e+02 +1.3971e+00 +3.7256e+00 -1.6862e+00 +3.1074e-01 +2.8651e+00
8 +1.558372336e+02 +1.558372336e+02 +2.334972336e+02 +2.334972336e+02 +2.6691e+00 +3.5192e+00 -9.4396e-01 -4.5177e-01 +2.1509e+00
28 +9.600407414e+01 +9.600407414e+01 +1.736640741e+02 +1.736640741e+02 +2.7264e-01 +2.7978e+00 +4.2767e-02 +1.3700e+00 +2.4285e+00
48 +3.492178909e+01 +3.492178909e+01 +1.125817891e+02 +1.125817891e+02 +2.3967e+00 +8.3281e-01 +1.3102e-01 +3.1149e+00 +2.1654e+00
224 +1.522867280e+01 +1.522867280e+01 +9.288867280e+01 +9.288867280e+01 +1.3608e+00 +9.0440e-02 +6.4699e-01 +3.7904e+00 +2.1685e+00
289 +5.970254329e+00 +5.970254329e+00 +8.363025433e+01 +8.363025433e+01 +1.3776e+00 -8.0501e-02 +7.1185e-01 +3.7694e+00 +2.1462e+00
% function evaluation | noise-free fitness - Fopt (1.156800000000e+02) | best noise-free fitness - Fopt | measured fitness | best measured fitness | x1 | x2...
1 +1.340283735e+02 +1.340283735e+02 +2.497083735e+02 +2.497083735e+02 -3.9037e+00 +7.9467e-01 -2.5663e+00 +2.1055e+00 +2.5242e+00
42 +5.322350462e+01 +5.322350462e+01 +1.689035046e+02 +1.689035046e+02 +1.4249e+00 -9.1864e-01 -4.0599e-01 +1.9855e+00 +3.0476e+00
170 +3.820407425e+01 +3.820407425e+01 +1.538840743e+02 +1.538840743e+02 +3.0337e-01 -1.8073e+00 -5.6034e-01 +3.3805e+00 +3.3241e+00
243 +2.488791592e+01 +2.488791592e+01 +1.405679159e+02 +1.405679159e+02 +1.0861e+00 -9.0712e-01 -4.6294e-01 +2.7429e+00 +3.2392e+00
469 +7.630589502e+00 +7.630589502e+00 +1.233105895e+02 +1.233105895e+02 +1.2048e+00 -9.4502e-01 -2.7483e-01 +2.7140e+00 +3.2845e+00
533 +5.368854929e+00 +5.368854929e+00 +1.210488549e+02 +1.210488549e+02 +1.2045e+00 -9.7186e-01 -3.1225e-01 +2.7065e+00 +3.2900e+00
788 +3.980596376e+00 +3.980596376e+00 +1.196605964e+02 +1.196605964e+02 +1.1810e+00 -9.8406e-01 -3.5080e-01 +2.6817e+00 +3.2951e+00
% function evaluation | noise-free fitness - Fopt (-3.710000000000e+00) | best noise-free fitness - Fopt | measured fitness | best measured fitness | x1 | x2...
1 +4.361315319e+02 +4.361315319e+02 +4.324215319e+02 +4.324215319e+02 +3.1883e+00 -2.6859e+00 +9.1760e-01 -9.6718e-01 -1.4664e+00
3 +1.381011039e+02 +1.381011039e+02 +1.343911039e+02 +1.343911039e+02 +3.2532e+00 -1.7969e+00 +2.0561e+00 +1.9580e+00 +8.9181e-01
15 +8.455191143e+01 +8.455191143e+01 +8.084191143e+01 +8.084191143e+01 +1.1933e+00 -2.7254e+00 +1.7943e+00 +1.9756e+00 +2.6158e+00
131 +5.588387614e+01 +5.588387614e+01 +5.217387614e+01 +5.217387614e+01 -1.1141e+00 -8.8316e-01 +6.7427e-01 +4.6740e+00 +3.1215e+00
144 +3.088147805e+01 +3.088147805e+01 +2.717147805e+01 +2.717147805e+01 +1.4667e-01 -1.5833e+00 +1.1437e+00 +3.9328e+00 +2.7440e+00
203 +1.748707936e+01 +1.748707936e+01 +1.377707936e+01 +1.377707936e+01 +5.1617e-02 -1.4756e+00 +1.1315e+00 +3.9172e+00 +2.4352e+00
471 +1.515239954e+01 +1.515239954e+01 +1.144239954e+01 +1.144239954e+01 +2.1484e+00 -6.9721e-01 +1.1511e+00 +3.0443e+00 +2.4733e+00
2401 +6.204746327e+00 +6.204746327e+00 +2.494746327e+00 +2.494746327e+00 +2.1753e+00 -1.4389e+00 +1.1537e+00 +3.8916e+00 +2.8486e+00
3060 +3.980801564e+00 +3.980801564e+00 +2.708015635e-01 +2.708015635e-01 +2.1232e+00 -1.4768e+00 +1.1867e+00 +3.9096e+00 +2.8430e+00
% function evaluation | noise-free fitness - Fopt (1.321800000000e+02) | best noise-free fitness - Fopt | measured fitness | best measured fitness | x1 | x2...
1 +3.131443191e+02 +3.131443191e+02 +4.453243191e+02 +4.453243191e+02 -7.9258e-01 +2.7591e+00 -1.6275e+00 +1.7383e+00 -2.7133e-01
7 +1.554862868e+02 +1.554862868e+02 +2.876662868e+02 +2.876662868e+02 -3.0548e-01 +4.2319e+00 -2.2575e-01 -1.0988e+00 +5.8891e-01
21 +6.830562705e+01 +6.830562705e+01 +2.004856271e+02 +2.004856271e+02 +3.7074e+00 +2.0195e+00 +2.9994e+00 +1.4212e-01 +1.9996e+00
111 +5.236738682e+01 +5.236738682e+01 +1.845473868e+02 +1.845473868e+02 +2.6708e+00 +2.2045e+00 +1.7116e+00 -2.3772e+00 +1.6819e+00
194 +3.079416008e+01 +3.079416008e+01 +1.629741601e+02 +1.629741601e+02 +1.7139e+00 +3.7524e-02 +2.9190e+00 -1.5219e+00 +2.3783e+00
211 +1.870226692e+01 +1.870226692e+01 +1.508822669e+02 +1.508822669e+02 +2.6845e+00 +6.8248e-01 +2.8693e+00 -1.5201e+00 +1.8965e+00
532 +1.334113141e+01 +1.334113141e+01 +1.455211314e+02 +1.455211314e+02 +2.7872e+00 +1.5465e+00 +2.3964e+00 -1.4996e+00 +1.8250e+00
718 +9.978164908e+00 +9.978164908e+00 +1.421581649e+02 +1.421581649e+02 +2.7660e+00 +1.4754e+00 +2.3798e+00 -1.5252e+00 +1.8044e+00
% function evaluation | noise-free fitness - Fopt (-5.847300000000e+02) | best noise-free fitness - Fopt | measured fitness | best measured fitness | x1 | x2...
1 +2.884098186e+03 +2.884098186e+03 +2.299368186e+03 +2.299368186e+03 -3.2685e+00 -3.2644e+00 +3.2378e+00 +3.7673e+00 +2.2671e+00
5 +4.318303604e+02 +4.318303604e+02 -1.528996396e+02 -1.528996396e+02 -1.7090e+00 -1.3606e+00 +4.8094e-01 +3.8940e+00 -3.8158e-02
12 +3.664558290e+02 +3.664558290e+02 -2.182741710e+02 -2.182741710e+02 -4.2489e+00 -2.7541e+00 -1.0482e-01 +1.1980e+00 +1.0104e+00
20 +2.377165873e+02 +2.377165873e+02 -3.470134127e+02 -3.470134127e+02 -7.9768e-01 -2.1172e+00 -1.5460e+00 +8.4742e-01 -4.6912e-01
42 +8.099608949e+01 +8.099608949e+01 -5.037339105e+02 -5.037339105e+02 +1.9617e+00 -4.7435e+00 +1.5433e+00 -2.8738e+00 +6.3913e-01
126 +6.271284332e+01 +6.271284332e+01 -5.220171567e+02 -5.220171567e+02 +1.2761e+00 -1.8723e+00 +2.2892e+00 -3.5007e+00 -2.2046e-01
181 +3.366015975e+01 +3.366015975e+01 -5.510698402e+02 -5.510698402e+02 +6.8288e-01 -1.2573e+00 +2.1168e+00 -3.4681e+00 +3.6867e-01
249 +2.329278744e+01 +2.329278744e+01 -5.614372126e+02 -5.614372126e+02 +8.2378e-01 -2.2649e+00 +1.7324e+00 -3.8459e+00 +4.4182e-01
403 +1.436720412e+01 +1.436720412e+01 -5.703627959e+02 -5.703627959e+02 +7.8145e-01 -3.0536e+00 +1.5895e+00 -3.8567e+00 +3.4195e-01
524 +9.895346642e+00 +9.895346642e+00 -5.748346534e+02 -5.748346534e+02 +6.4069e-01 -3.0257e+00 +1.6861e+00 -3.4435e+00 +3.9224e-01
% function evaluation | noise-free fitness - Fopt (-3.654000000000e+01) | best noise-free fitness - Fopt | measured fitness | best measured fitness | x1 | x2...
1 +3.271350927e+03 +3.271350927e+03 +3.234810927e+03 +3.234810927e+03 +3.1203e+00 +3.7362e+00 -3.7706e+00 -7.1109e-01 +2.4116e+00
9 +1.940799902e+03 +1.940799902e+03 +1.904259902e+03 +1.904259902e+03 +4.2091e+00 +5.7073e+00 -3.5364e-01 -3.9256e+00 -1.2764e+00
13 +5.992672182e+02 +5.992672182e+02 +5.627272182e+02 +5.627272182e+02 +1.8515e+00 +5.6986e+00 -2.0347e+00 -4.1043e+00 -1.6472e+00
31 +3.658249051e+02 +3.658249051e+02 +3.292849051e+02 +3.292849051e+02 +1.2642e+00 +5.3760e+00 -3.1270e+00 +3.0157e-01 +3.3076e-01
51 +2.353166372e+02 +2.353166372e+02 +1.987766372e+02 +1.987766372e+02 -1.4198e+00 +3.9559e+00 -5.2113e+00 -9.3331e-01 -2.6925e-01
68 +1.525894671e+02 +1.525894671e+02 +1.160494671e+02 +1.160494671e+02 -1.5607e+00 +3.3157e+00 -2.7630e+00 +7.6440e-01 +6.0339e-01
121 +4.812042322e+01 +4.812042322e+01 +1.158042322e+01 +1.158042322e+01 -9.5880e-01 -3.6281e+00 -2.3604e+00 +6.5287e-01 +1.4645e-01
205 +3.706493407e+01 +3.706493407e+01 +5.249340717e-01 +5.249340717e-01 +1.7697e-01 -6.0656e-01 -1.0265e+00 -3.0626e-01 -6.4234e-02
235 +2.202405548e+01 +2.202405548e+01 -1.451594452e+01 -1.451594452e+01 -1.5359e+00 -1.4670e+00 -5.8964e-01 -3.3389e-01 +5.0262e-01
386 +1.333647764e+01 +1.333647764e+01 -2.320352236e+01 -2.320352236e+01 -1.6390e+00 -5.9203e-01 -5.5406e-01 -2.6552e-01 +4.2491e-01
629 +9.961277981e+00 +9.961277981e+00 -2.657872202e+01 -2.657872202e+01 -1.7510e+00 -6.2511e-01 -5.6638e-01 -2.5897e-01 +4.5160e-01
% function evaluation | noise-free fitness - Fopt (1.000000000000e+03) | best noise-free fitness - Fopt | measured fitness | best measured fitness | x1 | x2...
1 +2.746587414e+02 +2.746587414e+02 +1.274658741e+03 +1.274658741e+03 +3.2256e+00 +1.2322e-01 -5.6448e-01 +3.1667e+00 +2.5408e+00
2 +1.224486663e+02 +1.224486663e+02 +1.122448666e+03 +1.122448666e+03 +1.9243e+00 -3.0928e-01 -2.7421e+00 +1.0248e+00 +3.1062e+00
18 +7.350407994e+01 +7.350407994e+01 +1.073504080e+03 +1.073504080e+03 +2.4079e-01 +6.5083e-01 +2.6526e-01 +2.8112e+00 +2.1223e+00
61 +6.297791899e+01 +6.297791899e+01 +1.062977919e+03 +1.062977919e+03 +1.7570e+00 +1.6814e+00 +1.0266e-01 +3.3074e+00 +2.9471e+00
190 +3.377283677e+01 +3.377283677e+01 +1.033772837e+03 +1.033772837e+03 -5.1859e-01 -6.4039e-01 -9.8702e-01 +3.1840e+00 +2.2585e+00
447 +2.180530815e+01 +2.180530815e+01 +1.021805308e+03 +1.021805308e+03 -1.6876e-01 -1.0595e-02 +1.0655e-01 +4.0020e+00 +2.2922e+00
480 +1.556484180e+01 +1.556484180e+01 +1.015564842e+03 +1.015564842e+03 -4.0355e-01 -1.8424e-01 +1.5505e-01 +3.5157e+00 +2.2196e+00
943 +9.995670213e+00 +9.995670213e+00 +1.009995670e+03 +1.009995670e+03 -3.8458e-01 -8.1010e-03 +1.7084e-01 +3.5584e+00 +2.2532e+00
% function evaluation | noise-free fitness - Fopt (4.661000000000e+01) | best noise-free fitness - Fopt | measured fitness | best measured fitness | x1 | x2...
1 +6.932076775e+02 +6.932076775e+02 +7.398176775e+02 +7.398176775e+02 +3.0378e+00 +2.4696e-01 -1.0006e+00 +1.5740e+00 -1.5330e+00
2 +3.510311912e+02 +3.510311912e+02 +3.976411912e+02 +3.976411912e+02 +1.7364e+00 -1.8554e-01 -3.1782e+00 -5.6789e-01 -9.6754e-01
15 +1.671197164e+02 +1.671197164e+02 +2.137297164e+02 +2.137297164e+02 +9.8029e-01 +8.2356e-01 -7.1303e-01 -6.3051e-01 +1.5781e-01
19 +1.316675615e+02 +1.316675615e+02 +1.782775615e+02 +1.782775615e+02 +2.0219e-01 -2.7609e-01 -6.2910e-01 +1.0918e+00 +3.7475e-01
36 +9.565137840e+01 +9.565137840e+01 +1.422613784e+02 +1.422613784e+02 -1.2498e+00 +6.7028e-01 +1.3755e+00 +4.1597e+00 -2.0837e-01
101 +5.944518957e+01 +5.944518957e+01 +1.060551896e+02 +1.060551896e+02 -3.4157e-01 +8.0889e-01 +1.3348e+00 +1.9353e+00 +1.0645e+00
139 +2.513061574e+01 +2.513061574e+01 +7.174061574e+01 +7.174061574e+01 -2.0794e-01 +1.7775e+00 +6.1773e-01 +2.8810e+00 +2.8423e-01
162 +2.315008456e+01 +2.315008456e+01 +6.976008456e+01 +6.976008456e+01 +1.7243e-03 +2.5263e+00 +1.2545e+00 +3.3287e+00 +9.7090e-01
216 +1.237815129e+01 +1.237815129e+01 +5.898815129e+01 +5.898815129e+01 -2.0415e-01 +3.1411e+00 +1.1978e+00 +1.9870e+00 +7.2317e-01
2697 +9.959961148e+00 +9.959961148e+00 +5.656996115e+01 +5.656996115e+01 -1.5859e-01 +2.5592e+00 +1.1194e+00 +2.8776e+00 +3.2054e-01
% function evaluation | noise-free fitness - Fopt (-2.643100000000e+02) | best noise-free fitness - Fopt | measured fitness | best measured fitness | x1 | x2...
1 +4.293747066e+02 +4.293747066e+02 +1.650647066e+02 +1.650647066e+02 +8.7492e-01 +1.1927e+00 -3.0217e-01 -1.8696e-01 -3.0104e+00
3 +2.880532577e+02 +2.880532577e+02 +2.374325771e+01 +2.374325771e+01 +9.3985e-01 +2.0817e+00 +8.3632e-01 +2.7382e+00 -6.5222e-01
6 +1.127534986e+02 +1.127534986e+02 -1.515565014e+02 -1.515565014e+02 +1.2445e+00 +3.4572e-01 +1.2503e-01 +9.6961e-01 +1.1122e+00
15 +4.386664256e+01 +4.386664256e+01 -2.204433574e+02 -2.204433574e+02 +1.1209e+00 -5.9973e-01 +1.9964e+00 -2.1423e-02 +1.6621e+00
156 +3.925099505e+01 +3.925099505e+01 -2.250590049e+02 -2.250590049e+02 +2.2032e+00 -2.9448e+00 +2.1317e+00 -1.4479e+00 +2.1266e+00
242 +2.414987155e+01 +2.414987155e+01 -2.401601285e+02 -2.401601285e+02 +1.2712e+00 -1.5579e+00 +2.6199e+00 -3.8796e-01 +2.0984e+00
415 +1.554732197e+01 +1.554732197e+01 -2.487626780e+02 -2.487626780e+02 +1.2637e+00 -1.4291e+00 +1.6397e+00 -3.6883e-01 +2.2026e+00
% function evaluation | noise-free fitness - Fopt (7.273000000000e+01) | best noise-free fitness - Fopt | measured fitness | best measured fitness | x1 | x2...
1 +3.613128677e+02 +3.613128677e+02 +4.340428677e+02 +4.340428677e+02 +3.8752e+00 +1.0476e+00 -4.3025e-01 +3.8412e+00 +1.8951e+00
11 +2.453597500e+02 +2.453597500e+02 +3.180897500e+02 +3.180897500e+02 +3.6748e+00 +9.5147e-01 +1.3647e+00 +4.3662e+00 +1.7069e+00
17 +1.384230264e+02 +1.384230264e+02 +2.111530264e+02 +2.111530264e+02 +2.1914e-01 +6.9966e-01 +1.4952e+00 +4.5017e+00 +7.8773e-01
107 +3.196970059e+01 +3.196970059e+01 +1.046997006e+02 +1.046997006e+02 +7.3195e-01 -6.2578e-01 +9.7915e-01 +1.8424e+00 +9.0923e-01
543 +2.366392368e+01 +2.366392368e+01 +9.639392368e+01 +9.639392368e+01 +6.9183e-01 -8.8584e-01 +5.4337e-01 +9.6522e-01 +1.6376e+00
731 +1.572205475e+01 +1.572205475e+01 +8.845205475e+01 +8.845205475e+01 +4.9840e-01 -8.8961e-01 +9.9944e-01 +9.3928e-01 +1.6764e+00
3378 +9.990469938e+00 +9.990469938e+00 +8.272046994e+01 +8.272046994e+01 +6.2930e-01 -6.7474e-01 +1.4901e+00 +9.2937e-01 +1.3660e+00
% function evaluation | noise-free fitness - Fopt (1.368700000000e+02) | best noise-free fitness - Fopt | measured fitness | best measured fitness | x1 | x2...
1 +7.097828091e+02 +7.097828091e+02 +8.466528091e+02 +8.466528091e+02 -7.1676e-01 -2.6398e-01 +2.0177e+00 -2.7356e+00 +1.3162e+00
5 +2.272298251e+02 +2.272298251e+02 +3.640998251e+02 +3.640998251e+02 +8.4273e-01 +1.6399e+00 -7.3917e-01 -2.6089e+00 -9.8905e-01
10 +1.076596794e+02 +1.076596794e+02 +2.445296794e+02 +2.445296794e+02 +2.2280e+00 -1.1977e+00 +2.8490e+00 +1.2496e-01 +2.5273e-01
47 +9.935337756e+01 +9.935337756e+01 +2.362233776e+02 +2.362233776e+02 +2.3465e+00 +4.1289e-01 +3.5605e+00 +8.2959e-01 -1.1613e+00
67 +5.598568889e+01 +5.598568889e+01 +1.928556889e+02 +1.928556889e+02 +3.7103e+00 +5.0065e-01 +1.0199e+00 +4.7628e-01 -8.9045e-02
328 +3.398349012e+01 +3.398349012e+01 +1.708534901e+02 +1.708534901e+02 +2.6006e+00 +4.9710e-01 +2.2767e+00 +8.5106e-01 +2.1216e-01
2058 +2.340279788e+01 +2.340279788e+01 +1.602727979e+02 +1.602727979e+02 +2.4583e+00 +2.9428e+00 +3.7541e+00 +5.0283e-01 +2.8237e-01
2126 +9.423535457e+00 +9.423535457e+00 +1.462935355e+02 +1.462935355e+02 +3.5184e+00 +2.8893e+00 +3.2418e+00 +9.2585e-01 +5.4709e-01
2397 +5.111040500e+00 +5.111040500e+00 +1.419810405e+02 +1.419810405e+02 +2.5092e+00 +2.8361e+00 +3.2323e+00 +8.6798e-01 +2.3512e-01
2940 +3.980837423e+00 +3.980837423e+00 +1.408508374e+02 +1.408508374e+02 +2.5194e+00 +2.8069e+00 +3.2587e+00 +8.5286e-01 +2.4431e-01
% function evaluation | noise-free fitness - Fopt (2.196000000000e+01) | best noise-free fitness - Fopt | measured fitness | best measured fitness | x1 | x2...
1 +4.127766597e+02 +4.127766597e+02 +4.347366597e+02 +4.347366597e+02 -2.8609e+00 -2.7000e+00 -3.7288e+00 +2.1199e-01 +3.0907e+00
8 +1.887497679e+02 +1.887497679e+02 +2.107097679e+02 +2.107097679e+02 -1.5890e+00 -2.9064e+00 -2.9866e+00 -5.5052e-01 +2.3766e+00
10 +1.094623127e+02 +1.094623127e+02 +1.314223127e+02 +1.314223127e+02 +4.1292e-01 -3.5849e+00 -2.3508e+00 +2.7300e+00 +1.6194e+00
53 +7.596429571e+01 +7.596429571e+01 +9.792429571e+01 +9.792429571e+01 +3.2935e+00 -2.8778e-01 -5.8707e-01 +1.1938e+00 +2.1085e+00
91 +4.807649550e+01 +4.807649550e+01 +7.003649550e+01 +7.003649550e+01 +2.2955e+00 +9.4184e-02 -3.8777e-01 +2.5802e+00 +1.9187e+00
191 +3.728916993e+01 +3.728916993e+01 +5.924916993e+01 +5.924916993e+01 +1.6315e+00 +6.2885e-01 +1.2447e-01 +2.2793e+00 +2.2529e+00
348 +2.114027812e+01 +2.114027812e+01 +4.310027812e+01 +4.310027812e+01 +1.4445e+00 +1.1274e+00 +1.0927e+00 +2.2975e+00 +1.9505e+00
380 +1.494307062e+01 +1.494307062e+01 +3.690307062e+01 +3.690307062e+01 +1.2265e+00 +9.8651e-01 +1.1212e+00 +2.2974e+00 +1.9100e+00
2287 +9.835602736e+00 +9.835602736e+00 +3.179560274e+01 +3.179560274e+01 +1.4020e+00 -5.6218e-01 +1.0362e+00 +2.3108e+00 +2.3207e+00
2623 +6.242676865e+00 +6.242676865e+00 +2.820267687e+01 +2.820267687e+01 +1.3586e+00 -6.1872e-01 +1.1160e+00 +2.2979e+00 +2.3038e+00
% function evaluation | noise-free fitness - Fopt (-2.139000000000e+01) | best noise-free fitness - Fopt | measured fitness | best measured fitness | x1 | x2...
1 +1.011238567e+03 +1.011238567e+03 +9.898485671e+02 +9.898485671e+02 -1.0767e+00 -1.4078e+00 +2.3256e+00 +3.4974e+00 +1.9071e+00
2 +8.498246728e+02 +8.498246728e+02 +8.284346728e+02 +8.284346728e+02 -2.3780e+00 -1.8403e+00 +1.4798e-01 +1.3555e+00 +2.4725e+00
5 +3.958331613e+02 +3.958331613e+02 +3.744431613e+02 +3.744431613e+02 +4.8283e-01 +4.9607e-01 -4.3131e-01 +3.6240e+00 -3.9812e-01
13 +2.173449077e+02 +2.173449077e+02 +1.959549077e+02 +1.959549077e+02 +1.4784e+00 -1.3687e+00 -1.0668e+00 +1.6536e+00 +1.6734e+00
66 +1.461619378e+02 +1.461619378e+02 +1.247719378e+02 +1.247719378e+02 +1.0834e+00 +3.7287e-01 +1.2775e-01 +7.5514e-01 +1.1779e-01
102 +8.226987715e+01 +8.226987715e+01 +6.087987715e+01 +6.087987715e+01 +3.1123e-01 -1.5710e+00 -4.4349e-01 -2.7835e+00 +8.7764e-01
147 +5.541422215e+01 +5.541422215e+01 +3.402422215e+01 +3.402422215e+01 +1.7412e+00 +2.9635e+00 +4.5631e-01 -2.5405e+00 +9.1785e-01
240 +3.352352147e+01 +3.352352147e+01 +1.213352147e+01 +1.213352147e+01 +1.2489e+00 +2.5541e+00 +6.7093e-01 -2.6697e+00 +1.5518e+00
256 +2.499438120e+01 +2.499438120e+01 +3.604381197e+00 +3.604381197e+00 +1.8973e+00 +1.9742e+00 +1.1269e+00 -3.4561e+00 +1.6200e+00
396 +1.315968357e+01 +1.315968357e+01 -8.230316426e+00 -8.230316426e+00 +3.1048e+00 +2.8767e+00 +4.5317e-01 -3.1673e+00 +1.2958e+00
512 +8.729046858e+00 +8.729046858e+00 -1.266095314e+01 -1.266095314e+01 +3.1354e+00 +2.9120e+00 +5.0561e-01 -3.1186e+00 +1.2980e+00
556 +5.629141464e+00 +5.629141464e+00 -1.576085854e+01 -1.576085854e+01 +3.1493e+00 +2.8779e+00 +5.7976e-01 -3.0899e+00 +1.2932e+00
559 +2.958380147e+00 +2.958380147e+00 -1.843161985e+01 -1.843161985e+01 +3.1883e+00 +2.8345e+00 +5.5887e-01 -3.0818e+00 +1.3223e+00
627 +2.470005517e+00 +2.470005517e+00 -1.891999448e+01 -1.891999448e+01 +3.1935e+00 +2.7925e+00 +5.5482e-01 -3.1058e+00 +1.3074e+00
% function evaluation | noise-free fitness - Fopt (5.176600000000e+02) | best noise-free fitness - Fopt | measured fitness | best measured fitness | x1 | x2...
1 +2.434323043e+03 +2.434323043e+03 +2.951983043e+03 +2.951983043e+03 +2.6603e+00 -7.7915e-01 -3.9180e+00 +1.5349e+00 +3.5390e+00
5 +5.145084692e+02 +5.145084692e+02 +1.032168469e+03 +1.032168469e+03 +4.2198e+00 +1.1247e+00 -6.6748e+00 +1.6615e+00 +1.2338e+00
9 +2.634029893e+02 +2.634029893e+02 +7.810629893e+02 +7.810629893e+02 +3.7490e+00 +1.1920e+00 -5.0101e-01 -1.6797e+00 -1.4897e-01
12 +1.272063100e+02 +1.272063100e+02 +6.448663100e+02 +6.448663100e+02 +4.5235e+00 +1.1818e+00 +3.9456e-01 +1.5153e+00 +1.2084e+00
24 +5.456339084e+01 +5.456339084e+01 +5.722233908e+02 +5.722233908e+02 +3.0132e+00 +1.7399e+00 -2.1916e+00 +3.3787e+00 +9.5102e-01
190 +3.844084795e+01 +3.844084795e+01 +5.561008480e+02 +5.561008480e+02 +8.4073e-01 +1.0451e-01 -4.6782e-02 +2.9051e+00 +1.2190e+00
345 +2.232364855e+01 +2.232364855e+01 +5.399836485e+02 +5.399836485e+02 +4.0040e+00 +1.6610e+00 -2.5748e-02 +4.2037e+00 +1.9046e+00
618 +1.489418518e+01 +1.489418518e+01 +5.325541852e+02 +5.325541852e+02 +1.8113e+00 +2.3396e+00 -2.7439e-02 +2.8976e+00 +1.9065e+00
2907 +8.379338570e+00 +8.379338570e+00 +5.260393386e+02 +5.260393386e+02 +1.8937e+00 +3.9936e+00 +1.1379e-02 +3.3551e+00 +1.8916e+00
