% function evaluation | noise-free fitness - Fopt (-4.620900000000e+02) | best noise-free fitness - Fopt | measured fitness | best measured fitness | x1 | x2...
1 +6.752266072e+02 +6.752266072e+02 +2.131366072e+02 +2.131366072e+02 +4.9681e-02 -6.6033e-01 +2.9955e+00 +1.0665e+00 +3.1159e+00 -3.3358e+00 +1.9501e+00 -7.8463e-01 +6.3469e-01 +3.5439e+00
7 +4.124293348e+02 +4.124293348e+02 -4.966066524e+01 -4.966066524e+01 -4.9435e-01 -1.4133e+00 -5.1282e-02 +3.1787e+00 +2.8430e+00 -2.2622e+00 +3.1058e-01 +1.1796e+00 +1.6475e+00 +2.4228e+00
25 +3.380490620e+02 +3.380490620e+02 -1.240409380e+02 -1.240409380e+02 -5.3934e-01 +9.6124e-01 -9.3900e-03 +1.9583e+00 +1.6846e+00 -2.6922e+00 -2.5551e+00 -2.5661e-01 +1.1348e+00 -9.8322e-03
85 +2.319827833e+02 +2.319827833e+02 -2.301072167e+02 -2.301072167e+02 +7.2925e-01 +3.0217e+00 +2.0589e+00 +3.6539e+00 +1.9738e+00 -2.6011e+00 -2.6828e-01 +3.6402e+00 +7.4339e-01 -6.3470e-01
170 +1.436874630e+02 +1.436874630e+02 -3.184025370e+02 -3.184025370e+02 -1.0647e-01 +3.0710e+00 +8.4101e-01 +3.2690e+00 +1.1262e+00 -1.4666e-01 +4.8904e-01 +3.0549e+00 +1.0656e+00 -3.1187e-01
225 +9.583829651e+01 +9.583829651e+01 -3.662517035e+02 -3.662517035e+02 +5.2709e-01 +3.2047e+00 +1.4100e+00 +2.1242e+00 +1.1007e+00 +7.9867e-02 +1.7697e+00 +3.1249e+00 +7.8481e-01 -3.0100e-01
529 +5.873244348e+01 +5.873244348e+01 -4.033575565e+02 -4.033575565e+02 +2.4035e-01 +2.2426e+00 +1.5254e+00 +1.5100e+00 +1.6814e+00 +1.4374e+00 +1.5778e+00 +3.4709e+00 +1.1494e+00 +2.8045e-02
655 +3.967216591e+01 +3.967216591e+01 -4.224178341e+02 -4.224178341e+02 +2.2077e-01 +2.3507e+00 +1.3850e+00 +1.5472e+00 +1.6786e+00 +1.6466e+00 +1.2056e+00 +3.4723e+00 +1.0318e+00 -2.2076e-01
4827 +2.400167505e+01 +2.400167505e+01 -4.380883250e+02 -4.380883250e+02 +4.1307e-01 +2.2170e+00 +1.3539e+00 +1.5213e+00 +1.6954e+00 +2.1656e+00 +2.1415e+00 +2.5474e+00 +1.4172e+00 -6.2943e-01
4927 +1.573356624e+01 +1.573356624e+01 -4.463564338e+02 -4.463564338e+02 +3.3240e-01 +2.3131e+00 +1.3960e+00 +1.3483e+00 +1.6551e+00 +2.1207e+00 +2.0973e+00 +2.5981e+00 +1.4432e+00 -6.3691e-01
% function evaluation | noise-free fitness - Fopt (7.766000000000e+01) | best noise-free fitness - Fopt | measured fitness | best measured fitness | x1 | x2...
1 +2.178000735e+03 +2.178000735e+03 +2.255660735e+03 +2.255660735e+03 -7.4224e-01 -1.4674e+00 -1.3789e+00 -4.2226e-01 -2.2555e+00 +1.0291e+00 -3.5153e+00 -1.9382e+00 +1.7144e+00 +8.5447e-01
4 +5.053880532e+02 +5.053880532e+02 +5.830480532e+02 +5.830480532e+02 -3.7262e-01 -2.3144e+00 -9.5169e-01 +7.3431e-01 +1.8671e+00 +1.5162e+00 -2.0425e+00 -5.3639e-01 -1.1226e+00 +1.7147e+00
5 +3.400766331e+02 +3.400766331e+02 +4.177366331e+02 +4.177366331e+02 +5.2975e-01 -1.6739e+00 -6.3670e-01 -1.1848e+00 -2.9697e+00 +2.1179e+00 -1.5442e+00 +1.4788e+00 -1.5001e+00 -2.8335e+00
32 +2.146229334e+02 +2.146229334e+02 +2.922829334e+02 +2.922829334e+02 -2.7730e+00 -3.4249e-01 -2.3935e+00 +1.6654e+00 +1.7716e+00 +1.5594e+00 -2.0295e-01 +9.2470e-01 -2.3800e+00 -2.9109e+00
164 +1.558001546e+02 +1.558001546e+02 +2.334601546e+02 +2.334601546e+02 -2.6855e+00 +1.4765e+00 -1.0628e-01 +3.2435e+00 +6.1521e-01 -2.0518e-01 -6.9746e-01 +1.8404e-01 -7.2694e-01 -2.3699e+00
232 +8.884459178e+01 +8.884459178e+01 +1.665045918e+02 +1.665045918e+02 -8.8509e-01 -8.7300e-01 -2.7411e-01 +3.8249e+00 +1.4003e+00 -6.4257e-01 +1.8615e-01 +4.9272e-01 -2.7882e-01 -3.1386e+00
447 +5.586817526e+01 +5.586817526e+01 +1.335281753e+02 +1.335281753e+02 +6.2402e-01 -9.1308e-01 -1.0793e-01 +4.7307e+00 +1.2684e+00 -6.1380e-01 +1.1588e-01 +9.8433e-01 -3.3803e-01 -4.1523e+00
570 +3.907835690e+01 +3.907835690e+01 +1.167383569e+02 +1.167383569e+02 +5.7686e-01 -8.6653e-01 -9.7561e-02 +4.5665e+00 +1.3270e+00 -5.8231e-01 +7.4159e-02 +1.0103e+00 -6.7628e-01 -3.8694e+00
% function evaluation | noise-free fitness - Fopt (1.156800000000e+02) | best noise-free fitness - Fopt | measured fitness | best measured fitness | x1 | x2...
1 +1.217419057e+03 +1.217419057e+03 +1.333099057e+03 +1.333099057e+03 -3.0741e+00 +1.7523e+00 +7.7705e-01 +3.5038e-01 -2.2605e+00 -2.4870e+00 -3.4909e+00 -3.9748e+00 -1.3207e+00 +3.7114e+00
13 +8.553303496e+02 +8.553303496e+02 +9.710103496e+02 +9.710103496e+02 -3.2375e+00 -6.3593e-01 -7.6166e-01 +1.3491e+00 +6.1436e-01 -3.2641e-01 -3.6610e+00 +6.5114e-02 -2.0274e+00 +1.7884e+00
30 +6.022498991e+02 +6.022498991e+02 +7.179298991e+02 +7.179298991e+02 +1.7507e+00 +8.0290e-01 -2.7405e+00 -9.6924e-01 -2.6411e+00 -4.7206e+00 -2.4144e+00 -1.5452e+00 +7.3906e-01 -1.0241e-01
49 +2.804477842e+02 +2.804477842e+02 +3.961277842e+02 +3.961277842e+02 +1.1670e+00 -1.6506e-01 -3.0560e+00 +2.7816e-01 +7.5601e-01 -4.8679e+00 +1.9190e+00 -9.8677e-01 +1.8379e+00 -5.7015e-01
55 +2.008988089e+02 +2.008988089e+02 +3.165788089e+02 +3.165788089e+02 +1.0159e-01 +1.7745e+00 +1.3892e-01 +9.3524e-01 -3.8442e-01 -4.6348e+00 +2.6400e+00 -6.9184e-02 +2.4292e+00 -2.6064e+00
154 +1.306840158e+02 +1.306840158e+02 +2.463640158e+02 +2.463640158e+02 +6.6100e-01 -1.7507e+00 -1.0673e+00 +3.9457e+00 +2.9992e+00 -3.5245e+00 +8.0813e-01 +3.2481e+00 +2.6237e+00 -1.8868e+00
300 +9.330181522e+01 +9.330181522e+01 +2.089818152e+02 +2.089818152e+02 +2.1252e-01 -7.2865e-02 -1.2986e+00 +2.9583e+00 +2.7847e+00 -3.0154e+00 +2.3099e+00 +1.9834e+00 +2.6031e+00 -2.1822e+00
506 +6.013993964e+01 +6.013993964e+01 +1.758199396e+02 +1.758199396e+02 +3.6163e-01 +7.7427e-01 -1.1944e+00 +1.7787e+00 +2.8028e+00 -3.1299e+00 +3.0053e+00 +1.9335e+00 +3.5177e+00 -1.9081e+00
965 +3.978663666e+01 +3.978663666e+01 +1.554666367e+02 +1.554666367e+02 +1.8054e-01 -3.0932e-01 -1.1285e+00 +2.5131e+00 +3.0139e+00 -2.7471e+00 +3.0466e+00 +3.1805e+00 +3.5831e+00 -1.9391e+00
1146 +2.494109825e+01 +2.494109825e+01 +1.406210982e+02 +1.406210982e+02 +2.3662e-01 -1.2095e-01 -1.1184e+00 +2.3774e+00 +2.9770e+00 -2.7484e+00 +3.1129e+00 +3.2187e+00 +3.6110e+00 -1.9490e+00
% function evaluation | noise-free fitness - Fopt (-3.710000000000e+00) | best noise-free fitness - Fopt | measured fitness | best measured fitness | x1 | x2...
1 +5.466800413e+02 +5.466800413e+02 +5.429700413e+02 +5.429700413e+02 +3.4693e+00 +7.7677e-01 +8.9362e-01 -3.8975e+00 +1.5156e+00 -2.3827e+00 -3.8124e+00 -6.2300e-01 +2.6655e+00 +3.4425e-01
52 +3.969836765e+02 +3.969836765e+02 +3.932736765e+02 +3.932736765e+02 +7.7628e-01 +1.7171e+00 -2.1523e+00 -2.9412e+00 +2.7845e+00 -1.7950e+00 -4.4657e-01 -3.0867e+00 +1.5541e+00 +2.6834e+00
150 +2.387610669e+02 +2.387610669e+02 +2.350510669e+02 +2.350510669e+02 +1.0911e+00 -6.4819e-01 +1.9430e+00 +2.2135e-01 -3.1990e-01 +1.7150e+00 -4.7622e-01 -3.6356e+00 +1.1207e+00 -8.0198e-01
202 +1.364627425e+02 +1.364627425e+02 +1.327527425e+02 +1.327527425e+02 +8.3167e-01 +2.7190e+00 +1.1051e+00 +1.9551e+00 +1.5630e+00 +3.0213e+00 -8.0169e-01 -2.4781e+00 +1.0354e+00 +9.0328e-01
263 +9.591066920e+01 +9.591066920e+01 +9.220066920e+01 +9.220066920e+01 +1.0417e+00 +1.9295e+00 -4.8584e-02 +2.6555e+00 +3.2151e+00 +2.8563e+00 -3.1754e-01 -1.9888e+00 +2.0289e+00 +1.0249e+00
599 +6.286571856e+01 +6.286571856e+01 +5.915571856e+01 +5.915571856e+01 +1.0020e+00 -6.4461e-02 +1.1952e+00 +3.1243e+00 +2.5671e+00 +3.1230e+00 -2.7111e-01 -1.9797e+00 +1.6335e+00 -2.0377e-02
734 +3.915633232e+01 +3.915633232e+01 +3.544633232e+01 +3.544633232e+01 +1.1857e+00 +1.9330e-01 +9.9769e-01 +3.1352e+00 +2.5551e+00 +3.1419e+00 -2.2552e-01 -2.4362e+00 +1.9323e+00 -5.4874e-02
964 +2.450941260e+01 +2.450941260e+01 +2.079941260e+01 +2.079941260e+01 +1.1420e+00 +1.7675e-01 +9.6033e-01 +3.1929e+00 +2.5120e+00 +3.1256e+00 -2.9129e-01 -2.3818e+00 +1.9873e+00 -9.1936e-04
% function evaluation | noise-free fitness - Fopt (1.321800000000e+02) | best noise-free fitness - Fopt | measured fitness | best measured fitness | x1 | x2...
1 +6.368473623e+02 +6.368473623e+02 +7.690273623e+02 +7.690273623e+02 -3.3258e+00 +9.4146e-01 -3.7903e+00 +2.3469e+00 -1.9576e+00 -2.0749e-01 -2.6846e+00 -3.6465e+00 -1.8477e+00 +1.6560e+00
10 +6.000107692e+02 +6.000107692e+02 +7.321907692e+02 +7.321907692e+02 -4.2412e+00 -2.8301e+00 -3.5062e+00 +2.4015e+00 +1.4735e+00 -3.0613e+00 -3.0892e+00 -3.3460e+00 -1.5438e+00 +1.8037e+00
27 +3.680358711e+02 +3.680358711e+02 +5.002158711e+02 +5.002158711e+02 -2.5053e+00 -1.3548e+00 +2.3138e-01 +2.7673e+00 -2.5202e+00 -6.2649e-01 -2.1960e+00 -1.5373e+00 +1.1071e+00 +7.1150e-01
93 +2.319328454e+02 +2.319328454e+02 +3.641128454e+02 +3.641128454e+02 -3.4155e+00 +1.9574e+00 +1.5746e+00 +4.3646e-01 +8.8680e-01 -3.8009e+00 +2.3283e+00 -3.4957e-01 +6.9048e-01 -1.1215e+00
154 +1.417120069e+02 +1.417120069e+02 +2.738920069e+02 +2.738920069e+02 +6.5093e-01 -6.9614e-01 +1.1897e+00 -2.2057e+00 +2.5530e+00 -1.7939e+00 +2.1781e+00 +7.8699e-02 -4.2712e-01 -9.3498e-01
338 +9.904536199e+01 +9.904536199e+01 +2.312253620e+02 +2.312253620e+02 +1.9105e+00 +1.5500e+00 +2.0379e+00 -2.7172e+00 +1.7911e+00 -1.5278e+00 +1.0831e+00 -5.7323e-01 +2.6957e-01 -6.2793e-01
545 +5.846099543e+01 +5.846099543e+01 +1.906409954e+02 +1.906409954e+02 +3.6174e+00 -2.1905e-01 +2.5686e+00 -2.1030e+00 +2.2760e+00 -1.0609e+00 +1.8495e+00 +9.2655e-02 -1.6908e-01 +7.7585e-01
806 +3.895882557e+01 +3.895882557e+01 +1.711388256e+02 +1.711388256e+02 +3.7734e+00 -1.1303e-01 +2.7802e+00 -2.6823e+00 +2.5972e+00 -1.0668e+00 +1.6307e+00 -3.2780e-01 +5.5581e-01 +4.2610e-01
1015 +2.086251980e+01 +2.086251980e+01 +1.530425198e+02 +1.530425198e+02 +3.7082e+00 -3.7451e-02 +2.7629e+00 -2.6546e+00 +2.4467e+00 -1.0438e+00 +1.7997e+00 -2.8312e-01 +5.5538e-01 +4.0374e-01
1057 +1.483646106e+01 +1.483646106e+01 +1.470164611e+02 +1.470164611e+02 +3.7217e+00 -2.3393e-01 +2.6838e+00 -2.6949e+00 +2.4600e+00 -1.0180e+00 +1.7786e+00 -3.2418e-01 +5.7020e-01 +4.0418e-01
1347 +9.768570994e+00 +9.768570994e+00 +1.419485710e+02 +1.419485710e+02 +3.7080e+00 -1.5262e-01 +2.6384e+00 -2.7060e+00 +2.4794e+00 -1.0565e+00 +1.8287e+00 -2.9835e-01 +5.7779e-01 +4.1265e-01
% function evaluation | noise-free fitness - Fopt (-5.847300000000e+02) | best noise-free fitness - Fopt | measured fitness | best measured fitness | x1 | x2...
1 +7.372539235e+02 +7.372539235e+02 +1.525239235e+02 +1.525239235e+02 +1.7623e+00 +2.0210e+00 -2.9168e+00 +3.8808e+00 -7.6145e-01 +5.5872e-01 +5.5983e-01 -2.4815e+00 -7.2273e-01 +2.2464e+00
15 +3.993698476e+02 +3.993698476e+02 -1.853601524e+02 -1.853601524e+02 +1.2697e+00 +1.8711e+00 -9.5177e-01 +1.9923e+00 -1.9254e+00 -8.0987e-01 +1.2209e+00 -1.9840e+00 -7.6956e-01 -7.5700e-01
32 +3.660603620e+02 +3.660603620e+02 -2.186696380e+02 -2.186696380e+02 +1.2357e-01 -2.3033e+00 -1.2951e+00 +1.4528e+00 -5.5666e+00 -1.1822e+00 +1.7946e+00 +9.2756e-01 +6.8360e-01 -1.7204e+00
57 +2.139069034e+02 +2.139069034e+02 -3.708230966e+02 -3.708230966e+02 -1.1325e+00 +3.6525e-01 -5.6550e-01 -2.8350e+00 -2.4538e+00 -4.7063e-01 +2.6551e+00 +2.7659e-01 +7.5358e-01 -3.3784e+00
119 +1.511738437e+02 +1.511738437e+02 -4.335561563e+02 -4.335561563e+02 -4.1484e-01 -1.4738e+00 +1.4561e+00 -2.3777e+00 -1.7112e+00 +8.5054e-01 +1.8971e+00 -7.1076e-02 +9.0753e-01 -2.3328e+00
343 +9.873965238e+01 +9.873965238e+01 -4.859903476e+02 -4.859903476e+02 +1.5653e+00 -2.6226e+00 +1.6166e+00 -2.8810e+00 +7.5042e-01 -2.8675e+00 +1.6212e+00 +3.3855e-01 +7.4048e-01 -2.3414e+00
632 +6.105383432e+01 +6.105383432e+01 -5.236761657e+02 -5.236761657e+02 +2.4433e+00 -4.7654e+00 +1.2910e+00 -3.1631e+00 -1.0891e-01 -3.9435e+00 +2.7046e+00 -8.0855e-01 +6.9085e-01 -2.9619e+00
899 +3.669025139e+01 +3.669025139e+01 -5.480397486e+02 -5.480397486e+02 +2.5009e+00 -4.5685e+00 +1.4368e+00 -3.1349e+00 -6.3525e-02 -3.9123e+00 +3.1741e+00 -5.3111e-01 +8.1818e-01 -2.6380e+00
1122 +2.479116591e+01 +2.479116591e+01 -5.599388341e+02 -5.599388341e+02 +2.5649e+00 -4.6565e+00 +1.5561e+00 -3.1100e+00 +6.1747e-02 -3.9440e+00 +3.1108e+00 -9.7501e-02 +6.7353e-01 -2.3079e+00
1193 +1.521279454e+01 +1.521279454e+01 -5.695172055e+02 -5.695172055e+02 +2.6372e+00 -4.6764e+00 +1.4900e+00 -3.1056e+00 +1.8789e-02 -3.8999e+00 +3.1486e+00 -1.0141e-01 +7.0875e-01 -2.3254e+00
1984 +9.995172678e+00 +9.995172678e+00 -5.747348273e+02 -5.747348273e+02 +2.6432e+00 -4.6645e+00 +1.4789e+00 -3.2565e+00 +2.4130e-02 -3.9546e+00 +3.1821e+00 -7.0876e-02 +7.2664e-01 -2.3251e+00
% function evaluation | noise-free fitness - Fopt (-3.654000000000e+01) | best noise-free fitness - Fopt | measured fitness | best measured fitness | x1 | x2...
1 +5.360331750e+02 +5.360331750e+02 +4.994931750e+02 +4.994931750e+02 -1.5705e+00 +1.8467e+00 -8.2499e-01 -3.7928e+00 +1.3641e+00 +1.0407e+00 +2.3068e+00 -2.9456e+00 -9.9107e-01 +1.8259e+00
7 +3.796289141e+02 +3.796289141e+02 +3.430889141e+02 +3.430889141e+02 -2.1145e+00 +1.0938e+00 -3.8718e+00 -1.6807e+00 +1.0912e+00 +2.1143e+00 +6.6733e-01 -9.8141e-01 +2.1771e-02 +7.0484e-01
34 +2.207330263e+02 +2.207330263e+02 +1.841930263e+02 +1.841930263e+02 -7.2714e-02 +8.5910e-01 -5.0695e+00 -4.1964e+00 -3.5362e-01 -6.9252e-01 +8.4082e-01 -9.2274e-01 +1.3943e+00 -2.8668e+00
167 +1.439628815e+02 +1.439628815e+02 +1.074228815e+02 +1.074228815e+02 -3.9365e+00 +1.9430e-01 -8.3584e-01 +1.2662e+00 +1.8751e-01 -2.5876e-01 +1.8593e+00 -1.3561e+00 -7.2064e-01 -1.4775e+00
296 +9.897825399e+01 +9.897825399e+01 +6.243825399e+01 +6.243825399e+01 -1.6623e+00 +7.1731e-01 -7.8317e-01 +1.3464e+00 +1.1914e-01 -1.7062e+00 +1.9615e+00 -1.3090e+00 +1.9653e-02 -2.1397e+00
754 +6.195074935e+01 +6.195074935e+01 +2.541074935e+01 +2.541074935e+01 -1.6304e+00 -4.4704e-01 -7.8724e-01 +1.3110e+00 -3.5790e-01 -8.1156e-01 +1.5417e+00 -1.8898e+00 +1.2602e+00 -2.4721e+00
1209 +3.961677199e+01 +3.961677199e+01 +3.076771988e+00 +3.076771988e+00 -1.7950e+00 -3.8900e-01 -8.2003e-01 +1.2028e+00 -3.6379e-01 -1.2497e+00 +1.8766e+00 -1.8160e+00 +1.3462e+00 -2.5181e+00
% function evaluation | noise-free fitness - Fopt (1.000000000000e+03) | best noise-free fitness - Fopt | measured fitness | best measured fitness | x1 | x2...
1 +5.117766666e+02 +5.117766666e+02 +1.511776667e+03 +1.511776667e+03 +2.7399e-01 -1.4170e+00 -2.8094e+00 -1.2695e+00 +1.6532e+00 +2.3354e+00 -2.7197e+00 +2.8977e+00 +3.1884e+00 -2.3412e+00
3 +3.361778112e+02 +3.361778112e+02 +1.336177811e+03 +1.336177811e+03 +1.5094e+00 -3.3851e+00 -2.7285e+00 -4.5208e-01 +3.0385e+00 +3.8949e+00 -8.1584e-01 +1.4086e-01 +3.3150e+00 -4.6465e+00
57 +2.220325273e+02 +2.220325273e+02 +1.222032527e+03 +1.222032527e+03 +8.1760e-01 +1.4658e+00 -2.2997e+00 +4.9448e+00 +4.3420e-01 +2.7640e+00 +1.6625e-01 -2.3084e+00 +2.8011e+00 -2.5915e+00
175 +1.560955717e+02 +1.560955717e+02 +1.156095572e+03 +1.156095572e+03 +6.8757e-01 -3.1941e-02 -1.8838e+00 +1.9427e+00 +3.1290e+00 +7.6619e-01 +1.2263e+00 -1.2999e+00 +3.9549e+00 -3.2672e+00
178 +6.794745419e+01 +6.794745419e+01 +1.067947454e+03 +1.067947454e+03 +1.4546e+00 -1.1684e-01 -1.2665e+00 +2.9471e+00 +1.8613e+00 +3.2318e-01 +2.0892e+00 -2.1259e+00 +3.7611e+00 -2.7734e+00
516 +6.160522145e+01 +6.160522145e+01 +1.061605221e+03 +1.061605221e+03 +4.6646e-01 -2.4162e-01 -1.2484e+00 +3.8192e+00 +2.4430e+00 +9.9263e-01 +3.6474e+00 -2.4638e+00 +3.4417e+00 -3.2129e+00
733 +3.748592183e+01 +3.748592183e+01 +1.037485922e+03 +1.037485922e+03 +5.1515e-01 -2.5427e-02 -1.2493e+00 +3.1691e+00 +2.3617e+00 +1.1200e+00 +3.2093e+00 -2.1525e+00 +3.0407e+00 -3.2195e+00
868 +2.433216623e+01 +2.433216623e+01 +1.024332166e+03 +1.024332166e+03 +5.4807e-01 +7.2367e-03 -1.2473e+00 +3.0809e+00 +2.3340e+00 +1.2088e+00 +3.3004e+00 -2.1305e+00 +3.0115e+00 -3.1455e+00
5014 +1.489202079e+01 +1.489202079e+01 +1.014892021e+03 +1.014892021e+03 -4.5327e-01 -8.3623e-01 -6.4627e-01 +3.1402e+00 +2.2609e+00 +1.2172e+00 +3.2709e+00 -2.1322e+00 +2.9995e+00 -2.1791e+00
% function evaluation | noise-free fitness - Fopt (4.661000000000e+01) | best noise-free fitness - Fopt | measured fitness | best measured fitness | x1 | x2...
1 +7.063434967e+03 +7.063434967e+03 +7.110044967e+03 +7.110044967e+03 +1.8781e+00 +1.9043e+00 -2.0119e+00 -1.9764e-01 +8.2239e-01 +1.3796e+00 +1.6563e+00 +2.7312e+00 +3.4524e+00 +3.4206e+00
4 +5.400027064e+03 +5.400027064e+03 +5.446637064e+03 +5.446637064e+03 +2.2478e+00 +1.0573e+00 -1.5847e+00 +9.5893e-01 +4.9450e+00 +1.8667e+00 +3.1291e+00 +4.1330e+00 +6.1538e-01 +4.2809e+00
5 +1.467054156e+03 +1.467054156e+03 +1.513664156e+03 +1.513664156e+03 +3.1501e+00 +1.6978e+00 -1.2697e+00 -9.6016e-01 +1.0825e-01 +2.4683e+00 +3.6275e+00 +6.1481e+00 +2.3790e-01 -2.6736e-01
16 +6.639434113e+02 +6.639434113e+02 +7.105534113e+02 +7.105534113e+02 +2.0390e+00 +4.0532e+00 -1.6520e+00 -2.7720e+00 +1.8032e+00 -4.6092e-01 +2.2097e+00 -5.7054e-01 +4.5449e-01 +1.4495e+00
35 +6.303921163e+02 +6.303921163e+02 +6.770021163e+02 +6.770021163e+02 +9.1940e-01 +5.4337e+00 +3.9821e-01 -3.9911e-02 -2.2837e-01 +2.5346e+00 +3.0442e+00 +1.7731e+00 -1.0875e+00 +3.1762e+00
57 +3.843681936e+02 +3.843681936e+02 +4.309781936e+02 +4.309781936e+02 -3.2242e+00 +2.8593e+00 +2.5236e-01 +3.8121e+00 +4.9499e-01 +2.1479e+00 +3.5212e+00 +2.3582e+00 -1.3164e+00 -4.6950e-01
107 +1.627679775e+02 +1.627679775e+02 +2.093779775e+02 +2.093779775e+02 -9.5492e-01 +2.3036e+00 +1.7947e+00 +2.1013e+00 -2.0072e+00 +7.0706e-01 +3.1824e+00 -1.3308e+00 -1.5924e+00 -1.1384e+00
119 +1.517674658e+02 +1.517674658e+02 +1.983774658e+02 +1.983774658e+02 +1.2063e+00 +1.1658e+00 +1.4901e+00 +3.7537e+00 -1.8490e+00 -3.4500e-01 +2.9217e+00 -2.2330e+00 -4.5250e-01 -1.7360e+00
333 +9.317666512e+01 +9.317666512e+01 +1.397866651e+02 +1.397866651e+02 -1.9384e-01 +3.1348e+00 +8.5137e-01 +9.1202e-01 +2.9867e-01 -7.5176e-01 +3.4874e+00 -2.7893e+00 -8.5612e-01 -1.5051e+00
718 +5.826694378e+01 +5.826694378e+01 +1.048769438e+02 +1.048769438e+02 -1.2468e+00 +4.6182e+00 +2.8810e-01 +9.5955e-01 +9.6865e-01 -2.4974e+00 +2.9562e+00 -3.0240e+00 +5.2530e-01 -2.3677e+00
1310 +3.296948698e+01 +3.296948698e+01 +7.957948698e+01 +7.957948698e+01 -9.9140e-01 +3.8970e+00 +8.5472e-01 +2.0416e+00 +3.1627e-01 -2.4445e+00 +3.1675e+00 -3.0421e+00 +3.4281e-01 -1.8083e+00
1463 +2.455033586e+01 +2.455033586e+01 +7.116033586e+01 +7.116033586e+01 -1.0449e+00 +3.9014e+00 +9.2333e-01 +2.1052e+00 +4.5974e-01 -2.4304e+00 +3.1512e+00 -3.0179e+00 +2.4169e-01 -1.7401e+00
1606 +1.574989901e+01 +1.574989901e+01 +6.235989901e+01 +6.235989901e+01 -1.0696e+00 +3.9515e+00 +8.9741e-01 +2.1477e+00 +4.4139e-01 -2.4514e+00 +3.1622e+00 -3.0487e+00 +2.9054e-01 -1.7680e+00
% function evaluation | noise-free fitness - Fopt (-2.643100000000e+02) | best noise-free fitness - Fopt | measured fitness | best measured fitness | x1 | x2...
1 +3.041820176e+02 +3.041820176e+02 +3.987201759e+01 +3.987201759e+01 +4.8948e-02 +1.1287e+00 -2.1356e+00 -2.2284e+00 +1.7388e-01 -3.4188e+00 +3.8373e+00 +3.7216e+00 -6.2912e-01 -5.6530e-01
6 +2.269131161e+02 +2.269131161e+02 -3.739688390e+01 -3.739688390e+01 +1.0738e+00 +4.6326e+00 +1.1207e+00 -2.6280e+00 +1.7445e+00 -3.1156e+00 +3.5015e+00 +2.4194e+00 -1.7892e+00 +2.6717e+00
74 +1.506672376e+02 +1.506672376e+02 -1.136427624e+02 -1.136427624e+02 +5.3234e-01 +1.2133e+00 -5.7588e-01 -4.4853e-01 +1.7854e+00 -2.3670e+00 +2.8603e+00 +1.0448e-01 -4.6668e-01 +1.4466e+00
85 +9.535461520e+01 +9.535461520e+01 -1.689553848e+02 -1.689553848e+02 +1.1585e+00 +1.9002e+00 +4.2344e-01 -1.2531e-01 +2.2638e+00 -3.9107e+00 +3.2017e+00 +1.9365e+00 +1.5947e-01 +1.6927e+00
521 +4.711491483e+01 +4.711491483e+01 -2.171950852e+02 -2.171950852e+02 +1.2619e+00 -1.5209e+00 +6.3734e-02 -9.1780e-01 +2.1848e+00 -4.3489e+00 +3.6780e+00 +1.8526e+00 +2.8342e-01 +1.7935e+00
902 +3.883993913e+01 +3.883993913e+01 -2.254700609e+02 -2.254700609e+02 +1.2349e+00 -1.4957e+00 +4.3579e-01 -8.3149e-01 +2.8519e+00 -3.7218e+00 +3.1739e+00 +1.9556e+00 -2.0245e-01 +1.4341e+00
% function evaluation | noise-free fitness - Fopt (7.273000000000e+01) | best noise-free fitness - Fopt | measured fitness | best measured fitness | x1 | x2...
1 +5.534230092e+02 +5.534230092e+02 +6.261530092e+02 +6.261530092e+02 -2.5484e+00 +2.7847e+00 +2.5852e+00 -3.2060e+00 +2.0363e+00 -1.4971e+00 -2.0495e+00 +4.4250e-01 -1.6348e+00 -1.4175e+00
13 +3.944494585e+02 +3.944494585e+02 +4.671794585e+02 +4.671794585e+02 -8.8236e-01 +2.2998e+00 -2.8819e-03 +5.4537e-01 +2.3677e-01 +5.7769e-01 -1.9444e+00 -1.6953e+00 +6.7850e-01 -2.9696e+00
95 +2.459060042e+02 +2.459060042e+02 +3.186360042e+02 +3.186360042e+02 -2.5208e+00 -1.3728e+00 +2.4480e+00 -1.0186e+00 +1.1110e+00 -1.6794e+00 +2.5302e+00 -7.0313e-01 +6.2042e-01 -5.2692e-01
151 +1.209199277e+02 +1.209199277e+02 +1.936499277e+02 +1.936499277e+02 +1.2539e-01 -1.4078e+00 -2.1458e+00 +1.6718e+00 +1.1923e+00 +2.0445e+00 +3.1672e+00 -4.1592e+00 -4.3549e-01 -1.5953e+00
281 +7.500733056e+01 +7.500733056e+01 +1.477373306e+02 +1.477373306e+02 +7.8398e-01 -2.3420e+00 +6.1714e-01 +1.6173e+00 +9.8943e-01 +4.2316e+00 +2.2993e+00 -3.3260e+00 +2.5001e-01 -8.4274e-01
587 +5.573122270e+01 +5.573122270e+01 +1.284612227e+02 +1.284612227e+02 +1.8537e+00 -1.3245e+00 +1.3533e+00 +2.1788e+00 +1.2763e+00 +3.0536e+00 +3.2469e+00 -3.2913e+00 +3.4268e-01 -7.1109e-01
1151 +3.252374503e+01 +3.252374503e+01 +1.052537450e+02 +1.052537450e+02 +1.5700e+00 -1.2797e+00 +1.1607e+00 +1.6512e+00 +9.0367e-01 +2.5604e+00 +3.6956e+00 -2.9201e+00 -2.0488e-01 -9.9159e-01
1239 +1.676501342e+01 +1.676501342e+01 +8.949501342e+01 +8.949501342e+01 +1.6092e+00 -1.3915e+00 +1.2893e+00 +1.6453e+00 +9.4956e-01 +2.6097e+00 +3.6803e+00 -2.9159e+00 -1.6069e-01 -6.9756e-01
1286 +1.529434196e+01 +1.529434196e+01 +8.802434196e+01 +8.802434196e+01 +1.5958e+00 -1.3955e+00 +1.2579e+00 +1.6346e+00 +9.6239e-01 +2.5559e+00 +3.6927e+00 -2.8903e+00 -1.5432e-01 -7.1032e-01
1983 +9.995319213e+00 +9.995319213e+00 +8.272531921e+01 +8.272531921e+01 +1.5825e+00 -1.3484e+00 +1.2650e+00 +1.5767e+00 +1.0320e+00 +2.5878e+00 +3.7128e+00 -2.8873e+00 -1.5748e-01 -6.8862e-01
% function evaluation | noise-free fitness - Fopt (1.368700000000e+02) | best noise-free fitness - Fopt | measured fitness | best measured fitness | x1 | x2...
1 +4.610429047e+03 +4.610429047e+03 +4.747299047e+03 +4.747299047e+03 -9.0773e-01 +3.5586e+00 -2.5900e+00 +2.3660e-01 -1.0160e+00 -2.3866e+00 +2.6234e+00 -8.6384e-02 +2.3705e+00 -3.8410e+00
6 +2.492598491e+03 +2.492598491e+03 +2.629468491e+03 +2.629468491e+03 +1.1710e-01 +7.0625e+00 +6.6626e-01 -1.6301e-01 +5.5465e-01 -2.0834e+00 +2.2877e+00 -1.3886e+00 +1.2104e+00 -6.0396e-01
25 +9.097788222e+02 +9.097788222e+02 +1.046648822e+03 +1.046648822e+03 -1.1608e+00 +4.5217e+00 -2.0342e-01 +1.0799e+00 +5.2710e-01 -3.6095e+00 -3.0052e-01 -1.0603e+00 +1.4826e+00 -1.1834e+00
27 +3.939199959e+02 +3.939199959e+02 +5.307899959e+02 +5.307899959e+02 -2.7707e+00 +1.8663e+00 +1.4001e+00 -1.2701e+00 -3.3060e-01 -4.1668e-01 -2.2155e+00 -2.1401e+00 +8.2083e-01 -3.7015e+00
107 +2.099756854e+02 +2.099756854e+02 +3.468456854e+02 +3.468456854e+02 +3.9182e+00 +2.4493e+00 +2.5721e-01 +9.1055e-01 -2.1113e-01 +1.1414e-01 +4.9753e-01 +3.2196e+00 -1.9772e+00 -1.7010e+00
139 +1.444043225e+02 +1.444043225e+02 +2.812743225e+02 +2.812743225e+02 -1.5606e-03 +1.9395e+00 +6.6175e-01 +2.1108e+00 -2.0757e+00 +1.8411e+00 -1.4257e+00 +4.8577e+00 -6.1842e-01 -3.7676e+00
303 +8.743878743e+01 +8.743878743e+01 +2.243087874e+02 +2.243087874e+02 +2.5459e+00 +2.8489e+00 +3.1224e+00 +2.4458e+00 -9.2384e-01 +2.6077e+00 -1.2142e-01 +3.6784e+00 +7.4636e-01 -2.8227e+00
438 +6.058213347e+01 +6.058213347e+01 +1.974521335e+02 +1.974521335e+02 +3.2790e+00 +2.1006e+00 +2.5410e+00 +1.4150e+00 -1.2242e-01 +1.2718e+00 -4.6708e-01 +3.7672e+00 +1.5210e-02 -3.1659e+00
827 +3.717921251e+01 +3.717921251e+01 +1.740492125e+02 +1.740492125e+02 +2.5177e+00 +1.8553e+00 +2.4354e+00 +2.1496e+00 -9.1300e-02 +1.2973e+00 +5.5856e-03 +3.3210e+00 +3.4736e-01 -4.1131e+00
1231 +2.510813809e+01 +2.510813809e+01 +1.619781381e+02 +1.619781381e+02 +2.5338e+00 +1.9708e+00 +2.4464e+00 +2.1061e+00 -8.6660e-02 +1.2484e+00 -7.0901e-03 +3.3118e+00 +3.2625e-01 -4.1848e+00
% function evaluation | noise-free fitness - Fopt (2.196000000000e+01) | best noise-free fitness - Fopt | measured fitness | best measured fitness | x1 | x2...
1 +2.441964339e+02 +2.441964339e+02 +2.661564339e+02 +2.661564339e+02 +3.8565e+00 -8.9849e-01 -1.0265e+00 +1.2959e-01 -2.3355e+00 +3.3019e+00 +2.7214e+00 +1.1346e+00 -1.5074e+00 +3.5912e-01
71 +1.325534511e+02 +1.325534511e+02 +1.545134511e+02 +1.545134511e+02 +2.2975e+00 -4.2329e+00 -2.4575e-01 +3.5646e+00 +2.6735e+00 +1.4038e+00 +2.7699e+00 +1.9957e-01 -1.7125e+00 +9.0644e-01
193 +9.464473797e+01 +9.464473797e+01 +1.166047380e+02 +1.166047380e+02 +1.9150e+00 -4.1303e+00 +8.1863e-01 +2.7554e+00 +2.5209e+00 +3.8847e+00 +3.5063e+00 +9.2934e-01 -8.8593e-01 -1.1602e-02
650 +5.877702530e+01 +5.877702530e+01 +8.073702530e+01 +8.073702530e+01 +3.2347e+00 -3.0353e+00 +1.5371e+00 +2.8282e+00 +2.7365e+00 +2.3614e+00 +3.3766e+00 +5.7260e-01 +8.3304e-02 +8.2672e-01
922 +3.415288854e+01 +3.415288854e+01 +5.611288854e+01 +5.611288854e+01 +3.1861e+00 -3.2075e+00 +1.6271e+00 +2.9600e+00 +2.0766e+00 +2.8531e+00 +3.3639e+00 +9.7388e-01 -2.2090e-01 +5.5338e-01
965 +2.293195348e+01 +2.293195348e+01 +4.489195348e+01 +4.489195348e+01 +3.1705e+00 -3.3664e+00 +1.6988e+00 +2.9541e+00 +1.9492e+00 +2.8324e+00 +3.3981e+00 +1.0003e+00 -2.7294e-01 +6.1490e-01
1241 +1.581140369e+01 +1.581140369e+01 +3.777140369e+01 +3.777140369e+01 +3.2645e+00 -3.3488e+00 +1.6651e+00 +2.9394e+00 +1.9621e+00 +2.8146e+00 +3.4565e+00 +9.8689e-01 -2.5360e-01 +5.9381e-01
% function evaluation | noise-free fitness - Fopt (-2.139000000000e+01) | best noise-free fitness - Fopt | measured fitness | best measured fitness | x1 | x2...
1 +3.718701644e+02 +3.718701644e+02 +3.504801644e+02 +3.504801644e+02 +3.1688e+00 -1.1687e-01 -3.3003e+00 +7.5017e-01 -1.7177e+00 -3.4662e+00 -7.2559e-01 +1.0964e+00 +3.3671e+00 +4.1959e-01
91 +1.889630098e+02 +1.889630098e+02 +1.675730098e+02 +1.675730098e+02 +2.8060e-01 +1.4589e+00 +3.7964e-01 -5.3630e-01 -7.1368e-01 -7.6206e-01 +1.7359e+00 +1.1106e+00 +1.1004e+00 -1.0934e+00
154 +1.318788656e+02 +1.318788656e+02 +1.104888656e+02 +1.104888656e+02 +2.1586e+00 +2.0682e+00 +1.4272e+00 -2.2435e+00 +1.8969e-01 +1.2722e+00 +2.1836e+00 +2.9400e+00 +2.4011e+00 -6.6748e-01
376 +9.368540298e+01 +9.368540298e+01 +7.229540298e+01 +7.229540298e+01 +1.7395e+00 +2.9782e+00 -1.3659e+00 -1.7250e+00 -7.9680e-01 +5.2423e-01 +3.3093e+00 +7.7867e-01 +2.7056e+00 -7.9324e-01
926 +5.896221870e+01 +5.896221870e+01 +3.757221870e+01 +3.757221870e+01 +6.4733e-02 +1.2016e+00 +3.2969e-01 -2.3896e+00 -6.0108e-03 +1.2524e+00 +2.9659e+00 +2.3502e+00 +3.1898e+00 -1.0994e+00
1280 +3.907719624e+01 +3.907719624e+01 +1.768719624e+01 +1.768719624e+01 +1.4310e-01 +1.0874e+00 +2.4416e-01 -2.4719e+00 -2.5004e-03 +7.5066e-01 +2.8829e+00 +2.2949e+00 +3.0823e+00 -4.6747e-01
% function evaluation | noise-free fitness - Fopt (5.176600000000e+02) | best noise-free fitness - Fopt | measured fitness | best measured fitness | x1 | x2...
1 +6.072764348e+03 +6.072764348e+03 +6.590424348e+03 +6.590424348e+03 -1.0101e-01 +1.6725e+00 -4.2952e-01 +4.3960e-01 +1.0791e+00 +2.5111e+00 +1.0395e-01 -3.9354e-01 +3.2067e+00 -2.0809e+00
4 +3.116625981e+03 +3.116625981e+03 +3.634285981e+03 +3.634285981e+03 +2.6861e-01 +8.2558e-01 -2.3158e-03 +1.5962e+00 +5.2017e+00 +2.9982e+00 +1.5768e+00 +1.0082e+00 +3.6966e-01 -1.2206e+00
5 +7.699074293e+02 +7.699074293e+02 +1.287567429e+03 +1.287567429e+03 +1.1710e+00 +1.4661e+00 +3.1268e-01 -3.2292e-01 +3.6498e-01 +3.5998e+00 +2.0751e+00 +3.0234e+00 -7.8159e-03 -5.7689e+00
15 +4.325787866e+02 +4.325787866e+02 +9.502387866e+02 +9.502387866e+02 +1.5350e+00 +3.0390e+00 +4.0650e-01 +3.2160e+00 +1.2342e+00 +4.8249e+00 -5.4535e-01 -1.7313e+00 +1.4915e-01 -2.3966e+00
25 +2.835913524e+02 +2.835913524e+02 +8.012513524e+02 +8.012513524e+02 +1.4178e+00 +2.9602e+00 +7.8176e-01 +1.8588e+00 +2.1367e+00 +2.6355e+00 +2.8757e+00 +6.1135e-01 +4.3806e-01 -2.1526e+00
57 +2.507399358e+02 +2.507399358e+02 +7.683999358e+02 +7.683999358e+02 +3.1635e+00 +2.8722e+00 -4.7336e+00 +3.5752e+00 +5.1658e-01 -4.0211e-01 +1.3072e+00 +5.5441e-01 -1.2577e-01 +2.1854e-01
107 +1.364454447e+02 +1.364454447e+02 +6.541054447e+02 +6.541054447e+02 +7.7247e-01 +2.2009e+00 -9.8641e-01 +2.1925e+00 +1.9878e+00 -5.1315e-01 +2.5305e+00 -1.3287e+00 -1.6852e-01 +3.3226e-01
205 +9.963726262e+01 +9.963726262e+01 +6.172972626e+02 +6.172972626e+02 +1.7039e-01 +3.1415e+00 -2.9486e+00 +5.1680e+00 +6.7271e-01 -1.2839e+00 +3.9283e+00 -4.3161e-01 +2.1903e-01 +1.3847e+00
624 +5.737339416e+01 +5.737339416e+01 +5.750333942e+02 +5.750333942e+02 +1.9904e+00 +3.0768e+00 -7.8583e-01 +3.6346e+00 +1.8919e+00 -5.9365e-01 +2.7885e+00 +2.8029e-01 -4.4874e-01 +1.3851e+00
722 +3.453957052e+01 +3.453957052e+01 +5.521995705e+02 +5.521995705e+02 +2.0668e+00 +3.1526e+00 -7.3702e-01 +3.7613e+00 +1.9596e+00 -5.1693e-01 +2.9978e+00 +3.1516e-01 -2.1193e-01 +1.3936e+00
844 +2.340760321e+01 +2.340760321e+01 +5.410676032e+02 +5.410676032e+02 +2.0315e+00 +3.2398e+00 -7.9484e-01 +3.7266e+00 +1.9075e+00 -6.1975e-01 +2.9482e+00 +3.2025e-01 -2.1725e-01 +1.3954e+00
