% function evaluation | noise-free fitness - Fopt (7.948000000000e+01) | best noise-free fitness - Fopt | measured fitness | best measured fitness | x1 | x2...
1 +6.878416267e+01 +6.878416267e+01 +1.482641627e+02 +1.482641627e+02 -3.1185e-01 +1.0528e-01 +2.7534e+00 +1.3446e-01 +2.2196e+00 -1.6544e+00 -4.2825e+00 +1.3019e+00 -8.0680e-01 -4.9830e+00
3 +4.103687446e+01 +4.103687446e+01 +1.205168745e+02 +1.205168745e+02 -2.0810e+00 +2.6461e+00 +1.1996e+00 +2.4580e+00 -9.6840e-02 +3.1603e+00 +1.0054e+00 -1.0071e+00 -1.8955e+00 -3.7350e+00
113 +3.380173853e+01 +3.380173853e+01 +1.132817385e+02 +1.132817385e+02 -1.9207e+00 +1.9189e-01 +7.5228e-01 +4.1912e-01 -1.0205e+00 +2.7215e+00 -3.2232e+00 -1.2436e+00 -1.2146e-01 -2.0345e+00
276 +2.027187429e+01 +2.027187429e+01 +9.975187429e+01 +9.975187429e+01 +1.2150e+00 -4.2415e+00 -9.7652e-01 +2.8975e+00 -3.8305e+00 +1.9340e+00 -1.5295e+00 +1.4279e+00 -3.9195e-01 -2.9550e+00
463 +1.578230274e+01 +1.578230274e+01 +9.526230274e+01 +9.526230274e+01 +5.3594e-01 +3.0782e-01 -8.5579e-01 +3.3318e+00 -1.0661e+00 +1.3952e+00 -1.1056e+00 -1.5698e+00 -8.0946e-01 -1.1738e+00
1087 +8.937678177e+00 +8.937678177e+00 +8.841767818e+01 +8.841767818e+01 +9.1704e-01 -9.0020e-01 +3.1142e-02 +3.5334e-02 -2.7566e+00 +9.4199e-01 +8.2149e-02 +6.3728e-01 +2.7608e-01 -2.8138e+00
1170 +5.409634952e+00 +5.409634952e+00 +8.488963495e+01 +8.488963495e+01 -5.8490e-02 -1.2023e+00 -1.2002e+00 +2.4211e+00 -2.0124e+00 -9.9981e-02 -1.4024e+00 -4.6849e-01 -2.5981e+00 -1.9650e+00
1577 +3.646932186e+00 +3.646932186e+00 +8.312693219e+01 +8.312693219e+01 +6.5920e-01 -1.2023e+00 -1.1983e+00 +1.0363e+00 -2.7566e+00 -9.9977e-02 -1.4024e+00 -4.4505e-01 -2.0078e+00 -2.8129e+00
2077 +2.501288453e+00 +2.501288453e+00 +8.198128845e+01 +8.198128845e+01 +6.5920e-01 -1.2023e+00 +2.7266e-02 +2.0495e+00 -2.6742e+00 +9.5165e-01 -1.1061e+00 -4.4505e-01 -2.0078e+00 -2.8129e+00
2313 +1.552352986e+00 +1.552352986e+00 +8.103235299e+01 +8.103235299e+01 +6.5920e-01 -1.2023e+00 +2.7266e-02 +2.0495e+00 -2.6742e+00 +9.4199e-01 +8.2118e-02 -4.4505e-01 -2.0078e+00 -2.8129e+00
3122 +9.910561285e-01 +9.910561285e-01 +8.047105613e+01 +8.047105613e+01 +6.5923e-01 -1.2023e+00 -7.5619e-01 +2.1745e+00 -2.6742e+00 -1.3939e-01 +8.2118e-02 -4.4505e-01 -1.7412e+00 -2.8129e+00
3453 +5.390029372e-01 +5.390029372e-01 +8.001900294e+01 +8.001900294e+01 +5.3594e-01 -1.2023e+00 -8.5579e-01 +2.0495e+00 -2.6742e+00 +4.5165e-01 +7.4306e-02 -3.2005e-01 -2.0078e+00 -2.8129e+00
4799 +3.765847978e-01 +3.765847978e-01 +7.985658480e+01 +7.985658480e+01 +1.6313e-01 -1.2022e+00 -8.2653e-01 +2.3976e+00 -2.6743e+00 +4.4199e-01 +7.0400e-02 +2.9694e-01 -1.7412e+00 -2.8129e+00
% function evaluation | noise-free fitness - Fopt (3.944800000000e+02) | best noise-free fitness - Fopt | measured fitness | best measured fitness | x1 | x2...
1 +1.936844707e+02 +1.936844707e+02 +5.881644707e+02 +5.881644707e+02 -2.5310e+00 -6.5069e-01 -1.4296e+00 +4.0856e+00 +3.9459e+00 +3.2988e+00 -4.3825e+00 -2.8904e+00 +2.8961e+00 +3.4991e+00
5 +1.362665583e+02 +1.362665583e+02 +5.307465583e+02 +5.307465583e+02 -9.0965e-01 +1.3029e+00 +1.4267e+00 -2.9595e+00 +2.1141e+00 -3.3367e+00 +8.5133e-01 +1.3284e+00 +3.8597e+00 -4.4985e+00
9 +9.139079713e+01 +9.139079713e+01 +4.858707971e+02 +4.858707971e+02 -4.6940e-02 -2.9964e+00 -3.1020e+00 -3.4633e+00 +2.2752e-01 -9.8024e-02 +3.0444e+00 +2.2486e-01 +2.6046e+00 -4.4264e+00
45 +6.267848201e+01 +6.267848201e+01 +4.571584820e+02 +4.571584820e+02 -3.7703e+00 +1.6247e+00 -3.5598e+00 +1.3995e+00 -2.9372e+00 -4.5602e+00 +3.5956e+00 -1.2041e+00 -2.2949e+00 +3.1460e-01
441 +2.302419328e+01 +2.302419328e+01 +4.175041933e+02 +4.175041933e+02 -2.8496e+00 -1.1675e+00 -3.9526e+00 +3.1304e+00 +3.9298e+00 -3.0372e+00 +2.4368e+00 +2.0040e+00 -1.4638e+00 -4.6022e+00
833 +1.437924304e+01 +1.437924304e+01 +4.088592430e+02 +4.088592430e+02 -2.8496e+00 -1.1675e+00 -3.7731e+00 +3.4341e+00 -7.0182e-02 -3.6120e+00 +2.4368e+00 +2.0040e+00 -4.6375e-01 -4.6022e+00
1378 +5.087144521e+00 +5.087144521e+00 +3.995671445e+02 +3.995671445e+02 -4.4555e+00 -2.0798e+00 -4.8959e+00 +3.1304e+00 +3.9056e-01 -3.3714e+00 +4.6040e+00 -2.6262e-01 -1.3356e+00 -4.2070e+00
1939 +3.929531939e+00 +3.929531939e+00 +3.984095319e+02 +3.984095319e+02 -3.4844e+00 -2.0798e+00 -3.7809e+00 +3.4341e+00 +3.9056e-01 -1.4677e+00 +3.7128e+00 -1.0354e+00 -3.3561e-01 -3.9169e+00
2677 +2.262397577e+00 +2.262397577e+00 +3.967423976e+02 +3.967423976e+02 -3.4844e+00 -2.0798e+00 -3.7731e+00 +3.1304e+00 +3.9007e-01 -3.0372e+00 +3.7148e+00 -1.0354e+00 -3.3561e-01 -3.9169e+00
2998 +1.475797934e+00 +1.475797934e+00 +3.959557979e+02 +3.959557979e+02 -4.3426e+00 -2.3298e+00 -3.7731e+00 +3.4341e+00 +9.5306e-01 -3.3714e+00 +3.7895e+00 -5.6829e-01 -4.6766e-01 -4.2070e+00
3353 +8.944258544e-01 +8.944258544e-01 +3.953744259e+02 +3.953744259e+02 -3.7176e+00 -2.3937e+00 -3.9447e+00 +3.8804e+00 +9.2976e-01 -3.0372e+00 +2.9368e+00 -2.6268e-01 -7.8134e-01 -3.2999e+00
4228 +5.616960582e-01 +5.616960582e-01 +3.950416961e+02 +3.950416961e+02 -3.7176e+00 -2.6793e+00 -3.9447e+00 +3.8960e+00 +9.1413e-01 -3.0372e+00 +2.9368e+00 -2.6268e-01 -7.8134e-01 -3.4874e+00
4535 +3.576472996e-01 +3.576472996e-01 +3.948376473e+02 +3.948376473e+02 -4.3426e+00 -2.6793e+00 -3.8335e+00 +3.8961e+00 +9.1413e-01 -3.0372e+00 +3.2128e+00 -5.7610e-01 -7.8134e-01 -3.9071e+00
% function evaluation | noise-free fitness - Fopt (-2.471100000000e+02) | best noise-free fitness - Fopt | measured fitness | best measured fitness | x1 | x2...
1 +1.078859973e+02 +1.078859973e+02 -1.392240027e+02 -1.392240027e+02 -5.6299e-01 +1.7870e+00 +1.5145e+00 -2.1492e+00 +9.6886e-03 -3.5352e-01 -3.9860e+00 -4.9558e+00 +2.3526e+00 -6.4000e-01
7 +9.217231235e+01 +9.217231235e+01 -1.549376877e+02 -1.549376877e+02 -4.0214e+00 +3.7944e+00 +9.0109e-02 +2.1380e-01 -1.2894e+00 -2.3049e-01 +7.6470e-01 +2.8723e+00 +9.7817e-01 +2.1968e+00
23 +5.705142136e+01 +5.705142136e+01 -1.900585786e+02 -1.900585786e+02 -1.5547e+00 +2.9846e-01 +2.9954e-01 -4.6013e+00 +1.5059e+00 -1.3060e+00 +1.7219e+00 -2.9207e+00 -8.2982e-01 -6.4982e-01
97 +3.736380682e+01 +3.736380682e+01 -2.097461932e+02 -2.097461932e+02 -4.3423e+00 -1.5015e+00 +2.6137e+00 -4.3983e+00 -4.3811e+00 +8.3196e-01 +4.3664e+00 -3.1044e+00 -2.0446e+00 -7.8653e-01
735 +2.414772649e+01 +2.414772649e+01 -2.229622735e+02 -2.229622735e+02 -4.8566e+00 +1.0562e-01 -1.9670e-02 -3.0276e+00 -4.3905e+00 +4.8089e+00 +6.3220e-01 -1.2057e+00 +1.2596e-01 +2.4132e+00
1227 +1.461213481e+01 +1.461213481e+01 -2.324978652e+02 -2.324978652e+02 -4.5017e+00 -1.1568e+00 +2.9716e-01 -1.3582e+00 -2.6454e+00 +1.2189e+00 +2.3538e+00 -2.9436e+00 -8.2067e-01 +4.2984e+00
1238 +9.746975015e+00 +9.746975015e+00 -2.373630250e+02 -2.373630250e+02 -4.8566e+00 +8.3935e-01 -8.1505e-01 -4.1732e+00 -3.5005e+00 +2.1235e+00 +2.6989e+00 -1.2057e+00 +1.2596e-01 +2.4757e+00
1843 +6.095162933e+00 +6.095162933e+00 -2.410148371e+02 -2.410148371e+02 -3.9239e+00 +8.3837e-01 -8.1505e-01 -4.1419e+00 -3.5005e+00 +2.1141e+00 +2.5739e+00 -2.3510e+00 +4.9621e-01 +4.2600e+00
2071 +3.323921700e+00 +3.323921700e+00 -2.437860783e+02 -2.437860783e+02 -4.5371e+00 +1.0562e-01 -1.6496e+00 -4.1732e+00 -3.5005e+00 +2.1235e+00 +2.6989e+00 -3.0084e+00 +4.9817e-01 +2.8258e+00
2513 +1.676220966e+00 +1.676220966e+00 -2.454337790e+02 -2.454337790e+02 -3.9239e+00 +5.9228e-01 -8.1505e-01 -4.1419e+00 -3.5005e+00 +2.1151e+00 +2.5739e+00 -3.2003e+00 +1.2596e-01 +2.4757e+00
2712 +1.330596127e+00 +1.330596127e+00 -2.457794039e+02 -2.457794039e+02 -4.0902e+00 +4.6984e-01 -5.1967e-01 -3.4029e+00 -3.5005e+00 +2.1141e+00 +2.5729e+00 -4.4466e+00 +1.2690e-01 +2.4757e+00
3663 +9.034533014e-01 +9.034533014e-01 -2.462065467e+02 -2.462065467e+02 -3.9239e+00 +5.9228e-01 -5.2748e-01 -4.1420e+00 -3.5005e+00 +2.1235e+00 +2.8352e+00 -3.9436e+00 +1.2596e-01 +2.4757e+00
3891 +6.035389146e-01 +6.035389146e-01 -2.465064611e+02 -2.465064611e+02 -3.9239e+00 +1.0562e-01 -8.1505e-01 -3.3990e+00 -3.5054e+00 +2.2485e+00 +2.8352e+00 -3.9436e+00 +1.2596e-01 +2.4757e+00
4244 +2.692944761e-01 +2.692944761e-01 -2.468407055e+02 -2.468407055e+02 -3.9239e+00 +1.0562e-01 -8.1505e-01 -3.8251e+00 -3.1017e+00 +2.1235e+00 +3.3312e+00 -3.9602e+00 +1.2596e-01 +2.4757e+00
4653 +1.820548204e-01 +1.820548204e-01 -2.469279452e+02 -2.469279452e+02 -3.9239e+00 +1.0562e-01 -5.7237e-01 -3.8563e+00 -3.1017e+00 +2.1170e+00 +3.3312e+00 -3.9434e+00 +1.2596e-01 +2.9757e+00
% function evaluation | noise-free fitness - Fopt (-1.520400000000e+02) | best noise-free fitness - Fopt | measured fitness | best measured fitness | x1 | x2...
1 +1.464744459e+02 +1.464744459e+02 -5.565554083e+00 -5.565554083e+00 +2.6713e+00 -2.8298e+00 +4.5120e+00 +1.6976e+00 +2.3986e+00 -1.1425e-01 +4.0890e-01 -3.0589e+00 -2.7979e+00 -1.0191e+00
2 +2.351911680e+01 +2.351911680e+01 -1.285208832e+02 -1.285208832e+02 -2.1059e+00 +3.9069e+00 -3.7083e+00 +3.8537e+00 +7.9540e-01 +2.5338e+00 -1.8246e+00 -1.6099e+00 +4.4063e-02 +4.6883e+00
799 +1.254124554e+01 +1.254124554e+01 -1.394987545e+02 -1.394987545e+02 -2.2651e+00 +8.7933e-01 -4.4930e+00 +2.9808e+00 +1.1539e+00 +8.4338e-01 -2.8175e+00 -1.3162e-01 +1.0454e+00 +4.6883e+00
959 +7.127866753e+00 +7.127866753e+00 -1.449121332e+02 -1.449121332e+02 +7.1982e-01 +8.7933e-01 -4.4930e+00 +2.9808e+00 +1.1539e+00 +8.4338e-01 -1.5116e+00 -3.5481e-01 +2.1766e+00 +1.9398e+00
1203 +4.980871508e+00 +4.980871508e+00 -1.470591285e+02 -1.470591285e+02 -1.0208e+00 +1.3247e+00 -3.1070e+00 +3.8517e+00 +7.9540e-01 -1.1673e-01 -7.3500e-01 -1.3260e-01 +1.0454e+00 +3.8909e+00
1445 +3.559003307e+00 +3.559003307e+00 -1.484809967e+02 -1.484809967e+02 -2.0849e-02 +1.3246e+00 -4.4930e+00 +2.9808e+00 +1.1539e+00 +8.4338e-01 -1.5115e+00 -3.5481e-01 +2.1766e+00 +3.4027e+00
2019 +1.343714176e+00 +1.343714176e+00 -1.506962858e+02 -1.506962858e+02 -2.0849e-02 +1.3247e+00 -4.4930e+00 +2.9808e+00 +1.9385e+00 -2.2356e-02 -9.5534e-01 -3.5481e-01 +2.1766e+00 +3.4027e+00
2917 +7.762500031e-01 +7.762500031e-01 -1.512637500e+02 -1.512637500e+02 -1.9873e-02 +1.3246e+00 -4.2430e+00 +2.9808e+00 +2.7139e+00 -1.1477e-01 -7.3500e-01 -1.4041e-01 +1.5591e+00 +3.3871e+00
3395 +6.296124200e-01 +6.296124200e-01 -1.514103876e+02 -1.514103876e+02 -2.6987e-01 +1.3247e+00 -3.6877e+00 +3.6256e+00 +2.7139e+00 -9.2669e-02 -9.8500e-01 -1.0462e+00 +1.4728e+00 +3.9027e+00
4723 +3.936706411e-01 +3.936706411e-01 -1.516463294e+02 -1.516463294e+02 -2.6987e-01 +1.3247e+00 -3.6877e+00 +3.5006e+00 +2.7139e+00 -9.2669e-02 -9.8500e-01 -1.0462e+00 +1.4750e+00 +3.3871e+00
% function evaluation | noise-free fitness - Fopt (-2.525000000000e+01) | best noise-free fitness - Fopt | measured fitness | best measured fitness | x1 | x2...
1 +1.418645330e+02 +1.418645330e+02 +1.166145330e+02 +1.166145330e+02 -3.9733e+00 -2.0074e+00 -2.8033e+00 -1.0946e+00 +1.5600e+00 -7.9214e-01 -2.5084e+00 +4.4000e+00 +1.4093e+00 +2.9970e+00
2 +9.787010852e+01 +9.787010852e+01 +7.262010852e+01 +7.262010852e+01 +2.8393e+00 -2.5863e+00 -1.8937e+00 -3.3849e+00 -1.6269e+00 -4.7553e+00 -1.0504e+00 -7.0710e-01 -3.7105e+00 +6.0716e-01
9 +5.318418242e+01 +5.318418242e+01 +2.793418242e+01 +2.793418242e+01 +2.5790e+00 +1.7697e+00 -4.4402e+00 -3.3303e+00 +1.2692e+00 +3.5850e+00 -3.5701e-02 +6.9395e-01 -1.8666e+00 -2.1541e+00
85 +2.500769353e+01 +2.500769353e+01 -2.423064677e-01 -2.423064677e-01 +2.9183e+00 +1.9723e+00 -1.1076e+00 -1.6421e+00 +3.4768e+00 +3.7849e+00 -1.6599e+00 -7.4253e-01 +2.9640e+00 -1.0306e+00
685 +1.572663119e+01 +1.572663119e+01 -9.523368811e+00 -9.523368811e+00 +1.6610e+00 +6.7076e-01 -1.7075e+00 -2.8782e+00 +4.5583e+00 +1.8808e+00 -4.3374e+00 -1.2005e+00 +1.1859e+00 -4.0580e+00
1169 +9.923243768e+00 +9.923243768e+00 -1.532675623e+01 -1.532675623e+01 +2.8233e+00 +1.5960e+00 -4.9946e-01 -3.9779e+00 +4.0467e+00 +1.3250e+00 -2.7938e+00 -1.1719e+00 +9.1957e-01 -1.7109e+00
1601 +5.185321466e+00 +5.185321466e+00 -2.006467853e+01 -2.006467853e+01 +3.7581e+00 +6.7027e-01 -1.5825e+00 -2.8821e+00 +4.5583e+00 -4.3161e-01 -3.6721e+00 -1.9985e+00 +2.2841e+00 -1.9687e+00
1607 +3.484959944e+00 +3.484959944e+00 -2.176504006e+01 -2.176504006e+01 +2.8799e+00 +1.7581e+00 -1.5825e+00 -2.8821e+00 +3.3519e+00 +6.8853e-01 -3.0176e+00 -2.0829e+00 +1.6075e+00 -2.8891e+00
1791 +1.674027748e+00 +1.674027748e+00 -2.357597225e+01 -2.357597225e+01 +3.7581e+00 +6.7076e-01 -1.7075e+00 -1.6421e+00 +3.4768e+00 +4.7267e-01 -2.7151e+00 -1.2005e+00 +1.1859e+00 -1.9687e+00
2317 +9.758146259e-01 +9.758146259e-01 -2.427418537e+01 -2.427418537e+01 +3.5081e+00 +6.7076e-01 -1.7075e+00 -1.6421e+00 +3.4768e+00 +4.7267e-01 -2.7151e+00 -1.9985e+00 +1.6075e+00 -2.3891e+00
3779 +4.703908782e-01 +4.703908782e-01 -2.477960912e+01 -2.477960912e+01 +3.7581e+00 +6.7027e-01 -1.2075e+00 -2.1321e+00 +3.4768e+00 -4.3112e-01 -2.7151e+00 -1.9985e+00 +1.6084e+00 -2.3852e+00
4295 +3.524306898e-01 +3.524306898e-01 -2.489756931e+01 -2.489756931e+01 +3.7581e+00 +6.7076e-01 -1.2075e+00 -2.1321e+00 +3.3519e+00 -4.3161e-01 -2.3558e+00 -1.9985e+00 +1.1084e+00 -2.3852e+00
% function evaluation | noise-free fitness - Fopt (-2.017200000000e+02) | best noise-free fitness - Fopt | measured fitness | best measured fitness | x1 | x2...
1 +7.027476795e+01 +7.027476795e+01 -1.314452321e+02 -1.314452321e+02 -1.2507e+00 -4.9108e+00 -1.7547e+00 +3.1283e+00 +2.2993e+00 +1.3356e+00 -2.6464e+00 +3.6925e+00 +1.5683e+00 +4.7993e+00
4 +3.735114557e+01 +3.735114557e+01 -1.643688544e+02 -1.643688544e+02 +1.1997e+00 +1.6008e+00 +4.7498e-01 -2.0620e-01 +2.5852e+00 +6.7427e-01 -3.2682e+00 +3.8100e+00 +6.8334e-01 -2.7616e+00
567 +2.295098619e+01 +2.295098619e+01 -1.787690138e+02 -1.787690138e+02 -4.8532e-01 -7.9868e-01 +1.0490e+00 +1.3107e+00 +9.4004e-01 +1.8507e+00 -2.5245e+00 +3.0083e+00 -2.5872e+00 -4.4555e+00
865 +1.490083174e+01 +1.490083174e+01 -1.868191683e+02 -1.868191683e+02 -2.3603e+00 -9.4395e-01 -2.7808e-01 +4.8426e+00 +2.2924e+00 +1.0374e+00 -3.5844e+00 +3.4137e+00 -1.2024e+00 -3.2859e+00
877 +8.775771676e+00 +8.775771676e+00 -1.929442283e+02 -1.929442283e+02 -2.4351e+00 -1.4192e+00 -7.1371e-01 +3.1445e+00 +1.6509e+00 +1.1943e+00 -3.5683e+00 +4.0716e+00 -2.1301e-01 -1.5551e+00
1017 +5.766012277e+00 +5.766012277e+00 -1.959539877e+02 -1.959539877e+02 -2.2290e+00 -2.2246e+00 +1.4538e-01 +2.5149e+00 +2.2929e+00 +1.0374e+00 -3.5844e+00 +3.4132e+00 -1.2024e+00 -3.2859e+00
1947 +3.168258712e+00 +3.168258712e+00 -1.985517413e+02 -1.985517413e+02 -1.5862e+00 -3.0953e+00 -1.6320e+00 +1.7624e+00 +1.6509e+00 +1.0374e+00 -2.5845e+00 +3.4132e+00 -1.2024e+00 -3.2859e+00
2080 +2.346174279e+00 +2.346174279e+00 -1.993738257e+02 -1.993738257e+02 -1.5901e+00 -3.0953e+00 -1.0341e+00 +2.5774e+00 +2.2929e+00 +1.0061e+00 -2.5845e+00 +3.4137e+00 -1.2024e+00 -3.2859e+00
2871 +1.580229608e+00 +1.580229608e+00 -2.001397704e+02 -2.001397704e+02 -2.2290e+00 -2.5905e+00 -1.3169e+00 +2.3190e+00 +1.6431e+00 +1.0374e+00 -2.5845e+00 +3.4132e+00 +1.1492e-01 -3.2383e+00
3047 +7.292688405e-01 +7.292688405e-01 -2.009907312e+02 -2.009907312e+02 -1.5862e+00 -3.0953e+00 -1.0341e+00 +2.5772e+00 +2.2924e+00 +1.0374e+00 -2.5845e+00 +3.4132e+00 +1.1401e-01 -3.1154e+00
3550 +5.756790557e-01 +5.756790557e-01 -2.011443209e+02 -2.011443209e+02 -1.5706e+00 -3.0953e+00 -1.4130e+00 +2.5677e+00 +2.2927e+00 +6.7231e-01 -2.5220e+00 +3.4132e+00 +1.1401e-01 -3.2404e+00
3723 +3.390479164e-01 +3.390479164e-01 -2.013809521e+02 -2.013809521e+02 -1.5862e+00 -3.0953e+00 -1.0341e+00 +2.5147e+00 +2.2924e+00 +6.7524e-01 -2.5220e+00 +3.4133e+00 -1.1401e-01 -3.0543e+00
3989 +2.475548209e-01 +2.475548209e-01 -2.014724452e+02 -2.014724452e+02 -1.5864e+00 -3.0992e+00 -1.0341e+00 +2.5772e+00 +2.2929e+00 +1.7915e-01 -2.5220e+00 +3.4132e+00 +1.1401e-01 -3.1159e+00
% function evaluation | noise-free fitness - Fopt (-1.000000000000e+03) | best noise-free fitness - Fopt | measured fitness | best measured fitness | x1 | x2...
1 +1.937841225e+02 +1.937841225e+02 -8.062158775e+02 -8.062158775e+02 +4.0346e-01 +1.7726e+00 -2.1742e+00 -3.5005e+00 -4.1748e+00 +3.9327e-02 +4.8201e+00 +1.6066e+00 +4.9526e+00 +3.3208e+00
2 +8.334344227e+01 +8.334344227e+01 -9.166565577e+02 -9.166565577e+02 -4.7100e+00 -2.8617e+00 +7.2722e-01 +9.8014e-01 +1.5133e-01 -2.4812e+00 -3.6655e+00 -2.1050e+00 -1.9732e+00 +1.0403e+00
39 +4.726764454e+01 +4.726764454e+01 -9.527323555e+02 -9.527323555e+02 -2.9963e+00 +2.5512e+00 +2.9313e+00 -3.2248e+00 +7.9595e-01 -1.0133e+00 +6.7499e-01 -4.7856e+00 -1.5848e+00 +2.8201e+00
40 +3.837044518e+01 +3.837044518e+01 -9.616295548e+02 -9.616295548e+02 -4.8260e+00 +2.0927e+00 -3.3378e-01 +2.1520e+00 +1.2682e+00 -1.9487e+00 +1.1063e+00 -3.8422e+00 -3.0210e+00 +3.9073e+00
687 +2.305894013e+01 +2.305894013e+01 -9.769410599e+02 -9.769410599e+02 -1.1821e+00 +9.9007e-01 -1.1736e+00 -2.7323e-01 +2.9337e+00 -3.5853e+00 -5.1770e-02 -1.0991e+00 -3.5332e+00 +2.5481e+00
815 +1.190923445e+01 +1.190923445e+01 -9.880907655e+02 -9.880907655e+02 +3.6750e-01 -6.9454e-01 -1.1278e+00 +2.6608e+00 +3.6064e+00 -1.9485e+00 +1.1063e+00 -3.8422e+00 -4.0590e+00 +4.3592e+00
913 +9.877207267e+00 +9.877207267e+00 -9.901227927e+02 -9.901227927e+02 +1.4627e+00 +1.6357e+00 +2.2936e-01 +2.4611e-01 +4.6884e+00 -1.9409e+00 +1.0438e+00 -4.5778e+00 -2.2241e+00 +4.0418e+00
1084 +4.163610910e+00 +4.163610910e+00 -9.958363891e+02 -9.958363891e+02 -1.1821e+00 +7.4007e-01 -1.1737e+00 -2.7323e-01 +2.9337e+00 -1.5996e-01 +1.4497e+00 -3.8422e+00 -4.0590e+00 +4.3592e+00
1663 +3.727858404e+00 +3.727858404e+00 -9.962721416e+02 -9.962721416e+02 +3.6750e-01 -6.9454e-01 -1.1736e+00 -2.7330e-01 +2.9337e+00 -1.5996e-01 +1.4497e+00 -3.8422e+00 -4.0590e+00 +4.3592e+00
2519 +2.122229424e+00 +2.122229424e+00 -9.978777706e+02 -9.978777706e+02 +3.6750e-01 -1.9454e-01 +9.4757e-01 +2.9075e-01 +3.6379e+00 -1.5996e-01 +1.1063e+00 -3.8422e+00 -4.0590e+00 +3.6573e+00
2736 +1.560726893e+00 +1.560726893e+00 -9.984392731e+02 -9.984392731e+02 -2.8083e-01 -3.5375e-02 +1.4340e-01 -2.7323e-01 +2.9346e+00 -1.5996e-01 +1.4497e+00 -3.8422e+00 -2.9556e+00 +4.3589e+00
3661 +9.590700929e-01 +9.590700929e-01 -9.990409299e+02 -9.990409299e+02 +3.6750e-01 -3.5375e-02 +1.4338e-01 +2.9075e-01 +3.6379e+00 -1.5801e-01 +1.1063e+00 -3.8422e+00 -4.0589e+00 +3.9073e+00
4243 +5.974417840e-01 +5.974417840e-01 -9.994025582e+02 -9.994025582e+02 -2.8083e-01 -3.5374e-02 -1.4340e-01 -2.5761e-01 +3.5129e+00 -5.2185e-01 +1.0438e+00 -3.8420e+00 -2.8109e+00 +3.9073e+00
4913 +2.970827864e-01 +2.970827864e-01 -9.997029172e+02 -9.997029172e+02 +1.1753e-01 -3.5375e-02 -1.4339e-01 -2.7228e-01 +3.5129e+00 -2.5048e-01 +1.0750e+00 -3.8422e+00 -3.3345e+00 +3.9073e+00
% function evaluation | noise-free fitness - Fopt (-4.290000000000e+01) | best noise-free fitness - Fopt | measured fitness | best measured fitness | x1 | x2...
1 +1.541503666e+02 +1.541503666e+02 +1.112503666e+02 +1.112503666e+02 +2.5627e+00 -1.4566e+00 -1.4174e+00 -3.1527e+00 +3.3536e+00 +9.7952e-02 -2.1870e+00 -8.8615e-01 +4.1368e+00 +3.9708e+00
2 +8.663994134e+01 +8.663994134e+01 +4.373994134e+01 +4.373994134e+01 -2.9794e+00 -2.6566e+00 +3.0538e+00 -2.0756e+00 -3.8110e+00 -3.2486e+00 +3.6805e+00 -3.6001e+00 +1.9470e+00 -3.2366e+00
16 +5.829277659e+01 +5.829277659e+01 +1.539277659e+01 +1.539277659e+01 +5.2361e-01 -1.5633e+00 +4.4683e+00 +1.3796e+00 -3.1018e+00 -1.2737e+00 -1.7997e+00 +5.4470e-01 -8.8327e-02 +6.7398e-01
227 +3.085397895e+01 +3.085397895e+01 -1.204602105e+01 -1.204602105e+01 +4.4280e+00 +1.9789e+00 +2.5269e+00 -2.7238e+00 -4.8091e+00 +8.2088e-01 +2.3114e-01 +3.1244e+00 +3.1261e+00 -2.4281e+00
753 +2.275961157e+01 +2.275961157e+01 -2.014038843e+01 -2.014038843e+01 +2.1543e+00 +1.2637e+00 +1.3077e+00 +6.0595e-01 -2.9770e+00 +6.5233e-02 -5.6109e-01 +1.7496e+00 +3.9105e+00 -1.6340e+00
1083 +1.305110974e+01 +1.305110974e+01 -2.984889026e+01 -2.984889026e+01 +6.9011e-01 +2.3106e+00 +4.2458e+00 -1.8271e+00 -2.2497e+00 -3.8960e+00 +1.8254e+00 +7.7985e-01 +2.2174e+00 -4.4727e+00
1121 +7.945797074e+00 +7.945797074e+00 -3.495420293e+01 -3.495420293e+01 +2.7057e+00 +2.8720e+00 +4.6273e+00 -1.0522e+00 -3.8861e+00 -1.4661e+00 +1.7663e+00 -1.4724e+00 +2.0537e+00 -4.7017e+00
2153 +5.372795775e+00 +5.372795775e+00 -3.752720423e+01 -3.752720423e+01 +2.7057e+00 +2.8720e+00 +4.6273e+00 -5.6203e-01 -3.6361e+00 -1.4974e+00 +1.8254e+00 +7.7985e-01 +3.0396e+00 -4.7017e+00
2451 +3.344763868e+00 +3.344763868e+00 -3.955523613e+01 -3.955523613e+01 +2.1856e+00 +1.9789e+00 +4.6313e+00 -1.0520e+00 -3.1067e+00 -1.2746e+00 +8.2544e-01 +7.7595e-01 +3.1261e+00 -2.4281e+00
2915 +2.242032390e+00 +2.242032390e+00 -4.065796761e+01 -4.065796761e+01 +2.1856e+00 +1.9789e+00 +4.6313e+00 -1.0208e+00 -3.1067e+00 -1.2746e+00 +8.2544e-01 +7.7595e-01 +3.1261e+00 -3.1781e+00
3679 +1.567941039e+00 +1.567941039e+00 -4.133205896e+01 -4.133205896e+01 +2.7057e+00 +2.5917e+00 +4.6312e+00 -1.0522e+00 -2.4372e+00 -1.4975e+00 +8.2593e-01 -7.7986e-01 +3.0416e+00 -3.2366e+00
4278 +9.528436662e-01 +9.528436662e-01 -4.194715633e+01 -4.194715633e+01 +2.7057e+00 +2.5917e+00 +4.1293e+00 -1.0522e+00 -2.4770e+00 -1.4974e+00 +8.2550e-01 +7.7985e-01 +3.0416e+00 -3.2366e+00
4673 +4.205596526e-01 +4.205596526e-01 -4.247944035e+01 -4.247944035e+01 +2.7052e+00 +2.5917e+00 +4.1273e+00 -1.0522e+00 -2.9770e+00 -1.4975e+00 +8.2544e-01 +2.5949e-02 +3.0011e+00 -3.7366e+00
% function evaluation | noise-free fitness - Fopt (-1.013200000000e+02) | best noise-free fitness - Fopt | measured fitness | best measured fitness | x1 | x2...
1 +1.017351116e+02 +1.017351116e+02 +4.151115543e-01 +4.151115543e-01 +3.8301e+00 -4.4516e+00 +1.8241e+00 -4.4885e+00 +7.6212e-01 -2.8320e+00 -1.6859e+00 -2.7742e+00 -1.2259e+00 +3.6698e+00
6 +6.427632220e+01 +6.427632220e+01 -3.704367780e+01 -3.704367780e+01 +1.1198e+00 +8.1283e-01 -1.7919e+00 -2.6551e+00 +2.4023e+00 -7.1305e-01 +2.5061e+00 -8.4269e-01 -4.6221e+00 -4.8916e-01
27 +5.624741901e+01 +5.624741901e+01 -4.507258099e+01 -4.507258099e+01 +9.3007e-01 +2.1134e+00 +2.2507e+00 -2.4571e+00 -1.8599e+00 -2.6133e+00 +4.6447e+00 -1.0191e+00 -5.6037e-01 -3.8045e+00
105 +3.503425665e+01 +3.503425665e+01 -6.628574335e+01 -6.628574335e+01 -5.3321e-01 +1.6841e+00 +3.8525e+00 -1.1309e+00 -2.3005e+00 +6.9216e-01 +4.1283e+00 -8.1381e-01 +1.7010e-01 +2.3023e+00
328 +2.310157256e+01 +2.310157256e+01 -7.821842744e+01 -7.821842744e+01 +1.0026e+00 +2.6940e+00 +1.0257e+00 -1.1309e+00 -2.3005e+00 +6.9216e-01 +4.1283e+00 -2.8138e+00 +1.7010e-01 +2.3023e+00
917 +1.456886171e+01 +1.456886171e+01 -8.675113829e+01 -8.675113829e+01 +8.0507e-01 +2.1134e+00 +2.2507e+00 -1.7079e+00 -4.7269e+00 -2.3593e+00 +3.1014e+00 -2.7206e+00 -5.6037e-01 +3.5565e+00
1055 +8.000856092e+00 +8.000856092e+00 -9.331914391e+01 -9.331914391e+01 +2.9108e+00 +2.1134e+00 +2.2507e+00 -3.9438e+00 -3.9052e+00 +4.4200e-01 +3.3165e+00 -3.6706e+00 -2.8623e+00 +2.7274e+00
1595 +4.489987338e+00 +4.489987338e+00 -9.683001266e+01 -9.683001266e+01 +1.4217e+00 +2.8531e+00 +2.0097e+00 -1.8695e+00 -2.8029e+00 -9.7674e-01 +2.2635e+00 -3.6438e+00 -2.6231e+00 +1.3310e+00
2077 +3.142520499e+00 +3.142520499e+00 -9.817747950e+01 -9.817747950e+01 +1.0065e+00 +2.6940e+00 +1.8326e+00 -2.0861e+00 -3.1885e+00 -1.8317e+00 +3.1621e+00 -2.7201e+00 -1.9838e+00 +2.3023e+00
2337 +2.426347250e+00 +2.426347250e+00 -9.889365275e+01 -9.889365275e+01 +1.1276e+00 +3.2973e+00 +1.0257e+00 -2.6165e+00 -3.3040e+00 -1.8312e+00 +3.1621e+00 -2.7826e+00 -2.8623e+00 +2.9774e+00
2593 +1.235953897e+00 +1.235953897e+00 -1.000840461e+02 -1.000840461e+02 +1.0026e+00 +2.6940e+00 +1.8326e+00 -2.6165e+00 -3.3040e+00 -1.8312e+00 +3.3165e+00 -2.7206e+00 -2.8623e+00 +2.3023e+00
2837 +8.513635012e-01 +8.513635012e-01 -1.004686365e+02 -1.004686365e+02 +1.8151e+00 +2.6940e+00 +1.8326e+00 -2.6165e+00 -3.3040e+00 -1.8312e+00 +3.3165e+00 -2.7206e+00 -2.8623e+00 +2.7274e+00
3538 +4.990073417e-01 +4.990073417e-01 -1.008209927e+02 -1.008209927e+02 +1.7526e+00 +2.7156e+00 +1.8170e+00 -2.9485e+00 -3.3040e+00 -1.8312e+00 +3.1014e+00 -2.7203e+00 -2.8623e+00 +2.7430e+00
4595 +3.727069320e-01 +3.727069320e-01 -1.009472931e+02 -1.009472931e+02 +1.7526e+00 +2.7000e+00 +1.8170e+00 -2.8665e+00 -3.3040e+00 -1.5812e+00 +3.1014e+00 -2.7206e+00 -2.8618e+00 +2.7281e+00
% function evaluation | noise-free fitness - Fopt (3.650000000000e+00) | best noise-free fitness - Fopt | measured fitness | best measured fitness | x1 | x2...
1 +1.548963280e+02 +1.548963280e+02 +1.585463280e+02 +1.585463280e+02 -3.7952e+00 -4.0064e+00 +2.4589e-01 -2.2742e+00 +1.3765e+00 -4.5430e+00 -4.8253e+00 -1.7831e+00 +9.3290e-01 -4.7238e+00
10 +9.194242197e+01 +9.194242197e+01 +9.559242197e+01 +9.559242197e+01 -4.1293e+00 +1.8220e+00 -1.1559e+00 +4.1620e+00 -1.5555e+00 +1.9010e+00 +9.5072e-01 -2.0681e+00 +2.7356e-01 +4.0496e-02
13 +5.387779627e+01 +5.387779627e+01 +5.752779627e+01 +5.752779627e+01 -1.1297e+00 +1.0213e+00 +3.0132e-01 +5.4190e-01 +2.8761e+00 -4.2447e+00 +1.5444e+00 +1.3998e+00 -2.1540e+00 -1.3979e+00
51 +3.608315217e+01 +3.608315217e+01 +3.973315217e+01 +3.973315217e+01 +1.6214e+00 -2.3980e-01 +2.7779e-01 +3.0287e+00 -4.3536e+00 -7.4141e-01 +2.4857e+00 +1.4072e+00 +6.6772e-02 -4.3575e+00
641 +2.456733898e+01 +2.456733898e+01 +2.821733898e+01 +2.821733898e+01 -7.9559e-01 -2.6188e+00 +3.2525e+00 +3.5262e+00 -1.8921e-01 -2.3251e+00 +2.0075e+00 +1.3228e+00 -1.3041e+00 -3.8639e+00
644 +1.339281194e+01 +1.339281194e+01 +1.704281194e+01 +1.704281194e+01 -4.2831e-01 -3.7078e+00 +1.5939e+00 +4.6756e+00 -2.5428e+00 -2.3561e+00 +2.3982e+00 +2.6313e+00 -4.5596e+00 -9.7294e-01
1366 +8.293074387e+00 +8.293074387e+00 +1.194307439e+01 +1.194307439e+01 +2.7327e-01 -3.4394e+00 +1.9779e+00 +4.6971e+00 -1.2512e+00 -3.0629e+00 +2.9906e+00 -1.3774e-02 -3.3206e+00 -2.8581e+00
1755 +5.423407548e+00 +5.423407548e+00 +9.073407548e+00 +9.073407548e+00 +4.8939e-01 -7.4963e-01 -5.2630e-01 +3.0287e+00 -1.2512e+00 -3.3251e+00 +2.0074e+00 +1.3384e+00 -3.2631e+00 -2.2463e+00
2710 +3.766757932e+00 +3.766757932e+00 +7.416757932e+00 +7.416757932e+00 +4.8939e-01 -7.4960e-01 +2.7779e-01 +3.0287e+00 -1.2512e+00 -3.3251e+00 +2.1482e+00 -1.3877e-01 -4.5494e+00 -2.2463e+00
2832 +2.400293865e+00 +2.400293865e+00 +6.050293865e+00 +6.050293865e+00 +4.8964e-01 -1.4216e+00 +2.7779e-01 +3.0287e+00 -2.4235e+00 -3.0629e+00 +1.2305e+00 +1.0686e+00 -4.3637e+00 -2.6838e+00
3353 +1.561285958e+00 +1.561285958e+00 +5.211285958e+00 +5.211285958e+00 +4.8939e-01 -1.4216e+00 +2.7754e-01 +3.0287e+00 -2.4235e+00 -3.0629e+00 +2.1482e+00 -1.3877e-01 -4.5494e+00 -2.2463e+00
3685 +8.684539421e-01 +8.684539421e-01 +4.518453942e+00 +4.518453942e+00 +4.8964e-01 -2.0701e+00 +4.8654e-01 +3.5287e+00 -2.3610e+00 -2.6060e+00 +2.1443e+00 -1.3877e-01 -4.5494e+00 -2.2463e+00
4487 +4.968747686e-01 +4.968747686e-01 +4.146874769e+00 +4.146874769e+00 +4.5816e-01 -1.4372e+00 +4.8654e-01 +3.5287e+00 -2.3453e+00 -2.6060e+00 +2.1443e+00 +4.0720e-01 -4.1137e+00 -2.2465e+00
4823 +3.196618788e-01 +3.196618788e-01 +3.969661879e+00 +3.969661879e+00 +4.8939e-01 -2.0759e+00 +2.7767e-01 +3.2787e+00 -2.3610e+00 -3.0629e+00 +2.1443e+00 +4.0714e-01 -3.7631e+00 -2.2465e+00
4881 +1.124706945e-01 +1.124706945e-01 +3.762470694e+00 +3.762470694e+00 +4.5814e-01 -1.9372e+00 +4.8654e-01 +3.5287e+00 -2.3645e+00 -3.0629e+00 +2.0074e+00 +4.0720e-01 -4.1137e+00 -2.1837e+00
% function evaluation | noise-free fitness - Fopt (2.205300000000e+02) | best noise-free fitness - Fopt | measured fitness | best measured fitness | x1 | x2...
1 +1.948868992e+02 +1.948868992e+02 +4.154168992e+02 +4.154168992e+02 -3.6274e+00 -4.7325e+00 +8.1507e-01 +2.3294e+00 +3.2116e-01 +1.1718e+00 -4.1552e+00 -1.4740e+00 -4.9321e+00 -4.7275e+00
2 +1.242888978e+02 +1.242888978e+02 +3.448188978e+02 +3.448188978e+02 -2.6025e-01 +3.0898e-01 +4.1021e+00 -5.7151e-01 -2.9823e-01 -1.1132e+00 -4.1672e+00 +3.7752e+00 -3.6638e+00 -3.6494e+00
6 +9.027328879e+01 +9.027328879e+01 +3.108032888e+02 +3.108032888e+02 +3.3245e+00 -3.7155e+00 -2.3340e+00 +5.8937e-01 -4.4474e+00 -4.5666e-01 -4.4744e+00 +1.8078e+00 +2.5945e+00 +4.9481e+00
14 +6.301387459e+01 +6.301387459e+01 +2.835438746e+02 +2.835438746e+02 +4.8022e+00 -4.2916e+00 +1.7117e+00 -1.4662e+00 +2.1343e+00 -2.7622e+00 +7.1485e-01 +1.2414e+00 -2.3619e+00 -1.7034e+00
114 +3.841655610e+01 +3.841655610e+01 +2.589465561e+02 +2.589465561e+02 +2.2653e+00 -2.9134e+00 -8.9355e-01 -3.0439e+00 +3.2235e+00 -1.2229e-01 -2.0352e+00 +3.3699e+00 -2.7095e+00 +1.9513e+00
571 +2.336839063e+01 +2.336839063e+01 +2.438983906e+02 +2.438983906e+02 +1.1810e+00 -4.9804e+00 +2.3164e+00 +1.1772e+00 +4.0229e+00 -3.0505e+00 -1.7789e+00 +1.6887e+00 -2.3955e+00 +2.7971e+00
921 +1.383974231e+01 +1.383974231e+01 +2.343697423e+02 +2.343697423e+02 +4.8022e+00 -3.2477e+00 +7.6073e-01 +2.1790e+00 +3.2777e+00 -3.3005e+00 -4.4346e+00 +3.1929e+00 -8.9303e-01 +4.2987e+00
1489 +7.172940641e+00 +7.172940641e+00 +2.277029406e+02 +2.277029406e+02 +4.0206e+00 -4.9682e+00 +1.3426e+00 -1.2975e+00 +3.1644e+00 -2.0353e+00 -3.0274e+00 +2.9803e+00 -3.6850e-01 +3.3826e+00
2107 +6.263135080e+00 +6.263135080e+00 +2.267931351e+02 +2.267931351e+02 +4.0206e+00 -3.2477e+00 +6.1993e-01 +7.1636e-01 +4.8808e+00 -3.7414e+00 -3.0274e+00 +2.9803e+00 -3.6850e-01 +3.3826e+00
2543 +3.624660061e+00 +3.624660061e+00 +2.241546601e+02 +2.241546601e+02 +2.2582e+00 -4.7405e+00 +5.8087e-01 +2.0464e-01 +3.2777e+00 -3.3005e+00 -3.0274e+00 +2.9803e+00 -3.6850e-01 +3.3826e+00
3413 +1.678221501e+00 +1.678221501e+00 +2.222082215e+02 +2.222082215e+02 +2.6469e+00 -2.9538e+00 +7.4890e-01 +5.8895e-01 +4.0229e+00 -3.0525e+00 -3.0274e+00 +2.9803e+00 +6.1863e-01 +3.3827e+00
4013 +1.488324321e+00 +1.488324321e+00 +2.220183243e+02 +2.220183243e+02 +2.6479e+00 -3.2477e+00 +7.6073e-01 +2.0464e-01 +3.1644e+00 -2.7414e+00 -3.0274e+00 +3.2398e+00 +1.7670e+00 +3.1326e+00
4014 +7.462710478e-01 +7.462710478e-01 +2.212762710e+02 +2.212762710e+02 +2.6479e+00 -3.2477e+00 +7.6073e-01 +2.0464e-01 +3.1644e+00 -2.7414e+00 -3.0274e+00 +3.2398e+00 +7.6703e-01 +3.1326e+00
4773 +5.772746164e-01 +5.772746164e-01 +2.211072746e+02 +2.211072746e+02 +3.3940e+00 -3.7477e+00 +7.6074e-01 +2.0461e-01 +3.1644e+00 -2.7414e+00 -3.0274e+00 +3.2398e+00 +6.1899e-01 +2.8682e+00
4901 +3.716492484e-01 +3.716492484e-01 +2.209016492e+02 +2.209016492e+02 +3.0684e+00 -3.4977e+00 +7.6073e-01 +2.0464e-01 +3.2777e+00 -2.7414e+00 -3.0274e+00 +3.2242e+00 +7.4363e-01 +3.3827e+00
% function evaluation | noise-free fitness - Fopt (4.212900000000e+02) | best noise-free fitness - Fopt | measured fitness | best measured fitness | x1 | x2...
1 +1.629110914e+02 +1.629110914e+02 +5.842010914e+02 +5.842010914e+02 +2.4853e+00 +3.6683e+00 -1.4469e+00 +9.2928e-02 +4.2535e+00 -2.7776e+00 +1.8667e+00 +4.4063e+00 +2.3900e-01 +4.5853e+00
3 +1.464382571e+02 +1.464382571e+02 +5.677282571e+02 +5.677282571e+02 -3.7877e+00 -1.9340e+00 +4.4400e+00 -2.8300e+00 -4.3574e+00 +6.2836e-01 +2.6691e+00 +4.2362e+00 -4.7778e+00 +4.3942e+00
4 +7.257043946e+01 +7.257043946e+01 +4.938604395e+02 +4.938604395e+02 -7.0502e-01 -8.1713e-01 +3.5796e+00 +8.6080e-01 -2.8300e+00 +1.7752e+00 -1.9203e+00 +2.2423e+00 +3.6672e+00 -4.8201e+00
77 +5.676271773e+01 +5.676271773e+01 +4.780527177e+02 +4.780527177e+02 -2.6079e+00 +2.7216e+00 -8.9820e-01 +1.0780e+00 -4.9656e+00 +3.5871e+00 +6.6360e-01 +1.4422e+00 +4.2048e+00 -3.8365e+00
112 +3.199821871e+01 +3.199821871e+01 +4.532882187e+02 +4.532882187e+02 -4.9063e+00 +1.8211e+00 +1.9189e+00 -2.5854e+00 -2.0512e+00 -4.9560e-01 -3.3448e+00 +2.7582e+00 +3.0584e+00 -1.7154e+00
469 +2.330838027e+01 +2.330838027e+01 +4.445983803e+02 +4.445983803e+02 -2.6079e+00 +2.7216e+00 -8.9820e-01 -1.6878e+00 -1.4022e+00 +3.5871e+00 +6.6360e-01 +1.4422e+00 +4.2048e+00 -3.8365e+00
720 +1.561133820e+01 +1.561133820e+01 +4.369013382e+02 +4.369013382e+02 -5.7213e+00 +2.2466e+00 +6.5150e-01 -3.8762e+00 +1.6180e-01 +2.3418e+00 +7.3373e-01 +3.6734e+00 +2.8909e+00 +5.0794e-01
1321 +8.316455811e+00 +8.316455811e+00 +4.296064558e+02 +4.296064558e+02 -4.0877e+00 +1.8211e+00 +1.4189e+00 -1.6878e+00 -1.4022e+00 +3.5871e+00 +4.5433e-01 +2.4014e+00 -1.2343e-01 -1.2569e+00
1700 +5.749967356e+00 +5.749967356e+00 +4.270399674e+02 +4.270399674e+02 -3.6079e+00 +3.7216e+00 +6.1599e-01 -1.6878e+00 -1.4022e+00 +3.5871e+00 +3.7153e-01 +4.3105e+00 +2.1629e+00 -2.0829e+00
2367 +3.877429102e+00 +3.877429102e+00 +4.251674291e+02 +4.251674291e+02 -4.0721e+00 +1.8211e+00 +8.2147e-01 -3.1381e+00 -6.1080e-01 +3.0144e+00 -7.3925e-01 +3.4393e+00 +2.1629e+00 -1.3194e+00
2695 +2.094101002e+00 +2.094101002e+00 +4.233841010e+02 +4.233841010e+02 -4.5792e+00 +2.9940e+00 +1.6157e+00 -3.1381e+00 -6.1080e-01 +3.0144e+00 -6.7675e-01 +2.4393e+00 +2.1629e+00 -2.0790e+00
2928 +1.124338901e+00 +1.124338901e+00 +4.224143389e+02 +4.224143389e+02 -4.0877e+00 +2.7606e+00 +8.2147e-01 -3.1381e+00 -6.1128e-01 +2.9023e+00 -6.7675e-01 +2.4393e+00 +1.6539e+00 -1.9652e+00
3557 +9.893639701e-01 +9.893639701e-01 +4.222793640e+02 +4.222793640e+02 -4.0721e+00 +4.0498e+00 +9.1892e-01 -3.1381e+00 -6.1080e-01 +2.7771e+00 -1.7675e-01 +2.9549e+00 +8.8172e-01 -2.0809e+00
4063 +4.683358874e-01 +4.683358874e-01 +4.217583359e+02 +4.217583359e+02 -4.0877e+00 +3.4938e+00 +1.2795e+00 -3.0151e+00 -6.1080e-01 +3.2644e+00 -2.2359e-01 +3.4393e+00 +1.6539e+00 -1.9652e+00
4599 +2.359665047e-01 +2.359665047e-01 +4.215259665e+02 +4.215259665e+02 -4.0877e+00 +3.4939e+00 +1.2794e+00 -3.1303e+00 -6.1080e-01 +3.0144e+00 -1.7675e-01 +2.9626e+00 +1.6539e+00 -1.9652e+00
% function evaluation | noise-free fitness - Fopt (-7.900000000000e+01) | best noise-free fitness - Fopt | measured fitness | best measured fitness | x1 | x2...
1 +1.219074636e+02 +1.219074636e+02 +4.290746361e+01 +4.290746361e+01 -4.2756e+00 -1.9834e+00 +2.1317e+00 +4.6753e+00 -1.3506e+00 +4.9232e-01 +3.7604e+00 -3.4914e+00 -3.6581e+00 -3.1282e+00
2 +6.752638845e+01 +6.752638845e+01 -1.147361155e+01 -1.147361155e+01 +3.0755e+00 +2.1587e+00 +1.1632e+00 -4.1362e+00 -2.4459e+00 +1.1704e+00 -1.4646e+00 +1.4686e-01 -1.0546e-01 +9.5047e-01
11 +2.698002639e+01 +2.698002639e+01 -5.201997361e+01 -5.201997361e+01 -1.4964e+00 -3.5803e-01 +5.0241e-01 +9.0320e-01 -1.0513e+00 -3.0949e+00 +5.8612e-01 +1.1023e+00 +2.0863e+00 +2.0804e+00
134 +1.830806156e+01 +1.830806156e+01 -6.069193844e+01 -6.069193844e+01 -3.0539e+00 +3.4573e+00 +2.1469e-01 +4.8113e-01 -4.5341e+00 -5.1976e-01 -2.7955e+00 -1.5856e+00 -1.2773e+00 +1.2585e+00
745 +1.466019629e+01 +1.466019629e+01 -6.433980371e+01 -6.433980371e+01 -3.9100e+00 +2.3534e+00 +1.7658e+00 -7.5339e-01 -4.6016e+00 -2.1265e+00 -1.8877e+00 +5.0960e-01 +2.6984e+00 +2.3586e+00
1251 +5.913007092e+00 +5.913007092e+00 -7.308699291e+01 -7.308699291e+01 -4.3064e+00 +3.8472e-01 -7.1582e-01 +4.7723e-01 -4.5028e+00 -5.1976e-01 -2.2952e+00 +1.2480e+00 +9.4835e-01 -5.5411e-01
2311 +3.735809375e+00 +3.735809375e+00 -7.526419062e+01 -7.526419062e+01 -3.9100e+00 +2.3534e+00 +4.4144e-01 +9.0320e-01 -4.5341e+00 -5.1976e-01 -1.0191e+00 +1.0910e+00 +6.9835e-01 +1.2585e+00
2583 +2.453795144e+00 +2.453795144e+00 -7.654620486e+01 -7.654620486e+01 -3.5535e+00 +4.5881e-01 -1.7872e-01 +9.0308e-01 -4.5341e+00 -5.1976e-01 -1.8835e+00 +5.0960e-01 +6.9835e-01 +4.4034e-02
3487 +1.486445565e+00 +1.486445565e+00 -7.751355443e+01 -7.751355443e+01 -3.2488e+00 +1.5064e+00 +4.4150e-01 +4.8101e-01 -4.5341e+00 -5.1976e-01 -1.8838e+00 +1.0905e+00 +9.4884e-01 +1.3638e+00
3887 +9.513513770e-01 +9.513513770e-01 -7.804864862e+01 -7.804864862e+01 -3.3727e+00 +1.5025e+00 +4.4150e-01 +4.8113e-01 -4.5341e+00 -5.1976e-01 -1.8838e+00 +1.2480e+00 +9.4884e-01 +5.5362e-01
4755 +5.470744373e-01 +5.470744373e-01 -7.845292556e+01 -7.845292556e+01 -3.3727e+00 +1.5025e+00 +3.7998e-01 +4.8113e-01 -3.9269e+00 -5.0409e-01 -1.5487e+00 +5.0960e-01 +6.9835e-01 +5.5362e-01
% function evaluation | noise-free fitness - Fopt (-4.133000000000e+01) | best noise-free fitness - Fopt | measured fitness | best measured fitness | x1 | x2...
1 +9.696239729e+01 +9.696239729e+01 +5.563239729e+01 +5.563239729e+01 -2.2197e-01 +4.0624e+00 -1.7811e+00 -3.0266e+00 -1.6236e+00 +1.4048e+00 +7.2813e-01 -4.2032e+00 -3.5299e+00 -1.7072e+00
11 +6.222053741e+01 +6.222053741e+01 +2.089053741e+01 +2.089053741e+01 +6.9167e-01 -4.0773e+00 -2.2177e+00 +1.4040e+00 +2.1124e+00 -2.1051e-01 +2.1777e+00 -8.6743e-01 -2.6698e+00 +2.6465e+00
193 +3.225287962e+01 +3.225287962e+01 -9.077120382e+00 -9.077120382e+00 -1.9487e-02 -3.8821e+00 -4.9503e-01 -7.0225e-02 +1.5675e+00 -3.4718e+00 -1.4677e+00 -3.3879e+00 +2.0938e+00 +2.6336e+00
593 +1.391711143e+01 +1.391711143e+01 -2.741288857e+01 -2.741288857e+01 -1.4277e+00 -1.8462e+00 -3.0297e+00 +4.1383e-01 +2.3379e+00 -4.0025e+00 -3.7673e+00 -3.5153e+00 -2.4017e+00 +9.7789e-01
992 +9.043516233e+00 +9.043516233e+00 -3.228648377e+01 -3.228648377e+01 +1.8002e+00 -1.0036e+00 +7.5642e-01 -2.3095e+00 +1.2805e+00 -3.4718e+00 -3.0791e+00 -4.5900e+00 -1.2800e+00 +1.4570e+00
1721 +5.488959843e+00 +5.488959843e+00 -3.584104016e+01 -3.584104016e+01 -1.4277e+00 -1.8462e+00 -5.6295e-01 -2.3096e+00 +2.3379e+00 -2.2631e+00 -3.4621e+00 -3.5153e+00 -2.4017e+00 +9.7789e-01
1770 +3.540833047e+00 +3.540833047e+00 -3.778916695e+01 -3.778916695e+01 +1.5317e+00 -1.3101e+00 -8.4261e-01 -1.0702e+00 +2.3379e+00 -4.0650e+00 -3.7672e+00 -3.5153e+00 -2.4017e+00 +9.7789e-01
2295 +1.268770135e+00 +1.268770135e+00 -4.006122986e+01 -4.006122986e+01 -1.9487e-02 -1.3664e+00 -1.2710e+00 -1.8364e+00 +2.4736e+00 -3.4708e+00 -3.5699e+00 -3.7653e+00 -2.4017e+00 +9.7789e-01
3499 +9.793051406e-01 +9.793051406e-01 -4.035069486e+01 -4.035069486e+01 +1.9487e-02 -1.3664e+00 -4.9455e-01 -1.5864e+00 +2.4735e+00 -3.4698e+00 -3.0869e+00 -3.5148e+00 -2.3944e+00 +9.7789e-01
4315 +5.904430541e-01 +5.904430541e-01 -4.073955695e+01 -4.073955695e+01 +5.9906e-01 -1.2602e+00 -1.3022e+00 -1.8364e+00 +2.8485e+00 -3.3458e+00 -3.0172e+00 -3.5153e+00 -2.4017e+00 +1.4409e+00
4837 +3.345795293e-01 +3.345795293e-01 -4.099542047e+01 -4.099542047e+01 +5.9906e-01 -1.2602e+00 -1.0522e+00 -1.8364e+00 +2.4735e+00 -3.2203e+00 -3.0869e+00 -3.5463e+00 -2.4017e+00 +1.4570e+00
% function evaluation | noise-free fitness - Fopt (2.127500000000e+02) | best noise-free fitness - Fopt | measured fitness | best measured fitness | x1 | x2...
1 +1.329494236e+02 +1.329494236e+02 +3.456994236e+02 +3.456994236e+02 -2.0452e+00 +4.3662e+00 +1.3508e+00 -4.1498e+00 +3.9192e+00 -4.1391e+00 +2.6055e+00 -3.4805e+00 +2.8762e+00 +2.9626e+00
7 +4.782256818e+01 +4.782256818e+01 +2.605725682e+02 +2.605725682e+02 -2.8389e+00 -2.2970e+00 -1.6683e+00 +3.8841e-01 -3.8634e+00 -7.7800e-01 -4.2142e+00 -9.1247e-01 -6.6414e-01 +4.1129e+00
137 +3.165409866e+01 +3.165409866e+01 +2.444040987e+02 +2.444040987e+02 -2.6497e+00 -2.5067e-01 -2.7374e+00 -2.8865e+00 -1.9568e+00 -1.6240e+00 -2.3659e+00 +2.6551e-01 -2.5211e+00 +2.5894e+00
725 +2.427193581e+01 +2.427193581e+01 +2.370219358e+02 +2.370219358e+02 -4.5373e+00 -1.1550e+00 -2.6129e+00 +9.3886e-02 -1.2605e+00 -4.5643e+00 +8.8731e-01 +2.2396e+00 -1.8050e+00 +4.2601e+00
935 +1.186171952e+01 +1.186171952e+01 +2.246117195e+02 +2.246117195e+02 -4.5373e+00 -1.1550e+00 -2.6129e+00 -9.3886e-02 -1.2605e+00 -4.5643e+00 +2.7813e+00 -2.8486e+00 -6.2581e-01 +3.1973e+00
1152 +8.774359911e+00 +8.774359911e+00 +2.215243599e+02 +2.215243599e+02 -3.8972e+00 -4.1744e+00 -3.6891e+00 -1.9211e+00 -3.5830e+00 -4.9405e+00 +6.7327e-01 -5.1861e-01 -5.2138e-01 +2.5894e+00
1488 +6.064654285e+00 +6.064654285e+00 +2.188146543e+02 +2.188146543e+02 -4.7876e+00 -1.1550e+00 -2.4833e+00 -7.4060e-01 -1.7605e+00 -4.5662e+00 +1.8267e-01 -8.4858e-01 -6.2581e-01 +3.1973e+00
2275 +3.740191468e+00 +3.740191468e+00 +2.164901915e+02 +2.164901915e+02 -4.5373e+00 -2.1358e+00 -2.5972e+00 -2.1890e+00 -1.7605e+00 -4.5642e+00 +1.8267e-01 -8.4858e-01 -6.2581e-01 +3.1978e+00
2851 +2.481522077e+00 +2.481522077e+00 +2.152315221e+02 +2.152315221e+02 -2.9690e+00 -3.1466e+00 -3.3285e+00 -1.0939e+00 -1.5107e+00 -2.8984e+00 +1.8273e-01 -1.8486e+00 -5.1723e-01 +3.1977e+00
3350 +1.494836181e+00 +1.494836181e+00 +2.142448362e+02 +2.142448362e+02 -4.5373e+00 -3.0216e+00 -3.6893e+00 -1.4211e+00 -1.4888e+00 -4.0082e+00 +5.9260e-01 -8.5617e-01 -6.5706e-01 +3.2012e+00
3973 +9.537937120e-01 +9.537937120e-01 +2.137037937e+02 +2.137037937e+02 -4.0313e+00 -2.4220e+00 -3.3285e+00 -1.0949e+00 -1.5107e+00 -4.0082e+00 +5.9260e-01 -8.4858e-01 -6.2581e-01 +3.2012e+00
4851 +6.094211122e-01 +6.094211122e-01 +2.133594211e+02 +2.133594211e+02 -4.0313e+00 -2.4230e+00 -3.3290e+00 -1.0949e+00 -1.5107e+00 -4.0121e+00 +5.9260e-01 -1.7557e+00 -6.2581e-01 +3.1978e+00
