% function evaluation | noise-free fitness - Fopt (4.078000000000e+01) | best noise-free fitness - Fopt | measured fitness | best measured fitness | x1 | x2...
1 +8.552028667e-01 +8.552028667e-01 +4.163520287e+01 +4.163520287e+01 +2.3102e+00 -9.7055e-01 +1.2794e+00
1024 +3.234175803e-01 +3.234175803e-01 +4.110341758e+01 +4.110341758e+01 -3.4818e+00 -2.1963e+00 +4.2870e+00
1131 +1.778150999e-01 +1.778150999e-01 +4.095781510e+01 +4.095781510e+01 -2.7839e+00 -1.9050e+00 +4.4028e+00
1224 +1.081782508e-01 +1.081782508e-01 +4.088817825e+01 +4.088817825e+01 -2.7274e+00 -2.1150e+00 +4.2516e+00
1242 +1.484656687e-02 +1.484656687e-02 +4.079484657e+01 +4.079484657e+01 -2.9751e+00 -1.8144e+00 +3.8876e+00
1265 +1.352621160e-03 +1.352621160e-03 +4.078135262e+01 +4.078135262e+01 -2.6134e+00 -1.8403e+00 +4.0577e+00
1343 +2.297646881e-04 +2.297646881e-04 +4.078022976e+01 +4.078022976e+01 -2.5437e+00 -1.8461e+00 +3.9929e+00
1354 +1.241569249e-04 +1.241569249e-04 +4.078012416e+01 +4.078012416e+01 -2.5486e+00 -1.8221e+00 +3.9814e+00
1364 +2.749283004e-05 +2.749283004e-05 +4.078002749e+01 +4.078002749e+01 -2.6261e+00 -1.8192e+00 +3.9531e+00
1368 +2.448114124e-05 +2.448114124e-05 +4.078002448e+01 +4.078002448e+01 -2.4734e+00 -1.8092e+00 +3.9193e+00
1380 +1.015555912e-05 +1.015555912e-05 +4.078001016e+01 +4.078001016e+01 -2.5044e+00 -1.7948e+00 +3.8686e+00
1387 +6.712586810e-06 +6.712586810e-06 +4.078000671e+01 +4.078000671e+01 -2.4710e+00 -1.7953e+00 +3.9115e+00
1399 +1.579896839e-06 +1.579896839e-06 +4.078000158e+01 +4.078000158e+01 -2.4979e+00 -1.7680e+00 +3.8773e+00
1421 +7.518117684e-08 +7.518117684e-08 +4.078000008e+01 +4.078000008e+01 -2.5259e+00 -1.7828e+00 +3.8851e+00
1456 +1.473949851e-09 +1.473949851e-09 +4.078000000e+01 +4.078000000e+01 -2.5227e+00 -1.7889e+00 +3.8926e+00
1488 +6.934186558e-10 +6.934186558e-10 +4.078000000e+01 +4.078000000e+01 -2.5078e+00 -1.7860e+00 +3.8916e+00
1518 +9.087841590e-12 +9.087841590e-12 +4.078000000e+01 +4.078000000e+01 -2.5138e+00 -1.7881e+00 +3.8931e+00
1547 +4.625633210e-12 +4.625633210e-12 +4.078000000e+01 +4.078000000e+01 -2.5172e+00 -1.7880e+00 +3.8934e+00
1564 +3.204547738e-12 +3.204547738e-12 +4.078000000e+01 +4.078000000e+01 -2.5138e+00 -1.7871e+00 +3.8925e+00
1573 +1.392663762e-12 +1.392663762e-12 +4.078000000e+01 +4.078000000e+01 -2.5141e+00 -1.7875e+00 +3.8919e+00
1591 +9.663381206e-13 +9.663381206e-13 +4.078000000e+01 +4.078000000e+01 -2.5143e+00 -1.7875e+00 +3.8929e+00
1597 +1.563194019e-13 +1.563194019e-13 +4.078000000e+01 +4.078000000e+01 -2.5159e+00 -1.7876e+00 +3.8928e+00
1618 +4.263256415e-14 +4.263256415e-14 +4.078000000e+01 +4.078000000e+01 -2.5143e+00 -1.7872e+00 +3.8922e+00
1624 +1.421085472e-14 +1.421085472e-14 +4.078000000e+01 +4.078000000e+01 -2.5151e+00 -1.7876e+00 +3.8925e+00
1629 +7.105427358e-15 +7.105427358e-15 +4.078000000e+01 +4.078000000e+01 -2.5152e+00 -1.7876e+00 +3.8925e+00
1645 +0.000000000e+00 +0.000000000e+00 +4.078000000e+01 +4.078000000e+01 -2.5146e+00 -1.7874e+00 +3.8923e+00
% function evaluation | noise-free fitness - Fopt (-1.600000000000e+00) | best noise-free fitness - Fopt | measured fitness | best measured fitness | x1 | x2...
1 +5.350529426e+01 +5.350529426e+01 +5.190529426e+01 +5.190529426e+01 +4.1590e-01 -1.7021e+00 -3.3748e+00
3 +2.691483516e+01 +2.691483516e+01 +2.531483516e+01 +2.531483516e+01 -1.7260e+00 -1.1367e+00 -3.3099e+00
4 +8.249708840e+00 +8.249708840e+00 +6.649708840e+00 +6.649708840e+00 +1.3049e+00 -5.6365e-01 -4.4961e-01
11 +2.771486998e-01 +2.771486998e-01 -1.322851300e+00 -1.322851300e+00 +8.8670e-01 -1.9060e+00 +4.2994e-01
852 +2.262912495e-01 +2.262912495e-01 -1.373708750e+00 -1.373708750e+00 +8.0832e-01 -2.5848e+00 +3.7355e-01
% function evaluation | noise-free fitness - Fopt (-3.708400000000e+02) | best noise-free fitness - Fopt | measured fitness | best measured fitness | x1 | x2...
1 +2.092635281e+01 +2.092635281e+01 -3.499136472e+02 -3.499136472e+02 +3.3886e+00 +1.9130e+00 -8.5544e-01
8 +3.074537333e+00 +3.074537333e+00 -3.677654627e+02 -3.677654627e+02 +3.5153e+00 -3.9225e-01 -4.8582e-01
20 +2.057351417e+00 +2.057351417e+00 -3.687826486e+02 -3.687826486e+02 +4.5925e+00 -8.4304e-01 +4.2183e-02
24 +7.059478346e-01 +7.059478346e-01 -3.701340522e+02 -3.701340522e+02 +4.3743e+00 -1.0737e+00 -7.9861e-01
79 +5.839169569e-03 +5.839169569e-03 -3.708341608e+02 -3.708341608e+02 +3.1138e+00 -8.0618e-01 -1.3113e+00
130 +2.699282203e-04 +2.699282203e-04 -3.708397301e+02 -3.708397301e+02 +3.0832e+00 -8.4943e-01 -1.6392e+00
144 +2.225269931e-04 +2.225269931e-04 -3.708397775e+02 -3.708397775e+02 +3.1303e+00 -7.8191e-01 -1.6415e+00
160 +1.163617437e-04 +1.163617437e-04 -3.708398836e+02 -3.708398836e+02 +3.2111e+00 -8.1629e-01 -1.5809e+00
179 +1.724794947e-05 +1.724794947e-05 -3.708399828e+02 -3.708399828e+02 +3.1080e+00 -8.0988e-01 -1.5367e+00
195 +1.032098368e-05 +1.032098368e-05 -3.708399897e+02 -3.708399897e+02 +3.1852e+00 -8.1630e-01 -1.5106e+00
199 +6.574889312e-06 +6.574889312e-06 -3.708399934e+02 -3.708399934e+02 +3.0949e+00 -8.2303e-01 -1.6243e+00
205 +2.077108832e-06 +2.077108832e-06 -3.708399979e+02 -3.708399979e+02 +3.0938e+00 -8.0116e-01 -1.5696e+00
219 +5.815683721e-07 +5.815683721e-07 -3.708399994e+02 -3.708399994e+02 +3.1233e+00 -8.0491e-01 -1.5569e+00
263 +1.167046548e-08 +1.167046548e-08 -3.708400000e+02 -3.708400000e+02 +3.1225e+00 -8.0800e-01 -1.5767e+00
276 +4.399623776e-09 +4.399623776e-09 -3.708400000e+02 -3.708400000e+02 +3.1207e+00 -8.1161e-01 -1.5833e+00
280 +7.293010640e-11 +7.293010640e-11 -3.708400000e+02 -3.708400000e+02 +3.1141e+00 -8.0779e-01 -1.5915e+00
347 +3.961986295e-11 +3.961986295e-11 -3.708400000e+02 -3.708400000e+02 +3.1115e+00 -8.0830e-01 -1.5922e+00
358 +1.239186531e-11 +1.239186531e-11 -3.708400000e+02 -3.708400000e+02 +3.1130e+00 -8.0874e-01 -1.5933e+00
379 +6.252776075e-13 +6.252776075e-13 -3.708400000e+02 -3.708400000e+02 +3.1140e+00 -8.0857e-01 -1.5903e+00
398 +1.705302566e-13 +1.705302566e-13 -3.708400000e+02 -3.708400000e+02 +3.1141e+00 -8.0850e-01 -1.5907e+00
443 +5.684341886e-14 +5.684341886e-14 -3.708400000e+02 -3.708400000e+02 +3.1141e+00 -8.0867e-01 -1.5909e+00
458 +0.000000000e+00 +0.000000000e+00 -3.708400000e+02 -3.708400000e+02 +3.1150e+00 -8.0878e-01 -1.5905e+00
% function evaluation | noise-free fitness - Fopt (-3.256000000000e+01) | best noise-free fitness - Fopt | measured fitness | best measured fitness | x1 | x2...
1 +6.125793867e+01 +6.125793867e+01 +2.869793867e+01 +2.869793867e+01 -1.8999e+00 -2.6245e+00 +3.1977e+00
3 +2.241197485e+01 +2.241197485e+01 -1.014802515e+01 -1.014802515e+01 -4.0418e+00 -2.0591e+00 +3.2626e+00
14 +9.887261182e+00 +9.887261182e+00 -2.267273882e+01 -2.267273882e+01 +2.9992e-01 -4.1499e+00 +5.4165e+00
76 +3.095657534e+00 +3.095657534e+00 -2.946434247e+01 -2.946434247e+01 +3.4670e+00 -3.5533e+00 +3.0052e+00
79 +2.422784415e+00 +2.422784415e+00 -3.013721559e+01 -3.013721559e+01 +3.0285e+00 -3.3432e+00 +2.6777e+00
84 +1.578571073e+00 +1.578571073e+00 -3.098142893e+01 -3.098142893e+01 +3.3685e+00 -3.0363e+00 +3.3692e+00
112 +7.948319104e-01 +7.948319104e-01 -3.176516809e+01 -3.176516809e+01 +3.3575e+00 -2.6239e+00 +3.2228e+00
% function evaluation | noise-free fitness - Fopt (5.154000000000e+02) | best noise-free fitness - Fopt | measured fitness | best measured fitness | x1 | x2...
1 +5.917999860e+01 +5.917999860e+01 +5.745799986e+02 +5.745799986e+02 +5.6954e-01 +7.5098e-01 -8.4181e-01
2 +2.363768859e+01 +2.363768859e+01 +5.390376886e+02 +5.390376886e+02 -7.3185e-01 +3.1848e-01 -3.0194e+00
4 +6.707771932e+00 +6.707771932e+00 +5.221077719e+02 +5.221077719e+02 +1.4586e+00 +1.8895e+00 +2.0834e+00
14 +5.689497481e+00 +5.689497481e+00 +5.210894975e+02 +5.210894975e+02 +2.5644e+00 +2.7532e-01 -4.1149e+00
59 +1.994113484e+00 +1.994113484e+00 +5.173941135e+02 +5.173941135e+02 +2.7936e+00 +1.2176e+00 -4.2933e+00
875 +1.260496408e+00 +1.260496408e+00 +5.166604964e+02 +5.166604964e+02 -1.7400e+00 +1.4121e-01 +9.4977e-01
906 +8.642404817e-01 +8.642404817e-01 +5.162642405e+02 +5.162642405e+02 -1.3357e+00 +2.0489e-01 +1.0924e+00
% function evaluation | noise-free fitness - Fopt (9.862300000000e+02) | best noise-free fitness - Fopt | measured fitness | best measured fitness | x1 | x2...
1 +3.611510643e+01 +3.611510643e+01 +1.022345106e+03 +1.022345106e+03 -3.6256e+00 +3.6314e+00 -1.0507e+00
4 +1.898344653e+01 +1.898344653e+01 +1.005213447e+03 +1.005213447e+03 -2.7366e+00 +4.7699e+00 +1.8745e+00
20 +9.504054865e+00 +9.504054865e+00 +9.957340549e+02 +9.957340549e+02 -3.0160e+00 +2.2396e+00 -2.4233e-01
122 +5.834047881e+00 +5.834047881e+00 +9.920640479e+02 +9.920640479e+02 -1.0309e+00 +1.9405e+00 -6.4140e-02
128 +3.384178214e+00 +3.384178214e+00 +9.896141782e+02 +9.896141782e+02 -1.6122e+00 +1.9255e+00 -6.8140e-01
136 +2.011038330e+00 +2.011038330e+00 +9.882410383e+02 +9.882410383e+02 -1.8475e+00 +1.8973e+00 +2.7668e-02
212 +1.571561518e+00 +1.571561518e+00 +9.878015615e+02 +9.878015615e+02 -1.8313e+00 +2.1934e+00 -1.0616e-02
994 +3.469495965e-01 +3.469495965e-01 +9.865769496e+02 +9.865769496e+02 -4.1554e+00 -3.3882e+00 +1.0664e+00
2182 +5.102376102e-02 +5.102376102e-02 +9.862810238e+02 +9.862810238e+02 -3.7594e+00 -3.3417e+00 +1.0829e+00
2339 +2.312538098e-02 +2.312538098e-02 +9.862531254e+02 +9.862531254e+02 -3.9030e+00 -3.5991e+00 +1.0414e+00
2416 +1.376039502e-02 +1.376039502e-02 +9.862437604e+02 +9.862437604e+02 -3.4045e+00 -3.4886e+00 +1.6155e+00
2479 +8.539580460e-04 +8.539580460e-04 +9.862308540e+02 +9.862308540e+02 -3.4827e+00 -3.6280e+00 +1.2698e+00
2516 +3.053972061e-04 +3.053972061e-04 +9.862303054e+02 +9.862303054e+02 -3.7196e+00 -3.5250e+00 +1.1275e+00
2525 +7.561853897e-05 +7.561853897e-05 +9.862300756e+02 +9.862300756e+02 -3.6117e+00 -3.6282e+00 +1.1561e+00
2562 +9.609887456e-06 +9.609887456e-06 +9.862300096e+02 +9.862300096e+02 -3.6227e+00 -3.5370e+00 +1.2331e+00
2607 +3.316662855e-06 +3.316662855e-06 +9.862300033e+02 +9.862300033e+02 -3.6256e+00 -3.5549e+00 +1.2097e+00
2649 +6.435470823e-07 +6.435470823e-07 +9.862300006e+02 +9.862300006e+02 -3.6295e+00 -3.5557e+00 +1.1835e+00
2700 +1.276738431e-07 +1.276738431e-07 +9.862300001e+02 +9.862300001e+02 -3.6034e+00 -3.5744e+00 +1.1965e+00
2733 +2.539559318e-08 +2.539559318e-08 +9.862300000e+02 +9.862300000e+02 -3.5945e+00 -3.5577e+00 +1.2221e+00
2754 +1.967293883e-08 +1.967293883e-08 +9.862300000e+02 +9.862300000e+02 -3.6083e+00 -3.5689e+00 +1.1971e+00
2755 +1.552461981e-08 +1.552461981e-08 +9.862300000e+02 +9.862300000e+02 -3.6012e+00 -3.5638e+00 +1.1990e+00
2760 +7.560174708e-11 +7.560174708e-11 +9.862300000e+02 +9.862300000e+02 -3.6007e+00 -3.5598e+00 +1.2098e+00
2887 +1.614353096e-11 +1.614353096e-11 +9.862300000e+02 +9.862300000e+02 -3.6048e+00 -3.5598e+00 +1.2054e+00
2897 +5.911715562e-12 +5.911715562e-12 +9.862300000e+02 +9.862300000e+02 -3.6050e+00 -3.5614e+00 +1.2036e+00
2915 +2.728484105e-12 +2.728484105e-12 +9.862300000e+02 +9.862300000e+02 -3.6037e+00 -3.5601e+00 +1.2055e+00
2949 +1.136868377e-13 +1.136868377e-13 +9.862300000e+02 +9.862300000e+02 -3.6035e+00 -3.5607e+00 +1.2054e+00
3042 +0.000000000e+00 +0.000000000e+00 +9.862300000e+02 +9.862300000e+02 -3.6035e+00 -3.5606e+00 +1.2058e+00
% function evaluation | noise-free fitness - Fopt (1.240800000000e+02) | best noise-free fitness - Fopt | measured fitness | best measured fitness | x1 | x2...
1 +3.240487473e+01 +3.240487473e+01 +1.564848747e+02 +1.564848747e+02 +2.9712e+00 -2.4445e+00 -1.3137e+00
4 +1.084318448e+01 +1.084318448e+01 +1.349231845e+02 +1.349231845e+02 +3.8602e+00 -1.3060e+00 +1.6115e+00
11 +7.993495397e+00 +7.993495397e+00 +1.320734954e+02 +1.320734954e+02 +2.2536e+00 +1.1598e+00 +9.0751e-01
17 +3.606321579e+00 +3.606321579e+00 +1.276863216e+02 +1.276863216e+02 +2.5310e+00 -5.3158e-01 -6.5171e-03
39 +2.039930278e+00 +2.039930278e+00 +1.261199303e+02 +1.261199303e+02 +2.4146e+00 +4.1423e-03 +2.1970e-01
89 +1.283691465e+00 +1.283691465e+00 +1.253636915e+02 +1.253636915e+02 +1.7738e+00 +4.9468e-01 -1.2381e+00
145 +9.876797775e-01 +9.876797775e-01 +1.250676798e+02 +1.250676798e+02 +1.9331e+00 +4.5731e-01 -9.7151e-01
% function evaluation | noise-free fitness - Fopt (-4.683100000000e+02) | best noise-free fitness - Fopt | measured fitness | best measured fitness | x1 | x2...
1 +2.232208805e+01 +2.232208805e+01 -4.459879120e+02 -4.459879120e+02 +2.4012e+00 -4.9703e-01 -3.2348e+00
6 +9.759138463e+00 +9.759138463e+00 -4.585508615e+02 -4.585508615e+02 +2.4822e+00 +3.2040e-01 -1.8495e+00
24 +4.436132992e+00 +4.436132992e+00 -4.638738670e+02 -4.638738670e+02 +4.2478e+00 +1.1939e+00 -4.5592e+00
37 +2.032352507e+00 +2.032352507e+00 -4.662776475e+02 -4.662776475e+02 +3.3719e+00 +1.4354e+00 -3.9790e+00
55 +1.279250918e+00 +1.279250918e+00 -4.670307491e+02 -4.670307491e+02 +4.1292e+00 +1.8099e+00 -4.6399e+00
104 +9.414739166e-01 +9.414739166e-01 -4.673685261e+02 -4.673685261e+02 +3.7269e+00 +1.7034e+00 -4.5559e+00
1975 +1.505464926e-01 +1.505464926e-01 -4.681594535e+02 -4.681594535e+02 -2.7991e+00 +1.2700e+00 +2.0656e+00
2056 +2.855638857e-04 +2.855638857e-04 -4.683097144e+02 -4.683097144e+02 -2.9252e+00 +9.2661e-01 +2.2011e+00
2268 +2.086887079e-04 +2.086887079e-04 -4.683097913e+02 -4.683097913e+02 -2.9116e+00 +1.2102e+00 +2.2817e+00
2303 +2.729251264e-05 +2.729251264e-05 -4.683099727e+02 -4.683099727e+02 -2.8763e+00 +1.0535e+00 +2.3207e+00
2333 +9.316597527e-06 +9.316597527e-06 -4.683099907e+02 -4.683099907e+02 -2.8801e+00 +1.0774e+00 +2.3167e+00
2390 +1.534214903e-06 +1.534214903e-06 -4.683099985e+02 -4.683099985e+02 -2.8740e+00 +1.0212e+00 +2.2699e+00
2441 +4.151126518e-07 +4.151126518e-07 -4.683099996e+02 -4.683099996e+02 -2.8969e+00 +1.0367e+00 +2.2450e+00
2463 +3.671661375e-07 +3.671661375e-07 -4.683099996e+02 -4.683099996e+02 -2.8869e+00 +1.0789e+00 +2.2651e+00
2474 +6.729095503e-08 +6.729095503e-08 -4.683099999e+02 -4.683099999e+02 -2.8911e+00 +1.0669e+00 +2.2701e+00
2494 +6.296994570e-08 +6.296994570e-08 -4.683099999e+02 -4.683099999e+02 -2.8905e+00 +1.0700e+00 +2.2707e+00
2501 +2.021351975e-10 +2.021351975e-10 -4.683100000e+02 -4.683100000e+02 -2.8875e+00 +1.0513e+00 +2.2604e+00
2565 +1.251692083e-10 +1.251692083e-10 -4.683100000e+02 -4.683100000e+02 -2.8879e+00 +1.0460e+00 +2.2600e+00
2628 +8.418510333e-11 +8.418510333e-11 -4.683100000e+02 -4.683100000e+02 -2.8858e+00 +1.0462e+00 +2.2628e+00
2638 +2.182787284e-11 +2.182787284e-11 -4.683100000e+02 -4.683100000e+02 -2.8866e+00 +1.0445e+00 +2.2601e+00
2642 +1.233502189e-11 +1.233502189e-11 -4.683100000e+02 -4.683100000e+02 -2.8870e+00 +1.0490e+00 +2.2625e+00
2656 +9.549694369e-12 +9.549694369e-12 -4.683100000e+02 -4.683100000e+02 -2.8859e+00 +1.0474e+00 +2.2617e+00
2690 +3.979039320e-13 +3.979039320e-13 -4.683100000e+02 -4.683100000e+02 -2.8864e+00 +1.0476e+00 +2.2611e+00
2759 +0.000000000e+00 +0.000000000e+00 -4.683100000e+02 -4.683100000e+02 -2.8866e+00 +1.0485e+00 +2.2615e+00
% function evaluation | noise-free fitness - Fopt (-6.062000000000e+01) | best noise-free fitness - Fopt | measured fitness | best measured fitness | x1 | x2...
1 +2.794704068e+01 +2.794704068e+01 -3.267295932e+01 -3.267295932e+01 -1.8468e+00 +6.3428e-01 +6.9610e-01
2 +8.669322127e+00 +8.669322127e+00 -5.195067787e+01 -5.195067787e+01 -3.1482e+00 +2.0177e-01 -1.4815e+00
55 +4.342503218e+00 +4.342503218e+00 -5.627749678e+01 -5.627749678e+01 +6.7789e-01 +4.3567e+00 +2.4065e+00
78 +3.258574758e+00 +3.258574758e+00 -5.736142524e+01 -5.736142524e+01 +2.6173e+00 +2.9963e+00 +5.3847e+00
97 +1.968825084e+00 +1.968825084e+00 -5.865117492e+01 -5.865117492e+01 +3.4562e+00 +3.5673e+00 +3.4712e+00
151 +1.061239699e+00 +1.061239699e+00 -5.955876030e+01 -5.955876030e+01 +1.6332e+00 +2.7945e+00 +1.5287e+00
201 +9.912842888e-01 +9.912842888e-01 -5.962871571e+01 -5.962871571e+01 +1.6148e+00 +2.9665e+00 +1.5755e+00
1118 +5.172290916e-01 +5.172290916e-01 -6.010277091e+01 -6.010277091e+01 +4.5464e+00 +3.5924e+00 +3.3470e+00
1175 +1.508811890e-01 +1.508811890e-01 -6.046911881e+01 -6.046911881e+01 +4.0958e+00 +3.2873e+00 +3.0578e+00
1235 +2.970827436e-02 +2.970827436e-02 -6.059029173e+01 -6.059029173e+01 +3.8401e+00 +3.3294e+00 +3.6565e+00
1263 +2.227360941e-02 +2.227360941e-02 -6.059772639e+01 -6.059772639e+01 +3.8106e+00 +3.5344e+00 +3.5543e+00
1291 +1.069677115e-02 +1.069677115e-02 -6.060930323e+01 -6.060930323e+01 +3.7989e+00 +3.3716e+00 +3.6416e+00
1306 +3.766827912e-03 +3.766827912e-03 -6.061623317e+01 -6.061623317e+01 +3.7264e+00 +3.5484e+00 +3.8131e+00
1352 +5.854580898e-04 +5.854580898e-04 -6.061941454e+01 -6.061941454e+01 +3.9229e+00 +3.5873e+00 +3.8396e+00
1368 +6.656102627e-05 +6.656102627e-05 -6.061993344e+01 -6.061993344e+01 +3.7656e+00 +3.4852e+00 +3.8963e+00
1380 +1.632846960e-06 +1.632846960e-06 -6.061999837e+01 -6.061999837e+01 +3.8080e+00 +3.5518e+00 +3.8951e+00
1470 +1.339351030e-08 +1.339351030e-08 -6.061999999e+01 -6.061999999e+01 +3.7788e+00 +3.5307e+00 +3.9260e+00
1535 +3.285300920e-09 +3.285300920e-09 -6.062000000e+01 -6.062000000e+01 +3.7805e+00 +3.5314e+00 +3.9139e+00
1541 +8.724114764e-10 +8.724114764e-10 -6.062000000e+01 -6.062000000e+01 +3.7895e+00 +3.5329e+00 +3.9098e+00
1547 +4.081428528e-10 +4.081428528e-10 -6.062000000e+01 -6.062000000e+01 +3.7833e+00 +3.5354e+00 +3.9192e+00
1551 +3.473061838e-10 +3.473061838e-10 -6.062000000e+01 -6.062000000e+01 +3.7860e+00 +3.5320e+00 +3.9093e+00
1552 +1.261142302e-10 +1.261142302e-10 -6.062000000e+01 -6.062000000e+01 +3.7850e+00 +3.5354e+00 +3.9180e+00
1596 +2.210498451e-11 +2.210498451e-11 -6.062000000e+01 -6.062000000e+01 +3.7846e+00 +3.5333e+00 +3.9160e+00
1609 +8.427036846e-12 +8.427036846e-12 -6.062000000e+01 -6.062000000e+01 +3.7868e+00 +3.5333e+00 +3.9113e+00
1632 +3.083755473e-12 +3.083755473e-12 -6.062000000e+01 -6.062000000e+01 +3.7863e+00 +3.5345e+00 +3.9147e+00
1665 +6.963318810e-13 +6.963318810e-13 -6.062000000e+01 -6.062000000e+01 +3.7858e+00 +3.5342e+00 +3.9137e+00
1678 +4.050093594e-13 +4.050093594e-13 -6.062000000e+01 -6.062000000e+01 +3.7860e+00 +3.5344e+00 +3.9143e+00
1684 +3.552713679e-14 +3.552713679e-14 -6.062000000e+01 -6.062000000e+01 +3.7865e+00 +3.5340e+00 +3.9128e+00
1694 +2.131628207e-14 +2.131628207e-14 -6.062000000e+01 -6.062000000e+01 +3.7861e+00 +3.5340e+00 +3.9134e+00
1719 +7.105427358e-15 +7.105427358e-15 -6.062000000e+01 -6.062000000e+01 +3.7863e+00 +3.5341e+00 +3.9135e+00
1724 +0.000000000e+00 +0.000000000e+00 -6.062000000e+01 -6.062000000e+01 +3.7863e+00 +3.5341e+00 +3.9134e+00
% function evaluation | noise-free fitness - Fopt (2.864600000000e+02) | best noise-free fitness - Fopt | measured fitness | best measured fitness | x1 | x2...
1 +2.173621814e+01 +2.173621814e+01 +3.081962181e+02 +3.081962181e+02 +3.1520e+00 +2.2439e+00 -3.0906e+00
4 +8.352011146e+00 +8.352011146e+00 +2.948120111e+02 +2.948120111e+02 +4.0411e+00 +3.3824e+00 -1.6546e-01
99 +4.673060238e+00 +4.673060238e+00 +2.911330602e+02 +2.911330602e+02 +3.4249e+00 +2.4311e+00 -8.5458e-01
116 +3.979287793e+00 +3.979287793e+00 +2.904392878e+02 +2.904392878e+02 +3.7654e+00 +2.4674e+00 -8.3095e-01
934 +2.097790417e+00 +2.097790417e+00 +2.885577904e+02 +2.885577904e+02 -1.4143e+00 -2.8701e+00 +5.4731e-01
2139 +1.440541522e+00 +1.440541522e+00 +2.879005415e+02 +2.879005415e+02 +1.7619e+00 +5.2562e+00 -1.2951e-02
2182 +8.021694613e-01 +8.021694613e-01 +2.872621695e+02 +2.872621695e+02 +2.1172e+00 +4.6698e+00 +2.7002e-01
% function evaluation | noise-free fitness - Fopt (1.134200000000e+02) | best noise-free fitness - Fopt | measured fitness | best measured fitness | x1 | x2...
1 +1.958740167e+01 +1.958740167e+01 +1.330074017e+02 +1.330074017e+02 +3.6735e+00 -3.5523e+00 +2.8110e+00
2 +7.015452879e+00 +7.015452879e+00 +1.204354529e+02 +1.204354529e+02 +2.3721e+00 -3.9848e+00 +6.3337e-01
43 +2.580495605e+00 +2.580495605e+00 +1.160004956e+02 +1.160004956e+02 +4.7061e+00 -3.1541e+00 +1.5155e+00
90 +2.349616721e+00 +2.349616721e+00 +1.157696167e+02 +1.157696167e+02 +5.0089e+00 -3.1306e+00 +1.8597e+00
111 +1.144658058e+00 +1.144658058e+00 +1.145646581e+02 +1.145646581e+02 +4.3402e+00 -3.9455e+00 +1.5519e+00
160 +7.740825692e-01 +7.740825692e-01 +1.141940826e+02 +1.141940826e+02 +3.6200e+00 -4.6148e+00 +1.2544e+00
2600 +4.538617021e-01 +4.538617021e-01 +1.138738617e+02 +1.138738617e+02 -1.9414e+00 -1.1130e+00 -2.9320e+00
2616 +1.277486471e-01 +1.277486471e-01 +1.135477486e+02 +1.135477486e+02 -2.0289e+00 -2.1556e-01 -3.4910e+00
2664 +6.138256110e-02 +6.138256110e-02 +1.134813826e+02 +1.134813826e+02 -1.3370e+00 -1.1773e+00 -3.2334e+00
2802 +1.500605899e-02 +1.500605899e-02 +1.134350061e+02 +1.134350061e+02 -1.9421e+00 -6.6091e-01 -3.2844e+00
2815 +3.663332880e-03 +3.663332880e-03 +1.134236633e+02 +1.134236633e+02 -1.7186e+00 -6.8698e-01 -3.3637e+00
2833 +2.397257494e-03 +2.397257494e-03 +1.134223973e+02 +1.134223973e+02 -1.9047e+00 -4.5505e-01 -3.6293e+00
2844 +9.269901413e-04 +9.269901413e-04 +1.134209270e+02 +1.134209270e+02 -1.6541e+00 -9.4071e-01 -3.2244e+00
2861 +2.217082189e-04 +2.217082189e-04 +1.134202217e+02 +1.134202217e+02 -1.8360e+00 -6.5787e-01 -3.4587e+00
2909 +4.111226630e-05 +4.111226630e-05 +1.134200411e+02 +1.134200411e+02 -1.7656e+00 -6.9680e-01 -3.4203e+00
2921 +8.084825254e-08 +8.084825254e-08 +1.134200001e+02 +1.134200001e+02 -1.7387e+00 -7.5342e-01 -3.4249e+00
3058 +4.044052559e-08 +4.044052559e-08 +1.134200000e+02 +1.134200000e+02 -1.7494e+00 -7.2101e-01 -3.4629e+00
3062 +2.873102289e-08 +2.873102289e-08 +1.134200000e+02 +1.134200000e+02 -1.7399e+00 -7.4601e-01 -3.4431e+00
3098 +1.371701330e-08 +1.371701330e-08 +1.134200000e+02 +1.134200000e+02 -1.7516e+00 -7.2372e-01 -3.4489e+00
3110 +2.823753675e-09 +2.823753675e-09 +1.134200000e+02 +1.134200000e+02 -1.7431e+00 -7.3183e-01 -3.4465e+00
3130 +7.239293609e-10 +7.239293609e-10 +1.134200000e+02 +1.134200000e+02 -1.7415e+00 -7.3853e-01 -3.4470e+00
3150 +9.347900232e-11 +9.347900232e-11 +1.134200000e+02 +1.134200000e+02 -1.7454e+00 -7.3099e-01 -3.4492e+00
3203 +8.853362488e-12 +8.853362488e-12 +1.134200000e+02 +1.134200000e+02 -1.7430e+00 -7.3571e-01 -3.4470e+00
3219 +1.577404873e-12 +1.577404873e-12 +1.134200000e+02 +1.134200000e+02 -1.7437e+00 -7.3495e-01 -3.4455e+00
3289 +2.984279490e-13 +2.984279490e-13 +1.134200000e+02 +1.134200000e+02 -1.7429e+00 -7.3617e-01 -3.4455e+00
3368 +4.263256415e-14 +4.263256415e-14 +1.134200000e+02 +1.134200000e+02 -1.7432e+00 -7.3590e-01 -3.4456e+00
3426 +2.842170943e-14 +2.842170943e-14 +1.134200000e+02 +1.134200000e+02 -1.7436e+00 -7.3532e-01 -3.4457e+00
3433 +0.000000000e+00 +0.000000000e+00 +1.134200000e+02 +1.134200000e+02 -1.7434e+00 -7.3546e-01 -3.4458e+00
% function evaluation | noise-free fitness - Fopt (-1.958600000000e+02) | best noise-free fitness - Fopt | measured fitness | best measured fitness | x1 | x2...
1 +1.099790806e+01 +1.099790806e+01 -1.848620919e+02 -1.848620919e+02 -8.3071e-01 -3.4830e-01 +2.3963e-01
3 +8.398793757e+00 +8.398793757e+00 -1.874612062e+02 -1.874612062e+02 -2.9726e+00 +2.1712e-01 +3.0456e-01
13 +2.053341251e+00 +2.053341251e+00 -1.938066587e+02 -1.938066587e+02 -2.7807e+00 -1.4332e-02 -7.1647e-01
984 +1.571847682e+00 +1.571847682e+00 -1.942881523e+02 -1.942881523e+02 +2.1175e+00 -6.1385e-02 +6.7050e-01
% function evaluation | noise-free fitness - Fopt (-5.760000000000e+00) | best noise-free fitness - Fopt | measured fitness | best measured fitness | x1 | x2...
1 +8.982156579e+00 +8.982156579e+00 +3.222156579e+00 +3.222156579e+00 -5.3375e-01 +1.8767e+00 +2.5238e-02
3 +2.145516294e+00 +2.145516294e+00 -3.614483706e+00 -3.614483706e+00 -2.6756e+00 +2.4422e+00 +9.0162e-02
108 +1.249823766e+00 +1.249823766e+00 -4.510176234e+00 -4.510176234e+00 -2.0148e+00 +2.8493e-01 +1.5522e-01
134 +9.881180286e-01 +9.881180286e-01 -4.771881971e+00 -4.771881971e+00 -2.1006e+00 +8.0704e-02 -3.1950e-02
1056 +1.304067652e-01 +1.304067652e-01 -5.629593235e+00 -5.629593235e+00 +3.3624e+00 -1.5241e+00 +4.6510e-01
1057 +5.624544062e-02 +5.624544062e-02 -5.703754559e+00 -5.703754559e+00 +3.6309e+00 -1.5047e+00 +2.8852e-01
1100 +1.884951306e-02 +1.884951306e-02 -5.741150487e+00 -5.741150487e+00 +2.9091e+00 -1.1197e+00 +3.4759e-02
1124 +3.690523425e-03 +3.690523425e-03 -5.756309477e+00 -5.756309477e+00 +3.3520e+00 -1.3767e+00 +2.2684e-01
1153 +7.822640272e-04 +7.822640272e-04 -5.759217736e+00 -5.759217736e+00 +3.4999e+00 -1.4583e+00 -1.2554e-01
1155 +1.648176233e-04 +1.648176233e-04 -5.759835182e+00 -5.759835182e+00 +3.2900e+00 -1.3123e+00 +8.4378e-02
1209 +2.970339601e-05 +2.970339601e-05 -5.759970297e+00 -5.759970297e+00 +3.3067e+00 -1.3443e+00 +1.9835e-02
1239 +1.008168067e-05 +1.008168067e-05 -5.759989918e+00 -5.759989918e+00 +3.3767e+00 -1.3933e+00 +6.9491e-02
1259 +3.076366528e-06 +3.076366528e-06 -5.759996924e+00 -5.759996924e+00 +3.3869e+00 -1.3858e+00 +1.0235e-03
1268 +1.394531772e-06 +1.394531772e-06 -5.759998605e+00 -5.759998605e+00 +3.3970e+00 -1.3996e+00 +4.2763e-02
1274 +6.639450261e-07 +6.639450261e-07 -5.759999336e+00 -5.759999336e+00 +3.4412e+00 -1.4356e+00 +2.1568e-02
1280 +3.075674835e-07 +3.075674835e-07 -5.759999692e+00 -5.759999692e+00 +3.3746e+00 -1.3922e+00 +3.4619e-02
1296 +1.278403703e-07 +1.278403703e-07 -5.759999872e+00 -5.759999872e+00 +3.4207e+00 -1.4148e+00 +2.0833e-02
1310 +5.172496476e-08 +5.172496476e-08 -5.759999948e+00 -5.759999948e+00 +3.4070e+00 -1.4142e+00 +8.6776e-03
1337 +5.606246134e-09 +5.606246134e-09 -5.759999994e+00 -5.759999994e+00 +3.4080e+00 -1.4149e+00 +2.1849e-02
1372 +3.962671080e-09 +3.962671080e-09 -5.759999996e+00 -5.759999996e+00 +3.4063e+00 -1.4124e+00 +2.4398e-02
1387 +3.417301997e-10 +3.417301997e-10 -5.760000000e+00 -5.760000000e+00 +3.4100e+00 -1.4124e+00 +1.9829e-02
1401 +1.917488390e-11 +1.917488390e-11 -5.760000000e+00 -5.760000000e+00 +3.4050e+00 -1.4098e+00 +1.7616e-02
1434 +2.478017791e-13 +2.478017791e-13 -5.760000000e+00 -5.760000000e+00 +3.4074e+00 -1.4113e+00 +1.7602e-02
1467 +1.580957587e-13 +1.580957587e-13 -5.760000000e+00 -5.760000000e+00 +3.4075e+00 -1.4112e+00 +1.7951e-02
1489 +4.796163466e-14 +4.796163466e-14 -5.760000000e+00 -5.760000000e+00 +3.4073e+00 -1.4111e+00 +1.8152e-02
1513 +2.486899575e-14 +2.486899575e-14 -5.760000000e+00 -5.760000000e+00 +3.4064e+00 -1.4108e+00 +1.8500e-02
1528 +5.329070518e-15 +5.329070518e-15 -5.760000000e+00 -5.760000000e+00 +3.4068e+00 -1.4109e+00 +1.8101e-02
1540 +8.881784197e-16 +8.881784197e-16 -5.760000000e+00 -5.760000000e+00 +3.4068e+00 -1.4109e+00 +1.8319e-02
1545 +0.000000000e+00 +0.000000000e+00 -5.760000000e+00 -5.760000000e+00 +3.4068e+00 -1.4109e+00 +1.8344e-02
% function evaluation | noise-free fitness - Fopt (-4.986500000000e+02) | best noise-free fitness - Fopt | measured fitness | best measured fitness | x1 | x2...
1 +4.632185499e+01 +4.632185499e+01 -4.523281450e+02 -4.523281450e+02 +3.6119e+00 -2.4279e+00 -3.7255e+00
3 +1.532995221e+01 +1.532995221e+01 -4.833200478e+02 -4.833200478e+02 +1.4700e+00 -1.8625e+00 -3.6606e+00
11 +8.916956911e+00 +8.916956911e+00 -4.897330431e+02 -4.897330431e+02 +1.0081e+00 -2.2024e-01 -3.4121e+00
12 +3.669058433e+00 +3.669058433e+00 -4.949809416e+02 -4.949809416e+02 +3.0092e+00 -4.4062e-01 -2.6453e+00
28 +2.045431466e+00 +2.045431466e+00 -4.966045685e+02 -4.966045685e+02 +1.5726e+00 +1.7530e-01 -2.8040e+00
98 +1.487540858e+00 +1.487540858e+00 -4.971624591e+02 -4.971624591e+02 +1.6188e+00 -3.9398e-01 -2.9284e+00
2108 +8.152345071e-01 +8.152345071e-01 -4.978347655e+02 -4.978347655e+02 -7.2720e-01 -5.9126e-01 -1.5981e+00
2258 +5.031473224e-01 +5.031473224e-01 -4.981468527e+02 -4.981468527e+02 -1.1065e+00 +8.4997e-01 -2.1548e+00
2288 +3.392810027e-02 +3.392810027e-02 -4.986160719e+02 -4.986160719e+02 -1.3403e+00 +1.2723e+00 -1.3053e+00
2345 +3.933640778e-03 +3.933640778e-03 -4.986460664e+02 -4.986460664e+02 -1.0857e+00 +7.8037e-01 -1.3913e+00
2473 +8.686693366e-04 +8.686693366e-04 -4.986491313e+02 -4.986491313e+02 -1.0967e+00 +9.4538e-01 -1.4245e+00
2489 +2.425164924e-04 +2.425164924e-04 -4.986497575e+02 -4.986497575e+02 -1.1923e+00 +1.0772e+00 -1.4354e+00
2508 +1.373309489e-04 +1.373309489e-04 -4.986498627e+02 -4.986498627e+02 -1.1671e+00 +1.0385e+00 -1.4355e+00
2565 +6.178119423e-05 +6.178119423e-05 -4.986499382e+02 -4.986499382e+02 -1.1615e+00 +1.0760e+00 -1.4189e+00
2570 +2.161621387e-05 +2.161621387e-05 -4.986499784e+02 -4.986499784e+02 -1.1709e+00 +1.1720e+00 -1.5124e+00
2599 +7.861598647e-06 +7.861598647e-06 -4.986499921e+02 -4.986499921e+02 -1.2056e+00 +1.2383e+00 -1.4331e+00
2618 +1.368335745e-06 +1.368335745e-06 -4.986499986e+02 -4.986499986e+02 -1.1929e+00 +1.2176e+00 -1.4725e+00
2664 +9.111151940e-07 +9.111151940e-07 -4.986499991e+02 -4.986499991e+02 -1.1766e+00 +1.1611e+00 -1.4887e+00
2676 +3.695822670e-08 +3.695822670e-08 -4.986500000e+02 -4.986500000e+02 -1.1857e+00 +1.1900e+00 -1.4636e+00
2740 +3.931290848e-09 +3.931290848e-09 -4.986500000e+02 -4.986500000e+02 -1.1767e+00 +1.1550e+00 -1.4671e+00
2817 +1.839680408e-09 +1.839680408e-09 -4.986500000e+02 -4.986500000e+02 -1.1785e+00 +1.1610e+00 -1.4672e+00
2823 +1.459966370e-09 +1.459966370e-09 -4.986500000e+02 -4.986500000e+02 -1.1793e+00 +1.1646e+00 -1.4680e+00
2840 +8.703295862e-10 +8.703295862e-10 -4.986500000e+02 -4.986500000e+02 -1.1788e+00 +1.1700e+00 -1.4682e+00
2865 +2.285105438e-11 +2.285105438e-11 -4.986500000e+02 -4.986500000e+02 -1.1786e+00 +1.1684e+00 -1.4660e+00
2958 +3.410605132e-13 +3.410605132e-13 -4.986500000e+02 -4.986500000e+02 -1.1789e+00 +1.1674e+00 -1.4640e+00
2974 +5.684341886e-14 +5.684341886e-14 -4.986500000e+02 -4.986500000e+02 -1.1787e+00 +1.1676e+00 -1.4648e+00
3044 +0.000000000e+00 +0.000000000e+00 -4.986500000e+02 -4.986500000e+02 -1.1789e+00 +1.1681e+00 -1.4643e+00
% function evaluation | noise-free fitness - Fopt (-4.286000000000e+01) | best noise-free fitness - Fopt | measured fitness | best measured fitness | x1 | x2...
1 +2.089568289e+00 +2.089568289e+00 -4.077043171e+01 -4.077043171e+01 +2.5450e+00 -2.6652e+00 +1.8855e+00
37 +1.415202373e+00 +1.415202373e+00 -4.144479763e+01 -4.144479763e+01 +2.0915e+00 -8.3515e-01 +6.6413e-01
44 +8.039736460e-01 +8.039736460e-01 -4.205602635e+01 -4.205602635e+01 +2.1232e+00 -1.6226e+00 +9.7003e-01
74 +5.093434116e-01 +5.093434116e-01 -4.235065659e+01 -4.235065659e+01 +2.2153e+00 -1.5069e+00 +9.4430e-01
75 +1.449194206e-01 +1.449194206e-01 -4.271508058e+01 -4.271508058e+01 +2.5249e+00 -7.7174e-01 +1.2653e+00
79 +1.580758257e-02 +1.580758257e-02 -4.284419242e+01 -4.284419242e+01 +2.7743e+00 -8.2923e-01 +9.7625e-01
119 +1.923644940e-03 +1.923644940e-03 -4.285807636e+01 -4.285807636e+01 +2.5680e+00 -8.3850e-01 +9.2779e-01
121 +2.603166634e-05 +2.603166634e-05 -4.285997397e+01 -4.285997397e+01 +2.4569e+00 -1.0078e+00 +1.1204e+00
151 +7.007822404e-06 +7.007822404e-06 -4.285999299e+01 -4.285999299e+01 +2.4838e+00 -1.0066e+00 +1.0774e+00
196 +1.486323782e-06 +1.486323782e-06 -4.285999851e+01 -4.285999851e+01 +2.4285e+00 -1.0388e+00 +1.0838e+00
212 +2.253762332e-07 +2.253762332e-07 -4.285999977e+01 -4.285999977e+01 +2.4338e+00 -1.0502e+00 +1.0974e+00
269 +1.137331083e-07 +1.137331083e-07 -4.285999989e+01 -4.285999989e+01 +2.4188e+00 -1.0677e+00 +1.1151e+00
275 +1.204865185e-08 +1.204865185e-08 -4.285999999e+01 -4.285999999e+01 +2.4154e+00 -1.0615e+00 +1.1163e+00
276 +2.806757493e-09 +2.806757493e-09 -4.286000000e+01 -4.286000000e+01 +2.4189e+00 -1.0637e+00 +1.1242e+00
281 +1.162256069e-09 +1.162256069e-09 -4.286000000e+01 -4.286000000e+01 +2.4220e+00 -1.0616e+00 +1.1197e+00
318 +5.037037454e-10 +5.037037454e-10 -4.286000000e+01 -4.286000000e+01 +2.4298e+00 -1.0518e+00 +1.1147e+00
323 +1.011741801e-10 +1.011741801e-10 -4.286000000e+01 -4.286000000e+01 +2.4224e+00 -1.0573e+00 +1.1151e+00
344 +4.221334393e-11 +4.221334393e-11 -4.286000000e+01 -4.286000000e+01 +2.4240e+00 -1.0557e+00 +1.1151e+00
347 +5.400124792e-13 +5.400124792e-13 -4.286000000e+01 -4.286000000e+01 +2.4250e+00 -1.0560e+00 +1.1164e+00
380 +1.563194019e-13 +1.563194019e-13 -4.286000000e+01 -4.286000000e+01 +2.4248e+00 -1.0565e+00 +1.1160e+00
391 +1.421085472e-14 +1.421085472e-14 -4.286000000e+01 -4.286000000e+01 +2.4248e+00 -1.0563e+00 +1.1158e+00
425 +0.000000000e+00 +0.000000000e+00 -4.286000000e+01 -4.286000000e+01 +2.4245e+00 -1.0566e+00 +1.1163e+00
