% function evaluation | noise-free fitness - Fopt (-6.211100000000e+02) | best noise-free fitness - Fopt | measured fitness | best measured fitness | x1 | x2...
1 +2.400218152e+07 +2.400218152e+07 +2.400156041e+07 +2.400156041e+07 +2.3166e+00 +1.2157e+00 +2.3700e+00 -2.5797e+00 +1.9073e+00
10 +1.353167766e+07 +1.353167766e+07 +1.353105655e+07 +1.353105655e+07 +9.0071e-01 +4.7091e+00 +2.3893e+00 -3.0630e+00 +3.0156e+00
12 +2.610575387e+06 +2.610575387e+06 +2.609954277e+06 +2.609954277e+06 -1.5075e-01 +3.9014e+00 -1.6836e+00 -2.4837e+00 -4.0862e-01
266 +1.799612189e+06 +1.799612189e+06 +1.798991079e+06 +1.798991079e+06 -1.7194e+00 +3.6370e+00 -4.9053e+00 -2.7602e+00 -2.9817e+00
433 +9.706210101e+05 +9.706210101e+05 +9.699999001e+05 +9.699999001e+05 -7.1243e-01 +3.3837e+00 +9.6119e-02 -4.4592e+00 -9.1058e-01
859 +6.269534960e+05 +6.269534960e+05 +6.263323860e+05 +6.263323860e+05 -7.1244e-01 +4.5024e+00 -1.7327e+00 -3.7668e+00 -9.1058e-01
1250 +3.465760411e+05 +3.465760411e+05 +3.459549311e+05 +3.459549311e+05 -1.2705e+00 +3.9745e+00 +9.6592e-02 -3.2248e+00 -9.1058e-01
1505 +1.449648905e+05 +1.449648905e+05 +1.443437805e+05 +1.443437805e+05 -1.1881e+00 +3.9014e+00 +1.0393e-01 -3.7668e+00 -9.1058e-01
1779 +4.085321077e+04 +4.085321077e+04 +4.023210077e+04 +4.023210077e+04 -7.3588e-01 +3.9034e+00 +9.6599e-02 -3.7981e+00 -4.1058e-01
2417 +3.711032045e+04 +3.711032045e+04 +3.648921045e+04 +3.648921045e+04 -7.3588e-01 +4.0622e+00 +9.6599e-02 -3.7981e+00 -4.1058e-01
2830 +1.018321906e+04 +1.018321906e+04 +9.562109062e+03 +9.562109062e+03 -9.6244e-01 +4.0586e+00 +9.6599e-02 -3.7668e+00 -4.1058e-01
3309 +8.623844865e+03 +8.623844865e+03 +8.002734865e+03 +8.002734865e+03 -9.2338e-01 +4.0505e+00 +1.0393e-01 -3.7981e+00 -4.0765e-01
3887 +5.113324396e+03 +5.113324396e+03 +4.492214396e+03 +4.492214396e+03 -9.6244e-01 +4.0505e+00 +3.4099e-02 -3.7668e+00 -4.7296e-01
4343 +2.123273594e+03 +2.123273594e+03 +1.502163594e+03 +1.502163594e+03 -9.2338e-01 +3.9495e+00 +2.8464e-01 -3.8293e+00 -3.7933e-01
4677 +1.510945158e+03 +1.510945158e+03 +8.898351576e+02 +8.898351576e+02 -9.2338e-01 +3.9495e+00 +2.8464e-01 -3.8293e+00 -4.1058e-01
% function evaluation | noise-free fitness - Fopt (-2.548200000000e+02) | best noise-free fitness - Fopt | measured fitness | best measured fitness | x1 | x2...
1 +3.032513516e+08 +3.032513516e+08 +3.032510968e+08 +3.032510968e+08 +2.4213e+00 +1.0935e+00 -3.5733e+00 +4.0138e+00 +1.2891e+00
2 +7.372454671e+07 +7.372454671e+07 +7.372429189e+07 +7.372429189e+07 +8.3177e-01 +2.0536e+00 +5.6217e-01 +1.0812e+00 -3.7645e-01
6 +5.655001532e+07 +5.655001532e+07 +5.654976050e+07 +5.654976050e+07 +1.2832e+00 -3.4691e+00 +5.9198e-01 -1.1009e+00 -3.5565e+00
14 +2.001976247e+07 +2.001976247e+07 +2.001950765e+07 +2.001950765e+07 +8.6733e-02 +2.5179e+00 +4.4586e+00 -4.0649e-01 -4.5176e+00
40 +1.571031207e+07 +1.571031207e+07 +1.571005725e+07 +1.571005725e+07 +4.2533e+00 +3.0083e+00 +1.5496e+00 -3.8810e+00 -1.4262e-01
59 +1.094254560e+06 +1.094254560e+06 +1.093999740e+06 +1.093999740e+06 +3.4588e+00 +2.7936e+00 -5.2907e-01 -1.0742e+00 -2.3734e+00
769 +9.004699764e+05 +9.004699764e+05 +9.002151564e+05 +9.002151564e+05 +3.4583e+00 +2.7936e+00 -6.6798e-02 -1.0742e+00 -2.4339e+00
1031 +5.425106434e+05 +5.425106434e+05 +5.422558234e+05 +5.422558234e+05 +4.9384e+00 +3.9665e+00 -3.2479e-01 -1.1203e+00 -2.0153e+00
1032 +9.010153761e+04 +9.010153761e+04 +8.984671761e+04 +8.984671761e+04 +4.4384e+00 +3.9665e+00 -3.2480e-01 -1.1203e+00 -2.0153e+00
1536 +4.118043787e+04 +4.118043787e+04 +4.092561787e+04 +4.092561787e+04 +3.8439e+00 +3.7864e+00 -3.2480e-01 -1.1203e+00 -2.0153e+00
1810 +1.688726422e+04 +1.688726422e+04 +1.663244422e+04 +1.663244422e+04 +3.8439e+00 +3.7864e+00 -4.2978e-03 -1.0737e+00 -2.3109e+00
2776 +1.550739841e+04 +1.550739841e+04 +1.525257841e+04 +1.525257841e+04 +3.8439e+00 +3.8025e+00 -4.3589e-03 -1.0742e+00 -2.3734e+00
3219 +3.061950111e+03 +3.061950111e+03 +2.807130111e+03 +2.807130111e+03 +3.8439e+00 +3.8025e+00 -1.2936e-01 -1.0742e+00 -2.3109e+00
3963 +2.299699562e+03 +2.299699562e+03 +2.044879562e+03 +2.044879562e+03 +3.9146e+00 +3.8025e+00 -1.2936e-01 -1.0739e+00 -2.3109e+00
4068 +6.946007437e+02 +6.946007437e+02 +4.397807437e+02 +4.397807437e+02 +3.8439e+00 +3.8025e+00 -1.2935e-01 -1.0096e+00 -2.3402e+00
4778 +5.065120057e+02 +5.065120057e+02 +2.516920057e+02 +2.516920057e+02 +3.8478e+00 +3.8025e+00 -1.2930e-01 -1.0117e+00 -2.3744e+00
5063 +2.288772232e+02 +2.288772232e+02 -2.594277677e+01 -2.594277677e+01 +3.8448e+00 +3.8040e+00 -1.6061e-01 -1.0097e+00 -2.3324e+00
% function evaluation | noise-free fitness - Fopt (5.661000000000e+01) | best noise-free fitness - Fopt | measured fitness | best measured fitness | x1 | x2...
1 +8.940517940e+07 +8.940517940e+07 +8.940523601e+07 +8.940523601e+07 +3.7959e+00 -4.8859e+00 -2.3627e+00 -4.4973e+00 -2.5192e+00
11 +9.480349801e+06 +9.480349801e+06 +9.480406411e+06 +9.480406411e+06 -2.4246e+00 -3.5228e+00 -4.1645e+00 +2.1696e+00 -4.4779e+00
23 +1.866053924e+06 +1.866053924e+06 +1.866110534e+06 +1.866110534e+06 -4.0749e+00 -1.7131e+00 -2.8802e+00 +1.1629e+00 -2.3320e+00
321 +1.263861502e+06 +1.263861502e+06 +1.263918112e+06 +1.263918112e+06 -4.1062e+00 -1.9318e+00 -3.1382e+00 +1.1629e+00 -2.3320e+00
943 +8.442976960e+05 +8.442976960e+05 +8.443543060e+05 +8.443543060e+05 -3.4220e+00 -3.7135e+00 -3.6740e+00 +1.5607e+00 -2.8603e+00
1173 +5.678388299e+05 +5.678388299e+05 +5.678954399e+05 +5.678954399e+05 -2.6412e+00 -5.2097e+00 -4.1684e+00 +1.3985e+00 -1.2671e+00
1417 +3.595411121e+05 +3.595411121e+05 +3.595977221e+05 +3.595977221e+05 -2.8148e+00 -3.0457e+00 -3.6740e+00 +1.4110e+00 -2.4408e+00
1538 +1.003401336e+05 +1.003401336e+05 +1.003967436e+05 +1.003967436e+05 -3.1206e+00 -2.9873e+00 -3.6740e+00 +1.1629e+00 -2.3320e+00
2300 +9.645432113e+04 +9.645432113e+04 +9.651093113e+04 +9.651093113e+04 -3.4220e+00 -2.9873e+00 -4.1644e+00 +1.1629e+00 -2.3603e+00
2349 +6.226088896e+04 +6.226088896e+04 +6.231749896e+04 +6.231749896e+04 -3.3081e+00 -3.0418e+00 -3.6740e+00 +1.1627e+00 -2.4408e+00
2968 +1.598641328e+04 +1.598641328e+04 +1.604302328e+04 +1.604302328e+04 -3.1675e+00 -3.3508e+00 -3.9240e+00 +1.1629e+00 -2.3320e+00
3437 +5.385352249e+03 +5.385352249e+03 +5.441962249e+03 +5.441962249e+03 -3.3120e+00 -3.0418e+00 -3.9240e+00 +1.0457e+00 -2.3397e+00
4262 +3.222384345e+03 +3.222384345e+03 +3.278994345e+03 +3.278994345e+03 -3.3705e+00 -2.9873e+00 -3.8618e+00 +1.0331e+00 -2.4509e+00
4283 +2.398240060e+03 +2.398240060e+03 +2.454850060e+03 +2.454850060e+03 -3.3081e+00 -3.0574e+00 -3.8615e+00 +1.0409e+00 -2.3805e+00
4564 +1.554759755e+03 +1.554759755e+03 +1.611369755e+03 +1.611369755e+03 -3.3081e+00 -3.1668e+00 -3.9240e+00 +1.0332e+00 -2.3158e+00
% function evaluation | noise-free fitness - Fopt (-1.810000000000e+01) | best noise-free fitness - Fopt | measured fitness | best measured fitness | x1 | x2...
1 +8.593701573e+07 +8.593701573e+07 +8.593699763e+07 +8.593699763e+07 -4.4926e+00 +3.0218e+00 +3.6455e-01 -4.1448e+00 +4.0613e-01
2 +3.856573354e+07 +3.856573354e+07 +3.856571544e+07 +3.856571544e+07 +4.8351e+00 +1.7082e+00 +4.5394e+00 +3.1371e+00 +4.6021e+00
16 +8.772128860e+06 +8.772128860e+06 +8.772110760e+06 +8.772110760e+06 -1.8932e+00 +2.1217e+00 +3.4347e+00 +4.8550e+00 +3.3192e+00
74 +4.285175603e+06 +4.285175603e+06 +4.285157503e+06 +4.285157503e+06 +9.7649e-01 -1.1833e+00 +1.6856e+00 +4.9381e+00 +2.3005e+00
168 +2.366633235e+06 +2.366633235e+06 +2.366615135e+06 +2.366615135e+06 -2.4739e+00 +1.0100e+00 +4.6960e+00 +1.7156e+00 +2.7178e+00
395 +9.845768359e+05 +9.845768359e+05 +9.845587359e+05 +9.845587359e+05 -2.0930e+00 +1.1667e+00 +3.6473e+00 +2.4372e+00 +1.5568e+00
1067 +2.706924746e+05 +2.706924746e+05 +2.706743746e+05 +2.706743746e+05 -1.2082e+00 +1.1667e+00 +3.6473e+00 +2.4372e+00 +1.5568e+00
1823 +9.402470090e+04 +9.402470090e+04 +9.400660090e+04 +9.400660090e+04 -1.2161e+00 +1.1364e+00 +4.5523e+00 +2.6085e+00 +1.5568e+00
2251 +4.762189231e+04 +4.762189231e+04 +4.760379231e+04 +4.760379231e+04 -1.2161e+00 +1.1667e+00 +4.4555e+00 +2.4372e+00 +1.5568e+00
2293 +2.311369208e+04 +2.311369208e+04 +2.309559208e+04 +2.309559208e+04 -1.5170e+00 +1.1667e+00 +4.4594e+00 +2.4372e+00 +1.5568e+00
3263 +7.272522468e+03 +7.272522468e+03 +7.254422468e+03 +7.254422468e+03 -1.4661e+00 +1.0427e+00 +4.4594e+00 +2.4372e+00 +1.5569e+00
4109 +5.814301814e+03 +5.814301814e+03 +5.796201814e+03 +5.796201814e+03 -1.4621e+00 +1.1198e+00 +4.5523e+00 +2.3976e+00 +1.5569e+00
4271 +3.452876417e+03 +3.452876417e+03 +3.434776417e+03 +3.434776417e+03 -1.4036e+00 +1.1052e+00 +4.4867e+00 +2.3957e+00 +1.5569e+00
4818 +8.556798109e+02 +8.556798109e+02 +8.375798109e+02 +8.375798109e+02 -1.4659e+00 +1.1042e+00 +4.5523e+00 +2.3278e+00 +1.5489e+00
% function evaluation | noise-free fitness - Fopt (3.777000000000e+01) | best noise-free fitness - Fopt | measured fitness | best measured fitness | x1 | x2...
1 +6.424211354e+07 +6.424211354e+07 +6.424215131e+07 +6.424215131e+07 +4.8572e+00 +4.7302e+00 +3.0701e+00 -2.5558e+00 -3.4140e+00
2 +4.700767154e+07 +4.700767154e+07 +4.700770931e+07 +4.700770931e+07 -2.6704e+00 -4.6249e-01 +5.5042e-01 +9.1942e-01 -2.0486e+00
11 +2.459846093e+07 +2.459846093e+07 +2.459849870e+07 +2.459849870e+07 -2.6695e+00 +4.0733e+00 +4.9673e+00 -2.5221e+00 -1.3441e+00
29 +1.466543538e+07 +1.466543538e+07 +1.466547315e+07 +1.466547315e+07 -4.8169e+00 +4.6396e+00 -2.0196e-01 +1.0042e+00 +1.4572e+00
46 +7.273567127e+06 +7.273567127e+06 +7.273604897e+06 +7.273604897e+06 +3.4885e+00 +3.3995e-01 +3.1515e+00 -3.5046e+00 -2.7806e+00
100 +4.221632348e+06 +4.221632348e+06 +4.221670118e+06 +4.221670118e+06 -2.7432e+00 +2.5820e+00 -1.4335e+00 +2.8719e+00 +1.2603e+00
162 +8.474670861e+05 +8.474670861e+05 +8.475048561e+05 +8.475048561e+05 -9.1549e-01 +1.9834e+00 +3.1714e-01 -8.8699e-02 +3.3217e-01
862 +6.129925331e+05 +6.129925331e+05 +6.130303031e+05 +6.130303031e+05 -9.1549e-01 +2.0181e+00 +1.3413e+00 -8.8638e-02 +3.3217e-01
1183 +2.366269365e+05 +2.366269365e+05 +2.366647065e+05 +2.366647065e+05 +1.0010e+00 +1.5902e+00 +2.8786e+00 -1.9811e+00 -5.1574e-01
1683 +1.551753264e+05 +1.551753264e+05 +1.552130964e+05 +1.552130964e+05 -9.1550e-01 +1.8706e+00 +3.3277e-01 -2.5552e-02 +1.3337e+00
1767 +8.945094570e+04 +8.945094570e+04 +8.948871570e+04 +8.948871570e+04 -9.1547e-01 +1.9834e+00 +3.1665e-01 +8.0887e-02 +1.2604e+00
2228 +5.841747204e+04 +5.841747204e+04 +5.845524204e+04 +5.845524204e+04 -9.1549e-01 +1.9990e+00 +8.1714e-01 -8.8699e-02 +1.2879e+00
2652 +3.918515656e+04 +3.918515656e+04 +3.922292656e+04 +3.922292656e+04 -9.0767e-01 +1.9842e+00 +3.4839e-01 +2.1321e-01 +1.3465e+00
3303 +1.325104815e+04 +1.325104815e+04 +1.328881815e+04 +1.328881815e+04 -9.1454e-01 +2.0180e+00 +6.7195e-01 +6.5277e-02 +1.2607e+00
3518 +8.207706191e+03 +8.207706191e+03 +8.245476191e+03 +8.245476191e+03 -9.1550e-01 +2.0190e+00 +6.7390e-01 +1.1166e-01 +1.2604e+00
4178 +6.306969228e+03 +6.306969228e+03 +6.344739228e+03 +6.344739228e+03 -7.8317e-01 +1.9834e+00 +7.3664e-01 +6.5277e-02 +1.2644e+00
4462 +3.729363750e+03 +3.729363750e+03 +3.767133750e+03 +3.767133750e+03 -9.1158e-01 +1.9831e+00 +5.6325e-01 +2.0589e-01 +1.2644e+00
% function evaluation | noise-free fitness - Fopt (-1.523000000000e+01) | best noise-free fitness - Fopt | measured fitness | best measured fitness | x1 | x2...
1 +2.976117192e+08 +2.976117192e+08 +2.976117039e+08 +2.976117039e+08 -1.8672e+00 -1.5813e+00 -2.0972e+00 -1.1754e+00 -8.6718e-01
2 +1.709200637e+07 +1.709200637e+07 +1.709199114e+07 +1.709199114e+07 +3.5492e+00 -2.5493e-01 -3.8544e+00 +1.2289e-01 -2.6095e+00
39 +1.213397575e+07 +1.213397575e+07 +1.213396052e+07 +1.213396052e+07 +1.6872e+00 +1.0669e+00 -3.0465e+00 +1.0590e+00 -2.6156e+00
69 +6.786286736e+06 +6.786286736e+06 +6.786271506e+06 +6.786271506e+06 +2.5063e+00 +1.6717e+00 -5.2103e-01 +2.9538e+00 -4.0083e+00
95 +6.233028105e+06 +6.233028105e+06 +6.233012875e+06 +6.233012875e+06 +2.8115e+00 +2.5194e+00 -3.2728e+00 +4.5942e+00 -1.6113e+00
133 +3.561919757e+06 +3.561919757e+06 +3.561904527e+06 +3.561904527e+06 +4.8236e+00 +2.9578e+00 -2.2005e+00 +2.7680e+00 -3.6137e+00
567 +2.400661260e+06 +2.400661260e+06 +2.400646030e+06 +2.400646030e+06 +3.5062e+00 +1.6717e+00 -3.2727e+00 +2.4270e+00 -4.0083e+00
641 +1.527418351e+06 +1.527418351e+06 +1.527403121e+06 +1.527403121e+06 +2.7225e+00 +1.8363e+00 -1.5404e+00 +3.3656e+00 -3.4825e+00
901 +9.917357274e+05 +9.917357274e+05 +9.917204974e+05 +9.917204974e+05 +3.8097e+00 -3.6143e-02 -3.0527e+00 +3.3656e+00 -2.5854e+00
1131 +3.395025437e+05 +3.395025437e+05 +3.394873137e+05 +3.394873137e+05 +3.2753e+00 +1.3867e+00 -3.0521e+00 +3.3656e+00 -2.5854e+00
1223 +1.680026880e+05 +1.680026880e+05 +1.679874580e+05 +1.679874580e+05 +3.6630e+00 +2.3594e+00 -1.8052e+00 +4.0884e+00 -3.2921e+00
1849 +1.352236684e+05 +1.352236684e+05 +1.352084384e+05 +1.352084384e+05 +3.4498e+00 +1.6873e+00 -2.2005e+00 +4.0806e+00 -3.3590e+00
2409 +8.355033388e+04 +8.355033388e+04 +8.353510388e+04 +8.353510388e+04 +3.2793e+00 +4.5469e-01 -3.6715e+00 +2.9409e+00 -2.6688e+00
2647 +9.863608281e+03 +9.863608281e+03 +9.848378281e+03 +9.848378281e+03 +3.2753e+00 +4.5470e-01 -3.4061e+00 +2.9536e+00 -2.6688e+00
4474 +3.271894632e+03 +3.271894632e+03 +3.256664632e+03 +3.256664632e+03 +3.2754e+00 +4.5469e-01 -3.3070e+00 +2.9409e+00 -2.7311e+00
% function evaluation | noise-free fitness - Fopt (-1.614300000000e+02) | best noise-free fitness - Fopt | measured fitness | best measured fitness | x1 | x2...
1 +4.535843696e+09 +4.535843696e+09 +4.535843535e+09 +4.535843535e+09 -5.3408e-01 +2.1805e+00 +8.4419e-01 -2.3736e+00 +7.1819e-01
2 +3.753434148e+08 +3.753434148e+08 +3.753432534e+08 +3.753432534e+08 -2.5883e+00 +3.8847e+00 -1.2322e+00 +4.7344e+00 -3.6220e+00
6 +5.776418442e+07 +5.776418442e+07 +5.776402299e+07 +5.776402299e+07 +3.7902e+00 -1.7984e+00 +8.7968e-01 +4.1960e+00 +1.5741e+00
13 +3.933094672e+07 +3.933094672e+07 +3.933078529e+07 +3.933078529e+07 +3.2384e+00 -3.4949e+00 +1.4250e+00 +3.4152e+00 -3.9585e+00
21 +1.204372279e+07 +1.204372279e+07 +1.204356136e+07 +1.204356136e+07 -2.2682e+00 -1.4912e+00 +1.9027e+00 +4.7807e+00 +2.9803e-01
100 +4.796134167e+06 +4.796134167e+06 +4.795972737e+06 +4.795972737e+06 +9.4125e-01 -1.9033e+00 +4.7071e+00 +1.4696e+00 -9.2509e-01
107 +3.034002960e+06 +3.034002960e+06 +3.033841530e+06 +3.033841530e+06 +2.0446e+00 -4.6051e+00 +1.4441e+00 +1.5639e+00 +9.5322e-01
307 +4.805759414e+05 +4.805759414e+05 +4.804145114e+05 +4.804145114e+05 -1.5333e+00 -3.3047e-01 +4.0511e+00 +4.1721e+00 -2.6942e+00
897 +2.296051920e+05 +2.296051920e+05 +2.294437620e+05 +2.294437620e+05 -1.5333e+00 -3.3047e-01 +4.7383e+00 +3.9294e+00 -2.4555e+00
2142 +1.279172755e+05 +1.279172755e+05 +1.277558455e+05 +1.277558455e+05 -1.0548e+00 -1.2412e+00 +3.9383e+00 +3.2715e+00 -1.5943e+00
2251 +6.476245890e+04 +6.476245890e+04 +6.460102890e+04 +6.460102890e+04 -1.0490e+00 -1.8607e+00 +4.0511e+00 +3.0215e+00 -1.5943e+00
2364 +5.124980904e+04 +5.124980904e+04 +5.108837904e+04 +5.108837904e+04 -1.0490e+00 -1.6533e+00 +4.0511e+00 +3.0215e+00 -1.5943e+00
3510 +3.721932101e+04 +3.721932101e+04 +3.705789101e+04 +3.705789101e+04 -1.6740e+00 -4.5547e-01 +4.6775e+00 +3.9138e+00 -2.7255e+00
3693 +2.449255243e+04 +2.449255243e+04 +2.433112243e+04 +2.433112243e+04 -1.5334e+00 -8.3878e-01 +4.6136e+00 +3.8024e+00 -2.5938e+00
4101 +1.410814484e+04 +1.410814484e+04 +1.394671484e+04 +1.394671484e+04 -1.6740e+00 -8.3878e-01 +4.6136e+00 +3.8024e+00 -2.5313e+00
4261 +5.265122867e+03 +5.265122867e+03 +5.103692867e+03 +5.103692867e+03 -1.6583e+00 -8.3095e-01 +4.5589e+00 +3.8044e+00 -2.5943e+00
% function evaluation | noise-free fitness - Fopt (3.280300000000e+02) | best noise-free fitness - Fopt | measured fitness | best measured fitness | x1 | x2...
1 +1.446363295e+10 +1.446363295e+10 +1.446363327e+10 +1.446363327e+10 -3.9213e+00 +2.9840e+00 -2.1499e+00 -1.4720e+00 +3.9208e-01
3 +1.428609042e+07 +1.428609042e+07 +1.428641845e+07 +1.428641845e+07 +4.0270e+00 +2.2709e+00 +4.0383e-01 +1.2393e+00 +8.6964e-01
66 +9.094998946e+06 +9.094998946e+06 +9.095326976e+06 +9.095326976e+06 +4.7572e+00 +2.1735e+00 +1.2550e+00 +1.6421e+00 +1.3238e+00
116 +5.910306473e+06 +5.910306473e+06 +5.910634503e+06 +5.910634503e+06 +3.0273e+00 +2.9173e+00 +9.8777e-01 +1.2277e+00 +2.0318e+00
517 +1.707166621e+06 +1.707166621e+06 +1.707494651e+06 +1.707494651e+06 +2.7626e+00 +2.4765e+00 +3.4228e+00 -4.5200e-01 +2.1838e+00
953 +1.547326872e+06 +1.547326872e+06 +1.547654902e+06 +1.547654902e+06 +4.6893e+00 +4.3708e+00 +2.8950e+00 -1.1959e+00 +3.5209e+00
1185 +5.453538108e+05 +5.453538108e+05 +5.456818408e+05 +5.456818408e+05 +3.3867e+00 +4.1816e+00 +2.9879e+00 +4.0884e-01 +2.5847e+00
1487 +3.342290528e+05 +3.342290528e+05 +3.345570828e+05 +3.345570828e+05 +3.3867e+00 +4.1816e+00 +2.7731e+00 +2.6137e-01 +2.5847e+00
2041 +2.334520300e+05 +2.334520300e+05 +2.337800600e+05 +2.337800600e+05 +2.3789e+00 +1.6322e+00 +3.2106e+00 +1.8979e+00 +2.1843e+00
2416 +1.371378012e+05 +1.371378012e+05 +1.374658312e+05 +1.374658312e+05 +2.7939e+00 +2.4228e+00 +2.9256e+00 +1.1959e+00 +2.2818e+00
2502 +4.543081627e+04 +4.543081627e+04 +4.575884627e+04 +4.575884627e+04 +2.7846e+00 +2.4760e+00 +2.9879e+00 +9.9364e-01 +2.3347e+00
2541 +1.348868217e+04 +1.348868217e+04 +1.381671217e+04 +1.381671217e+04 +2.7626e+00 +2.4835e+00 +2.9879e+00 +8.1196e-01 +2.5847e+00
3970 +8.362813080e+03 +8.362813080e+03 +8.690843080e+03 +8.690843080e+03 +2.7549e+00 +2.4972e+00 +2.9879e+00 +8.1196e-01 +2.5594e+00
4715 +6.286810006e+03 +6.286810006e+03 +6.614840006e+03 +6.614840006e+03 +2.7587e+00 +2.4894e+00 +2.9879e+00 +8.7446e-01 +2.5477e+00
% function evaluation | noise-free fitness - Fopt (-3.213000000000e+01) | best noise-free fitness - Fopt | measured fitness | best measured fitness | x1 | x2...
1 +2.891052662e+09 +2.891052662e+09 +2.891052630e+09 +2.891052630e+09 -2.7752e+00 +1.2871e-01 -2.3220e+00 -4.7112e+00 +4.0505e+00
2 +4.630747411e+08 +4.630747411e+08 +4.630747090e+08 +4.630747090e+08 -1.3028e+00 -1.1455e+00 -3.5653e+00 +7.0672e-01 -2.0955e+00
5 +8.559408792e+07 +8.559408792e+07 +8.559405579e+07 +8.559405579e+07 +5.8389e-01 -3.2953e+00 +4.9069e+00 +3.3669e-01 -3.4468e+00
9 +6.284280770e+07 +6.284280770e+07 +6.284277557e+07 +6.284277557e+07 +3.8912e+00 -2.3761e+00 +1.5697e+00 -1.8418e+00 -3.6058e-01
11 +2.903136017e+07 +2.903136017e+07 +2.903132804e+07 +2.903132804e+07 -3.4511e-01 +9.1175e-01 -2.0773e-01 -4.8286e+00 -3.8031e+00
26 +2.476784783e+07 +2.476784783e+07 +2.476781570e+07 +2.476781570e+07 -1.8633e+00 -1.5482e-01 +3.7522e+00 +8.8453e-02 -1.1686e+00
55 +1.084665204e+07 +1.084665204e+07 +1.084661991e+07 +1.084661991e+07 -6.7701e-02 +1.9538e+00 +2.5402e+00 -4.6783e-01 +3.1826e-01
61 +7.625866146e+06 +7.625866146e+06 +7.625834016e+06 +7.625834016e+06 +3.7089e+00 +2.4294e+00 +2.1399e+00 -1.8669e+00 +2.1276e-01
164 +3.284867017e+05 +3.284867017e+05 +3.284545717e+05 +3.284545717e+05 +1.6358e-01 +1.0497e+00 +2.5946e+00 -3.0576e+00 -3.2032e-01
840 +2.494970459e+05 +2.494970459e+05 +2.494649159e+05 +2.494649159e+05 +1.6358e-01 +1.0497e+00 +2.5946e+00 -3.0498e+00 -7.0318e-02
1301 +1.164541896e+05 +1.164541896e+05 +1.164220596e+05 +1.164220596e+05 -1.9270e-01 +1.0787e+00 +2.5965e+00 -3.1534e+00 -4.4599e-02
1450 +8.698049169e+04 +8.698049169e+04 +8.694836169e+04 +8.694836169e+04 -5.6819e-01 +1.0787e+00 +2.5402e+00 -3.1534e+00 -4.4599e-02
1725 +1.916402644e+04 +1.916402644e+04 +1.913189644e+04 +1.913189644e+04 -6.8189e-02 +1.3287e+00 +2.5402e+00 -3.1534e+00 -1.3349e-02
2729 +1.304093622e+04 +1.304093622e+04 +1.300880622e+04 +1.300880622e+04 -1.9294e-01 +1.3619e+00 +2.5965e+00 -3.2081e+00 -4.4599e-02
3221 +6.020898092e+03 +6.020898092e+03 +5.988768092e+03 +5.988768092e+03 -1.9197e-01 +1.3309e+00 +2.5400e+00 -3.2081e+00 -4.4599e-02
3789 +3.348545902e+03 +3.348545902e+03 +3.316415902e+03 +3.316415902e+03 -6.7228e-02 +1.3638e+00 +2.5402e+00 -3.2398e+00 -1.3349e-02
4148 +2.187674528e+03 +2.187674528e+03 +2.155544528e+03 +2.155544528e+03 -9.9469e-02 +1.3619e+00 +2.5402e+00 -3.2393e+00 -1.3349e-02
4849 +1.094337184e+03 +1.094337184e+03 +1.062207184e+03 +1.062207184e+03 -1.9172e-01 +1.3614e+00 +2.5111e+00 -3.2394e+00 -4.4599e-02
% function evaluation | noise-free fitness - Fopt (1.576000000000e+01) | best noise-free fitness - Fopt | measured fitness | best measured fitness | x1 | x2...
1 +5.593220677e+08 +5.593220677e+08 +5.593220835e+08 +5.593220835e+08 +2.5998e+00 -3.6073e+00 -4.1723e+00 +4.7814e-01 +3.6835e+00
2 +1.878350910e+07 +1.878350910e+07 +1.878352486e+07 +1.878352486e+07 -1.4474e+00 -3.1024e+00 +3.1881e+00 +4.1468e+00 +3.5713e-01
23 +1.043210065e+07 +1.043210065e+07 +1.043211641e+07 +1.043211641e+07 +2.6804e+00 -3.6025e+00 -1.5933e+00 +1.7045e+00 -3.8399e+00
62 +9.544673122e+06 +9.544673122e+06 +9.544688882e+06 +9.544688882e+06 +4.5889e+00 -2.7532e+00 -2.6361e+00 +4.1144e+00 -3.7291e+00
164 +1.805425774e+06 +1.805425774e+06 +1.805441534e+06 +1.805441534e+06 +1.9182e+00 -2.6157e+00 +4.9781e-01 +3.5683e+00 -1.5057e+00
571 +1.301749025e+06 +1.301749025e+06 +1.301764785e+06 +1.301764785e+06 -9.0494e-01 -3.1549e+00 -1.1417e-01 +4.0253e+00 -9.8078e-01
819 +2.784864298e+05 +2.784864298e+05 +2.785021898e+05 +2.785021898e+05 +3.6787e+00 -1.6962e+00 -7.9192e-01 +3.8551e+00 -2.1481e+00
1159 +1.337887608e+05 +1.337887608e+05 +1.338045208e+05 +1.338045208e+05 +1.9430e+00 -2.5153e+00 -4.0302e-01 +4.3930e+00 -2.3548e+00
1511 +8.105159303e+04 +8.105159303e+04 +8.106735303e+04 +8.106735303e+04 +1.9430e+00 -2.5153e+00 -4.0302e-01 +4.3935e+00 -2.1471e+00
1520 +5.579657835e+04 +5.579657835e+04 +5.581233835e+04 +5.581233835e+04 +7.1892e-01 -2.7533e+00 -3.9399e-01 +4.3644e+00 -1.9484e+00
2844 +3.131849312e+04 +3.131849312e+04 +3.133425312e+04 +3.133425312e+04 +1.9421e+00 -2.5153e+00 -4.0302e-01 +4.2334e+00 -2.1481e+00
3306 +2.306231314e+04 +2.306231314e+04 +2.307807314e+04 +2.307807314e+04 +1.9391e+00 -2.5070e+00 -4.0327e-01 +4.1435e+00 -2.1549e+00
4087 +1.476216911e+04 +1.476216911e+04 +1.477792911e+04 +1.477792911e+04 +1.9430e+00 -2.5153e+00 -4.6552e-01 +4.1164e+00 -2.1472e+00
4900 +9.667682110e+03 +9.667682110e+03 +9.683442110e+03 +9.683442110e+03 +1.8766e+00 -2.5070e+00 -4.9677e-01 +4.1144e+00 -2.1471e+00
% function evaluation | noise-free fitness - Fopt (3.735000000000e+01) | best noise-free fitness - Fopt | measured fitness | best measured fitness | x1 | x2...
1 +1.510094746e+07 +1.510094746e+07 +1.510098481e+07 +1.510098481e+07 -2.5356e+00 -3.2363e+00 +1.6550e+00 -2.5033e+00 +3.7134e+00
19 +9.432057556e+06 +9.432057556e+06 +9.432094906e+06 +9.432094906e+06 -3.4565e+00 -9.6102e-02 +7.7624e-01 -6.7405e-01 +1.9266e+00
34 +1.715533138e+06 +1.715533138e+06 +1.715570488e+06 +1.715570488e+06 -9.6894e-01 -2.1428e+00 +9.8668e-02 +1.9207e+00 +2.0440e+00
417 +1.075609529e+06 +1.075609529e+06 +1.075646879e+06 +1.075646879e+06 -3.9565e+00 -9.6102e-02 +4.4809e+00 -6.5842e-01 +1.9266e+00
863 +9.951045935e+05 +9.951045935e+05 +9.951419435e+05 +9.951419435e+05 -2.2534e+00 -2.0662e+00 +1.7762e+00 -1.5642e-01 +1.5879e+00
1021 +3.760385340e+05 +3.760385340e+05 +3.760758840e+05 +3.760758840e+05 -4.6674e+00 +2.1998e-01 +5.6327e+00 -2.7752e+00 +2.4496e+00
1447 +1.078037215e+05 +1.078037215e+05 +1.078410715e+05 +1.078410715e+05 -4.6674e+00 +2.1998e-01 +5.6327e+00 -2.7752e+00 +1.7952e+00
2221 +3.191164266e+04 +3.191164266e+04 +3.194899266e+04 +3.194899266e+04 -4.6674e+00 +2.1998e-01 +5.0066e+00 -2.6283e+00 +1.9265e+00
3099 +1.167822642e+04 +1.167822642e+04 +1.171557642e+04 +1.171557642e+04 -4.6674e+00 +2.1998e-01 +5.0066e+00 -2.5033e+00 +1.8577e+00
3906 +9.466418046e+03 +9.466418046e+03 +9.503768046e+03 +9.503768046e+03 -4.6674e+00 +2.1998e-01 +5.1316e+00 -2.5033e+00 +1.8015e+00
4661 +4.247611823e+03 +4.247611823e+03 +4.284961823e+03 +4.284961823e+03 -4.6674e+00 +1.5724e-01 +5.0066e+00 -2.5033e+00 +1.8578e+00
4844 +3.536241971e+03 +3.536241971e+03 +3.573591971e+03 +3.573591971e+03 -4.6674e+00 +1.5748e-01 +5.0154e+00 -2.5033e+00 +1.8575e+00
% function evaluation | noise-free fitness - Fopt (-3.096300000000e+02) | best noise-free fitness - Fopt | measured fitness | best measured fitness | x1 | x2...
1 +5.492869018e+07 +5.492869018e+07 +5.492838055e+07 +5.492838055e+07 -2.3377e+00 +3.1903e+00 +4.8583e+00 +1.7264e+00 +2.7084e+00
2 +2.701630637e+07 +2.701630637e+07 +2.701599674e+07 +2.701599674e+07 +9.1211e-01 -3.8120e+00 +1.4699e-01 +2.0585e+00 -4.6329e-02
3 +1.475375592e+07 +1.475375592e+07 +1.475344629e+07 +1.475344629e+07 -1.3581e+00 -1.0178e+00 -2.0698e-01 -1.9467e+00 -1.0167e+00
17 +1.171720631e+06 +1.171720631e+06 +1.171411001e+06 +1.171411001e+06 -2.7832e+00 -1.2319e+00 -2.5484e+00 +3.9383e-01 -9.4453e-01
589 +5.958932667e+05 +5.958932667e+05 +5.955836367e+05 +5.955836367e+05 -2.5923e+00 -1.2475e+00 -2.5484e+00 +3.9383e-01 +1.6509e-01
861 +2.213115065e+05 +2.213115065e+05 +2.210018765e+05 +2.210018765e+05 -2.6236e+00 -1.2495e+00 -2.7984e+00 +1.4860e+00 +2.9785e-02
1623 +1.335884720e+05 +1.335884720e+05 +1.332788420e+05 +1.332788420e+05 -2.5923e+00 -1.2475e+00 -2.5484e+00 +1.3078e+00 +2.9785e-02
2001 +8.265957190e+04 +8.265957190e+04 +8.234994190e+04 +8.234994190e+04 -2.5919e+00 -1.2475e+00 -2.6734e+00 +1.2360e+00 +2.5863e-02
2273 +6.219679403e+04 +6.219679403e+04 +6.188716403e+04 +6.188716403e+04 -2.5298e+00 -1.2163e+00 -2.5484e+00 +1.1110e+00 +2.9785e-02
2917 +3.735541737e+04 +3.735541737e+04 +3.704578737e+04 +3.704578737e+04 -2.4154e+00 -1.2475e+00 -2.6734e+00 +1.2360e+00 +2.5863e-02
3411 +2.273040108e+04 +2.273040108e+04 +2.242077108e+04 +2.242077108e+04 -2.2904e+00 -1.2319e+00 -2.6753e+00 +1.0199e+00 +1.6097e-02
3725 +1.571315243e+04 +1.571315243e+04 +1.540352243e+04 +1.540352243e+04 -2.4154e+00 -1.2324e+00 -2.6734e+00 +1.1110e+00 +2.8777e-02
3939 +5.497338589e+03 +5.497338589e+03 +5.187708589e+03 +5.187708589e+03 -2.4154e+00 -1.2475e+00 -2.7984e+00 +1.0485e+00 +3.0761e-02
4035 +3.923478532e+03 +3.923478532e+03 +3.613848532e+03 +3.613848532e+03 -2.4155e+00 -1.2163e+00 -2.7984e+00 +1.1110e+00 +2.9780e-02
4526 +1.880609230e+03 +1.880609230e+03 +1.570979230e+03 +1.570979230e+03 -2.3841e+00 -1.2324e+00 -2.8023e+00 +1.1110e+00 +3.0757e-02
4974 +1.200930728e+03 +1.200930728e+03 +8.913007282e+02 +8.913007282e+02 -2.3526e+00 -1.2324e+00 -2.7984e+00 +1.1110e+00 +2.8770e-02
% function evaluation | noise-free fitness - Fopt (-1.000000000000e+03) | best noise-free fitness - Fopt | measured fitness | best measured fitness | x1 | x2...
1 +1.236783274e+08 +1.236783274e+08 +1.236773274e+08 +1.236773274e+08 -4.8055e+00 -2.7748e+00 -2.1422e+00 -2.3885e+00 +2.6312e+00
5 +6.864640898e+07 +6.864640898e+07 +6.864540898e+07 +6.864540898e+07 -2.3368e+00 -2.4859e+00 -2.0215e+00 +1.6398e+00 -2.6748e-02
13 +3.396103525e+07 +3.396103525e+07 +3.396003525e+07 +3.396003525e+07 +2.2636e-01 +1.9584e+00 +7.8316e-01 -1.2579e+00 +1.0085e+00
17 +9.512709807e+06 +9.512709807e+06 +9.511709807e+06 +9.511709807e+06 +7.4783e-02 +3.8546e+00 -1.6735e+00 -1.7339e+00 +1.8926e+00
280 +8.985329905e+05 +8.985329905e+05 +8.975329905e+05 +8.975329905e+05 -5.7108e-01 +3.5790e+00 -4.9494e+00 +6.9443e-01 +5.3979e-01
375 +5.848206777e+05 +5.848206777e+05 +5.838206777e+05 +5.838206777e+05 +3.7343e+00 +3.0802e+00 -2.0896e+00 +3.0614e-01 +2.0309e+00
1142 +3.836763347e+05 +3.836763347e+05 +3.826763347e+05 +3.826763347e+05 -5.7108e-01 +4.2344e+00 -4.9612e+00 +6.9443e-01 +6.3354e-01
1639 +6.067510299e+04 +6.067510299e+04 +5.967510299e+04 +5.967510299e+04 -5.7108e-01 +4.2344e+00 -4.9612e+00 +6.9443e-01 +1.4027e+00
1640 +1.867014943e+04 +1.867014943e+04 +1.767014943e+04 +1.767014943e+04 -5.7108e-01 +4.2344e+00 -4.7112e+00 +6.9443e-01 +1.4027e+00
2745 +1.413015290e+04 +1.413015290e+04 +1.313015290e+04 +1.313015290e+04 -9.0287e-01 +4.2344e+00 -4.9611e+00 +9.4750e-01 +1.3440e+00
2838 +8.819335443e+03 +8.819335443e+03 +7.819335443e+03 +7.819335443e+03 -9.6537e-01 +4.2344e+00 -4.9494e+00 +8.0513e-01 +1.3180e+00
3140 +5.092354315e+03 +5.092354315e+03 +4.092354315e+03 +4.092354315e+03 -9.5365e-01 +4.2344e+00 -4.9611e+00 +9.4799e-01 +1.2450e+00
3172 +3.557595969e+03 +3.557595969e+03 +2.557595969e+03 +2.557595969e+03 -8.9506e-01 +4.2344e+00 -4.9614e+00 +8.2250e-01 +1.2450e+00
4169 +1.356145346e+03 +1.356145346e+03 +3.561453455e+02 +3.561453455e+02 -9.4190e-01 +4.2344e+00 -4.9494e+00 +8.9888e-01 +1.2816e+00
4793 +2.804655322e+02 +2.804655322e+02 -7.195344678e+02 -7.195344678e+02 -5.0858e-01 +4.1719e+00 -4.7112e+00 +7.6921e-01 +1.3180e+00
% function evaluation | noise-free fitness - Fopt (5.800000000000e+01) | best noise-free fitness - Fopt | measured fitness | best measured fitness | x1 | x2...
1 +6.569639384e+07 +6.569639384e+07 +6.569645184e+07 +6.569645184e+07 -2.3036e+00 -1.6058e+00 -8.9723e-03 +4.7770e+00 -2.9602e+00
7 +4.051687743e+07 +4.051687743e+07 +4.051693543e+07 +4.051693543e+07 -1.6585e+00 -1.8727e+00 -9.4601e-02 +1.2259e+00 +2.1660e-01
11 +2.996799005e+07 +2.996799005e+07 +2.996804805e+07 +2.996804805e+07 -1.8843e+00 +2.8748e+00 -2.0641e+00 +9.1248e-01 +4.2655e+00
16 +2.224688177e+07 +2.224688177e+07 +2.224693977e+07 +2.224693977e+07 -3.0520e+00 +2.7402e+00 -8.0803e-01 -2.8706e+00 -1.7581e+00
36 +1.196296765e+07 +1.196296765e+07 +1.196302565e+07 +1.196302565e+07 -4.4297e+00 +4.2600e+00 -6.3398e-01 -4.9602e-01 -2.1612e+00
123 +6.662668602e+06 +6.662668602e+06 +6.662726602e+06 +6.662726602e+06 +2.2668e+00 +3.4655e+00 +4.4652e+00 -1.7968e+00 +8.7983e-01
151 +4.087960569e+06 +4.087960569e+06 +4.088018569e+06 +4.088018569e+06 -3.6105e+00 +3.9031e+00 -4.6049e+00 +1.8271e+00 +6.1662e-01
593 +3.658323155e+05 +3.658323155e+05 +3.658903155e+05 +3.658903155e+05 +2.2668e+00 +4.6046e+00 +2.7861e+00 -8.8783e-01 +3.7984e-01
2065 +1.697515209e+05 +1.697515209e+05 +1.698095209e+05 +1.698095209e+05 -2.4129e+00 +3.9617e+00 -3.0226e+00 +6.9833e-01 -3.6300e-01
2066 +1.444644832e+05 +1.444644832e+05 +1.445224832e+05 +1.445224832e+05 -2.4090e+00 +3.9617e+00 -3.0226e+00 +6.3583e-01 -3.6254e-01
2598 +7.663023152e+04 +7.663023152e+04 +7.668823152e+04 +7.668823152e+04 -2.4138e+00 +3.9617e+00 -2.8840e+00 +1.7298e-01 -4.9193e-01
3131 +4.840789474e+04 +4.840789474e+04 +4.846589474e+04 +4.846589474e+04 -2.4129e+00 +3.9617e+00 -2.6613e+00 +5.1945e-01 -4.9193e-01
3433 +2.838296496e+04 +2.838296496e+04 +2.844096496e+04 +2.844096496e+04 -2.2874e+00 +3.9636e+00 -2.6612e+00 +2.0224e-01 -2.4181e-01
3836 +2.318236236e+04 +2.318236236e+04 +2.324036236e+04 +2.324036236e+04 -2.4119e+00 +3.8367e+00 -2.6613e+00 +5.1945e-01 -3.6694e-01
4355 +1.020802390e+04 +1.020802390e+04 +1.026602390e+04 +1.026602390e+04 -2.4119e+00 +3.8367e+00 -2.6613e+00 +2.2958e-01 -3.6694e-01
4729 +9.834833521e+03 +9.834833521e+03 +9.892833521e+03 +9.892833521e+03 -2.4119e+00 +3.8367e+00 -2.6613e+00 +2.2958e-01 -3.6107e-01
% function evaluation | noise-free fitness - Fopt (9.438000000000e+01) | best noise-free fitness - Fopt | measured fitness | best measured fitness | x1 | x2...
1 +6.446105853e+07 +6.446105853e+07 +6.446115291e+07 +6.446115291e+07 +1.8234e+00 -2.5488e+00 -2.3413e+00 +2.3176e+00 -4.7060e+00
5 +2.790575420e+07 +2.790575420e+07 +2.790584858e+07 +2.790584858e+07 -9.1016e-01 +2.5195e+00 -4.3864e+00 -2.3940e+00 -4.6953e+00
28 +2.021691778e+07 +2.021691778e+07 +2.021701216e+07 +2.021701216e+07 -1.4584e+00 +2.7227e+00 -1.8118e+00 -4.5100e+00 -1.4067e+00
36 +2.109930393e+06 +2.109930393e+06 +2.110024773e+06 +2.110024773e+06 -4.1244e+00 +2.8480e+00 -3.3304e+00 +3.6199e+00 -3.9334e+00
429 +1.160734129e+06 +1.160734129e+06 +1.160828509e+06 +1.160828509e+06 -4.1244e+00 +2.8480e+00 -3.3304e+00 +2.2031e+00 -2.1528e+00
430 +6.224713743e+05 +6.224713743e+05 +6.225657543e+05 +6.225657543e+05 -4.1245e+00 +2.8480e+00 -3.3305e+00 +2.2110e+00 -2.6372e+00
874 +3.263782344e+05 +3.263782344e+05 +3.264726144e+05 +3.264726144e+05 -4.0932e+00 +2.8480e+00 -3.3305e+00 +8.3652e-01 -2.6372e+00
1375 +2.410103163e+05 +2.410103163e+05 +2.411046963e+05 +2.411046963e+05 -3.6421e+00 +3.5749e+00 -3.5662e+00 +2.4592e+00 -3.4865e+00
1836 +1.131844572e+05 +1.131844572e+05 +1.132788372e+05 +1.132788372e+05 -3.3602e+00 +3.7891e+00 -3.5386e+00 +3.2017e+00 -3.4865e+00
2317 +5.250926686e+04 +5.250926686e+04 +5.260364686e+04 +5.260364686e+04 -3.1911e+00 +3.5632e+00 -3.3305e+00 +2.4592e+00 -3.2990e+00
2790 +3.633229093e+04 +3.633229093e+04 +3.642667093e+04 +3.642667093e+04 -3.5210e+00 +3.2627e+00 -3.2853e+00 +2.2461e+00 -3.2365e+00
2936 +2.454792346e+04 +2.454792346e+04 +2.464230346e+04 +2.464230346e+04 -3.1911e+00 +3.5749e+00 -3.5388e+00 +2.7461e+00 -3.4718e+00
3299 +1.112951001e+04 +1.112951001e+04 +1.122389001e+04 +1.122389001e+04 -3.1911e+00 +3.5751e+00 -3.5662e+00 +2.9593e+00 -3.3615e+00
3358 +8.221368605e+03 +8.221368605e+03 +8.315748605e+03 +8.315748605e+03 -3.3676e+00 +3.2948e+00 -3.3305e+00 +2.4592e+00 -3.1740e+00
3959 +2.792001338e+03 +2.792001338e+03 +2.886381338e+03 +2.886381338e+03 -3.3673e+00 +3.3408e+00 -3.3383e+00 +2.4592e+00 -3.1740e+00
3977 +1.153617069e+03 +1.153617069e+03 +1.247997069e+03 +1.247997069e+03 -3.3598e+00 +3.3877e+00 -3.3398e+00 +2.4592e+00 -3.1740e+00
