% function evaluation | noise-free fitness - Fopt (-6.211100000000e+02) | best noise-free fitness - Fopt | measured fitness | best measured fitness | x1 | x2...
1 +2.138105012e+09 +2.138105012e+09 +2.138104391e+09 +2.138104391e+09 +3.9775e+00 -1.9713e+00 +9.3428e-01 -2.4579e-01 +1.9944e+00 -4.5193e+00 -2.8728e+00 -1.8340e+00 +1.4856e+00 +3.8024e+00 +2.6460e+00 +2.1453e+00 +3.2230e+00 +4.8359e+00 -3.7224e+00 -3.4926e+00 -3.6621e+00 -3.7217e+00 +3.4938e+00 +1.0085e+00
2 +1.266375780e+09 +1.266375780e+09 +1.266375159e+09 +1.266375159e+09 -2.6552e-02 +3.1880e+00 +4.2718e+00 +3.2399e+00 -2.9471e+00 +5.6014e-01 -4.6796e+00 -1.3953e+00 +2.7195e+00 -8.7988e-01 -3.4276e-01 -4.2658e+00 -1.4730e+00 +1.0131e+00 -6.6294e-01 -4.5939e+00 +4.3780e+00 +4.0111e+00 +2.9122e+00 +2.9233e+00
6 +5.539038822e+08 +5.539038822e+08 +5.539032610e+08 +5.539032610e+08 +2.8346e+00 +1.5210e+00 +1.1157e+00 -2.5141e+00 +2.0541e+00 +3.8318e+00 -2.3212e+00 +2.4199e+00 -3.9838e+00 +3.9610e+00 -1.5550e+00 +1.4991e+00 +3.2807e+00 -3.3550e+00 +3.5849e+00 +2.1318e+00 +2.1817e+00 -1.7610e-01 -7.9929e-01 -4.9488e+00
10 +3.368274144e+08 +3.368274144e+08 +3.368267933e+08 +3.368267933e+08 -2.6542e+00 +3.4718e+00 -2.3799e+00 +1.1551e+00 -1.0082e+00 +2.1926e+00 +6.8751e-02 +1.1969e+00 +3.1873e+00 +2.3461e+00 +2.3949e+00 -3.9049e+00 +9.1339e-02 +1.4650e+00 -2.5425e+00 -3.3348e+00 -2.3814e-01 +7.8861e-01 +2.3730e+00 +3.1902e+00
13 +2.018855345e+08 +2.018855345e+08 +2.018849134e+08 +2.018849134e+08 +1.4303e+00 +3.9975e+00 -3.7962e+00 -4.0646e+00 -2.3732e+00 -8.8762e-01 -1.1343e+00 +3.5466e+00 +1.8806e+00 +1.0151e+00 -3.9734e+00 -4.1787e+00 -7.1723e-02 +1.5220e+00 +4.4053e+00 -1.8052e+00 +4.3813e+00 -2.7658e+00 +2.6531e+00 -2.5458e+00
419 +1.211184116e+08 +1.211184116e+08 +1.211177905e+08 +1.211177905e+08 +1.4303e+00 +3.9975e+00 -3.7962e+00 -4.0646e+00 -2.3732e+00 -8.8762e-01 -1.4145e+00 +2.5326e+00 +2.0030e-01 -6.1005e-01 -4.5775e+00 +1.1504e+00 +3.0504e+00 +4.4552e+00 +3.9965e+00 -4.0322e+00 +2.0234e+00 +3.4596e+00 +2.6531e+00 -2.5458e+00
1129 +9.861025279e+07 +9.861025279e+07 +9.860963168e+07 +9.860963168e+07 +5.0719e-01 +3.1123e+00 +1.0249e+00 -3.0750e+00 -2.0120e+00 +2.2783e+00 +2.5091e+00 +3.8164e+00 +1.6421e+00 -2.9180e-02 +4.6032e+00 +1.1518e+00 +2.7762e+00 +7.0459e-01 +2.9298e+00 -4.6443e+00 +1.3362e+00 +2.5095e+00 +4.8563e+00 -3.8914e+00
1761 +5.939936790e+07 +5.939936790e+07 +5.939874679e+07 +5.939874679e+07 +1.4303e+00 +3.9975e+00 -1.0249e+00 -3.0750e+00 -2.0120e+00 -8.8762e-01 -1.1343e+00 -1.7349e+00 +4.0825e+00 -6.1005e-01 +5.0569e-01 +4.4446e+00 +9.5837e-01 +1.2633e+00 +4.1995e+00 -3.6281e+00 +2.2697e+00 +2.5095e+00 +3.1061e+00 -2.0289e+00
2291 +3.894632130e+07 +3.894632130e+07 +3.894570019e+07 +3.894570019e+07 -2.2392e+00 +3.8530e+00 +4.0747e+00 -2.1817e+00 -2.0120e+00 -2.2902e+00 +2.6896e+00 +1.3681e+00 +1.8806e+00 -6.1005e-01 +5.0569e-01 +4.4446e+00 +2.3915e+00 +1.5220e+00 +7.9383e-02 -3.9838e+00 +2.0234e+00 +3.4596e+00 +2.6531e+00 -2.0289e+00
3116 +2.443683842e+07 +2.443683842e+07 +2.443621731e+07 +2.443621731e+07 +1.4303e+00 +3.9975e+00 -1.0249e+00 -3.1060e+00 -2.0120e+00 -2.2824e+00 +2.6897e+00 +1.1181e+00 +2.2778e+00 +2.2367e-02 +4.1205e-01 +1.1504e+00 +3.0504e+00 +1.5220e+00 +2.9298e+00 -1.5242e+00 +2.0234e+00 +2.4596e+00 +2.6531e+00 -2.0279e+00
4086 +1.516586896e+07 +1.516586896e+07 +1.516524785e+07 +1.516524785e+07 +1.4303e+00 +3.1122e+00 +1.0249e+00 -3.1060e+00 -2.0120e+00 -2.2824e+00 +2.6896e+00 +5.4682e-01 +1.7556e+00 -5.4755e-01 +5.0569e-01 +4.1414e+00 +2.7762e+00 +7.0453e-01 +2.9298e+00 -1.8055e+00 +2.0234e+00 +2.4596e+00 +2.6531e+00 +1.8243e-02
4860 +9.933364994e+06 +9.933364994e+06 +9.932743884e+06 +9.932743884e+06 +1.4303e+00 +3.9965e+00 +1.0249e+00 -2.5891e+00 -2.0120e+00 -2.0402e+00 +2.6897e+00 -1.3367e+00 +1.0896e+00 +1.3778e-01 +5.0569e-01 +4.1414e+00 +2.7762e+00 +7.0459e-01 +2.4298e+00 -2.0674e+00 +1.3362e+00 +2.5095e+00 +2.6843e+00 +1.8243e-02
% function evaluation | noise-free fitness - Fopt (-2.548200000000e+02) | best noise-free fitness - Fopt | measured fitness | best measured fitness | x1 | x2...
1 +1.879998458e+09 +1.879998458e+09 +1.879998203e+09 +1.879998203e+09 +4.4705e+00 -3.1110e+00 +3.1973e+00 -1.5190e+00 +2.5910e+00 -4.6673e+00 -4.1966e+00 +2.3073e+00 +8.2349e-02 -2.6103e+00 +3.7988e+00 +1.1061e+00 +3.5866e+00 -3.5459e+00 -2.9322e+00 +1.3702e+00 -1.3912e+00 +1.1143e+00 -3.0418e+00 -4.8968e+00
2 +1.113174445e+09 +1.113174445e+09 +1.113174190e+09 +1.113174190e+09 +2.9900e+00 +1.8040e+00 +3.4190e+00 -5.0053e-02 -2.1455e+00 +4.6644e-01 -9.4288e-02 -6.0922e-01 -4.5732e+00 -4.7063e+00 +7.0118e-01 -8.4988e-03 +4.0972e+00 +1.7626e+00 +4.1583e+00 -1.2929e+00 -1.0522e+00 -3.5487e+00 -2.0104e+00 +3.2916e+00
3 +9.180422142e+08 +9.180422142e+08 +9.180419594e+08 +9.180419594e+08 +4.7946e+00 +2.7239e+00 +4.2825e+00 -3.1848e+00 -4.3117e+00 +2.6358e+00 +4.9512e+00 +4.9017e+00 -2.0621e+00 +4.1217e+00 -3.1597e+00 -3.1393e+00 +1.3512e+00 -8.0646e-01 +4.9449e+00 -4.1694e+00 -4.3649e+00 +2.9037e+00 -2.4342e+00 +4.7984e+00
11 +5.674885571e+08 +5.674885571e+08 +5.674883023e+08 +5.674883023e+08 +3.7884e+00 -4.3605e+00 -1.6074e+00 -5.2559e-01 -4.4185e+00 +8.3485e-01 -3.1869e+00 +1.4443e+00 +1.9302e+00 +4.5134e+00 +3.6208e+00 +3.9675e+00 +1.1142e+00 +4.0110e+00 -2.7798e+00 -1.6147e+00 +4.5887e+00 +2.7854e+00 -4.6882e+00 -2.4387e+00
78 +1.720085706e+08 +1.720085706e+08 +1.720083157e+08 +1.720083157e+08 +3.2190e+00 -2.8481e-01 +9.8754e-02 -3.0833e+00 -4.8376e+00 -4.0168e+00 +1.8518e-01 +4.9400e+00 +2.2845e+00 +2.8854e+00 -2.6028e+00 +4.5715e+00 -2.5978e+00 +5.9841e-01 -1.3402e+00 -3.6750e+00 -1.5040e+00 +1.4543e+00 -4.2570e+00 +1.2382e+00
272 +1.119327954e+08 +1.119327954e+08 +1.119325405e+08 +1.119325405e+08 +4.2888e+00 +4.4613e+00 +1.3204e+00 -2.2046e-01 -2.4109e+00 -1.0289e-01 -8.4568e-01 -1.4450e-01 -4.0080e-01 +2.0658e+00 +8.8458e-01 +2.4404e+00 -1.3984e+00 -3.5812e+00 -2.5712e-01 -3.7759e+00 +3.5266e+00 +2.7854e+00 -4.7890e+00 -1.1138e+00
575 +9.394438162e+07 +9.394438162e+07 +9.394412680e+07 +9.394412680e+07 +4.2888e+00 +4.4613e+00 +1.3204e+00 -2.2046e-01 -2.4109e+00 +4.0498e-02 +4.4588e-01 +4.2080e+00 +4.5481e+00 +3.4361e+00 +1.5766e+00 +2.5639e+00 +4.3694e-01 -4.0955e+00 -6.6803e-01 -3.4772e+00 -4.8176e-01 +2.4839e+00 -3.6908e+00 -1.1138e+00
898 +4.814661770e+07 +4.814661770e+07 +4.814636288e+07 +4.814636288e+07 +4.2888e+00 +4.4613e+00 +1.3204e+00 -2.2046e-01 -2.4109e+00 -1.0289e-01 -8.4568e-01 -1.4450e-01 +1.0233e+00 +4.1192e+00 +8.8458e-01 +2.4404e+00 -1.2734e+00 -3.5812e+00 -2.5712e-01 -1.5678e+00 +3.0551e+00 -4.8565e+00 -2.1678e+00 +2.4051e+00
1273 +3.080928623e+07 +3.080928623e+07 +3.080903141e+07 +3.080903141e+07 +3.5273e+00 +4.7763e+00 +1.2673e+00 -5.9799e-01 -2.8443e+00 +4.0498e-02 +4.4589e-01 +4.2089e+00 +1.9717e+00 +3.0330e+00 +3.9240e+00 +4.6972e+00 +1.1833e+00 +8.6198e-01 -3.1758e+00 -1.2381e+00 +3.6540e+00 -1.5048e+00 -3.0902e+00 +3.1193e+00
1787 +1.579547008e+07 +1.579547008e+07 +1.579521526e+07 +1.579521526e+07 +3.6523e+00 +4.7763e+00 +1.2673e+00 -2.6547e+00 -2.4109e+00 +4.0497e-02 +4.4589e-01 +7.3213e-01 +1.9717e+00 +3.0330e+00 +3.9084e+00 +2.7666e+00 -2.9657e-01 -1.2529e+00 -3.1758e+00 -1.2381e+00 +3.6540e+00 -1.5048e+00 -3.0902e+00 +3.1193e+00
2730 +9.999835967e+06 +9.999835967e+06 +9.999581147e+06 +9.999581147e+06 +3.6523e+00 +4.4613e+00 +1.3204e+00 -2.2046e-01 -2.4734e+00 -1.0289e-01 -8.4568e-01 +4.4568e+00 +6.2175e-01 +3.0330e+00 +3.9084e+00 +2.7666e+00 -2.9266e-01 -1.2529e+00 -3.1758e+00 -1.2381e+00 +3.6540e+00 -1.5048e+00 -3.0902e+00 +3.1193e+00
4195 +5.945975731e+06 +5.945975731e+06 +5.945720911e+06 +5.945720911e+06 +3.6523e+00 +4.7763e+00 +9.8754e-02 -5.9802e-01 -2.4109e+00 -6.0289e-01 -8.4513e-01 +4.2089e+00 +7.4675e-01 +3.0330e+00 +3.9084e+00 +2.5166e+00 -2.9266e-01 -1.2529e+00 -3.1758e+00 -1.2381e+00 +3.6540e+00 -1.5048e+00 -3.0902e+00 +3.1115e+00
% function evaluation | noise-free fitness - Fopt (5.661000000000e+01) | best noise-free fitness - Fopt | measured fitness | best measured fitness | x1 | x2...
1 +2.553003068e+09 +2.553003068e+09 +2.553003125e+09 +2.553003125e+09 +9.3086e-02 +4.2892e+00 +4.1341e+00 -3.1582e+00 -3.3402e+00 +1.2426e+00 -7.1606e-01 +3.5147e-01 +2.6914e+00 +4.7698e+00 +1.3942e+00 -3.9827e+00 -2.7484e+00 -3.2126e+00 +3.6832e+00 +3.9677e-01 +3.6471e-01 +2.6166e+00 +4.1251e-01 -2.5145e+00
4 +5.791540384e+08 +5.791540384e+08 +5.791540950e+08 +5.791540950e+08 -1.5695e+00 -2.7179e+00 -1.8185e+00 -1.1495e+00 -4.8240e+00 +9.0736e-01 -2.1001e+00 -4.2958e+00 -1.0173e+00 +3.8797e-01 +3.0956e-01 -4.4002e+00 +2.4566e+00 -3.8269e+00 -4.6523e+00 -2.2211e-01 -2.4603e+00 +4.0313e+00 -9.2027e-01 -2.8219e+00
23 +3.386486404e+08 +3.386486404e+08 +3.386486970e+08 +3.386486970e+08 +1.9663e+00 +9.7756e-01 -4.2755e+00 +2.9533e-01 -3.8567e+00 +4.5643e+00 +1.7336e+00 +3.3257e+00 -9.9431e-01 +2.1790e+00 +1.4461e-01 +2.6793e+00 +1.6448e+00 +8.4217e-01 -3.9404e+00 -1.4285e+00 -4.7826e+00 -4.0445e+00 -4.8357e-01 -3.7505e+00
65 +1.425020518e+08 +1.425020518e+08 +1.425021084e+08 +1.425021084e+08 -2.0188e+00 -4.4385e-01 -1.6871e-01 -5.1587e-01 +3.5249e-01 +1.4347e+00 +4.1426e+00 -1.4466e+00 -5.8303e-01 -6.7021e-01 +3.0448e+00 +1.6217e-01 +2.2398e-01 +4.9186e+00 -3.6655e-01 -3.8285e-01 -2.3888e+00 +3.7255e+00 +3.2322e+00 -3.0056e+00
809 +9.613079876e+07 +9.613079876e+07 +9.613085537e+07 +9.613085537e+07 -2.1331e+00 -3.8880e+00 -2.1530e+00 +2.2582e+00 -4.7394e+00 -3.1896e-01 +4.1426e+00 -1.4466e+00 -5.8303e-01 -6.7021e-01 +3.0448e+00 +1.6217e-01 -2.2398e-01 +4.9186e+00 -3.6655e-01 -3.8285e-01 -2.3888e+00 -1.4711e+00 +2.2970e+00 -4.4727e+00
1167 +4.753146696e+07 +4.753146696e+07 +4.753152357e+07 +4.753152357e+07 -3.6898e+00 -4.1783e+00 -1.5439e+00 -1.6842e+00 -2.1811e+00 -3.1896e-01 +4.1426e+00 -1.4466e+00 -5.8303e-01 +3.1342e+00 +1.0157e+00 +1.7851e+00 +1.1897e+00 +2.6663e+00 -3.1958e+00 +1.2961e+00 -1.0317e+00 +2.4612e+00 +2.0899e+00 -4.4057e+00
1819 +2.830266418e+07 +2.830266418e+07 +2.830272079e+07 +2.830272079e+07 -3.6898e+00 -4.6330e+00 -4.4991e+00 +1.3152e+00 -4.0207e+00 -5.2033e-02 +2.5213e+00 -1.2684e+00 -5.8303e-01 +3.1342e+00 +1.0160e+00 +1.7851e+00 +1.1897e+00 +2.6663e+00 -3.1333e+00 +1.2961e+00 -1.0317e+00 +2.4612e+00 +2.0899e+00 -4.4057e+00
1981 +2.129049389e+07 +2.129049389e+07 +2.129055050e+07 +2.129055050e+07 -3.6895e+00 -4.6330e+00 -4.4991e+00 +2.2579e+00 -4.6144e+00 -3.1896e-01 +2.6628e+00 -4.3852e+00 -5.8303e-01 +3.1342e+00 +1.0157e+00 +1.7851e+00 +1.2210e+00 +2.6663e+00 -3.6958e+00 +1.2961e+00 -1.0317e+00 +2.4612e+00 +2.0899e+00 -4.4057e+00
3418 +1.584786349e+07 +1.584786349e+07 +1.584792010e+07 +1.584792010e+07 -3.6898e+00 -4.2860e+00 -4.4991e+00 +1.3152e+00 -4.0207e+00 -2.7078e-01 +2.5213e+00 -4.3801e+00 +5.1158e-03 +3.1342e+00 +1.0160e+00 +1.7851e+00 +1.1897e+00 +2.6584e+00 -3.1333e+00 +1.2963e+00 -1.0317e+00 +2.5134e+00 +8.0116e-01 -4.4057e+00
4287 +9.984194129e+06 +9.984194129e+06 +9.984250739e+06 +9.984250739e+06 -3.6907e+00 -4.6330e+00 -4.4991e+00 +2.2582e+00 -4.0207e+00 -1.2950e+00 +2.5291e+00 -4.3852e+00 -8.3303e-01 +3.1342e+00 +3.0448e+00 +2.3423e+00 +2.0234e+00 +2.2020e+00 -3.2192e+00 +1.2961e+00 -1.0317e+00 +2.5134e+00 +8.0116e-01 -4.4057e+00
% function evaluation | noise-free fitness - Fopt (-1.810000000000e+01) | best noise-free fitness - Fopt | measured fitness | best measured fitness | x1 | x2...
1 +6.871782328e+09 +6.871782328e+09 +6.871782310e+09 +6.871782310e+09 +2.8343e-01 -2.7155e+00 -2.0531e+00 +4.4453e+00 +3.6021e+00 -3.7711e+00 -4.9463e+00 +4.1451e+00 +2.5041e+00 +4.4585e-02 +2.2958e+00 -4.5624e+00 +4.8890e+00 +1.2563e+00 -1.3212e+00 -6.3014e-01 +3.1630e+00 +4.1930e+00 -3.5805e+00 +3.0679e+00
2 +3.585394977e+08 +3.585394977e+08 +3.585394796e+08 +3.585394796e+08 +4.0314e+00 -1.4875e+00 +2.6250e+00 +7.1600e-01 -4.0862e+00 +8.0810e-01 -1.0016e+00 +3.9442e+00 +1.9424e+00 -3.0976e+00 -3.5937e+00 +1.6031e+00 +2.5590e+00 -1.1832e+00 +4.9168e+00 +3.0263e+00 -1.3634e+00 -4.5900e+00 -8.2379e-01 -4.4576e+00
12 +2.246554380e+08 +2.246554380e+08 +2.246554199e+08 +2.246554199e+08 -2.9040e+00 +2.2748e+00 +1.1070e+00 +2.5130e+00 -9.9223e-01 +4.9814e+00 +3.8912e+00 -4.3706e-01 +2.0473e+00 +2.5708e+00 +1.7998e+00 -2.0616e+00 +1.6094e-01 +3.2479e-01 +1.1321e+00 -3.9734e+00 +1.9899e+00 -4.6624e+00 +4.5955e-01 +1.9742e+00
395 +1.350581060e+08 +1.350581060e+08 +1.350580879e+08 +1.350580879e+08 +2.3700e+00 +3.1478e+00 +9.5017e-01 +4.3974e+00 +3.8051e-02 +5.3946e-01 +1.3281e-01 +9.4449e-01 +3.3476e+00 -1.7075e+00 -4.4136e+00 +8.8338e-02 +2.7596e-01 +1.3434e+00 -1.4279e+00 +7.2178e-01 +1.8041e+00 -2.7996e+00 +3.3696e+00 -2.7231e+00
895 +9.089530049e+07 +9.089530049e+07 +9.089528239e+07 +9.089528239e+07 +1.4098e+00 +1.7665e+00 +2.4854e+00 +3.6040e+00 -1.7491e+00 -3.2574e+00 +4.5526e+00 +2.1506e+00 +3.2828e-01 +2.3278e+00 -8.6048e-02 -3.1145e-01 +1.0946e+00 +1.3177e-01 +3.6975e+00 -1.1395e+00 -3.0026e+00 -2.6620e+00 +3.3741e+00 +3.8057e+00
1729 +5.875274346e+07 +5.875274346e+07 +5.875272536e+07 +5.875272536e+07 +1.4098e+00 +1.5165e+00 +2.4854e+00 +3.6040e+00 -1.7491e+00 -3.2574e+00 +4.5526e+00 +2.1506e+00 +3.2853e-01 +2.3278e+00 -8.6048e-02 -3.1145e-01 +2.3226e+00 -3.2270e+00 +1.1852e+00 -1.1395e+00 -3.0026e+00 -2.6698e+00 +3.3741e+00 +3.8057e+00
2605 +3.974362837e+07 +3.974362837e+07 +3.974361027e+07 +3.974361027e+07 +1.4098e+00 +1.7665e+00 +2.4854e+00 +3.6040e+00 -1.7491e+00 +5.3946e-01 +2.6430e+00 +9.4449e-01 +1.9894e+00 +2.1983e+00 -3.0775e+00 -2.0075e+00 +1.2352e+00 -3.0812e+00 +1.1161e+00 +7.7631e-01 +2.0981e-01 -3.2521e+00 +3.3741e+00 +3.8057e+00
3389 +2.119251903e+07 +2.119251903e+07 +2.119250093e+07 +2.119250093e+07 -1.4098e+00 +7.9565e-01 +1.5842e+00 +3.6040e+00 -9.9223e-01 -1.9414e+00 +2.6430e+00 +2.1506e+00 +3.2828e-01 +2.3278e+00 -8.6048e-02 -3.1145e-01 +2.3226e+00 -3.2270e+00 +1.1158e+00 +9.0131e-01 -1.5067e+00 -2.9120e+00 +3.3741e+00 +1.8057e+00
3769 +1.379608960e+07 +1.379608960e+07 +1.379607150e+07 +1.379607150e+07 -1.4098e+00 +7.9565e-01 +2.4932e+00 +4.3974e+00 +3.8044e-02 +5.3946e-01 +2.1641e+00 +9.4253e-01 +1.1002e+00 +1.7836e+00 -2.1090e+00 -2.0374e+00 +1.9720e+00 -2.5538e+00 +1.6959e+00 +2.4975e+00 -5.0674e-01 -2.6620e+00 +3.3741e+00 +1.8057e+00
4849 +9.765576955e+06 +9.765576955e+06 +9.765558855e+06 +9.765558855e+06 -1.4089e+00 +7.9517e-01 +2.4932e+00 +4.3818e+00 +3.8043e-02 -1.9414e+00 +2.6430e+00 +9.1360e-01 +1.0963e+00 +1.7836e+00 -2.1090e+00 -2.0374e+00 +1.2352e+00 -3.0813e+00 +1.1161e+00 +9.0132e-01 -1.5067e+00 -3.9319e+00 +4.1749e+00 +1.8057e+00
% function evaluation | noise-free fitness - Fopt (3.777000000000e+01) | best noise-free fitness - Fopt | measured fitness | best measured fitness | x1 | x2...
1 +6.296305981e+08 +6.296305981e+08 +6.296306359e+08 +6.296306359e+08 -2.7401e+00 +4.2263e+00 +3.3602e+00 -1.2851e+00 -4.5154e-01 -3.2925e+00 +2.0686e+00 +4.1445e+00 +2.8806e+00 -3.9626e+00 -1.3595e+00 -8.4878e-01 +1.8953e-01 +3.6979e+00 -2.5263e+00 +3.1286e+00 -4.6304e+00 +4.6809e+00 +1.1663e-01 +1.4197e+00
12 +2.164180082e+08 +2.164180082e+08 +2.164180459e+08 +2.164180459e+08 -3.3790e+00 -2.4929e+00 +4.4415e+00 -2.0036e+00 +3.1011e+00 -3.6121e+00 -3.8233e+00 +1.8933e+00 +1.0278e+00 +1.8394e+00 +3.4365e+00 -1.7815e+00 -4.7605e+00 +4.5822e+00 +1.9960e+00 +5.1143e-01 -3.0536e+00 -4.8449e+00 +2.2193e+00 -4.6436e+00
31 +1.337965942e+08 +1.337965942e+08 +1.337966320e+08 +1.337966320e+08 -6.3153e-01 +6.3135e-01 +7.1783e-01 -1.2333e+00 +4.5720e+00 -1.6744e+00 -3.1784e+00 +4.8512e+00 -4.8726e-01 -4.9541e+00 +4.8706e+00 +1.7488e+00 -1.9622e-01 +7.0968e-01 +3.3518e+00 +2.4885e+00 -1.4455e+00 -2.6572e-01 -1.8792e+00 -1.6556e-01
551 +9.991522197e+07 +9.991522197e+07 +9.991525974e+07 +9.991525974e+07 +4.9653e+00 +8.5610e-01 -8.6416e-02 -2.0162e+00 +6.9891e-01 -1.6219e+00 -2.5288e+00 +2.7122e+00 +4.8741e-02 -4.3419e+00 +3.0809e+00 -2.6220e+00 -4.7651e+00 -2.1082e+00 -3.8320e-01 +6.6251e-01 -1.6304e+00 -3.1664e+00 -7.2067e-01 +2.3678e+00
1419 +5.501691532e+07 +5.501691532e+07 +5.501695309e+07 +5.501695309e+07 -3.4574e+00 +2.0645e+00 -2.9881e-01 +1.1500e+00 +4.7535e-01 -1.9482e+00 -2.5288e+00 +2.9622e+00 -1.2635e+00 -2.6064e+00 +2.8449e+00 -4.6925e+00 -2.0016e+00 +5.8418e-01 +2.3307e+00 -1.4609e+00 -1.6820e+00 -3.8271e+00 +2.0047e-01 -1.3621e+00
1505 +3.964530483e+07 +3.964530483e+07 +3.964534260e+07 +3.964534260e+07 -6.1872e-01 -2.6199e+00 +1.1782e+00 +2.4680e+00 +2.5491e+00 -2.6085e+00 -2.5288e+00 +2.5872e+00 +4.8741e-02 -2.6064e+00 +2.8468e+00 -4.6925e+00 -2.0328e+00 +5.8418e-01 -3.8320e-01 +6.6251e-01 -1.6304e+00 -2.6572e-01 +2.0047e-01 -6.7928e-02
2201 +2.021861444e+07 +2.021861444e+07 +2.021865221e+07 +2.021865221e+07 -3.4574e+00 +2.0645e+00 -2.9881e-01 +1.1500e+00 +2.5492e+00 -2.6085e+00 -2.5288e+00 +2.5717e+00 +4.8741e-02 -2.6064e+00 +2.8468e+00 -4.6300e+00 -2.0328e+00 +5.8418e-01 -3.8320e-01 +6.6251e-01 -1.6304e+00 -2.6572e-01 +2.0047e-01 -1.3621e+00
2865 +1.572584223e+07 +1.572584223e+07 +1.572588000e+07 +1.572588000e+07 -1.4764e+00 +8.5610e-01 -2.9881e-01 +1.1500e+00 +2.5492e+00 -2.6085e+00 -2.5288e+00 +2.5717e+00 +4.8737e-02 -3.4378e+00 +1.8916e+00 -7.6186e-01 +2.2348e-01 -3.7239e-01 -1.8930e+00 -1.4609e+00 -6.7423e-01 -2.6572e-01 +1.3797e-01 -3.6215e-01
3451 +9.680496575e+06 +9.680496575e+06 +9.680534345e+06 +9.680534345e+06 -1.4723e+00 +2.0646e+00 -2.9881e-01 +1.1500e+00 +2.5492e+00 -2.6085e+00 -2.6538e+00 +2.7122e+00 +4.8741e-02 -2.6064e+00 +2.8468e+00 -7.6187e-01 -2.0328e+00 +5.8418e-01 -3.7538e-01 +6.6251e-01 -1.6303e+00 -2.6572e-01 +2.0047e-01 -1.3621e+00
% function evaluation | noise-free fitness - Fopt (-1.523000000000e+01) | best noise-free fitness - Fopt | measured fitness | best measured fitness | x1 | x2...
1 +3.406661325e+09 +3.406661325e+09 +3.406661310e+09 +3.406661310e+09 +3.8693e+00 +1.1845e+00 +3.7042e+00 +2.9979e+00 +4.4670e+00 -4.5757e+00 +4.7504e+00 -2.9039e+00 -2.2642e+00 +2.3466e+00 -2.5391e+00 -3.8786e+00 +3.6691e+00 +2.2411e+00 -3.5593e+00 -1.2714e+00 -2.2243e+00 +3.6511e+00 -3.6998e+00 +3.4243e+00
3 +3.913723399e+08 +3.913723399e+08 +3.913723247e+08 +3.913723247e+08 +2.7791e+00 +4.1431e+00 -2.7535e+00 +3.0907e+00 +1.8583e+00 -1.7813e+00 -2.0570e+00 -1.3677e+00 +4.3498e+00 +1.3745e+00 +3.4838e+00 +4.0851e+00 -2.9875e+00 -2.3864e+00 +3.8588e+00 -3.7482e-01 +2.0516e+00 +5.7002e-01 -8.3529e-01 +5.1019e-01
101 +2.448598405e+08 +2.448598405e+08 +2.448598252e+08 +2.448598252e+08 -2.1662e+00 +4.0489e+00 +1.6220e-01 +4.8895e+00 -1.1198e+00 +4.1058e+00 +4.4659e+00 +4.4521e+00 +3.0131e-01 -3.9450e+00 -2.5662e+00 -3.6265e+00 +2.1411e+00 +6.0761e-01 -2.6339e+00 +1.8105e+00 +4.1894e+00 -2.5962e+00 +1.0214e+00 +9.5957e-01
283 +1.489929075e+08 +1.489929075e+08 +1.489928923e+08 +1.489928923e+08 +3.8585e+00 -2.7359e+00 -4.2995e+00 +3.4014e-01 +3.5932e-01 -2.4564e+00 +1.0310e+00 +1.0008e+00 +4.6708e+00 +1.2989e+00 -1.9902e+00 -4.5409e+00 +1.0978e+00 +1.4406e+00 -1.7699e+00 -2.0664e+00 -1.7368e+00 -1.6993e+00 +1.0262e-01 -3.3433e+00
1135 +6.965757128e+07 +6.965757128e+07 +6.965755605e+07 +6.965755605e+07 +2.8585e+00 +3.8861e+00 -3.6668e+00 +3.3254e+00 -2.1086e+00 +4.0216e+00 -1.6829e+00 +3.0828e+00 -1.6644e+00 -2.1027e-01 -1.9902e+00 -4.5409e+00 +1.0978e+00 +1.4406e+00 -1.7699e+00 -2.0664e+00 -1.7370e+00 -4.7155e+00 +1.0262e-01 -3.3435e+00
1542 +5.074618585e+07 +5.074618585e+07 +5.074617062e+07 +5.074617062e+07 +2.8585e+00 +3.8861e+00 -3.6668e+00 +2.3254e+00 -2.1086e+00 +4.0216e+00 -1.6829e+00 +3.0828e+00 -1.6643e+00 -2.1003e-01 -1.9902e+00 -4.5409e+00 +1.0978e+00 +1.4406e+00 -1.7699e+00 -2.0742e+00 -3.1062e+00 -1.0568e+00 +1.0262e-01 -3.3435e+00
2187 +3.737338078e+07 +3.737338078e+07 +3.737336555e+07 +3.737336555e+07 +1.3979e+00 +3.1517e+00 -4.2522e+00 +4.0528e+00 -3.7903e+00 +1.2486e+00 -2.8470e+00 +3.0826e+00 -1.6644e+00 -2.1027e-01 -1.9902e+00 -4.5409e+00 +1.0978e+00 +1.4406e+00 -1.7699e+00 -2.0664e+00 -1.2368e+00 -1.6998e+00 -8.7144e-01 -2.1051e+00
3399 +2.212244517e+07 +2.212244517e+07 +2.212242994e+07 +2.212242994e+07 +2.8585e+00 +3.8861e+00 -4.2522e+00 +4.0528e+00 -3.7903e+00 +1.2486e+00 -2.8470e+00 +3.0669e+00 -1.6644e+00 -2.1030e-01 -2.8637e+00 -3.7690e+00 +1.0977e+00 +1.4407e+00 -7.6985e-01 -2.0664e+00 -1.7368e+00 -1.0568e+00 +1.0263e-01 -3.3435e+00
% function evaluation | noise-free fitness - Fopt (-1.614300000000e+02) | best noise-free fitness - Fopt | measured fitness | best measured fitness | x1 | x2...
1 +1.126873179e+09 +1.126873179e+09 +1.126873017e+09 +1.126873017e+09 -4.9138e+00 +4.7719e+00 +3.6687e+00 +4.5288e+00 +4.0945e+00 +3.9893e+00 -3.6272e+00 +4.2477e+00 +4.3030e+00 +1.2787e+00 -1.7767e-01 -3.7619e+00 -3.0171e-01 +6.1583e-01 +2.7735e+00 -4.1407e+00 +3.0560e+00 -6.7904e-01 -4.4432e+00 -1.3723e+00
6 +7.992277883e+08 +7.992277883e+08 +7.992276269e+08 +7.992276269e+08 -4.2672e+00 -1.4022e+00 +3.3436e-01 +1.1077e+00 -1.2713e+00 +2.2054e+00 +1.3744e+00 +3.9774e+00 +2.7135e+00 -1.5680e+00 -3.8038e+00 -4.1037e+00 +3.9820e+00 +4.2179e+00 +4.9630e+00 -2.6822e-02 +1.8539e+00 +1.6400e+00 +1.6648e+00 -2.7506e+00
9 +4.756686007e+08 +4.756686007e+08 +4.756684393e+08 +4.756684393e+08 +3.2268e+00 -7.3652e-01 -3.8430e+00 -1.6374e+00 -3.8139e+00 -1.8012e+00 -2.2777e+00 -3.8865e+00 -1.1084e+00 -4.1978e+00 -4.2591e+00 -2.6773e+00 +2.8643e+00 -1.1053e+00 +1.9414e+00 +2.3068e-02 +7.5416e-01 +1.6628e+00 +3.1164e+00 +9.8124e-01
22 +2.923975212e+08 +2.923975212e+08 +2.923973598e+08 +2.923973598e+08 +4.0391e-01 -2.9515e+00 +4.3394e+00 -3.9993e+00 -4.4355e+00 -4.1456e+00 -7.3845e-01 -2.4377e+00 -2.1855e+00 -1.4326e+00 -4.9014e+00 -4.8642e+00 +1.5677e+00 -4.6146e+00 +3.4013e+00 +1.0760e+00 +3.3093e+00 -4.0479e+00 -1.7535e+00 +4.2360e+00
81 +2.216658940e+08 +2.216658940e+08 +2.216657326e+08 +2.216657326e+08 -4.4060e+00 -3.5552e+00 +4.2142e+00 -1.3117e+00 +3.0856e-01 +1.9324e+00 -1.9799e+00 -3.7088e+00 -1.0394e+00 -4.8161e-01 -4.7914e+00 -4.9809e+00 +2.5348e+00 -2.7219e+00 +2.2352e+00 -2.2719e+00 -9.6409e-01 +4.0904e+00 +1.4378e+00 +2.3209e+00
311 +1.475244367e+08 +1.475244367e+08 +1.475242752e+08 +1.475242752e+08 +2.0173e+00 -4.6382e+00 +4.3838e+00 +1.8602e+00 -3.7315e+00 -3.8978e-01 +1.6704e+00 -7.5152e-02 -3.8018e+00 -2.3660e+00 -1.5716e+00 -3.3306e+00 -2.1844e+00 -4.6415e+00 -2.5842e+00 -1.6913e+00 +1.6998e+00 -1.4722e+00 +3.7686e+00 +2.4275e+00
1071 +9.393058259e+07 +9.393058259e+07 +9.393042116e+07 +9.393042116e+07 +1.9443e+00 -3.8607e+00 +2.6963e+00 +2.4229e+00 -8.5182e-01 -3.0454e+00 -3.2976e+00 +5.6993e-01 +3.4049e+00 -1.8522e+00 -8.0099e-01 -4.6399e+00 -8.3434e-01 -4.3977e+00 +2.4047e+00 -2.6463e+00 +2.1036e+00 -3.3107e+00 +6.6210e-01 +2.0775e+00
1496 +6.304671361e+07 +6.304671361e+07 +6.304655218e+07 +6.304655218e+07 +2.0173e+00 -4.6382e+00 +4.3838e+00 +1.8602e+00 -3.7315e+00 -5.2380e-01 -2.5793e+00 +9.2251e-01 +2.8036e+00 -3.2025e+00 -1.5716e+00 -3.3306e+00 -2.1844e+00 -3.0660e+00 +1.9786e+00 +3.4581e-01 +1.6940e+00 -1.4097e+00 +3.7686e+00 +2.4275e+00
2019 +3.642333672e+07 +3.642333672e+07 +3.642317529e+07 +3.642317529e+07 +9.4428e-01 -3.6107e+00 +2.6963e+00 +2.4229e+00 -8.5182e-01 -5.8630e-01 -2.7043e+00 +9.2251e-01 +2.8036e+00 -3.2025e+00 -1.5716e+00 -3.3306e+00 -3.3232e+00 -2.7698e+00 +1.8536e+00 +2.8331e-01 +1.6940e+00 -1.4722e+00 +4.0104e-01 +2.8033e+00
2917 +2.047370766e+07 +2.047370766e+07 +2.047354623e+07 +2.047354623e+07 +1.9443e+00 -3.8607e+00 +2.6963e+00 +2.1729e+00 -8.2057e-01 -3.8981e-01 -3.3601e+00 +5.6993e-01 +2.3954e+00 -2.4978e+00 -1.5716e+00 -3.3316e+00 -2.0594e+00 -3.0699e+00 +1.9786e+00 +2.8428e-01 +1.6940e+00 +2.0596e+00 +1.5826e-01 +1.8436e+00
4097 +1.259235408e+07 +1.259235408e+07 +1.259219265e+07 +1.259219265e+07 +9.4428e-01 -3.6107e+00 +2.6963e+00 +2.6768e+00 -3.5182e-01 -3.8981e-01 -3.3601e+00 +9.8501e-01 +9.9106e-01 -1.8444e+00 +1.2149e+00 -3.3316e+00 -2.0594e+00 -3.0699e+00 +1.9786e+00 +2.8430e-01 +1.6940e+00 +2.0596e+00 +1.5826e-01 +2.8033e+00
% function evaluation | noise-free fitness - Fopt (3.280300000000e+02) | best noise-free fitness - Fopt | measured fitness | best measured fitness | x1 | x2...
1 +2.287960327e+08 +2.287960327e+08 +2.287963607e+08 +2.287963607e+08 +4.7135e+00 -4.1135e+00 +8.0279e-01 -1.4969e+00 +1.4786e+00 -5.7367e-01 +4.0648e+00 -4.3349e+00 +2.8214e+00 -3.5745e+00 +3.8475e+00 +2.2015e+00 -1.3266e+00 -9.0132e-01 +2.5988e+00 +7.1046e-01 +3.7463e+00 -3.2787e+00 -4.1508e+00 -4.3179e+00
35 +1.508051744e+08 +1.508051744e+08 +1.508055025e+08 +1.508055025e+08 -7.8017e-01 -7.2553e-01 -3.0123e-02 -3.4695e+00 +2.7697e+00 -3.0198e+00 -9.7255e-01 -1.5194e+00 +9.1900e-01 -3.4023e+00 +1.0900e+00 +2.1736e+00 +1.1114e-01 +2.7662e+00 +4.0540e+00 -7.5321e-01 +6.2682e-01 -7.8397e-01 -1.4110e+00 -4.8379e+00
931 +9.581580741e+07 +9.581580741e+07 +9.581613544e+07 +9.581613544e+07 -8.2949e-01 +6.8649e-01 -2.9009e-01 -2.0771e+00 +4.3236e+00 +9.1889e-01 -1.3719e+00 -1.5194e+00 +9.1900e-01 -3.3944e+00 +2.6586e+00 +7.6185e-01 -4.0653e-01 +3.8316e+00 -2.5170e+00 -2.1357e+00 -1.1330e+00 -1.2914e-01 -3.1095e+00 -2.5509e+00
1615 +5.364383403e+07 +5.364383403e+07 +5.364416206e+07 +5.364416206e+07 +6.5527e-01 +5.6996e-01 +1.0706e+00 +1.5964e+00 +4.5165e+00 -2.4486e+00 +2.0444e+00 -1.8326e+00 -3.1992e+00 -3.5886e+00 -2.6905e+00 +4.6686e+00 +1.2073e+00 +3.8229e+00 -4.1102e+00 +1.3227e+00 -1.9852e+00 +9.7091e-01 -1.8970e+00 -3.7378e-01
2462 +3.697682005e+07 +3.697682005e+07 +3.697714808e+07 +3.697714808e+07 +6.5527e-01 +5.6996e-01 +1.0706e+00 +1.5964e+00 +4.5165e+00 -2.4486e+00 +2.0444e+00 -1.8326e+00 -3.1992e+00 -3.5886e+00 -2.6905e+00 +4.6686e+00 +1.2073e+00 +3.8229e+00 -2.5209e+00 -2.1357e+00 -1.1332e+00 -1.2914e-01 -3.1095e+00 -4.9878e-01
3441 +2.430296248e+07 +2.430296248e+07 +2.430329051e+07 +2.430329051e+07 +4.7136e+00 +4.5700e+00 +4.1131e+00 +2.4083e+00 +3.3233e+00 -2.4486e+00 +2.0464e+00 -1.8326e+00 -1.5666e+00 -3.5215e+00 -2.6905e+00 +4.6686e+00 +1.2073e+00 +3.8229e+00 -2.5856e+00 -1.0882e+00 -7.9201e-01 -2.2356e+00 -1.5196e+00 -3.7378e-01
4049 +1.475585776e+07 +1.475585776e+07 +1.475618579e+07 +1.475618579e+07 +4.7136e+00 +4.5700e+00 +4.1131e+00 +2.4083e+00 +3.3233e+00 -2.4486e+00 -1.3719e+00 -1.5194e+00 -2.2149e+00 -3.5886e+00 -2.6905e+00 +4.6681e+00 -1.2073e+00 +3.8229e+00 -4.0947e+00 -2.8511e+00 -1.6442e+00 -2.2356e+00 -1.8009e+00 -3.7378e-01
% function evaluation | noise-free fitness - Fopt (-3.213000000000e+01) | best noise-free fitness - Fopt | measured fitness | best measured fitness | x1 | x2...
1 +2.427266255e+09 +2.427266255e+09 +2.427266223e+09 +2.427266223e+09 +2.1536e+00 +1.9111e+00 +1.8724e+00 +4.9879e+00 -4.8793e+00 +3.1290e+00 +3.1678e+00 +6.8730e-01 -2.8063e+00 +2.3634e+00 -6.6874e-01 +1.4567e+00 +3.9925e+00 +3.4048e+00 -4.9650e+00 -3.7106e+00 +4.7839e+00 +3.2046e+00 +1.3578e+00 -4.2023e+00
3 +7.314162188e+08 +7.314162188e+08 +7.314161867e+08 +7.314161867e+08 -2.8908e+00 +8.6574e-02 -1.4644e+00 +4.8975e+00 -4.7750e+00 +3.0834e+00 +2.2891e+00 -9.9892e-02 -2.8608e+00 -1.7332e-01 +4.3790e+00 +4.9440e+00 +1.4222e+00 +3.9203e+00 +2.0596e+00 +7.0260e-01 -6.0633e-01 -9.9508e-01 +2.0342e+00 +1.9421e+00
5 +4.188297257e+08 +4.188297257e+08 +4.188296935e+08 +4.188296935e+08 +1.8624e+00 -4.9658e+00 +4.1134e+00 -2.2756e-01 -3.7262e-01 -2.5466e+00 -3.2620e+00 -1.9167e+00 +4.2147e+00 +7.8356e-01 -4.8261e+00 +1.3415e+00 +2.5582e+00 -4.9910e+00 -4.2681e+00 +2.1237e+00 +4.2794e+00 +4.6514e+00 +1.2022e+00 +5.0210e-01
15 +2.573626996e+08 +2.573626996e+08 +2.573626675e+08 +2.573626675e+08 -1.9260e+00 +2.1839e-04 +4.9326e+00 -3.4177e+00 -2.9504e+00 -2.8758e+00 +1.7270e+00 -1.8091e-01 -9.2389e-01 +1.5958e+00 -6.5319e-01 +4.9593e+00 -3.7224e+00 +2.9336e+00 -2.1290e+00 +2.4295e+00 +2.4236e+00 +4.5663e+00 +2.3145e+00 -5.2120e-01
45 +1.831612820e+08 +1.831612820e+08 +1.831612498e+08 +1.831612498e+08 -3.1228e+00 +2.6293e+00 +1.1858e+00 -1.4016e+00 +2.6714e+00 +3.2361e-01 -1.8095e+00 -2.7391e+00 -6.7119e-01 -3.1318e+00 -3.6194e+00 -1.0164e-01 +3.8706e+00 -2.4481e+00 +4.7815e+00 +7.3697e-01 -3.3038e+00 +1.7669e+00 -1.5830e+00 +2.1955e-01
725 +1.207077388e+08 +1.207077388e+08 +1.207077067e+08 +1.207077067e+08 +2.5712e+00 -1.6713e+00 +4.8507e-01 -4.4575e+00 -2.1102e+00 +3.9710e+00 -2.1673e-01 +1.6293e+00 +3.1753e-01 -1.2345e+00 -4.1930e+00 +4.5535e+00 +4.0349e-02 +8.9604e-01 +2.3185e+00 +3.7045e-01 +3.6279e+00 +3.2885e+00 +7.8570e-01 +3.3782e+00
1143 +9.438044007e+07 +9.438044007e+07 +9.438040794e+07 +9.438040794e+07 -4.1192e-01 -1.6205e-01 +3.2759e+00 -3.8852e+00 -2.9154e+00 +4.7739e+00 -1.7460e-01 -2.9889e+00 +2.2875e+00 -3.3259e+00 -1.2093e+00 +4.3469e+00 +1.4945e+00 +1.3855e+00 +4.3004e+00 +4.1585e+00 +4.6240e+00 +1.3975e+00 -2.6411e+00 -3.2451e+00
1665 +5.690669639e+07 +5.690669639e+07 +5.690666426e+07 +5.690666426e+07 +4.5988e-01 +2.3430e-01 +2.9396e+00 -3.6941e+00 -1.3053e+00 +2.4733e-01 -1.5455e+00 -4.5237e+00 -1.7405e+00 -3.1317e+00 -3.6194e+00 +3.2876e+00 +1.3211e+00 -2.5213e+00 +2.9170e+00 +4.9866e+00 +4.6941e+00 +1.8920e+00 +9.2939e-01 -4.0349e+00
1937 +3.521290606e+07 +3.521290606e+07 +3.521287393e+07 +3.521287393e+07 +1.5267e-01 +2.2691e+00 +3.4483e+00 -5.5593e-01 -1.0134e+00 +3.8149e+00 +2.1302e+00 -4.3999e+00 -3.0715e+00 -3.9906e+00 -4.1930e+00 +2.3208e+00 +4.1476e+00 -1.8484e+00 +4.3624e+00 +4.1585e+00 +4.6240e+00 +1.3975e+00 -2.6411e+00 -3.2451e+00
2659 +2.425954624e+07 +2.425954624e+07 +2.425951411e+07 +2.425951411e+07 +4.5988e-01 +2.3430e-01 +2.9396e+00 -3.6941e+00 -1.0134e+00 +3.8149e+00 +2.1302e+00 -4.4038e+00 -3.0715e+00 -3.9916e+00 -4.1930e+00 +2.3208e+00 +4.1476e+00 -1.7859e+00 +4.3624e+00 +4.1585e+00 +4.6240e+00 +1.4600e+00 +9.2939e-01 -4.0349e+00
3793 +1.564052142e+07 +1.564052142e+07 +1.564048929e+07 +1.564048929e+07 +4.9110e-01 +2.2671e+00 +4.7615e+00 -3.7416e+00 +1.0517e+00 +4.7739e+00 -1.7466e-01 -4.3843e+00 -3.0715e+00 -3.9916e+00 -3.6194e+00 +2.3209e+00 +4.1476e+00 -1.8484e+00 +4.3624e+00 +4.6272e+00 +2.7498e+00 +1.4600e+00 +9.2939e-01 -3.4950e-02
4680 +9.454432594e+06 +9.454432594e+06 +9.454400464e+06 +9.454400464e+06 +1.9867e+00 +2.2691e+00 +3.7936e+00 -3.7102e+00 -1.3419e-02 +3.8149e+00 +2.1302e+00 -4.3999e+00 -3.0706e+00 -3.9916e+00 -3.6194e+00 +2.3209e+00 +4.1477e+00 -1.8484e+00 +4.3624e+00 +4.6272e+00 +2.7498e+00 +1.4600e+00 +9.2939e-01 -3.2451e+00
% function evaluation | noise-free fitness - Fopt (1.576000000000e+01) | best noise-free fitness - Fopt | measured fitness | best measured fitness | x1 | x2...
1 +3.629470830e+08 +3.629470830e+08 +3.629470987e+08 +3.629470987e+08 -4.9911e-01 -2.9868e+00 -3.9175e-01 +4.7731e+00 +3.3924e+00 +1.8229e+00 +3.1155e+00 -1.4381e+00 -4.6113e-01 -2.8732e+00 -2.0763e+00 +3.2345e+00 +1.1441e-01 -9.6301e-01 -4.7919e+00 +3.0244e+00 -2.4910e+00 +3.1553e+00 +4.4537e+00 -4.0877e+00
14 +2.265060470e+08 +2.265060470e+08 +2.265060628e+08 +2.265060628e+08 +3.5788e+00 +1.4719e-01 -2.3502e+00 -1.6349e+00 +2.4603e+00 +3.1404e+00 +2.0497e+00 +4.9967e+00 +3.9004e-01 -1.4748e+00 +1.2700e+00 +3.4426e+00 -2.8499e+00 +2.8784e+00 +4.1073e+00 +4.4887e+00 -2.3641e+00 +1.4704e+00 +1.0803e+00 +1.5869e+00
249 +1.219501079e+08 +1.219501079e+08 +1.219501237e+08 +1.219501237e+08 +3.1483e-01 +1.1458e+00 +4.0002e-01 +4.1965e+00 -3.4734e+00 +3.5305e+00 -4.0982e-01 -3.4576e+00 -8.2780e-01 +1.8832e+00 -8.9234e-01 +3.2047e+00 -3.6243e+00 -3.3296e+00 +2.5066e-01 -9.4521e-01 -3.6703e+00 +1.7181e+00 +3.1487e+00 +3.0446e+00
739 +9.108299035e+07 +9.108299035e+07 +9.108300611e+07 +9.108300611e+07 +1.0944e+00 -7.0436e-01 -5.8207e-01 +2.0904e+00 +8.5306e-01 +8.6183e-02 +5.9226e-01 +1.9151e+00 +1.7563e+00 -4.2689e-01 -1.2049e+00 +4.6618e+00 -2.8600e+00 -3.8892e+00 +4.2222e-01 +2.5760e+00 -4.6271e-01 +2.0221e-02 +4.2319e+00 -2.2713e+00
1239 +6.006976883e+07 +6.006976883e+07 +6.006978459e+07 +6.006978459e+07 +2.9208e+00 +9.9868e-01 -2.3684e-01 +3.0879e+00 +6.2009e-02 +1.5339e+00 +5.9224e-01 -9.3648e-01 +3.9597e+00 +1.8832e+00 -8.9234e-01 +3.2047e+00 -3.6243e+00 -3.0543e+00 +1.2723e+00 -3.9989e-03 -2.0429e+00 +2.2199e+00 -3.1061e-01 -9.3132e-01
1867 +3.323689372e+07 +3.323689372e+07 +3.323690948e+07 +3.323690948e+07 +3.0968e+00 -7.0436e-01 -8.3305e-01 +2.0904e+00 -6.0252e-01 -5.7545e-02 -4.3205e-01 -1.9185e+00 +1.7563e+00 -4.2689e-01 -2.3431e+00 +2.0782e+00 -4.3939e+00 -3.8892e+00 +4.2223e-01 -6.8943e-01 +3.3143e+00 -2.0537e+00 +4.2319e+00 +4.5384e+00
2435 +2.295336216e+07 +2.295336216e+07 +2.295337792e+07 +2.295337792e+07 +4.4571e+00 -2.3457e+00 -2.6799e+00 +3.0879e+00 +6.2009e-02 +1.5339e+00 +5.9224e-01 -9.3575e-01 +3.1824e+00 +6.3316e-01 -7.6734e-01 +3.2046e+00 -3.6243e+00 -3.0543e+00 +4.2763e+00 -3.9994e-03 +9.1036e-01 +1.1065e+00 +2.1412e+00 +4.4668e+00
3741 +1.541402526e+07 +1.541402526e+07 +1.541404102e+07 +1.541404102e+07 +3.5788e+00 -2.3459e+00 -2.6799e+00 +3.0879e+00 -1.6025e+00 -5.7545e-02 -4.3205e-01 -1.9185e+00 +3.9607e+00 +6.3316e-01 -7.6734e-01 +1.2047e+00 -3.6243e+00 -3.0543e+00 +4.2763e+00 -3.9994e-03 +9.1036e-01 +2.0466e-02 +1.1115e+00 +1.5869e+00
% function evaluation | noise-free fitness - Fopt (3.735000000000e+01) | best noise-free fitness - Fopt | measured fitness | best measured fitness | x1 | x2...
1 +3.028066421e+11 +3.028066421e+11 +3.028066422e+11 +3.028066422e+11 +1.0276e+00 +1.6974e+00 +3.3113e+00 +2.3909e+00 -2.8482e-01 -2.6858e+00 +2.4536e+00 -2.5546e+00 +3.2054e+00 -3.2374e+00 -3.1652e+00 -3.5518e+00 +3.0183e+00 -4.1584e+00 +3.1201e+00 +3.0947e-01 -1.0222e+00 -3.3727e+00 +4.6181e+00 -4.7290e+00
2 +3.308624957e+09 +3.308624957e+09 +3.308624995e+09 +3.308624995e+09 -2.7322e+00 -7.8463e-02 +3.5595e+00 +3.5593e+00 -3.9619e+00 +1.3457e-01 +3.3613e+00 -4.2243e+00 +4.7146e+00 +4.1327e+00 -1.9851e+00 +4.1101e+00 +4.4827e+00 +2.8858e+00 +7.5765e-01 -3.7161e+00 +2.4682e+00 +1.5441e+00 +2.9744e+00 -4.2094e+00
7 +2.054616714e+09 +2.054616714e+09 +2.054616751e+09 +2.054616751e+09 +3.9198e+00 +7.5931e-01 -7.0734e-01 -4.3364e+00 -1.0172e+00 +5.9465e-01 -2.2918e+00 -2.5166e+00 -3.4711e+00 +3.3112e+00 +2.2862e+00 +2.1157e+00 +4.8132e+00 +4.2651e+00 +4.5960e+00 -4.3333e+00 -4.5605e+00 +1.2643e+00 +4.1177e+00 -7.1874e-01
8 +4.357615058e+08 +4.357615058e+08 +4.357615432e+08 +4.357615432e+08 -3.1281e+00 -1.8279e+00 +1.9161e+00 +4.5285e+00 +1.0543e+00 -2.6852e+00 -4.7009e+00 -4.9754e-01 -2.2944e+00 -1.5958e+00 -1.6921e+00 +4.1077e-01 -1.7100e+00 -3.9836e+00 +4.4880e+00 +2.5095e+00 -3.7113e+00 -1.9974e+00 -7.2321e-02 +1.0781e-01
16 +3.702643142e+08 +3.702643142e+08 +3.702643515e+08 +3.702643515e+08 -1.1437e+00 -2.0782e+00 +1.1324e+00 -1.1615e+00 +2.6385e+00 -4.6100e-01 +8.4070e-02 -2.4843e-01 -2.1951e-01 +1.4204e+00 +4.6722e+00 +1.6088e+00 +4.1351e+00 +2.3677e+00 +4.5108e+00 -2.9060e+00 -1.4089e+00 +4.0524e+00 -3.2513e+00 +2.1348e+00
94 +2.011149392e+08 +2.011149392e+08 +2.011149766e+08 +2.011149766e+08 -2.2181e+00 -9.9191e-01 +4.7677e+00 +1.5950e+00 +2.0190e+00 +2.2375e+00 +2.3184e+00 -3.0627e+00 -3.1991e+00 -2.0196e+00 +3.3605e+00 +8.4243e-01 -3.0802e+00 +2.8056e-01 -1.7728e+00 -1.5101e-01 +4.6072e-01 -3.5362e+00 +1.2954e+00 +7.7034e-02
887 +1.495365823e+08 +1.495365823e+08 +1.495366196e+08 +1.495366196e+08 -4.1147e+00 -3.3487e+00 +3.0951e+00 -4.2484e-01 +2.6518e+00 -4.6303e+00 -4.1486e+00 -3.4263e+00 -2.3043e+00 +1.7983e+00 +3.3605e+00 -3.9811e-01 +2.8121e+00 +5.4075e-01 +1.6305e+00 +3.2588e+00 +4.6072e-01 -3.5362e+00 +1.2954e+00 +1.4487e+00
1165 +9.725666629e+07 +9.725666629e+07 +9.725670364e+07 +9.725670364e+07 -4.0924e+00 +2.1499e+00 +1.7854e+00 -1.4835e+00 +1.6659e+00 -7.6111e-01 -2.2957e+00 -2.5166e+00 -3.4710e+00 +3.3111e+00 +2.2862e+00 +4.0613e+00 +2.8621e+00 +4.2651e+00 -1.7728e+00 -1.5101e-01 +2.1794e-01 -1.1345e+00 -2.6296e+00 -4.8436e-01
2267 +6.304731506e+07 +6.304731506e+07 +6.304735241e+07 +6.304735241e+07 -3.5664e+00 +3.3770e-01 +4.8328e+00 -2.7981e+00 +1.6659e+00 -7.6111e-01 +2.2957e+00 -2.5166e+00 -3.6885e+00 +3.5312e+00 +2.7313e+00 +3.9176e+00 -7.2926e-01 +3.3901e+00 -1.5408e+00 +3.2588e+00 +4.6072e-01 -3.5362e+00 -2.5928e+00 +3.3927e+00
3409 +3.743515846e+07 +3.743515846e+07 +3.743519581e+07 +3.743519581e+07 -4.0927e+00 -5.6647e-01 +2.8659e+00 -1.1455e-02 +3.3310e+00 -1.0920e+00 -5.3851e-01 -3.0627e+00 -2.3033e+00 +1.7983e+00 +3.3605e+00 +1.8863e+00 +4.4911e-01 +2.6387e+00 -3.3408e+00 +4.3190e+00 +2.1794e-01 -1.1345e+00 -2.6295e+00 +3.3469e+00
4622 +2.420126198e+07 +2.420126198e+07 +2.420129933e+07 +2.420129933e+07 -4.0927e+00 -5.6647e-01 +2.8659e+00 -4.8347e-01 +3.0999e+00 -2.2802e+00 +2.3342e+00 -3.0627e+00 -3.6885e+00 +2.0196e+00 +3.3605e+00 -4.1373e-01 +4.4911e-01 +2.6387e+00 -3.3408e+00 +3.2588e+00 +2.1794e-01 -1.1345e+00 -2.6295e+00 +3.3469e+00
% function evaluation | noise-free fitness - Fopt (-3.096300000000e+02) | best noise-free fitness - Fopt | measured fitness | best measured fitness | x1 | x2...
1 +7.997113572e+09 +7.997113572e+09 +7.997113263e+09 +7.997113263e+09 -3.7718e+00 +1.0001e+00 -2.0321e+00 -3.3664e-01 +5.3525e-01 +4.1830e+00 +1.0087e+00 -9.0639e-01 -1.9412e+00 +1.5882e+00 -7.4901e-01 +2.4139e+00 -3.5040e+00 -3.3149e+00 -4.6179e+00 +3.0935e+00 -4.0523e+00 -3.6135e+00 -2.3162e+00 +4.8083e+00
3 +4.827766088e+08 +4.827766088e+08 +4.827762992e+08 +4.827762992e+08 -4.1810e+00 +5.0217e-01 -3.1158e+00 +8.3307e-01 +2.6063e+00 -7.6894e-01 +2.3267e+00 +1.1976e+00 -3.3915e+00 +3.4617e+00 +1.3227e+00 -2.8515e+00 +8.4695e-01 +3.6198e+00 -6.3604e-01 +2.3781e+00 -1.4221e+00 -3.5558e+00 +1.2052e+00 +4.8365e+00
12 +2.460452841e+08 +2.460452841e+08 +2.460449745e+08 +2.460449745e+08 +3.4992e+00 -1.3436e-01 -7.7291e-01 -1.3361e+00 -6.6173e-01 -4.9095e-01 +9.8145e-01 -3.9799e+00 -2.6807e+00 -2.0116e-01 +4.8140e+00 +8.9379e-01 +3.3048e+00 -8.9803e-01 -5.5687e-01 +4.4588e+00 +1.0318e+00 -4.1937e+00 +1.2656e+00 +4.3437e+00
393 +1.510585688e+08 +1.510585688e+08 +1.510582591e+08 +1.510582591e+08 +1.1062e+00 +2.5145e+00 -2.7095e+00 +2.4079e+00 -7.6855e-01 +1.9306e-01 +6.2478e-01 -3.7260e+00 +4.4229e+00 +1.5851e+00 +1.3169e+00 +4.9183e+00 +1.8518e+00 +4.8125e+00 -1.0417e+00 +3.9042e+00 -3.1027e+00 +3.7918e+00 +3.4700e+00 -1.4644e+00
981 +9.770624095e+07 +9.770624095e+07 +9.770593132e+07 +9.770593132e+07 -2.7350e+00 +3.4491e+00 +1.3476e+00 +1.8918e-01 +1.9045e+00 -4.2189e+00 +1.6351e+00 +2.3960e-01 -1.2270e-02 -3.8421e+00 +3.8451e+00 +3.1353e+00 -1.4845e+00 -1.9363e+00 -2.4093e+00 +3.1890e+00 -4.1239e-01 +4.9857e+00 -2.3037e+00 +2.8370e+00
1169 +5.303374473e+07 +5.303374473e+07 +5.303343510e+07 +5.303343510e+07 -2.7350e+00 +3.4491e+00 +1.3476e+00 +1.8918e-01 -3.2594e+00 -2.3387e+00 +1.4276e+00 +6.0916e-01 +2.2047e+00 +1.5289e+00 +3.8451e+00 +3.1353e+00 -1.4845e+00 -1.9363e+00 -2.4093e+00 +3.1890e+00 -4.1239e-01 +4.9857e+00 -2.3037e+00 +2.8370e+00
2494 +3.922438979e+07 +3.922438979e+07 +3.922408016e+07 +3.922408016e+07 -2.7350e+00 +3.4491e+00 +1.3476e+00 +1.8918e-01 -3.2594e+00 -2.3387e+00 +1.4276e+00 +6.0916e-01 +2.2047e+00 +1.5132e+00 +3.8451e+00 +3.1353e+00 -1.4845e+00 -1.9363e+00 -2.4093e+00 +3.1890e+00 -3.0076e+00 +4.4218e+00 +9.5466e-02 +2.3471e+00
3074 +2.402742415e+07 +2.402742415e+07 +2.402711452e+07 +2.402711452e+07 -2.7350e+00 +2.4482e+00 +1.3476e+00 +2.2043e-01 -3.2594e+00 -3.5519e+00 +2.4845e+00 -1.7260e+00 +1.4072e+00 +1.5211e+00 +3.8451e+00 +3.4633e+00 -2.7561e+00 -1.7286e+00 -1.3919e-01 +2.3681e+00 -3.0076e+00 +4.9213e+00 -1.7747e+00 -9.7208e-01
4159 +1.369403967e+07 +1.369403967e+07 +1.369373004e+07 +1.369373004e+07 -3.5225e+00 +2.4491e+00 +1.0449e+00 +1.8918e-01 -3.2594e+00 -2.3387e+00 +1.4296e+00 -3.9799e+00 -2.6807e+00 -2.0116e-01 +3.8451e+00 +3.1353e+00 -2.3127e+00 -2.1480e+00 +3.7724e-02 +2.1024e+00 -1.5788e+00 +2.7068e+00 +3.3000e+00 +2.3471e+00
4530 +9.698405730e+06 +9.698405730e+06 +9.698096100e+06 +9.698096100e+06 -3.5225e+00 +2.4482e+00 +1.3471e+00 +7.2434e-01 -3.2594e+00 -2.3387e+00 +3.4276e+00 -1.7260e+00 +1.4150e+00 +1.5211e+00 +3.8451e+00 +3.1354e+00 -1.2970e+00 -2.1402e+00 -1.3919e-01 +2.3681e+00 -1.0076e+00 +4.4545e+00 -9.5466e-02 -8.4014e-01
% function evaluation | noise-free fitness - Fopt (-1.000000000000e+03) | best noise-free fitness - Fopt | measured fitness | best measured fitness | x1 | x2...
1 +4.272843020e+08 +4.272843020e+08 +4.272833020e+08 +4.272833020e+08 +7.3003e-01 -2.4909e-01 +1.0577e-01 -2.8477e+00 +4.0713e+00 +2.7919e-02 +2.5307e+00 -3.5777e+00 -3.7755e+00 +2.2636e+00 +8.2363e-01 -6.9780e-01 -1.4999e+00 +2.1492e+00 +1.1936e+00 +2.6230e+00 -2.4567e+00 -3.4047e+00 +3.6728e+00 +2.5853e+00
11 +3.892885369e+08 +3.892885369e+08 +3.892875369e+08 +3.892875369e+08 +2.7635e+00 -6.8226e-01 -2.3260e+00 -4.2440e-02 -2.1392e+00 -1.6899e+00 +2.1871e-01 +2.8520e+00 +1.9993e+00 +3.0271e+00 +3.6389e+00 -2.6500e+00 +1.5258e+00 -4.5992e+00 +1.2505e+00 -2.0442e+00 +1.9332e+00 +4.0825e+00 -4.8866e+00 +3.5731e+00
53 +2.092667512e+08 +2.092667512e+08 +2.092657512e+08 +2.092657512e+08 +1.9442e+00 +1.8999e+00 +2.0807e+00 +4.3752e+00 +4.4708e+00 +4.9311e+00 +5.9034e-01 +3.0965e+00 -1.0881e+00 +2.8151e+00 +1.2070e+00 -3.9180e+00 -2.3959e-01 +1.6929e+00 -1.7986e+00 +1.5047e+00 -9.2993e-01 +2.3323e+00 +1.3835e+00 +1.0861e+00
121 +1.450737392e+08 +1.450737392e+08 +1.450727392e+08 +1.450727392e+08 +1.4527e+00 +1.7803e-01 -2.7925e+00 -1.0572e+00 +2.8996e+00 +3.2198e+00 +3.4525e+00 +4.5617e+00 -4.1328e+00 -2.8145e+00 -1.2546e+00 -4.8037e+00 +5.1883e-01 -4.6224e+00 +3.1118e+00 -1.0876e+00 +2.8631e+00 +3.3251e+00 -1.8638e+00 -6.4705e-01
873 +9.157087355e+07 +9.157087355e+07 +9.156987355e+07 +9.156987355e+07 +4.3615e+00 +3.5619e+00 -2.2028e+00 +2.0258e+00 -8.4129e-02 -8.7511e-01 -1.2486e+00 +1.5521e+00 -5.6801e-01 +4.1463e+00 -2.2314e+00 -4.4795e+00 -6.8690e-01 -2.2597e+00 +4.2255e+00 +6.2741e-01 -1.7757e+00 +3.4709e+00 -2.5327e-01 -1.9536e+00
1457 +5.737986416e+07 +5.737986416e+07 +5.737886416e+07 +5.737886416e+07 +1.4527e+00 +1.7803e-01 -2.7613e+00 -1.3072e+00 +2.8996e+00 +3.2198e+00 +3.4525e+00 +4.7803e+00 -7.1150e-01 +2.0046e+00 -3.8534e-01 -2.1271e+00 -2.3120e+00 -7.3519e-01 +3.3739e+00 -1.0867e+00 +2.8631e+00 +3.3251e+00 -1.8716e+00 -6.4705e-01
2153 +3.976162170e+07 +3.976162170e+07 +3.976062170e+07 +3.976062170e+07 +4.3620e+00 +3.5619e+00 -2.2028e+00 +2.0258e+00 +2.8996e+00 +3.2198e+00 +3.4525e+00 +4.7804e+00 -5.6801e-01 +4.1776e+00 +3.3011e+00 -3.8717e+00 -3.6118e+00 -2.2597e+00 +4.2255e+00 +6.2741e-01 -1.7757e+00 +3.4709e+00 -2.5327e-01 -1.9536e+00
2939 +2.366649363e+07 +2.366649363e+07 +2.366549363e+07 +2.366549363e+07 +4.3620e+00 +3.5619e+00 -2.7925e+00 -1.0611e+00 +2.8996e+00 +2.8435e+00 +1.4555e+00 +3.3000e+00 +3.6524e+00 +4.0614e+00 +9.5273e-01 -4.4795e+00 -6.8690e-01 -2.0097e+00 +4.1005e+00 +8.7741e-01 -5.1451e-01 +3.6047e+00 -2.5327e-01 -1.9536e+00
3679 +1.576044067e+07 +1.576044067e+07 +1.575944067e+07 +1.575944067e+07 +4.3620e+00 +3.5619e+00 -2.7925e+00 -1.0611e+00 +2.8996e+00 +2.8435e+00 +1.4555e+00 +3.8000e+00 +1.0881e+00 +2.8151e+00 +1.2070e+00 -3.7889e+00 -2.1958e+00 -2.2597e+00 +4.2255e+00 +6.3131e-01 -5.1451e-01 +3.6047e+00 -2.5327e-01 -1.9536e+00
4707 +8.903987270e+06 +8.903987270e+06 +8.902987270e+06 +8.902987270e+06 +4.3620e+00 +3.5619e+00 -2.7613e+00 -1.3067e+00 +2.7600e+00 +1.4698e+00 +3.3861e+00 +3.2865e+00 +2.7639e+00 +2.8463e+00 +1.2070e+00 -3.7850e+00 -2.3117e+00 -7.3519e-01 +3.3739e+00 -1.0867e+00 -1.2757e+00 +3.4709e+00 +3.3835e+00 -1.9536e+00
% function evaluation | noise-free fitness - Fopt (5.800000000000e+01) | best noise-free fitness - Fopt | measured fitness | best measured fitness | x1 | x2...
1 +6.432476558e+08 +6.432476558e+08 +6.432477138e+08 +6.432477138e+08 -4.4013e+00 +3.7695e+00 +1.8907e+00 -3.0553e+00 -4.3660e+00 +1.8705e+00 -2.9788e+00 -4.5466e+00 +1.2696e+00 -3.9441e+00 +3.9565e+00 +8.2970e-01 +2.7601e+00 +1.5270e+00 -3.4228e+00 -4.8040e+00 -5.1104e-01 +4.0365e+00 -3.8582e+00 +1.1804e+00
2 +3.891816118e+08 +3.891816118e+08 +3.891816698e+08 +3.891816698e+08 -2.3578e+00 -3.7082e+00 -4.2191e+00 +2.3948e+00 -4.8745e+00 +1.3775e+00 -2.8163e+00 +2.4399e+00 -5.9972e-01 -3.9010e+00 +3.2679e+00 -1.4655e+00 -1.2718e+00 -4.9214e+00 -3.9985e+00 -4.9034e+00 +3.7017e+00 -3.4958e+00 -1.2134e+00 -3.1960e+00
33 +2.180945823e+08 +2.180945823e+08 +2.180946403e+08 +2.180946403e+08 +1.2493e+00 +2.8639e+00 -3.4476e+00 -6.9937e-01 -3.2572e+00 +2.0887e+00 +3.7871e+00 -1.9509e+00 -1.0298e-01 -2.5067e+00 +1.0328e-01 +4.0629e+00 +2.7623e+00 +1.0099e-01 -6.0895e-01 -3.1598e+00 -1.6873e+00 -2.3008e+00 +7.1499e-01 +2.2466e+00
39 +1.403752383e+08 +1.403752383e+08 +1.403752963e+08 +1.403752963e+08 -1.5849e+00 -1.0640e+00 -3.8888e+00 +2.2177e+00 -1.1316e-01 +1.8597e+00 +3.4723e-01 -4.6372e+00 -3.3315e+00 -2.0514e+00 +1.2828e+00 -1.7434e+00 +2.3696e+00 -4.6489e+00 -1.5942e+00 +3.5299e+00 -3.1762e-01 +1.4808e+00 +1.5376e+00 -3.6668e+00
827 +8.550392225e+07 +8.550392225e+07 +8.550398025e+07 +8.550398025e+07 -2.4353e+00 +1.1826e+00 -4.8583e+00 +3.1918e+00 +6.2368e-01 -1.7443e+00 -4.7800e-01 -4.4781e+00 +5.3429e-01 +1.5007e+00 -8.6183e-02 -2.7687e-01 +1.7539e+00 -3.6543e+00 -3.0305e+00 -1.6098e+00 +2.2270e+00 +3.0196e-01 +3.3488e+00 -2.6092e+00
1547 +5.506658092e+07 +5.506658092e+07 +5.506663892e+07 +5.506663892e+07 -2.4354e+00 +5.1826e+00 -3.2583e-01 +2.2595e+00 +2.0399e+00 -1.0958e+00 +1.5879e+00 -1.3987e+00 +5.3429e-01 +1.5007e+00 -8.6183e-02 -2.7687e-01 +1.7539e+00 -3.6543e+00 -3.0305e+00 +1.7470e+00 +2.2270e+00 +3.0196e-01 +3.3488e+00 -2.6092e+00
1709 +3.902338875e+07 +3.902338875e+07 +3.902344675e+07 +3.902344675e+07 -2.4354e+00 +5.1826e+00 -3.2583e-01 +2.2595e+00 +2.0399e+00 -1.0958e+00 +1.5879e+00 -1.3987e+00 +5.3429e-01 +1.5007e+00 -3.4810e+00 -3.7706e+00 +4.3232e+00 -3.2394e+00 -6.7394e-01 +1.7470e+00 +2.2270e+00 -3.0196e-01 +3.3488e+00 -2.6092e+00
2648 +2.413331618e+07 +2.413331618e+07 +2.413337418e+07 +2.413337418e+07 -2.4354e+00 +5.1514e+00 -2.3258e+00 +3.4974e-01 -3.1524e-01 -1.0958e+00 +1.5877e+00 -1.3987e+00 +5.3429e-01 +1.5007e+00 -3.4805e+00 -3.7706e+00 +4.3232e+00 -3.2395e+00 -6.7394e-01 +1.7470e+00 +2.2270e+00 +3.0196e-01 +3.3488e+00 -2.6092e+00
3603 +1.303896699e+07 +1.303896699e+07 +1.303902499e+07 +1.303902499e+07 -2.4353e+00 +2.9889e+00 -2.4509e+00 -8.7627e-01 +6.1782e-01 -1.0958e+00 +1.5879e+00 -1.1331e+00 +3.1408e+00 +1.5007e+00 -3.4810e+00 -3.5205e+00 +3.1605e+00 -3.2399e+00 -6.7394e-01 +1.7470e+00 +2.7270e+00 +3.0196e-01 +3.3488e+00 -2.6092e+00
4283 +9.922002295e+06 +9.922002295e+06 +9.922060295e+06 +9.922060295e+06 -2.4353e+00 +2.9888e+00 -2.4509e+00 -8.7627e-01 -3.1524e-01 -1.0958e+00 +1.5722e+00 -1.3987e+00 +7.8429e-01 +1.5007e+00 -3.4810e+00 -2.7706e+00 +1.7529e+00 -3.2399e+00 -6.7394e-01 +1.7470e+00 +3.2270e+00 +3.0196e-01 +3.3488e+00 -2.6092e+00
% function evaluation | noise-free fitness - Fopt (9.438000000000e+01) | best noise-free fitness - Fopt | measured fitness | best measured fitness | x1 | x2...
1 +2.897781712e+09 +2.897781712e+09 +2.897781806e+09 +2.897781806e+09 -2.1677e-01 +1.2936e+00 +1.1258e+00 +3.4529e+00 -1.5706e+00 +1.0400e+00 -2.8936e+00 -3.5626e-02 +3.0588e+00 +1.5123e+00 -5.4761e-01 -7.7298e-01 -1.0378e+00 -4.3015e+00 -3.3436e+00 -3.3662e+00 -1.6839e+00 -5.0956e-01 -1.5670e+00 +3.6903e+00
2 +1.039984373e+09 +1.039984373e+09 +1.039984467e+09 +1.039984467e+09 +1.6370e+00 -2.5080e+00 -2.1545e+00 -3.1792e+00 -3.9282e+00 +4.2034e+00 +4.6607e+00 +4.7621e+00 +4.4152e+00 +2.7382e+00 +3.9390e+00 -3.6624e+00 -3.0152e+00 +1.2155e+00 +6.6713e-01 -2.2586e+00 -2.3192e-01 -9.4190e-01 -4.0225e+00 +1.0896e-01
5 +7.926202917e+08 +7.926202917e+08 +7.926203861e+08 +7.926203861e+08 +4.2542e+00 +7.9502e-01 -3.5977e+00 -1.9983e+00 +3.0821e-01 +2.2265e-01 +8.8564e-01 +4.7313e+00 -4.5127e+00 -4.3537e-01 -5.8347e-01 -6.8105e-01 +2.5382e+00 +4.5494e+00 +7.2190e-01 +1.9856e+00 +3.6828e+00 +1.8291e+00 -9.2321e-01 -4.2739e+00
9 +3.788413320e+08 +3.788413320e+08 +3.788414263e+08 +3.788414263e+08 +4.2569e+00 -6.3954e-01 +1.9977e-01 -2.5654e+00 -3.9880e+00 -5.5982e-01 +4.4474e+00 +9.7027e-01 -3.1466e+00 -8.9986e-01 +3.2090e+00 +4.4481e+00 +1.6580e+00 -2.9351e+00 +2.1716e+00 +4.7173e+00 -6.2088e-01 +1.8399e+00 +1.7782e+00 +2.9374e+00
473 +2.417802397e+08 +2.417802397e+08 +2.417803341e+08 +2.417803341e+08 +1.7168e+00 +1.1508e+00 -2.2326e+00 -1.0377e+00 -6.7629e-03 -2.2561e+00 +4.9724e+00 -2.3480e-02 +4.1224e+00 +2.7005e+00 -1.5571e+00 +3.5450e+00 -8.3676e-01 +2.8261e+00 -2.7364e+00 +2.7667e+00 +4.6228e+00 +2.1760e+00 +3.0360e+00 -1.3686e+00
589 +1.481846760e+08 +1.481846760e+08 +1.481847704e+08 +1.481847704e+08 +1.7950e+00 +1.6102e+00 -3.7588e+00 +1.6630e+00 -1.0167e+00 -2.9641e+00 -1.0734e-01 -2.9749e+00 -2.9924e+00 +4.6974e+00 -1.3527e+00 -2.1805e+00 -8.3556e-01 +8.5735e-02 -8.4060e-01 +2.2989e-01 +3.8391e+00 -1.7475e-02 +2.3244e+00 +4.3455e+00
1149 +9.525079559e+07 +9.525079559e+07 +9.525088997e+07 +9.525088997e+07 -2.3615e+00 +5.4892e-01 -1.6779e+00 +3.5221e+00 -4.4716e+00 +3.3592e+00 +3.4644e+00 -1.6366e+00 -8.2332e-01 +3.0265e+00 +3.2090e+00 +4.4481e+00 +4.5922e+00 +3.0450e+00 -1.5647e+00 +3.1912e+00 +2.6528e+00 -8.6476e-01 +3.8472e+00 +2.2467e+00
1631 +6.043467353e+07 +6.043467353e+07 +6.043476791e+07 +6.043476791e+07 -4.6615e+00 +1.1508e+00 -2.2326e+00 +1.6630e+00 -1.0167e+00 -2.9641e+00 -1.0734e-01 -2.9749e+00 -2.9924e+00 +2.6296e+00 +1.1954e+00 +2.5221e+00 +4.5922e+00 +3.0371e+00 -8.4060e-01 +2.2650e+00 -1.0352e+00 +6.9854e-01 +3.8472e+00 -1.2601e+00
2415 +2.980932983e+07 +2.980932983e+07 +2.980942421e+07 +2.980942421e+07 -2.3615e+00 +3.6735e+00 -1.6779e+00 +3.5221e+00 -3.9880e+00 -1.5381e+00 +1.5933e+00 -2.9754e+00 -2.9616e+00 +2.6296e+00 +1.1954e+00 +2.5221e+00 +4.5922e+00 +3.0371e+00 -8.4060e-01 +2.2744e+00 -1.0040e+00 +7.0245e-01 +3.8472e+00 +2.2462e+00
2950 +2.476308986e+07 +2.476308986e+07 +2.476318424e+07 +2.476318424e+07 -2.3615e+00 +3.1735e+00 -1.6779e+00 +3.5221e+00 -4.4716e+00 -1.3370e+00 +3.4644e+00 -1.6366e+00 -2.9924e+00 +2.6296e+00 +1.1954e+00 +3.1320e+00 +2.9473e+00 +3.0450e+00 -1.5647e+00 +3.1912e+00 +6.5278e-01 -8.6476e-01 +3.8472e+00 +2.2467e+00
3449 +1.451481104e+07 +1.451481104e+07 +1.451490542e+07 +1.451490542e+07 -2.3615e+00 +3.1755e+00 -3.6782e+00 +3.5221e+00 -3.9880e+00 -1.5381e+00 +3.5933e+00 -2.9754e+00 -2.9616e+00 +2.6296e+00 +1.1954e+00 +2.5221e+00 +4.5922e+00 +3.0371e+00 -8.4060e-01 +8.8507e-01 +8.0748e-01 -1.5883e-01 +3.8470e+00 +2.2462e+00
4565 +9.712484820e+06 +9.712484820e+06 +9.712579200e+06 +9.712579200e+06 -2.3615e+00 +3.1755e+00 -3.6782e+00 +3.5221e+00 -3.9880e+00 -1.5381e+00 +3.5933e+00 -1.6366e+00 -2.9924e+00 +2.6296e+00 +1.1954e+00 +4.4811e-01 +2.9473e+00 +3.0371e+00 -8.4060e-01 +8.8507e-01 +8.0748e-01 -1.5883e-01 +3.8470e+00 +2.2462e+00
