% function evaluation | noise-free fitness - Fopt (-6.211100000000e+02) | best noise-free fitness - Fopt | measured fitness | best measured fitness | x1 | x2...
1 +5.683972601e+07 +5.683972601e+07 +5.683910490e+07 +5.683910490e+07 +4.0036e+00 -2.0626e+00 -2.8975e+00
2 +3.354856354e+07 +3.354856354e+07 +3.354794243e+07 +3.354794243e+07 -1.7784e+00 -2.3680e+00 +1.2349e+00
3 +2.381268168e+07 +2.381268168e+07 +2.381206057e+07 +2.381206057e+07 +1.9326e+00 -1.0667e+00 +3.3475e+00
4 +4.886817633e+06 +4.886817633e+06 +4.886196523e+06 +4.886196523e+06 +3.8792e+00 -1.0259e+00 +5.8270e-01
18 +2.114287843e+06 +2.114287843e+06 +2.113666733e+06 +2.113666733e+06 +4.5640e+00 +1.4236e+00 -5.5391e-01
151 +1.126837992e+06 +1.126837992e+06 +1.126216882e+06 +1.126216882e+06 -2.6549e+00 +4.2985e+00 -1.0390e-01
197 +2.947502155e+05 +2.947502155e+05 +2.941291055e+05 +2.941291055e+05 +1.2303e+00 +3.0177e+00 -6.4400e-01
206 +2.328580990e+05 +2.328580990e+05 +2.322369890e+05 +2.322369890e+05 +3.6311e+00 +1.0131e+00 -9.8096e-01
234 +1.484351464e+05 +1.484351464e+05 +1.478140364e+05 +1.478140364e+05 +2.5625e-01 +3.4953e+00 -4.7129e-01
613 +8.130345585e+04 +8.130345585e+04 +8.068234585e+04 +8.068234585e+04 +1.4410e-01 +3.5241e+00 -3.1513e-01
759 +6.300467614e+04 +6.300467614e+04 +6.238356614e+04 +6.238356614e+04 -6.4236e-01 +3.8289e+00 +3.5404e-01
857 +2.783729608e+04 +2.783729608e+04 +2.721618608e+04 +2.721618608e+04 +3.1881e-01 +3.0833e+00 -1.0390e-01
1128 +1.594338240e+04 +1.594338240e+04 +1.532227240e+04 +1.532227240e+04 +1.1947e+00 +2.2090e+00 -3.8937e-01
1208 +2.247138096e+03 +2.247138096e+03 +1.626028096e+03 +1.626028096e+03 +6.3383e-01 +2.7502e+00 -3.8736e-01
2135 +7.157043717e+02 +7.157043717e+02 +9.459437167e+01 +9.459437167e+01 +3.1881e-01 +3.0177e+00 -2.7641e-01
2755 +4.348086156e+02 +4.348086156e+02 -1.863013844e+02 -1.863013844e+02 +9.3555e-01 +2.5045e+00 -3.9806e-01
3272 +1.362645083e+02 +1.362645083e+02 -4.848454917e+02 -4.848454917e+02 +8.5119e-01 +2.5627e+00 -3.8956e-01
3400 +6.390392946e+01 +6.390392946e+01 -5.572060705e+02 -5.572060705e+02 +8.1851e-01 +2.5939e+00 -3.8345e-01
3658 +1.158693356e+01 +1.158693356e+01 -6.095230664e+02 -6.095230664e+02 +8.1851e-01 +2.5940e+00 -3.8895e-01
4355 +6.648390522e+00 +6.648390522e+00 -6.144616095e+02 -6.144616095e+02 +8.1159e-01 +2.6013e+00 -3.8895e-01
4973 +5.751638710e+00 +5.751638710e+00 -6.153583613e+02 -6.153583613e+02 +8.1659e-01 +2.5974e+00 -3.8940e-01
% function evaluation | noise-free fitness - Fopt (-2.548200000000e+02) | best noise-free fitness - Fopt | measured fitness | best measured fitness | x1 | x2...
1 +3.847228837e+06 +3.847228837e+06 +3.846974017e+06 +3.846974017e+06 -2.2900e-01 -2.9267e+00 -2.2942e+00
11 +9.185312845e+05 +9.185312845e+05 +9.182764645e+05 +9.182764645e+05 +2.0082e+00 -3.0722e+00 -2.1478e+00
96 +3.985267592e+05 +3.985267592e+05 +3.982719392e+05 +3.982719392e+05 +3.0904e+00 +2.7636e+00 -9.9907e-01
122 +2.730919104e+05 +2.730919104e+05 +2.728370904e+05 +2.728370904e+05 +4.4235e+00 +4.0444e+00 -6.6277e-02
300 +1.637544133e+05 +1.637544133e+05 +1.634995933e+05 +1.634995933e+05 +1.7713e+00 -1.3465e+00 -1.8125e+00
773 +4.676247814e+04 +4.676247814e+04 +4.650765814e+04 +4.650765814e+04 +2.1368e+00 +1.2422e-01 -1.1808e+00
781 +3.801841804e+04 +3.801841804e+04 +3.776359804e+04 +3.776359804e+04 +8.7259e-01 -3.6432e+00 -2.4150e+00
863 +9.929296236e+03 +9.929296236e+03 +9.674476236e+03 +9.674476236e+03 +1.1156e+00 -3.6326e+00 -2.2046e+00
1678 +3.602680271e+03 +3.602680271e+03 +3.347860271e+03 +3.347860271e+03 +1.4131e+00 -2.3863e+00 -1.8125e+00
2957 +2.468779466e+03 +2.468779466e+03 +2.213959466e+03 +2.213959466e+03 +2.3836e+00 +3.3908e-01 -9.9710e-01
2988 +4.401287679e+02 +4.401287679e+02 +1.853087679e+02 +1.853087679e+02 +2.3836e+00 +2.7627e-01 -9.6788e-01
3764 +3.002724956e+02 +3.002724956e+02 +4.545249562e+01 +4.545249562e+01 +2.3836e+00 +3.3908e-01 -9.6837e-01
3819 +1.883805250e+02 +1.883805250e+02 -6.643947504e+01 -6.643947504e+01 +2.3836e+00 +3.3907e-01 -9.6511e-01
4372 +3.339204052e+01 +3.339204052e+01 -2.214279595e+02 -2.214279595e+02 +2.3836e+00 +3.3908e-01 -9.5031e-01
4491 +1.558436891e+01 +1.558436891e+01 -2.392356311e+02 -2.392356311e+02 +2.3846e+00 +3.3908e-01 -9.5275e-01
% function evaluation | noise-free fitness - Fopt (5.661000000000e+01) | best noise-free fitness - Fopt | measured fitness | best measured fitness | x1 | x2...
1 +4.150796976e+07 +4.150796976e+07 +4.150802637e+07 +4.150802637e+07 +9.0802e-01 -3.9997e+00 -5.9347e-01
4 +2.623673473e+06 +2.623673473e+06 +2.623730083e+06 +2.623730083e+06 -3.2527e+00 -4.5298e+00 -4.5822e+00
20 +4.759235941e+05 +4.759235941e+05 +4.759802041e+05 +4.759802041e+05 -1.9685e+00 -3.2109e+00 -4.1820e+00
144 +8.985099291e+04 +8.985099291e+04 +8.990760291e+04 +8.990760291e+04 -3.2688e+00 -2.9376e+00 -4.1744e+00
709 +1.726877115e+04 +1.726877115e+04 +1.732538115e+04 +1.732538115e+04 -2.8091e+00 -2.8128e+00 -4.2460e+00
907 +1.370293710e+04 +1.370293710e+04 +1.375954710e+04 +1.375954710e+04 -3.7357e+00 -2.3213e+00 -3.7867e+00
1187 +5.499551893e+03 +5.499551893e+03 +5.556161893e+03 +5.556161893e+03 -3.2688e+00 -2.5022e+00 -4.1049e+00
1592 +1.054087412e+03 +1.054087412e+03 +1.110697412e+03 +1.110697412e+03 -4.4656e+00 -1.8738e+00 -3.4817e+00
2569 +5.660762918e+02 +5.660762918e+02 +6.226862918e+02 +6.226862918e+02 -3.2845e+00 -2.5647e+00 -4.1049e+00
3337 +7.477024444e+01 +7.477024444e+01 +1.313802444e+02 +1.313802444e+02 -3.7357e+00 -2.3282e+00 -3.9118e+00
4414 +6.151808078e+01 +6.151808078e+01 +1.181280808e+02 +1.181280808e+02 -3.0731e+00 -2.7061e+00 -4.2438e+00
% function evaluation | noise-free fitness - Fopt (-1.810000000000e+01) | best noise-free fitness - Fopt | measured fitness | best measured fitness | x1 | x2...
1 +2.321089475e+08 +2.321089475e+08 +2.321089294e+08 +2.321089294e+08 +2.1965e+00 +3.4055e+00 -2.7921e+00
4 +2.410320110e+06 +2.410320110e+06 +2.410302010e+06 +2.410302010e+06 +2.2778e+00 +1.1183e+00 +1.1006e+00
8 +1.405586973e+06 +1.405586973e+06 +1.405568873e+06 +1.405568873e+06 +3.0806e+00 +1.4923e+00 +2.0037e+00
100 +8.545467624e+05 +8.545467624e+05 +8.545286624e+05 +8.545286624e+05 -3.9519e+00 -9.4217e-01 +3.3164e+00
110 +3.957676357e+05 +3.957676357e+05 +3.957495357e+05 +3.957495357e+05 -4.5937e+00 -1.8014e+00 +4.0663e+00
225 +2.112116359e+05 +2.112116359e+05 +2.111935359e+05 +2.111935359e+05 +3.1912e+00 +2.0726e+00 +1.6060e+00
480 +2.714385885e+04 +2.714385885e+04 +2.712575885e+04 +2.712575885e+04 -1.1705e+00 +2.6762e-01 +3.2703e+00
1061 +1.062438596e+04 +1.062438596e+04 +1.060628596e+04 +1.060628596e+04 +1.6380e+00 +1.9675e+00 +1.9412e+00
1243 +1.574249325e+03 +1.574249325e+03 +1.556149325e+03 +1.556149325e+03 -5.0816e-01 +7.9291e-01 +2.8844e+00
2328 +2.366315513e+02 +2.366315513e+02 +2.185315513e+02 +2.185315513e+02 +2.4291e-02 +1.0359e+00 +2.5576e+00
4061 +2.966879856e+01 +2.966879856e+01 +1.156879856e+01 +1.156879856e+01 -3.1775e-01 +8.8321e-01 +2.7433e+00
% function evaluation | noise-free fitness - Fopt (3.777000000000e+01) | best noise-free fitness - Fopt | measured fitness | best measured fitness | x1 | x2...
1 +6.736213508e+06 +6.736213508e+06 +6.736251278e+06 +6.736251278e+06 +2.4777e+00 +2.3920e+00 +1.3591e+00
10 +3.868880462e+06 +3.868880462e+06 +3.868918232e+06 +3.868918232e+06 -2.7237e+00 +2.1411e+00 -4.0595e-01
26 +3.160810024e+05 +3.160810024e+05 +3.161187724e+05 +3.161187724e+05 -1.1926e+00 +2.6091e+00 +4.3774e-01
247 +2.117750926e+05 +2.117750926e+05 +2.118128626e+05 +2.118128626e+05 -4.1738e+00 -1.4021e+00 +4.7575e+00
483 +7.926017745e+04 +7.926017745e+04 +7.929794745e+04 +7.929794745e+04 +5.0521e-01 +2.8624e+00 -6.5459e-02
647 +3.869675012e+04 +3.869675012e+04 +3.873452012e+04 +3.873452012e+04 -8.0788e-01 +2.2844e+00 +1.8897e-01
648 +8.612958481e+03 +8.612958481e+03 +8.650728481e+03 +8.650728481e+03 -8.0791e-01 +2.2883e+00 +4.3898e-01
979 +1.572036990e+03 +1.572036990e+03 +1.609806990e+03 +1.609806990e+03 -8.8075e-01 +2.1831e+00 +4.3774e-01
2639 +8.080819859e+02 +8.080819859e+02 +8.458519859e+02 +8.458519859e+02 -8.3202e-01 +2.1831e+00 +4.3897e-01
3077 +3.700755804e+02 +3.700755804e+02 +4.078455804e+02 +4.078455804e+02 -8.0840e-01 +2.1753e+00 +3.9085e-01
3250 +1.729773181e+02 +1.729773181e+02 +2.107473181e+02 +2.107473181e+02 -8.7088e-01 +2.1519e+00 +4.3897e-01
3851 +1.533837625e+02 +1.533837625e+02 +1.911537625e+02 +1.911537625e+02 -8.6309e-01 +2.1519e+00 +4.3772e-01
4028 +6.031932461e+01 +6.031932461e+01 +9.808932461e+01 +9.808932461e+01 -8.0890e-01 +2.1831e+00 +4.0697e-01
4696 +1.274801091e-01 +1.274801091e-01 +3.789748011e+01 +3.789748011e+01 -8.2018e-01 +2.1831e+00 +4.0697e-01
% function evaluation | noise-free fitness - Fopt (-1.523000000000e+01) | best noise-free fitness - Fopt | measured fitness | best measured fitness | x1 | x2...
1 +1.341526793e+07 +1.341526793e+07 +1.341525270e+07 +1.341525270e+07 +4.9349e+00 -8.5482e-01 +7.1588e-02
5 +6.600776937e+06 +6.600776937e+06 +6.600761707e+06 +6.600761707e+06 +3.7009e+00 +3.3152e+00 -4.1573e+00
20 +1.609844731e+06 +1.609844731e+06 +1.609829501e+06 +1.609829501e+06 -1.2676e+00 -3.8918e+00 -3.2672e+00
21 +9.679985110e+05 +9.679985110e+05 +9.679832810e+05 +9.679832810e+05 +8.9961e-01 -1.0203e+00 -2.6575e+00
35 +5.120873938e+05 +5.120873938e+05 +5.120721638e+05 +5.120721638e+05 +1.6187e+00 -1.0217e-01 -2.6623e+00
156 +6.442891485e+04 +6.442891485e+04 +6.441368485e+04 +6.441368485e+04 +1.5732e+00 +3.8318e-01 -2.4808e+00
372 +3.352283837e+04 +3.352283837e+04 +3.350760837e+04 +3.350760837e+04 -7.3486e-02 -1.1994e+00 -2.3746e+00
734 +1.512153631e+04 +1.512153631e+04 +1.510630631e+04 +1.510630631e+04 +8.1626e-01 +1.2689e-01 -2.6596e+00
1067 +4.244871068e+03 +4.244871068e+03 +4.229641068e+03 +4.229641068e+03 +1.1076e-01 -8.0881e-01 -2.6119e+00
1471 +3.548196546e+03 +3.548196546e+03 +3.532966546e+03 +3.532966546e+03 +8.8642e-01 +2.0527e-01 -2.5622e+00
1733 +5.243436767e+02 +5.243436767e+02 +5.091136767e+02 +5.091136767e+02 +1.2529e+00 +4.3654e-01 -2.5622e+00
1858 +3.220087833e+02 +3.220087833e+02 +3.067787833e+02 +3.067787833e+02 +1.1076e-01 -8.0881e-01 -2.5582e+00
2015 +6.905788277e+01 +6.905788277e+01 +5.382788277e+01 +5.382788277e+01 +1.6413e+00 +6.9343e-01 -2.5304e+00
4251 +5.672977918e+01 +5.672977918e+01 +4.149977918e+01 +4.149977918e+01 +1.2533e+00 +4.3654e-01 -2.5426e+00
% function evaluation | noise-free fitness - Fopt (-1.614300000000e+02) | best noise-free fitness - Fopt | measured fitness | best measured fitness | x1 | x2...
1 +1.641855407e+07 +1.641855407e+07 +1.641839264e+07 +1.641839264e+07 +1.8329e+00 -1.4001e+00 -2.0162e+00
2 +6.530665338e+06 +6.530665338e+06 +6.530503908e+06 +6.530503908e+06 +2.5575e+00 +3.2394e+00 -1.7970e+00
4 +5.851799320e+06 +5.851799320e+06 +5.851637890e+06 +5.851637890e+06 +3.0173e+00 +4.3599e+00 -1.3796e+00
6 +3.254486385e+06 +3.254486385e+06 +3.254324955e+06 +3.254324955e+06 -9.0589e-01 +1.5401e+00 +4.4549e-02
12 +1.830689827e+06 +1.830689827e+06 +1.830528397e+06 +1.830528397e+06 -6.8305e-01 -1.4038e+00 +1.7052e+00
14 +1.350158290e+06 +1.350158290e+06 +1.349996860e+06 +1.349996860e+06 +1.7811e+00 +2.6210e+00 +1.0375e+00
37 +4.557311212e+05 +4.557311212e+05 +4.555696912e+05 +4.555696912e+05 +1.1824e+00 -3.5901e+00 +3.2074e+00
196 +1.441927906e+05 +1.441927906e+05 +1.440313606e+05 +1.440313606e+05 +6.0883e-01 +8.2276e-01 +8.4373e-01
198 +1.356893330e+04 +1.356893330e+04 +1.340750330e+04 +1.340750330e+04 +7.3530e-01 -5.9326e-01 +1.8206e+00
1123 +7.523113853e+03 +7.523113853e+03 +7.361683853e+03 +7.361683853e+03 +6.0858e-01 +8.2276e-01 +1.3087e+00
1367 +1.829063560e+03 +1.829063560e+03 +1.667633560e+03 +1.667633560e+03 +6.4563e-01 +5.4642e-01 +1.4079e+00
1870 +1.077542471e+03 +1.077542471e+03 +9.161124708e+02 +9.161124708e+02 +7.3531e-01 +1.8349e+00 +8.4373e-01
1919 +2.236608765e+02 +2.236608765e+02 +6.223087655e+01 +6.223087655e+01 +7.4312e-01 +2.7925e+00 +4.1941e-01
2081 +1.093939060e+02 +1.093939060e+02 -5.203609400e+01 -5.203609400e+01 +7.0405e-01 +1.7724e+00 +8.4177e-01
3646 +7.720970090e+01 +7.720970090e+01 -8.422029910e+01 -8.422029910e+01 +7.0601e-01 +1.7724e+00 +8.4367e-01
3954 +1.417897551e+01 +1.417897551e+01 -1.472510245e+02 -1.472510245e+02 +6.2673e-01 -5.1513e-01 +1.8206e+00
% function evaluation | noise-free fitness - Fopt (3.280300000000e+02) | best noise-free fitness - Fopt | measured fitness | best measured fitness | x1 | x2...
1 +3.160298404e+06 +3.160298404e+06 +3.160626434e+06 +3.160626434e+06 +1.3034e+00 +3.8618e+00 +1.1708e+00
26 +2.796114361e+05 +2.796114361e+05 +2.799394661e+05 +2.799394661e+05 +3.7924e+00 +3.2289e+00 +3.6118e+00
70 +6.822270684e+04 +6.822270684e+04 +6.855073684e+04 +6.855073684e+04 +3.8783e+00 +1.8205e+00 +4.9083e+00
325 +4.971778120e+04 +4.971778120e+04 +5.004581120e+04 +5.004581120e+04 +2.9559e+00 +3.6103e+00 +2.2035e+00
704 +3.797166584e+04 +3.797166584e+04 +3.829969584e+04 +3.829969584e+04 +2.9012e+00 +3.9598e+00 +1.8358e+00
864 +1.857445671e+04 +1.857445671e+04 +1.890248671e+04 +1.890248671e+04 +3.3182e+00 +2.2436e+00 +4.2789e+00
1064 +1.549708743e+04 +1.549708743e+04 +1.582511743e+04 +1.582511743e+04 +3.2852e+00 +2.5319e+00 +3.7368e+00
1155 +9.936216300e+03 +9.936216300e+03 +1.026424630e+04 +1.026424630e+04 +3.2923e+00 +2.7436e+00 +3.7055e+00
1203 +4.840354112e+03 +4.840354112e+03 +5.168384112e+03 +5.168384112e+03 +2.9022e+00 +4.4770e+00 +1.3358e+00
1281 +1.506793957e+03 +1.506793957e+03 +1.834823957e+03 +1.834823957e+03 +3.6090e+00 +1.8205e+00 +4.9083e+00
2140 +5.261766540e+02 +5.261766540e+02 +8.542066540e+02 +8.542066540e+02 +3.3436e+00 +2.7277e+00 +3.6118e+00
2272 +2.920284999e+02 +2.920284999e+02 +6.200584999e+02 +6.200584999e+02 +3.3804e+00 +2.7277e+00 +3.6118e+00
2744 +1.734723028e+02 +1.734723028e+02 +5.015023028e+02 +5.015023028e+02 +3.3623e+00 +2.7277e+00 +3.6118e+00
3135 +6.072030181e+01 +6.072030181e+01 +3.887503018e+02 +3.887503018e+02 +3.3665e+00 +2.7353e+00 +3.6118e+00
3220 +3.352413737e+01 +3.352413737e+01 +3.615541374e+02 +3.615541374e+02 +3.1932e+00 +3.5195e+00 +2.4410e+00
3306 +1.737960915e+01 +1.737960915e+01 +3.454096092e+02 +3.454096092e+02 +3.3662e+00 +2.7436e+00 +3.6118e+00
3773 +5.182848245e+00 +5.182848245e+00 +3.332128482e+02 +3.332128482e+02 +3.3789e+00 +2.7277e+00 +3.6415e+00
4315 +3.301170933e+00 +3.301170933e+00 +3.313311709e+02 +3.313311709e+02 +3.3768e+00 +2.7277e+00 +3.6430e+00
4779 +1.733652629e+00 +1.733652629e+00 +3.297636526e+02 +3.297636526e+02 +3.3768e+00 +2.7277e+00 +3.6415e+00
% function evaluation | noise-free fitness - Fopt (-3.213000000000e+01) | best noise-free fitness - Fopt | measured fitness | best measured fitness | x1 | x2...
1 +1.877813617e+09 +1.877813617e+09 +1.877813585e+09 +1.877813585e+09 +4.7158e+00 -4.3708e+00 +4.4677e-01
2 +5.660131892e+07 +5.660131892e+07 +5.660128679e+07 +5.660128679e+07 +4.9546e+00 +3.1888e+00 -3.7756e+00
3 +2.124873072e+07 +2.124873072e+07 +2.124869859e+07 +2.124869859e+07 -2.8992e+00 -1.2304e+00 -1.6679e+00
10 +4.418465015e+06 +4.418465015e+06 +4.418432885e+06 +4.418432885e+06 -1.8584e+00 -1.5700e-01 +4.6183e+00
12 +1.910356380e+06 +1.910356380e+06 +1.910324250e+06 +1.910324250e+06 -2.6210e+00 -1.4455e+00 +1.8684e+00
14 +1.112841641e+06 +1.112841641e+06 +1.112809511e+06 +1.112809511e+06 +3.1018e+00 +3.6428e+00 +3.8342e+00
22 +9.628930002e+05 +9.628930002e+05 +9.628608702e+05 +9.628608702e+05 -8.9694e-01 -6.6578e-01 +3.7941e+00
44 +1.192764303e+05 +1.192764303e+05 +1.192443003e+05 +1.192443003e+05 -6.9137e-01 -1.8122e-01 +2.7225e+00
465 +5.123044202e+04 +5.123044202e+04 +5.119831202e+04 +5.119831202e+04 +9.8783e-02 +2.0218e-01 +2.8161e+00
556 +3.315207918e+04 +3.315207918e+04 +3.311994918e+04 +3.311994918e+04 +1.7245e+00 +3.0475e+00 +3.3707e+00
956 +1.934070574e+04 +1.934070574e+04 +1.930857574e+04 +1.930857574e+04 -8.7238e-01 -9.8130e-01 +2.7380e+00
1068 +7.891349734e+03 +7.891349734e+03 +7.859219734e+03 +7.859219734e+03 +1.9131e-01 +4.5917e-01 +2.9806e+00
1199 +2.392339018e+03 +2.392339018e+03 +2.360209018e+03 +2.360209018e+03 +1.7245e+00 +3.0495e+00 +3.2520e+00
1498 +3.966708282e+02 +3.966708282e+02 +3.645408282e+02 +3.645408282e+02 +6.6305e-02 +4.5917e-01 +2.9816e+00
2322 +1.095528791e+02 +1.095528791e+02 +7.742287908e+01 +7.742287908e+01 +4.1495e-02 +4.0654e-01 +2.9817e+00
2368 +7.003478263e+01 +7.003478263e+01 +3.790478263e+01 +3.790478263e+01 +9.8814e-02 +4.6786e-01 +2.9881e+00
2402 +6.080792511e+01 +6.080792511e+01 +2.867792511e+01 +2.867792511e+01 +9.8783e-02 +4.6698e-01 +2.9997e+00
2785 +1.155746238e+01 +1.155746238e+01 -2.057253762e+01 -2.057253762e+01 +3.8051e-03 +3.3417e-01 +2.9806e+00
2862 +8.852669064e+00 +8.852669064e+00 -2.327733094e+01 -2.327733094e+01 +3.8051e-03 +3.3417e-01 +2.9816e+00
3736 +5.237079624e+00 +5.237079624e+00 -2.689292038e+01 -2.689292038e+01 +5.7304e-02 +4.1631e-01 +2.9881e+00
4466 +3.897209341e+00 +3.897209341e+00 -2.823279066e+01 -2.823279066e+01 +1.1465e-01 +4.9910e-01 +2.9959e+00
% function evaluation | noise-free fitness - Fopt (1.576000000000e+01) | best noise-free fitness - Fopt | measured fitness | best measured fitness | x1 | x2...
1 +5.979946812e+06 +5.979946812e+06 +5.979962572e+06 +5.979962572e+06 +4.0130e+00 -4.2513e+00 -3.2739e+00
13 +3.592573345e+06 +3.592573345e+06 +3.592589105e+06 +3.592589105e+06 +3.9261e+00 +1.8154e+00 +1.3614e+00
16 +1.782230397e+05 +1.782230397e+05 +1.782387997e+05 +1.782387997e+05 +3.6191e+00 -3.8635e+00 -8.1622e-01
378 +1.101818488e+04 +1.101818488e+04 +1.103394488e+04 +1.103394488e+04 +3.1861e+00 -2.0764e+00 -5.2359e-01
556 +9.759166803e+03 +9.759166803e+03 +9.774926803e+03 +9.774926803e+03 +3.2875e+00 -4.8181e+00 -1.0610e+00
1238 +5.426862333e+03 +5.426862333e+03 +5.442622333e+03 +5.442622333e+03 +3.1883e+00 -3.0789e+00 -6.9875e-01
1336 +3.661639114e+03 +3.661639114e+03 +3.677399114e+03 +3.677399114e+03 +3.0493e+00 -3.0673e+00 -6.4149e-01
1413 +1.897770736e+03 +1.897770736e+03 +1.913530736e+03 +1.913530736e+03 +3.1883e+00 -4.8181e+00 -1.0591e+00
1719 +8.258793749e+02 +8.258793749e+02 +8.416393749e+02 +8.416393749e+02 +3.1903e+00 -4.8181e+00 -1.0434e+00
2069 +5.367194936e+02 +5.367194936e+02 +5.524794936e+02 +5.524794936e+02 +3.1196e+00 -3.1323e+00 -6.9958e-01
2070 +3.545864814e+02 +3.545864814e+02 +3.703464814e+02 +3.703464814e+02 +3.1195e+00 -3.1635e+00 -7.0153e-01
2509 +1.440479297e+02 +1.440479297e+02 +1.598079297e+02 +1.598079297e+02 +3.1157e+00 -2.4025e+00 -5.2749e-01
3347 +9.408321760e+01 +9.408321760e+01 +1.098432176e+02 +1.098432176e+02 +3.1118e+00 -2.3173e+00 -5.1577e-01
3765 +3.435234268e+00 +3.435234268e+00 +1.919523427e+01 +1.919523427e+01 +3.1196e+00 -3.3173e+00 -7.1520e-01
% function evaluation | noise-free fitness - Fopt (3.735000000000e+01) | best noise-free fitness - Fopt | measured fitness | best measured fitness | x1 | x2...
1 +9.522219552e+07 +9.522219552e+07 +9.522223287e+07 +9.522223287e+07 +1.7143e+00 +3.0653e+00 -3.5658e+00
2 +9.283084602e+06 +9.283084602e+06 +9.283121952e+06 +9.283121952e+06 -4.6240e+00 -1.4524e+00 +1.7205e-01
12 +2.173960483e+06 +2.173960483e+06 +2.173997833e+06 +2.173997833e+06 -3.6704e-01 -4.3154e+00 +3.8427e+00
90 +4.501526048e+05 +4.501526048e+05 +4.501899548e+05 +4.501899548e+05 -1.4563e+00 -3.7789e+00 +4.7272e+00
227 +1.253896648e+05 +1.253896648e+05 +1.254270148e+05 +1.254270148e+05 -3.2547e+00 -2.0932e+00 +3.5422e+00
684 +1.679637826e+04 +1.679637826e+04 +1.683372826e+04 +1.683372826e+04 -3.6751e+00 -5.8441e-01 +3.1982e+00
895 +7.429409203e+03 +7.429409203e+03 +7.466759203e+03 +7.466759203e+03 -3.6203e+00 -9.0126e-01 +3.0793e+00
1283 +1.552029068e+03 +1.552029068e+03 +1.589379068e+03 +1.589379068e+03 -3.7564e+00 -6.1151e-01 +3.0793e+00
2020 +7.711783884e+02 +7.711783884e+02 +8.085283884e+02 +8.085283884e+02 -3.6183e+00 -8.9226e-01 +3.1982e+00
2661 +4.118793776e+02 +4.118793776e+02 +4.492293776e+02 +4.492293776e+02 -3.6203e+00 -9.0126e-01 +3.1486e+00
2743 +4.958530492e+01 +4.958530492e+01 +8.693530492e+01 +8.693530492e+01 -3.8348e+00 -5.5292e-01 +3.0871e+00
3007 +2.662251706e+01 +2.662251706e+01 +6.397251706e+01 +6.397251706e+01 -3.6557e+00 -8.3441e-01 +3.1486e+00
4128 +1.474234156e+01 +1.474234156e+01 +5.209234156e+01 +5.209234156e+01 -3.6202e+00 -9.0083e-01 +3.1742e+00
4897 +3.689366749e+00 +3.689366749e+00 +4.103936675e+01 +4.103936675e+01 -3.6202e+00 -9.0126e-01 +3.1720e+00
% function evaluation | noise-free fitness - Fopt (-3.096300000000e+02) | best noise-free fitness - Fopt | measured fitness | best measured fitness | x1 | x2...
1 +8.219195452e+06 +8.219195452e+06 +8.218885822e+06 +8.218885822e+06 +5.7069e-01 +3.1347e+00 +5.5180e-01
2 +4.476529908e+06 +4.476529908e+06 +4.476220278e+06 +4.476220278e+06 -1.9036e+00 +4.0086e+00 +4.7992e+00
5 +2.971501583e+06 +2.971501583e+06 +2.971191953e+06 +2.971191953e+06 -1.2025e+00 +2.9795e+00 +4.0162e+00
12 +3.596910869e+05 +3.596910869e+05 +3.593814569e+05 +3.593814569e+05 -8.0403e-01 +4.9471e+00 +3.8963e+00
330 +7.970938509e+04 +7.970938509e+04 +7.939975509e+04 +7.939975509e+04 -2.6195e+00 +2.7396e+00 +1.0230e+00
787 +1.735758423e+04 +1.735758423e+04 +1.704795423e+04 +1.704795423e+04 -2.8533e+00 +2.8366e+00 +1.1353e+00
959 +1.130417411e+04 +1.130417411e+04 +1.099454411e+04 +1.099454411e+04 -3.0294e+00 +2.6768e+00 +1.0230e+00
1504 +4.835279696e+03 +4.835279696e+03 +4.525649696e+03 +4.525649696e+03 -2.6195e+00 +3.0004e+00 +1.3940e+00
1523 +2.348887025e+03 +2.348887025e+03 +2.039257025e+03 +2.039257025e+03 -3.6738e+00 +1.8935e+00 +4.5421e-01
1721 +9.392831921e+01 +9.392831921e+01 -2.157016808e+02 -2.157016808e+02 -3.0216e+00 +2.5518e+00 +1.0230e+00
2705 +2.401420782e+01 +2.401420782e+01 -2.856157922e+02 -2.856157922e+02 -3.0295e+00 +2.5518e+00 +1.0230e+00
2973 +3.073992062e+00 +3.073992062e+00 -3.065560079e+02 -3.065560079e+02 -3.0293e+00 +2.5518e+00 +1.0308e+00
3719 +1.203143894e+00 +1.203143894e+00 -3.084268561e+02 -3.084268561e+02 -3.0293e+00 +2.5518e+00 +1.0298e+00
5039 +7.552649712e-01 +7.552649712e-01 -3.088747350e+02 -3.088747350e+02 -3.0293e+00 +2.5518e+00 +1.0293e+00
% function evaluation | noise-free fitness - Fopt (-1.000000000000e+03) | best noise-free fitness - Fopt | measured fitness | best measured fitness | x1 | x2...
1 +3.793408456e+07 +3.793408456e+07 +3.793308456e+07 +3.793308456e+07 +6.1949e-01 -2.0965e+00 -1.6177e+00
5 +1.028191617e+07 +1.028191617e+07 +1.028091617e+07 +1.028091617e+07 +1.1284e+00 +4.1712e+00 +3.1223e-01
14 +2.101806488e+06 +2.101806488e+06 +2.100806488e+06 +2.100806488e+06 +2.6370e+00 +2.7375e+00 -4.0142e+00
92 +4.857438950e+03 +4.857438950e+03 +3.857438950e+03 +3.857438950e+03 +3.8610e+00 +3.0061e+00 -7.6903e-01
1153 +1.526767100e+03 +1.526767100e+03 +5.267670997e+02 +5.267670997e+02 +3.4271e+00 +3.5695e+00 -2.3219e+00
1166 +2.455157255e+02 +2.455157255e+02 -7.544842745e+02 -7.544842745e+02 +2.9843e+00 +4.2040e+00 -4.0142e+00
2267 +2.817785173e+01 +2.817785173e+01 -9.718221483e+02 -9.718221483e+02 +3.4271e+00 +3.5676e+00 -2.4173e+00
3111 +1.619483716e+01 +1.619483716e+01 -9.838051628e+02 -9.838051628e+02 +3.4271e+00 +3.5693e+00 -2.4173e+00
3282 +1.481487235e+01 +1.481487235e+01 -9.851851276e+02 -9.851851276e+02 +3.4271e+00 +3.5695e+00 -2.4173e+00
3567 +6.513573287e+00 +6.513573287e+00 -9.934864267e+02 -9.934864267e+02 +3.4350e+00 +3.5695e+00 -2.4094e+00
3826 +5.939476205e+00 +5.939476205e+00 -9.940605238e+02 -9.940605238e+02 +3.4349e+00 +3.5695e+00 -2.4094e+00
4103 +2.768417973e+00 +2.768417973e+00 -9.972315820e+02 -9.972315820e+02 +3.4310e+00 +3.5685e+00 -2.4094e+00
4468 +1.678076524e+00 +1.678076524e+00 -9.983219235e+02 -9.983219235e+02 +3.4311e+00 +3.5691e+00 -2.4094e+00
4587 +7.971025443e-01 +7.971025443e-01 -9.992028975e+02 -9.992028975e+02 +3.4271e+00 +3.5754e+00 -2.4251e+00
% function evaluation | noise-free fitness - Fopt (5.800000000000e+01) | best noise-free fitness - Fopt | measured fitness | best measured fitness | x1 | x2...
1 +1.684391442e+09 +1.684391442e+09 +1.684391500e+09 +1.684391500e+09 -1.8708e+00 -3.5922e+00 -1.5295e+00
2 +2.893695689e+07 +2.893695689e+07 +2.893701489e+07 +2.893701489e+07 -3.9528e+00 +6.0407e-01 -7.0287e-01
11 +6.466065314e+06 +6.466065314e+06 +6.466123314e+06 +6.466123314e+06 -2.1279e+00 +3.0436e+00 -1.3905e+00
23 +1.014509314e+06 +1.014509314e+06 +1.014567314e+06 +1.014567314e+06 -4.6469e+00 +3.6984e+00 -1.2436e+00
180 +7.882161781e+05 +7.882161781e+05 +7.882741781e+05 +7.882741781e+05 -1.1700e+00 +2.2790e+00 -4.4727e+00
237 +1.263888540e+05 +1.263888540e+05 +1.264468540e+05 +1.264468540e+05 -3.9335e+00 +3.7121e+00 -2.8705e+00
523 +2.679693909e+04 +2.679693909e+04 +2.685493909e+04 +2.685493909e+04 +1.1229e+00 +2.6967e+00 -5.8994e+00
630 +5.295273133e+03 +5.295273133e+03 +5.353273133e+03 +5.353273133e+03 -6.4601e+00 +4.5952e+00 -1.4398e+00
1039 +2.424602998e+02 +2.424602998e+02 +3.004602998e+02 +3.004602998e+02 -6.2918e+00 +4.5327e+00 -1.4437e+00
2400 +6.073930272e+01 +6.073930272e+01 +1.187393027e+02 +1.187393027e+02 -3.0648e+00 +3.6984e+00 -2.9953e+00
3807 +3.613726328e+01 +3.613726328e+01 +9.413726328e+01 +9.413726328e+01 -3.0653e+00 +3.6965e+00 -2.9953e+00
4516 +6.012293765e+00 +6.012293765e+00 +6.401229377e+01 +6.401229377e+01 -3.0648e+00 +3.6906e+00 -2.9953e+00
4831 +4.111022435e-01 +4.111022435e-01 +5.841110224e+01 +5.841110224e+01 -3.0687e+00 +3.6906e+00 -2.9953e+00
% function evaluation | noise-free fitness - Fopt (9.438000000000e+01) | best noise-free fitness - Fopt | measured fitness | best measured fitness | x1 | x2...
1 +2.611692459e+07 +2.611692459e+07 +2.611701897e+07 +2.611701897e+07 -1.0785e+00 -7.4572e-01 -6.5367e-01
4 +2.338061426e+07 +2.338061426e+07 +2.338070864e+07 +2.338070864e+07 +2.5886e-01 +2.9158e+00 +1.2158e+00
5 +3.716504353e+06 +3.716504353e+06 +3.716598733e+06 +3.716598733e+06 -2.5380e+00 +3.7857e+00 -1.7130e+00
6 +1.408040562e+06 +1.408040562e+06 +1.408134942e+06 +1.408134942e+06 -3.9815e-01 +3.9191e+00 -4.7024e+00
14 +8.884660529e+05 +8.884660529e+05 +8.885604329e+05 +8.885604329e+05 +2.1651e+00 +2.2799e+00 -3.5888e+00
54 +9.180576139e+03 +9.180576139e+03 +9.274956139e+03 +9.274956139e+03 -3.1411e+00 +3.5788e+00 -3.5382e+00
887 +6.258360337e+03 +6.258360337e+03 +6.352740337e+03 +6.352740337e+03 +2.2764e-01 +3.2701e+00 -3.5888e+00
975 +1.924453714e+03 +1.924453714e+03 +2.018833714e+03 +2.018833714e+03 -3.1411e+00 +3.5866e+00 -3.6007e+00
988 +1.111624665e+03 +1.111624665e+03 +1.206004665e+03 +1.206004665e+03 +8.6865e-01 +3.2749e+00 -3.5888e+00
1170 +3.559928419e+02 +3.559928419e+02 +4.503728419e+02 +4.503728419e+02 -3.1411e+00 +3.5788e+00 -3.6313e+00
1456 +1.654836293e+02 +1.654836293e+02 +2.598636293e+02 +2.598636293e+02 +1.2711e+00 +3.2701e+00 -3.5888e+00
2109 +1.417705079e+02 +1.417705079e+02 +2.361505079e+02 +2.361505079e+02 +1.2884e+00 +3.2700e+00 -3.5888e+00
2142 +4.536536430e+01 +4.536536430e+01 +1.397453643e+02 +1.397453643e+02 +3.6101e-01 +3.3456e+00 -3.6008e+00
2587 +3.793243776e+01 +3.793243776e+01 +1.323124378e+02 +1.323124378e+02 +1.3721e+00 +3.2722e+00 -3.5888e+00
3613 +2.132125453e+01 +2.132125453e+01 +1.157012545e+02 +1.157012545e+02 +1.4139e+00 +3.2722e+00 -3.5927e+00
