% function evaluation | noise-free fitness - Fopt (1.491500000000e+02) | best noise-free fitness - Fopt | measured fitness | best measured fitness | x1 | x2...
1 +1.415180269e+04 +1.415180269e+04 +1.430095269e+04 +1.430095269e+04 +2.3223e+00 -6.6073e-01 +9.8506e-01 +3.4073e+00 -2.0090e+00
3 +5.547896443e+02 +5.547896443e+02 +7.039396443e+02 +7.039396443e+02 -6.8521e-02 -4.2721e-02 +1.0938e+00 +2.8739e+00 +6.7801e-01
221 +2.861571823e+02 +2.861571823e+02 +4.353071823e+02 +4.353071823e+02 -1.2175e+00 -7.5083e-01 +6.7074e-01 +2.8495e+00 -3.2561e-01
242 +1.600465725e+02 +1.600465725e+02 +3.091965725e+02 +3.091965725e+02 -7.1692e-01 -8.4679e-01 -6.4032e-01 +2.1322e+00 -2.3322e+00
510 +1.013844272e+02 +1.013844272e+02 +2.505344272e+02 +2.505344272e+02 +0.0000e+00 -6.3643e-01 -4.0939e-01 +2.0008e+00 -2.8456e+00
689 +9.977517239e+01 +9.977517239e+01 +2.489251724e+02 +2.489251724e+02 -8.9702e-01 -1.0032e+00 -4.1421e-01 +1.8941e+00 -2.2480e+00
1019 +3.441487316e+01 +3.441487316e+01 +1.835648732e+02 +1.835648732e+02 -8.2124e-01 -9.9780e-01 -7.7866e-01 +1.0538e+00 -3.2588e+00
1332 +2.021564604e+01 +2.021564604e+01 +1.693656460e+02 +1.693656460e+02 -1.1308e+00 -1.1269e+00 -6.3066e-01 +1.1586e+00 -3.6265e+00
1409 +1.504506947e+01 +1.504506947e+01 +1.641950695e+02 +1.641950695e+02 -8.7939e-01 -1.2998e+00 -8.8229e-01 +1.1801e+00 -3.7258e+00
1529 +8.898415232e+00 +8.898415232e+00 +1.580484152e+02 +1.580484152e+02 -1.0072e+00 -1.3430e+00 -8.6333e-01 +1.0663e+00 -3.6517e+00
1800 +6.175302199e+00 +6.175302199e+00 +1.553253022e+02 +1.553253022e+02 -8.8916e-01 -1.4509e+00 -8.7022e-01 +8.9791e-01 -3.7834e+00
2312 +3.859783747e+00 +3.859783747e+00 +1.530097837e+02 +1.530097837e+02 -6.5960e-01 -1.2387e+00 -9.8503e-01 +7.8294e-01 -3.7492e+00
3025 +2.324158796e+00 +2.324158796e+00 +1.514741588e+02 +1.514741588e+02 -3.1937e-01 -8.7696e-01 -7.5836e-01 +9.0929e-01 -3.6849e+00
3652 +1.574839338e+00 +1.574839338e+00 +1.507248393e+02 +1.507248393e+02 -3.0865e-01 -8.0704e-01 -6.7061e-01 +9.4294e-01 -3.7176e+00
% function evaluation | noise-free fitness - Fopt (-1.000000000000e+03) | best noise-free fitness - Fopt | measured fitness | best measured fitness | x1 | x2...
1 +3.926745861e+04 +3.926745861e+04 +3.826745861e+04 +3.826745861e+04 -4.2224e+00 +1.8644e+00 -3.5774e+00 -4.2129e+00 -3.2174e-01
16 +9.736515616e+03 +9.736515616e+03 +8.736515616e+03 +8.736515616e+03 -1.5616e+00 +2.4912e+00 -1.6941e+00 -3.2171e+00 -2.9496e+00
21 +4.014790730e+03 +4.014790730e+03 +3.014790730e+03 +3.014790730e+03 -3.6625e+00 +2.5688e+00 +2.1076e+00 -3.6940e+00 +2.7622e-01
48 +2.748036287e+03 +2.748036287e+03 +1.748036287e+03 +1.748036287e+03 -3.6787e+00 +2.0518e+00 +1.6211e+00 -4.7822e+00 +4.4430e+00
53 +5.223014777e+02 +5.223014777e+02 -4.776985223e+02 -4.776985223e+02 -4.1464e+00 +6.3514e-01 +2.2917e+00 -4.4451e-01 +2.6560e+00
54 +2.219558394e+02 +2.219558394e+02 -7.780441606e+02 -7.780441606e+02 -4.6151e+00 +4.8902e-01 +8.6254e-01 -3.7741e+00 -2.0051e+00
580 +1.412316378e+02 +1.412316378e+02 -8.587683622e+02 -8.587683622e+02 -3.2831e+00 +5.0636e-01 +1.4516e+00 -1.0675e+00 -2.5461e-01
686 +4.943515053e+01 +4.943515053e+01 -9.505648495e+02 -9.505648495e+02 -4.4068e+00 +8.1609e-01 +4.8442e-01 -2.5734e+00 -2.6709e+00
1213 +1.617039545e+01 +1.617039545e+01 -9.838296045e+02 -9.838296045e+02 -3.0429e+00 +9.9401e-01 +9.6094e-01 -2.1954e+00 -3.1273e+00
1512 +6.882090267e+00 +6.882090267e+00 -9.931179097e+02 -9.931179097e+02 -4.1117e+00 +2.3121e-01 +4.0545e-01 -2.4565e+00 -2.9937e+00
1933 +6.101885885e+00 +6.101885885e+00 -9.938981141e+02 -9.938981141e+02 -3.4168e+00 +4.1722e-01 +7.3010e-01 -2.5484e+00 -2.9472e+00
2248 +3.696971522e+00 +3.696971522e+00 -9.963030285e+02 -9.963030285e+02 -3.6564e+00 +1.9440e-01 +5.4648e-01 -2.5389e+00 -3.0214e+00
2810 +2.234003492e+00 +2.234003492e+00 -9.977659965e+02 -9.977659965e+02 -3.1406e+00 +7.1054e-01 +7.8819e-01 -2.5183e+00 -3.0016e+00
3418 +1.500161945e+00 +1.500161945e+00 -9.984998381e+02 -9.984998381e+02 -3.0595e+00 +8.2747e-01 +9.2291e-01 -2.3894e+00 -3.0528e+00
% function evaluation | noise-free fitness - Fopt (9.862000000000e+01) | best noise-free fitness - Fopt | measured fitness | best measured fitness | x1 | x2...
1 +1.201258505e+05 +1.201258505e+05 +1.202244705e+05 +1.202244705e+05 -2.3408e+00 -2.0820e+00 -2.6853e+00 +2.2276e+00 -2.8137e+00
2 +6.196212313e+03 +6.196212313e+03 +6.294832313e+03 +6.294832313e+03 -1.4219e+00 -2.4244e+00 +1.0213e+00 -1.5446e+00 -4.9811e+00
12 +2.591278436e+03 +2.591278436e+03 +2.689898436e+03 +2.689898436e+03 -4.0811e+00 -1.6839e+00 +1.7297e+00 -4.7982e+00 +1.5592e+00
53 +5.334375926e+02 +5.334375926e+02 +6.320575926e+02 +6.320575926e+02 -9.2179e-01 -7.5222e-01 +1.9646e+00 -4.5476e+00 +1.1350e+00
155 +3.875296388e+02 +3.875296388e+02 +4.861496388e+02 +4.861496388e+02 -2.0309e+00 -2.8161e+00 +1.7150e+00 -4.9129e+00 +2.5041e+00
317 +1.890764766e+02 +1.890764766e+02 +2.876964766e+02 +2.876964766e+02 -1.9217e+00 -1.2227e+00 +2.2427e+00 -3.5171e+00 +3.9270e-01
418 +5.812504181e+01 +5.812504181e+01 +1.567450418e+02 +1.567450418e+02 -2.9233e+00 -9.3926e-01 +2.1936e+00 -2.8117e+00 +7.0535e-02
457 +3.762042124e+01 +3.762042124e+01 +1.362404212e+02 +1.362404212e+02 -9.0300e-01 -1.3442e+00 +1.6694e+00 -3.3685e+00 -4.3454e-01
550 +1.997526348e+01 +1.997526348e+01 +1.185952635e+02 +1.185952635e+02 -9.7175e-01 -1.5287e+00 +1.7923e+00 -3.0656e+00 +3.6153e-01
1019 +1.389550431e+01 +1.389550431e+01 +1.125155043e+02 +1.125155043e+02 -2.1129e+00 -1.8753e+00 +1.2947e+00 -3.1052e+00 -1.4564e-01
1509 +6.414222754e+00 +6.414222754e+00 +1.050342228e+02 +1.050342228e+02 -2.5389e+00 -1.5095e+00 +1.7800e+00 -3.0370e+00 -8.9964e-03
1693 +5.064719902e+00 +5.064719902e+00 +1.036847199e+02 +1.036847199e+02 -2.4738e+00 -1.6854e+00 +1.6536e+00 -3.1271e+00 -2.2265e-02
2375 +2.996772589e+00 +2.996772589e+00 +1.016167726e+02 +1.016167726e+02 -1.0570e+00 -1.6075e+00 +1.7067e+00 -3.1756e+00 +2.0682e-02
2562 +2.286083315e+00 +2.286083315e+00 +1.009060833e+02 +1.009060833e+02 -1.1326e+00 -1.6691e+00 +1.6481e+00 -3.1845e+00 -3.8554e-02
2981 +1.565056108e+00 +1.565056108e+00 +1.001850561e+02 +1.001850561e+02 -1.0480e+00 -1.5630e+00 +1.7678e+00 -3.1188e+00 -8.6519e-02
% function evaluation | noise-free fitness - Fopt (-4.715000000000e+01) | best noise-free fitness - Fopt | measured fitness | best measured fitness | x1 | x2...
1 +2.907772846e+05 +2.907772846e+05 +2.907301346e+05 +2.907301346e+05 +1.9190e+00 -6.0913e-01 -4.3776e-01 +3.7852e+00 -3.0409e+00
3 +1.726386135e+03 +1.726386135e+03 +1.679236135e+03 +1.679236135e+03 -1.6005e+00 -3.0559e+00 -3.7760e+00 -1.6833e+00 +1.2528e-01
55 +3.123760143e+02 +3.123760143e+02 +2.652260143e+02 +2.652260143e+02 -1.8359e+00 -1.2476e+00 -2.2376e+00 -2.9400e+00 +1.4106e+00
202 +1.677162733e+02 +1.677162733e+02 +1.205662733e+02 +1.205662733e+02 -1.1290e+00 -2.3611e+00 -1.5747e+00 -1.8721e+00 +1.4106e+00
228 +5.644963860e+01 +5.644963860e+01 +9.299638595e+00 +9.299638595e+00 -8.1777e-01 -1.0866e+00 -1.0826e+00 -2.0298e+00 +1.2790e+00
901 +2.402345434e+01 +2.402345434e+01 -2.312654566e+01 -2.312654566e+01 -5.0185e-01 -7.5772e-01 -1.1205e+00 -1.8930e+00 +1.8048e+00
1835 +1.397748486e+01 +1.397748486e+01 -3.317251514e+01 -3.317251514e+01 -1.4733e-01 -5.7136e-01 -9.9864e-01 -1.9157e+00 +1.6064e+00
1994 +3.406857642e+00 +3.406857642e+00 -4.374314236e+01 -4.374314236e+01 -2.2699e-01 -6.8705e-01 -1.0060e+00 -1.9787e+00 +1.5001e+00
2165 +1.973239961e+00 +1.973239961e+00 -4.517676004e+01 -4.517676004e+01 -2.6184e-01 -6.7120e-01 -1.0348e+00 -1.9820e+00 +1.3245e+00
2505 +1.087617419e+00 +1.087617419e+00 -4.606238258e+01 -4.606238258e+01 -2.5423e-01 -7.0009e-01 -1.0441e+00 -2.0376e+00 +1.2469e+00
2611 +8.500295847e-01 +8.500295847e-01 -4.629997042e+01 -4.629997042e+01 -3.0178e-01 -7.2462e-01 -1.0123e+00 -1.9911e+00 +1.3997e+00
2726 +3.338480104e-01 +3.338480104e-01 -4.681615199e+01 -4.681615199e+01 -2.9884e-01 -7.2346e-01 -1.0588e+00 -2.0084e+00 +1.3241e+00
2818 +1.931608801e-01 +1.931608801e-01 -4.695683912e+01 -4.695683912e+01 -2.9448e-01 -7.2248e-01 -1.0274e+00 -1.9835e+00 +1.3782e+00
2938 +1.532155431e-01 +1.532155431e-01 -4.699678446e+01 -4.699678446e+01 -3.0441e-01 -7.3426e-01 -1.0421e+00 -1.9894e+00 +1.3567e+00
% function evaluation | noise-free fitness - Fopt (3.752000000000e+01) | best noise-free fitness - Fopt | measured fitness | best measured fitness | x1 | x2...
1 +2.296208762e+05 +2.296208762e+05 +2.296583962e+05 +2.296583962e+05 -2.8864e+00 +1.3559e+00 +3.3026e+00 +3.5958e+00 -3.1276e+00
5 +6.306224669e+04 +6.306224669e+04 +6.309976669e+04 +6.309976669e+04 +4.0143e+00 -2.8582e-02 +3.6114e+00 +2.2273e+00 +2.6187e-01
6 +2.926065897e+04 +2.926065897e+04 +2.929817897e+04 +2.929817897e+04 +1.2377e+00 -4.0800e+00 +3.4274e+00 +1.2882e+00 -8.6039e-01
10 +1.453476936e+04 +1.453476936e+04 +1.457228936e+04 +1.457228936e+04 +3.2718e+00 -4.8932e+00 +4.7252e+00 +8.4434e-01 +3.1756e+00
15 +6.917366750e+03 +6.917366750e+03 +6.954886750e+03 +6.954886750e+03 -3.1641e-01 -3.9410e+00 -2.4458e-03 -2.1175e+00 -3.5665e+00
24 +5.321795886e+03 +5.321795886e+03 +5.359315886e+03 +5.359315886e+03 -1.5804e-01 -1.8969e+00 +2.8464e+00 -4.7731e+00 +9.6219e-01
54 +1.994799774e+03 +1.994799774e+03 +2.032319774e+03 +2.032319774e+03 +2.9973e+00 -3.6611e+00 +3.9391e+00 -1.2045e+00 +3.1057e+00
95 +7.648025034e+02 +7.648025034e+02 +8.023225034e+02 +8.023225034e+02 +2.7761e+00 -3.5690e+00 +1.0688e+00 -2.0093e+00 +3.2342e+00
103 +5.632860738e+02 +5.632860738e+02 +6.008060738e+02 +6.008060738e+02 +1.6345e+00 -3.6860e+00 +2.8040e+00 -3.6969e+00 +2.6870e+00
105 +1.379642663e+02 +1.379642663e+02 +1.754842663e+02 +1.754842663e+02 +1.8205e+00 -3.0529e+00 +1.5001e+00 -2.8754e+00 +1.2595e+00
409 +9.818273144e+01 +9.818273144e+01 +1.357027314e+02 +1.357027314e+02 +2.7051e+00 -2.1197e+00 +2.1303e+00 -2.3110e+00 +2.5934e+00
568 +2.043869782e+01 +2.043869782e+01 +5.795869782e+01 +5.795869782e+01 +2.2434e+00 -2.7965e+00 +2.0413e+00 -2.5228e+00 +2.0657e+00
1124 +1.252687128e+01 +1.252687128e+01 +5.004687128e+01 +5.004687128e+01 +7.3309e-01 -2.3088e+00 +2.0921e+00 -2.5239e+00 +1.9547e+00
1128 +5.442207713e+00 +5.442207713e+00 +4.296220771e+01 +4.296220771e+01 +1.2533e+00 -2.8606e+00 +2.0085e+00 -2.4465e+00 +1.9681e+00
2198 +3.973389357e+00 +3.973389357e+00 +4.149338936e+01 +4.149338936e+01 +1.6026e+00 -2.9495e+00 +1.8910e+00 -2.4592e+00 +1.9510e+00
3112 +2.360498722e+00 +2.360498722e+00 +3.988049872e+01 +3.988049872e+01 +2.0972e+00 -2.5832e+00 +2.0386e+00 -2.4104e+00 +2.0055e+00
% function evaluation | noise-free fitness - Fopt (-4.257500000000e+02) | best noise-free fitness - Fopt | measured fitness | best measured fitness | x1 | x2...
1 +1.502555774e+05 +1.502555774e+05 +1.498298274e+05 +1.498298274e+05 -1.0571e+00 -4.1963e+00 -3.5686e+00 -4.8319e+00 +4.5358e+00
6 +6.441824688e+04 +6.441824688e+04 +6.399249688e+04 +6.399249688e+04 +1.5013e+00 -1.9058e+00 +1.1170e+00 +3.1569e-01 +1.5921e+00
9 +3.009718822e+04 +3.009718822e+04 +2.967143822e+04 +2.967143822e+04 -1.6343e-01 +9.6816e-01 -2.8248e+00 +1.1448e+00 -1.4603e+00
14 +5.702223636e+03 +5.702223636e+03 +5.276473636e+03 +5.276473636e+03 -4.8938e+00 +2.3542e+00 -3.1657e+00 -3.1309e+00 -2.5865e+00
57 +3.937066247e+03 +3.937066247e+03 +3.511316247e+03 +3.511316247e+03 -5.0000e+00 +3.0575e+00 -3.0090e+00 -1.7321e+00 +1.5113e+00
101 +4.433379910e+02 +4.433379910e+02 +1.758799098e+01 +1.758799098e+01 -3.2150e+00 +1.0408e+00 -2.1198e+00 -2.3926e+00 +0.0000e+00
142 +3.788327775e+02 +3.788327775e+02 -4.691722248e+01 -4.691722248e+01 -1.8840e+00 +1.8191e+00 -1.6239e+00 -2.0800e+00 +0.0000e+00
410 +2.187096013e+02 +2.187096013e+02 -2.070403987e+02 -2.070403987e+02 -3.5952e+00 +2.6227e+00 -1.7215e+00 -2.6516e+00 +1.2006e+00
531 +1.121277591e+02 +1.121277591e+02 -3.136222409e+02 -3.136222409e+02 -1.7334e+00 +2.8406e+00 -1.9466e+00 -2.6674e+00 +8.7002e-01
566 +4.657239605e+01 +4.657239605e+01 -3.791776040e+02 -3.791776040e+02 -1.5608e+00 +2.5052e+00 -2.3140e+00 -2.3860e+00 +6.0723e-01
984 +3.287593781e+01 +3.287593781e+01 -3.928740622e+02 -3.928740622e+02 -1.8240e+00 +1.8457e+00 -2.8486e+00 -2.5000e+00 +1.6940e+00
1234 +1.785021245e+01 +1.785021245e+01 -4.078997875e+02 -4.078997875e+02 -1.8010e+00 +2.0166e+00 -2.8997e+00 -2.7035e+00 +1.2421e+00
1322 +1.363719546e+01 +1.363719546e+01 -4.121128045e+02 -4.121128045e+02 -1.4927e+00 +2.4770e+00 -2.4973e+00 -2.3150e+00 +1.5496e+00
1485 +7.843444375e+00 +7.843444375e+00 -4.179065556e+02 -4.179065556e+02 -1.6194e+00 +2.5380e+00 -2.4344e+00 -2.3714e+00 +1.3116e+00
1671 +4.943541383e+00 +4.943541383e+00 -4.208064586e+02 -4.208064586e+02 -1.6691e+00 +2.3590e+00 -2.5754e+00 -2.3708e+00 +1.2521e+00
2200 +3.737520660e+00 +3.737520660e+00 -4.220124793e+02 -4.220124793e+02 -1.9203e+00 +2.0635e+00 -2.6339e+00 -2.4044e+00 +1.2401e+00
2470 +1.930997690e+00 +1.930997690e+00 -4.238190023e+02 -4.238190023e+02 -1.6233e+00 +2.3763e+00 -2.4662e+00 -2.4512e+00 +1.2600e+00
3523 +1.553243587e+00 +1.553243587e+00 -4.241967564e+02 -4.241967564e+02 -1.5681e+00 +2.4409e+00 -2.3660e+00 -2.3970e+00 +1.2633e+00
% function evaluation | noise-free fitness - Fopt (-2.209000000000e+02) | best noise-free fitness - Fopt | measured fitness | best measured fitness | x1 | x2...
1 +7.788339276e+04 +7.788339276e+04 +7.766249276e+04 +7.766249276e+04 -4.9979e+00 +3.3677e+00 -4.0379e+00 +4.2324e+00 +7.6508e-01
4 +4.955630146e+04 +4.955630146e+04 +4.933540146e+04 +4.933540146e+04 +2.6061e+00 -2.6867e+00 -5.8966e-01 -3.3437e+00 +3.6770e+00
5 +1.073955365e+04 +1.073955365e+04 +1.051865365e+04 +1.051865365e+04 -3.6546e+00 +1.7570e+00 -2.0793e+00 +2.3672e+00 -1.1825e+00
7 +9.881379450e+03 +9.881379450e+03 +9.660479450e+03 +9.660479450e+03 -3.9097e+00 +8.4873e-01 -2.9586e+00 +2.5868e+00 -2.5095e+00
34 +3.804696206e+03 +3.804696206e+03 +3.583796206e+03 +3.583796206e+03 -1.1886e+00 -2.4121e+00 -4.1362e+00 -1.2265e+00 +1.6707e+00
73 +1.756359043e+03 +1.756359043e+03 +1.535459043e+03 +1.535459043e+03 +8.8943e-02 -3.8954e-01 -4.3373e-01 +2.3832e+00 +5.0000e+00
137 +1.511973267e+03 +1.511973267e+03 +1.291073267e+03 +1.291073267e+03 -4.1473e-01 -3.5779e-01 -5.7220e-01 +2.0471e+00 +3.9733e+00
178 +6.304906425e+02 +6.304906425e+02 +4.095906425e+02 +4.095906425e+02 -1.9256e-01 -1.8388e+00 -1.0172e+00 +1.7404e+00 +9.6400e-01
216 +2.926134671e+02 +2.926134671e+02 +7.171346709e+01 +7.171346709e+01 -8.7057e-01 -1.0838e+00 -1.3618e+00 +1.3151e+00 +1.0282e+00
394 +1.873199937e+02 +1.873199937e+02 -3.358000629e+01 -3.358000629e+01 +0.0000e+00 -1.1615e+00 -2.9668e+00 +1.1813e+00 +1.4030e+00
477 +1.076732523e+02 +1.076732523e+02 -1.132267477e+02 -1.132267477e+02 -1.6380e+00 -1.0408e+00 -2.2679e+00 +1.2050e+00 +1.5205e+00
814 +8.440243654e+01 +8.440243654e+01 -1.364975635e+02 -1.364975635e+02 -8.6794e-01 -1.4138e+00 -2.6789e+00 +1.6603e+00 +1.4750e+00
988 +4.672026363e+01 +4.672026363e+01 -1.741797364e+02 -1.741797364e+02 -1.3036e+00 -1.8335e+00 -2.5031e+00 +9.8243e-01 +4.9116e-01
1031 +1.329421916e+01 +1.329421916e+01 -2.076057808e+02 -2.076057808e+02 -1.5032e+00 -1.1467e+00 -2.6765e+00 +1.1384e+00 +5.4542e-01
1533 +6.377323145e+00 +6.377323145e+00 -2.145226769e+02 -2.145226769e+02 -6.9937e-01 -9.9635e-01 -2.5963e+00 +8.6410e-01 +5.0433e-01
1671 +5.979246180e+00 +5.979246180e+00 -2.149207538e+02 -2.149207538e+02 -6.3287e-01 -9.8673e-01 -2.5788e+00 +8.3792e-01 +5.6645e-01
1971 +3.023626581e+00 +3.023626581e+00 -2.178763734e+02 -2.178763734e+02 -3.6498e-01 -8.9489e-01 -2.4391e+00 +9.1569e-01 +4.0372e-01
2372 +2.304315412e+00 +2.304315412e+00 -2.185956846e+02 -2.185956846e+02 -3.6027e-01 -7.8563e-01 -2.3955e+00 +9.7081e-01 +4.5876e-01
2989 +1.447468635e+00 +1.447468635e+00 -2.194525314e+02 -2.194525314e+02 -2.6250e-01 -6.6941e-01 -2.2482e+00 +9.8485e-01 +4.4034e-01
3492 +9.933248048e-01 +9.933248048e-01 -2.199066752e+02 -2.199066752e+02 -1.8610e-01 -5.1709e-01 -2.0393e+00 +1.1921e+00 +5.1850e-01
4152 +5.945099044e-01 +5.945099044e-01 -2.203054901e+02 -2.203054901e+02 -1.6429e-01 -5.0389e-01 -2.0021e+00 +1.2500e+00 +5.9868e-01
% function evaluation | noise-free fitness - Fopt (-3.594800000000e+02) | best noise-free fitness - Fopt | measured fitness | best measured fitness | x1 | x2...
1 +3.291766065e+05 +3.291766065e+05 +3.288171265e+05 +3.288171265e+05 -6.3555e-01 +2.6367e+00 -4.8415e+00 -3.6637e-02 +4.5952e-01
3 +1.437242984e+05 +1.437242984e+05 +1.433648184e+05 +1.433648184e+05 -3.4519e+00 +2.5141e+00 +1.8306e-01 -2.9086e+00 -2.5919e+00
7 +9.399581713e+04 +9.399581713e+04 +9.363633713e+04 +9.363633713e+04 +5.6451e-01 -4.8223e+00 -4.7361e-01 +3.8295e+00 +2.8272e+00
12 +4.176534994e+03 +4.176534994e+03 +3.817054994e+03 +3.817054994e+03 -1.4928e+00 -3.5721e+00 +1.4787e+00 -2.9775e+00 +4.1346e+00
17 +1.195600650e+03 +1.195600650e+03 +8.361206502e+02 +8.361206502e+02 -4.6174e+00 -3.0620e+00 +2.4161e+00 -2.3192e+00 +2.7691e+00
44 +8.771228789e+01 +8.771228789e+01 -2.717677121e+02 -2.717677121e+02 -2.9437e+00 -2.5547e+00 +1.3967e+00 -1.4901e+00 -4.4307e-01
518 +2.847985113e+01 +2.847985113e+01 -3.310001489e+02 -3.310001489e+02 -2.8581e+00 -2.5954e+00 +2.5490e+00 +4.6214e-01 +1.9797e+00
1176 +2.217656428e+01 +2.217656428e+01 -3.373034357e+02 -3.373034357e+02 -2.8476e+00 -2.3550e+00 +2.5157e+00 +5.0228e-01 +2.3523e+00
1638 +9.856072578e+00 +9.856072578e+00 -3.496239274e+02 -3.496239274e+02 -2.8284e+00 -2.2548e+00 +2.5872e+00 +2.7233e-01 +1.4564e+00
2085 +6.196737640e+00 +6.196737640e+00 -3.532832624e+02 -3.532832624e+02 -2.8642e+00 -2.3105e+00 +2.6259e+00 +3.8708e-01 +1.4552e+00
2158 +3.215011193e+00 +3.215011193e+00 -3.562649888e+02 -3.562649888e+02 -2.8054e+00 -2.3887e+00 +2.5937e+00 +3.3805e-01 +1.4011e+00
2395 +2.426122632e+00 +2.426122632e+00 -3.570538774e+02 -3.570538774e+02 -2.8426e+00 -2.3737e+00 +2.5941e+00 +3.8956e-01 +1.5320e+00
2475 +1.170970556e+00 +1.170970556e+00 -3.583090294e+02 -3.583090294e+02 -2.8155e+00 -2.3562e+00 +2.5764e+00 +3.4961e-01 +1.5901e+00
2549 +7.800306776e-01 +7.800306776e-01 -3.586999693e+02 -3.586999693e+02 -2.8230e+00 -2.3498e+00 +2.5977e+00 +3.9393e-01 +1.6447e+00
2711 +5.433868035e-01 +5.433868035e-01 -3.589366132e+02 -3.589366132e+02 -2.8339e+00 -2.3442e+00 +2.5997e+00 +3.6984e-01 +1.6229e+00
3837 +3.979742054e-01 +3.979742054e-01 -3.590820258e+02 -3.590820258e+02 -2.8441e+00 -2.3573e+00 +2.5903e+00 +3.5094e-01 +1.5447e+00
% function evaluation | noise-free fitness - Fopt (2.748000000000e+01) | best noise-free fitness - Fopt | measured fitness | best measured fitness | x1 | x2...
1 +1.804427324e+05 +1.804427324e+05 +1.804702124e+05 +1.804702124e+05 -6.4960e-01 +1.2487e+00 -3.4382e+00 +4.0981e+00 +3.8293e+00
2 +3.812724137e+03 +3.812724137e+03 +3.840204137e+03 +3.840204137e+03 -5.7954e-01 +6.1794e-01 +1.5088e+00 -2.5846e+00 -1.4036e+00
36 +7.980894907e+02 +7.980894907e+02 +8.255694907e+02 +8.255694907e+02 +2.3727e+00 +1.8988e-01 +2.0695e+00 -1.4517e+00 +4.5892e+00
41 +1.435359168e+02 +1.435359168e+02 +1.710159168e+02 +1.710159168e+02 +1.3674e+00 +7.6351e-01 +1.5618e+00 -9.0186e-01 +4.2718e+00
48 +4.628648122e+01 +4.628648122e+01 +7.376648122e+01 +7.376648122e+01 +1.4968e+00 +7.0377e-01 +3.8098e-01 -2.2948e+00 +1.9733e+00
846 +3.643416759e+01 +3.643416759e+01 +6.391416759e+01 +6.391416759e+01 +1.5002e+00 +1.1135e+00 +1.0118e+00 -2.5000e+00 +1.8737e+00
1213 +1.851065926e+01 +1.851065926e+01 +4.599065926e+01 +4.599065926e+01 +1.5430e+00 +1.3298e+00 +8.4685e-01 -2.5362e+00 +1.3761e+00
1238 +1.439559601e+01 +1.439559601e+01 +4.187559601e+01 +4.187559601e+01 +1.8471e+00 +1.1733e+00 +8.6741e-01 -2.4983e+00 +1.7118e+00
1358 +8.778282781e+00 +8.778282781e+00 +3.625828278e+01 +3.625828278e+01 +1.8857e+00 +1.1512e+00 +7.8534e-01 -2.4908e+00 +1.6753e+00
1670 +6.207513251e+00 +6.207513251e+00 +3.368751325e+01 +3.368751325e+01 +1.9135e+00 +1.1264e+00 +6.4737e-01 -2.5478e+00 +1.6740e+00
1905 +3.092729749e+00 +3.092729749e+00 +3.057272975e+01 +3.057272975e+01 +2.2178e+00 +1.4627e+00 +7.5940e-01 -2.4377e+00 +1.4892e+00
2269 +2.402320061e+00 +2.402320061e+00 +2.988232006e+01 +2.988232006e+01 +2.3435e+00 +1.4935e+00 +8.6091e-01 -2.4262e+00 +1.5010e+00
3003 +1.466297794e+00 +1.466297794e+00 +2.894629779e+01 +2.894629779e+01 +2.3893e+00 +1.6403e+00 +9.6357e-01 -2.3222e+00 +1.5469e+00
3495 +9.479434801e-01 +9.479434801e-01 +2.842794348e+01 +2.842794348e+01 +2.4715e+00 +1.7645e+00 +1.1264e+00 -2.1962e+00 +1.5854e+00
% function evaluation | noise-free fitness - Fopt (3.609000000000e+01) | best noise-free fitness - Fopt | measured fitness | best measured fitness | x1 | x2...
1 +1.602315149e+05 +1.602315149e+05 +1.602676049e+05 +1.602676049e+05 +3.9857e+00 -2.2386e-01 +2.3738e+00 -2.7523e+00 -2.0848e+00
2 +7.196579483e+04 +7.196579483e+04 +7.200188483e+04 +7.200188483e+04 +2.7335e-01 -4.3485e+00 -8.0090e-01 +4.9848e+00 +4.7038e-01
3 +2.178872499e+03 +2.178872499e+03 +2.214962499e+03 +2.214962499e+03 +1.5626e-01 +9.7689e-01 -4.0919e+00 +1.8664e+00 -2.7308e+00
60 +1.149829956e+03 +1.149829956e+03 +1.185919956e+03 +1.185919956e+03 -1.7755e+00 -1.8837e-01 -3.4878e+00 +1.3031e+00 -1.9409e-01
105 +7.616675255e+02 +7.616675255e+02 +7.977575255e+02 +7.977575255e+02 -1.1801e+00 +1.5818e+00 -2.7188e+00 +1.1816e+00 +3.1985e+00
155 +5.503325860e+02 +5.503325860e+02 +5.864225860e+02 +5.864225860e+02 +0.0000e+00 -2.8543e-01 -2.7117e+00 +2.5319e-01 +7.8967e-01
253 +1.195486770e+02 +1.195486770e+02 +1.556386770e+02 +1.556386770e+02 -3.5860e-01 +2.6097e-01 -2.7130e+00 +1.9458e+00 +1.8680e+00
1060 +8.791935171e+01 +8.791935171e+01 +1.240093517e+02 +1.240093517e+02 -6.8630e-01 -2.5956e-02 -1.4785e+00 +2.3707e+00 +1.8475e+00
1301 +5.688287085e+01 +5.688287085e+01 +9.297287085e+01 +9.297287085e+01 -8.0936e-01 +5.1301e-01 -2.0670e+00 +1.8770e+00 +4.8173e-01
1340 +3.597813358e+01 +3.597813358e+01 +7.206813358e+01 +7.206813358e+01 -1.1640e+00 +1.4717e+00 -1.4084e+00 +2.2334e+00 +1.6233e+00
1518 +2.034224150e+01 +2.034224150e+01 +5.643224150e+01 +5.643224150e+01 -2.2528e-01 +6.9995e-01 -2.3062e+00 +1.1329e+00 +5.9987e-01
1533 +9.940818974e+00 +9.940818974e+00 +4.603081897e+01 +4.603081897e+01 +1.3157e-01 +7.4424e-01 -2.4072e+00 +1.3653e+00 +5.7964e-01
1650 +3.948678275e+00 +3.948678275e+00 +4.003867827e+01 +4.003867827e+01 +5.4067e-02 +7.8200e-01 -2.4216e+00 +1.3468e+00 +7.2305e-01
2905 +2.507305526e+00 +2.507305526e+00 +3.859730553e+01 +3.859730553e+01 +1.0852e-01 +9.0627e-01 -2.3643e+00 +1.4195e+00 +7.3440e-01
3800 +1.567276601e+00 +1.567276601e+00 +3.765727660e+01 +3.765727660e+01 +3.0587e-01 +1.1557e+00 -2.1276e+00 +1.5072e+00 +7.5517e-01
% function evaluation | noise-free fitness - Fopt (-5.791000000000e+01) | best noise-free fitness - Fopt | measured fitness | best measured fitness | x1 | x2...
1 +1.029091917e+05 +1.029091917e+05 +1.028512817e+05 +1.028512817e+05 -3.0073e+00 +4.1111e+00 -4.7832e+00 +1.0351e+00 -3.5716e+00
2 +9.898806983e+04 +9.898806983e+04 +9.893015983e+04 +9.893015983e+04 -3.2322e+00 -9.9313e-01 -3.7436e+00 -1.2561e-01 -1.4441e-01
3 +2.935789466e+03 +2.935789466e+03 +2.877879466e+03 +2.877879466e+03 -6.4003e-01 +3.3292e+00 +1.8373e+00 +2.5423e+00 -1.6316e+00
9 +1.243588019e+03 +1.243588019e+03 +1.185678019e+03 +1.185678019e+03 +1.3703e+00 +2.0809e+00 +1.4532e+00 -2.4554e-01 +4.2906e+00
111 +2.447036477e+02 +2.447036477e+02 +1.867936477e+02 +1.867936477e+02 +1.7112e+00 +1.3494e+00 +0.0000e+00 +2.3315e+00 +3.2410e+00
419 +1.550303076e+02 +1.550303076e+02 +9.712030762e+01 +9.712030762e+01 +2.1787e+00 +2.4013e+00 +1.5505e+00 +3.2261e+00 +4.4349e+00
1162 +3.430908576e+01 +3.430908576e+01 -2.360091424e+01 -2.360091424e+01 +1.7506e-01 +2.9788e+00 +1.3642e+00 +2.9264e+00 +4.1710e+00
1284 +2.115025529e+01 +2.115025529e+01 -3.675974471e+01 -3.675974471e+01 +2.2798e-01 +2.8166e+00 +1.4454e+00 +2.6578e+00 +3.5033e+00
1364 +1.521460845e+01 +1.521460845e+01 -4.269539155e+01 -4.269539155e+01 +3.4190e-01 +2.8031e+00 +1.3406e+00 +2.6746e+00 +3.5647e+00
1876 +7.781206039e+00 +7.781206039e+00 -5.012879396e+01 -5.012879396e+01 +3.2663e-01 +2.9250e+00 +1.4403e+00 +2.7466e+00 +3.4519e+00
2087 +5.462724499e+00 +5.462724499e+00 -5.244727550e+01 -5.244727550e+01 +3.1058e-01 +2.8402e+00 +1.3874e+00 +2.6910e+00 +3.2501e+00
2380 +2.457492319e+00 +2.457492319e+00 -5.545250768e+01 -5.545250768e+01 +2.4089e+00 +2.8411e+00 +1.4646e+00 +2.7121e+00 +3.3900e+00
2615 +1.220816737e+00 +1.220816737e+00 -5.668918326e+01 -5.668918326e+01 +2.4275e+00 +2.8462e+00 +1.4494e+00 +2.7142e+00 +3.3789e+00
2742 +5.961273678e-01 +5.961273678e-01 -5.731387263e+01 -5.731387263e+01 +2.4320e+00 +2.8391e+00 +1.4179e+00 +2.7115e+00 +3.3476e+00
3263 +3.940028667e-01 +3.940028667e-01 -5.751599713e+01 -5.751599713e+01 +2.4283e+00 +2.8492e+00 +1.4188e+00 +2.7065e+00 +3.3827e+00
% function evaluation | noise-free fitness - Fopt (-3.349100000000e+02) | best noise-free fitness - Fopt | measured fitness | best measured fitness | x1 | x2...
1 +1.189681368e+05 +1.189681368e+05 +1.186332268e+05 +1.186332268e+05 -2.4686e-01 -2.1985e+00 +3.1069e+00 -3.7011e+00 -1.5990e+00
2 +4.715091692e+04 +4.715091692e+04 +4.681600692e+04 +4.681600692e+04 -1.5064e+00 +1.6949e+00 -3.3822e+00 -1.1698e+00 -2.9960e+00
4 +1.043851018e+04 +1.043851018e+04 +1.010360018e+04 +1.010360018e+04 -3.9534e+00 -3.1651e+00 +1.9089e+00 -4.3705e-01 -3.2779e+00
21 +6.284609382e+03 +6.284609382e+03 +5.949699382e+03 +5.949699382e+03 -1.9539e+00 -3.4951e+00 +1.8648e+00 -5.1204e-01 +8.9928e-01
22 +2.797774053e+03 +2.797774053e+03 +2.462864053e+03 +2.462864053e+03 -1.5692e+00 +1.1259e+00 +1.6597e+00 +1.3616e+00 -1.4292e+00
27 +1.552162860e+03 +1.552162860e+03 +1.217252860e+03 +1.217252860e+03 -4.8525e+00 +1.7078e-01 +1.4445e+00 +4.0033e+00 +3.1445e+00
56 +8.877348940e+02 +8.877348940e+02 +5.528248940e+02 +5.528248940e+02 -2.5935e+00 +2.1448e-01 +3.2486e-01 +1.0070e+00 -1.4843e+00
121 +1.612696179e+02 +1.612696179e+02 -1.736403821e+02 -1.736403821e+02 -3.9307e+00 -2.9723e-01 +3.7079e-01 +1.1243e+00 +6.9099e-01
308 +1.241114825e+02 +1.241114825e+02 -2.107985175e+02 -2.107985175e+02 -1.6824e+00 -8.3722e-01 +2.0589e-01 +2.4282e+00 -2.8350e-01
688 +9.525122348e+01 +9.525122348e+01 -2.396587765e+02 -2.396587765e+02 -2.0733e+00 -1.0558e+00 -4.4020e-01 +2.2018e+00 -7.0753e-01
827 +2.849623471e+01 +2.849623471e+01 -3.064137653e+02 -3.064137653e+02 -2.1259e+00 -1.2859e+00 -2.1489e-01 +1.9709e+00 -2.8318e-02
1287 +2.471048041e+01 +2.471048041e+01 -3.101995196e+02 -3.101995196e+02 -2.8404e+00 -1.2238e+00 -1.5137e-01 +1.5649e+00 +1.5320e-01
1474 +1.067782394e+01 +1.067782394e+01 -3.242321761e+02 -3.242321761e+02 -2.4366e+00 -1.1817e+00 -2.0974e-01 +1.8608e+00 -1.9798e-01
1709 +9.205787820e+00 +9.205787820e+00 -3.257042122e+02 -3.257042122e+02 -2.3856e+00 -1.3177e+00 -1.7643e-02 +1.5325e+00 -1.5370e-01
1769 +5.898914024e+00 +5.898914024e+00 -3.290110860e+02 -3.290110860e+02 -2.3998e+00 -1.2782e+00 +2.2041e-02 +1.6045e+00 -1.7460e-01
2135 +3.860539322e+00 +3.860539322e+00 -3.310494607e+02 -3.310494607e+02 -2.3405e+00 -1.1625e+00 -3.6691e-03 +1.7236e+00 -1.9822e-01
2624 +2.343084987e+00 +2.343084987e+00 -3.325669150e+02 -3.325669150e+02 -2.0920e+00 -9.0245e-01 +1.4682e-01 +1.7122e+00 -2.4418e-01
3245 +1.382119707e+00 +1.382119707e+00 -3.335278803e+02 -3.335278803e+02 -1.7835e+00 -4.5149e-01 +5.7757e-01 +1.9539e+00 -1.6393e-01
3905 +8.696892622e-01 +8.696892622e-01 -3.340403107e+02 -3.340403107e+02 -1.7932e+00 -4.5869e-01 +6.0821e-01 +2.0010e+00 -1.6675e-01
% function evaluation | noise-free fitness - Fopt (-4.670000000000e+01) | best noise-free fitness - Fopt | measured fitness | best measured fitness | x1 | x2...
1 +4.506757559e+05 +4.506757559e+05 +4.506290559e+05 +4.506290559e+05 -4.4214e+00 +6.5861e-01 -4.1072e+00 +4.6193e+00 -8.1402e-02
3 +1.152672004e+04 +1.152672004e+04 +1.148002004e+04 +1.148002004e+04 -1.0811e+00 -3.0594e-01 -1.5308e+00 -5.7681e-02 +1.0892e-01
10 +4.936943962e+03 +4.936943962e+03 +4.890243962e+03 +4.890243962e+03 +1.1211e+00 +2.5625e+00 -3.9504e+00 -2.8697e+00 -2.2884e+00
26 +2.857941814e+03 +2.857941814e+03 +2.811241814e+03 +2.811241814e+03 +9.3724e-01 +1.1079e+00 -4.5787e+00 -2.1064e+00 -3.9905e+00
44 +1.358926773e+03 +1.358926773e+03 +1.312226773e+03 +1.312226773e+03 -1.5897e+00 +8.9459e-01 -5.0000e+00 -2.0008e+00 -1.7566e+00
124 +4.476005622e+02 +4.476005622e+02 +4.009005622e+02 +4.009005622e+02 +0.0000e+00 +0.0000e+00 -4.5289e+00 -3.4647e+00 -3.3568e-01
125 +1.581347125e+02 +1.581347125e+02 +1.114347125e+02 +1.114347125e+02 +0.0000e+00 +2.9871e-02 -4.0120e+00 -2.4807e+00 -1.0478e+00
217 +4.645107063e+01 +4.645107063e+01 -2.489293746e-01 -2.489293746e-01 -3.6966e-01 -3.2696e-01 -3.1944e+00 -3.2264e+00 -1.0597e+00
680 +2.753891373e+01 +2.753891373e+01 -1.916108627e+01 -1.916108627e+01 -3.1472e-01 -3.3948e-02 -3.1864e+00 -3.8407e+00 -1.2239e+00
792 +8.375024053e+00 +8.375024053e+00 -3.832497595e+01 -3.832497595e+01 -1.3836e+00 +4.6560e-01 -3.1688e+00 -3.6290e+00 -1.4211e+00
1432 +6.108766178e+00 +6.108766178e+00 -4.059123382e+01 -4.059123382e+01 -1.4304e+00 +5.9794e-01 -3.1725e+00 -3.4361e+00 -1.5494e+00
1890 +3.543909796e+00 +3.543909796e+00 -4.315609020e+01 -4.315609020e+01 +0.0000e+00 +5.1797e-01 -3.1667e+00 -3.5721e+00 -1.6128e+00
2187 +2.109042471e+00 +2.109042471e+00 -4.459095753e+01 -4.459095753e+01 +0.0000e+00 +4.9325e-01 -3.1595e+00 -3.5005e+00 -1.4879e+00
% function evaluation | noise-free fitness - Fopt (-9.308000000000e+01) | best noise-free fitness - Fopt | measured fitness | best measured fitness | x1 | x2...
1 +2.583848524e+04 +2.583848524e+04 +2.574540524e+04 +2.574540524e+04 +1.9204e+00 -1.1693e+00 -8.7525e-01 +2.5760e+00 +3.4371e+00
4 +1.015177499e+04 +1.015177499e+04 +1.005869499e+04 +1.005869499e+04 -4.4068e-02 -1.3193e+00 -2.7771e+00 +3.7853e+00 -2.3184e+00
30 +1.690588424e+03 +1.690588424e+03 +1.597508424e+03 +1.597508424e+03 -1.0998e+00 -3.5821e+00 -3.1306e+00 +1.3802e+00 -3.3466e+00
46 +2.572299249e+02 +2.572299249e+02 +1.641499249e+02 +1.641499249e+02 -2.6714e+00 -2.6560e+00 -9.8037e-01 -2.2231e-01 -1.0655e-01
378 +5.565854700e+01 +5.565854700e+01 -3.742145300e+01 -3.742145300e+01 -1.8260e+00 -3.1141e+00 -9.0684e-01 +1.2068e+00 -1.7684e+00
870 +3.553491054e+01 +3.553491054e+01 -5.754508946e+01 -5.754508946e+01 -2.5000e+00 -2.7007e+00 -1.0580e+00 +8.5657e-01 -1.6235e+00
1090 +1.552804483e+01 +1.552804483e+01 -7.755195517e+01 -7.755195517e+01 -1.9037e+00 -2.5110e+00 -1.2381e+00 +1.2281e+00 -1.7895e+00
1523 +6.099497975e+00 +6.099497975e+00 -8.698050202e+01 -8.698050202e+01 -1.5720e+00 -2.4967e+00 -1.3047e+00 +9.8622e-01 -1.7033e+00
1779 +3.566707576e+00 +3.566707576e+00 -8.951329242e+01 -8.951329242e+01 -1.4958e+00 -2.3146e+00 -1.2944e+00 +9.8115e-01 -1.8796e+00
2243 +2.473341147e+00 +2.473341147e+00 -9.060665885e+01 -9.060665885e+01 -1.5381e+00 -2.2650e+00 -1.3008e+00 +9.8155e-01 -1.7355e+00
3443 +1.579402349e+00 +1.579402349e+00 -9.150059765e+01 -9.150059765e+01 -1.5016e+00 -2.2514e+00 -1.1984e+00 +1.0244e+00 -1.7595e+00
% function evaluation | noise-free fitness - Fopt (4.168000000000e+01) | best noise-free fitness - Fopt | measured fitness | best measured fitness | x1 | x2...
1 +1.205139141e+05 +1.205139141e+05 +1.205555941e+05 +1.205555941e+05 +3.8267e+00 -2.7804e+00 -4.9305e+00 +3.3184e+00 -3.9212e+00
4 +2.309470266e+04 +2.309470266e+04 +2.313638266e+04 +2.313638266e+04 +4.1341e+00 -3.1846e+00 +3.1799e+00 -8.6499e-01 +3.8710e+00
17 +1.391670255e+04 +1.391670255e+04 +1.395838255e+04 +1.395838255e+04 -1.1277e+00 -1.2794e+00 -2.6092e+00 +1.2432e+00 -1.0987e+00
23 +5.486902694e+03 +5.486902694e+03 +5.528582694e+03 +5.528582694e+03 -7.4297e-01 -3.6641e+00 +3.5029e+00 +6.7599e-01 -1.4765e+00
44 +3.721050217e+03 +3.721050217e+03 +3.762730217e+03 +3.762730217e+03 +1.9076e+00 -3.4940e+00 -6.8905e-01 -1.6846e+00 -1.1290e+00
68 +1.454993389e+03 +1.454993389e+03 +1.496673389e+03 +1.496673389e+03 +1.7483e+00 -1.4603e+00 -6.7765e-01 +2.0463e+00 -4.2202e-01
87 +8.606419929e+02 +8.606419929e+02 +9.023219929e+02 +9.023219929e+02 +0.0000e+00 -1.9069e+00 +2.8818e-01 +1.9806e+00 -1.1498e-02
159 +2.155232260e+02 +2.155232260e+02 +2.572032260e+02 +2.572032260e+02 +3.1102e-01 -3.0575e+00 +1.4646e+00 +0.0000e+00 -3.9511e-01
208 +1.577138401e+02 +1.577138401e+02 +1.993938401e+02 +1.993938401e+02 +1.9633e+00 -1.2654e+00 +1.9515e+00 +9.4028e-01 +3.5098e-01
235 +5.293699184e+01 +5.293699184e+01 +9.461699184e+01 +9.461699184e+01 +1.6021e+00 -1.6630e+00 +1.5075e+00 -5.4500e-02 -1.1071e+00
1287 +2.456683754e+01 +2.456683754e+01 +6.624683754e+01 +6.624683754e+01 +8.7857e-01 -2.3489e+00 +9.2540e-01 -3.1029e-01 -1.1340e+00
1596 +7.766202898e+00 +7.766202898e+00 +4.944620290e+01 +4.944620290e+01 +9.8590e-01 -2.2448e+00 +8.5381e-01 +2.4579e-01 -1.5365e+00
1897 +4.424101291e+00 +4.424101291e+00 +4.610410129e+01 +4.610410129e+01 +1.4978e+00 -1.6592e+00 +1.4184e+00 +3.1104e-01 -1.5955e+00
2455 +3.270614229e+00 +3.270614229e+00 +4.495061423e+01 +4.495061423e+01 +1.5898e+00 -1.5370e+00 +1.4055e+00 +3.7241e-01 -1.4170e+00
2640 +2.444412871e+00 +2.444412871e+00 +4.412441287e+01 +4.412441287e+01 +1.4255e+00 -1.7876e+00 +1.3073e+00 +3.0630e-01 -1.4210e+00
2946 +1.511327869e+00 +1.511327869e+00 +4.319132787e+01 +4.319132787e+01 +1.5045e+00 -1.7356e+00 +1.2908e+00 +2.8855e-01 -1.4099e+00
3216 +9.980854772e-01 +9.980854772e-01 +4.267808548e+01 +4.267808548e+01 +1.5005e+00 -1.6806e+00 +1.3280e+00 +3.1661e-01 -1.4108e+00
