% function evaluation | noise-free fitness - Fopt (7.135000000000e+01) | best noise-free fitness - Fopt | measured fitness | best measured fitness | x1 | x2...
1 +8.164293666e+01 +8.164293666e+01 +1.529929367e+02 +1.529929367e+02 -3.9957e-01 -9.7242e-01
18 +2.329805105e+01 +2.329805105e+01 +9.464805105e+01 +9.464805105e+01 +1.7634e+00 -3.9638e+00
33 +1.482376466e+01 +1.482376466e+01 +8.617376466e+01 +8.617376466e+01 +3.7601e+00 -3.1268e+00
44 +8.177105516e+00 +8.177105516e+00 +7.952710552e+01 +7.952710552e+01 +1.9392e+00 +8.5689e-01
84 +2.907542447e+00 +2.907542447e+00 +7.425754245e+01 +7.425754245e+01 +2.3062e+00 -1.4515e-01
88 +1.042717099e+00 +1.042717099e+00 +7.239271710e+01 +7.239271710e+01 +1.1637e+00 +9.0635e-01
122 +7.354222811e-01 +7.354222811e-01 +7.208542228e+01 +7.208542228e+01 +1.5961e+00 +8.9755e-01
422 +2.530724678e-01 +2.530724678e-01 +7.160307247e+01 +7.160307247e+01 +1.5761e+00 +9.1253e-01
434 +6.269979215e-02 +6.269979215e-02 +7.141269979e+01 +7.141269979e+01 +1.5417e+00 +9.2060e-01
505 +2.584603623e-02 +2.584603623e-02 +7.137584604e+01 +7.137584604e+01 +1.4724e+00 +9.1671e-01
510 +2.413730988e-02 +2.413730988e-02 +7.137413731e+01 +7.137413731e+01 +1.5368e+00 +9.2006e-01
622 +5.617843264e-03 +5.617843264e-03 +7.135561784e+01 +7.135561784e+01 +1.4362e+00 +9.2072e-01
623 +8.468583382e-04 +8.468583382e-04 +7.135084686e+01 +7.135084686e+01 +1.4548e+00 +9.2005e-01
656 +3.541751359e-04 +3.541751359e-04 +7.135035418e+01 +7.135035418e+01 +1.4442e+00 +9.1952e-01
771 +1.292124038e-04 +1.292124038e-04 +7.135012921e+01 +7.135012921e+01 +1.4460e+00 +9.1947e-01
845 +5.932474569e-05 +5.932474569e-05 +7.135005932e+01 +7.135005932e+01 +1.4496e+00 +9.1938e-01
977 +2.687534945e-05 +2.687534945e-05 +7.135002688e+01 +7.135002688e+01 +1.4507e+00 +9.1949e-01
978 +9.492606296e-06 +9.492606296e-06 +7.135000949e+01 +7.135000949e+01 +1.4513e+00 +9.1956e-01
1066 +2.862067987e-06 +2.862067987e-06 +7.135000286e+01 +7.135000286e+01 +1.4505e+00 +9.1956e-01
1085 +1.274906197e-06 +1.274906197e-06 +7.135000127e+01 +7.135000127e+01 +1.4498e+00 +9.1954e-01
1118 +5.330953599e-07 +5.330953599e-07 +7.135000053e+01 +7.135000053e+01 +1.4503e+00 +9.1953e-01
1127 +2.466450155e-09 +2.466450155e-09 +7.135000000e+01 +7.135000000e+01 +1.4502e+00 +9.1955e-01
1224 +6.043876510e-11 +6.043876510e-11 +7.135000000e+01 +7.135000000e+01 +1.4502e+00 +9.1955e-01
1274 +1.146815976e-11 +1.146815976e-11 +7.135000000e+01 +7.135000000e+01 +1.4502e+00 +9.1955e-01
1307 +1.705302566e-13 +1.705302566e-13 +7.135000000e+01 +7.135000000e+01 +1.4502e+00 +9.1955e-01
1324 +5.684341886e-14 +5.684341886e-14 +7.135000000e+01 +7.135000000e+01 +1.4502e+00 +9.1955e-01
1328 +2.842170943e-14 +2.842170943e-14 +7.135000000e+01 +7.135000000e+01 +1.4502e+00 +9.1955e-01
1363 +1.421085472e-14 +1.421085472e-14 +7.135000000e+01 +7.135000000e+01 +1.4502e+00 +9.1955e-01
1384 +0.000000000e+00 +0.000000000e+00 +7.135000000e+01 +7.135000000e+01 +1.4502e+00 +9.1955e-01
% function evaluation | noise-free fitness - Fopt (-3.552200000000e+02) | best noise-free fitness - Fopt | measured fitness | best measured fitness | x1 | x2...
1 +4.712056164e+01 +4.712056164e+01 -3.080994384e+02 -3.080994384e+02 -5.5578e-01 +3.1209e+00
5 +1.614032448e+01 +1.614032448e+01 -3.390796755e+02 -3.390796755e+02 +4.3165e+00 +1.5587e+00
11 +2.276423859e+00 +2.276423859e+00 -3.529435761e+02 -3.529435761e+02 +5.2070e-02 -2.4598e+00
62 +1.481773002e+00 +1.481773002e+00 -3.537382270e+02 -3.537382270e+02 +2.8757e+00 +2.0827e+00
288 +1.254534459e-01 +1.254534459e-01 -3.550945466e+02 -3.550945466e+02 -2.6738e+00 +3.1185e+00
555 +5.269591995e-02 +5.269591995e-02 -3.551673041e+02 -3.551673041e+02 -2.6315e+00 +3.1360e+00
602 +1.264723187e-02 +1.264723187e-02 -3.552073528e+02 -3.552073528e+02 -2.6569e+00 +3.1410e+00
662 +5.762760728e-03 +5.762760728e-03 -3.552142372e+02 -3.552142372e+02 -2.6435e+00 +3.1384e+00
709 +2.719941628e-03 +2.719941628e-03 -3.552172801e+02 -3.552172801e+02 -2.6334e+00 +3.1433e+00
729 +1.771501317e-03 +1.771501317e-03 -3.552182285e+02 -3.552182285e+02 -2.6594e+00 +3.1346e+00
767 +1.076099877e-03 +1.076099877e-03 -3.552189239e+02 -3.552189239e+02 -2.6532e+00 +3.1368e+00
830 +8.480371195e-04 +8.480371195e-04 -3.552191520e+02 -3.552191520e+02 -2.6590e+00 +3.1349e+00
862 +2.230860528e-04 +2.230860528e-04 -3.552197769e+02 -3.552197769e+02 -2.6392e+00 +3.1420e+00
881 +7.186994839e-05 +7.186994839e-05 -3.552199281e+02 -3.552199281e+02 -2.6448e+00 +3.1401e+00
940 +5.672163928e-05 +5.672163928e-05 -3.552199433e+02 -3.552199433e+02 -2.6433e+00 +3.1405e+00
966 +2.284901962e-05 +2.284901962e-05 -3.552199772e+02 -3.552199772e+02 -2.6429e+00 +3.1407e+00
1051 +8.492457937e-08 +8.492457937e-08 -3.552199999e+02 -3.552199999e+02 -2.6424e+00 +3.1410e+00
1242 +5.178634410e-08 +5.178634410e-08 -3.552199999e+02 -3.552199999e+02 -2.6424e+00 +3.1410e+00
1261 +3.788767344e-08 +3.788767344e-08 -3.552200000e+02 -3.552200000e+02 -2.6426e+00 +3.1409e+00
1318 +2.385712605e-08 +2.385712605e-08 -3.552200000e+02 -3.552200000e+02 -2.6425e+00 +3.1410e+00
1335 +8.477968549e-09 +8.477968549e-09 -3.552200000e+02 -3.552200000e+02 -2.6425e+00 +3.1410e+00
1375 +7.282210390e-10 +7.282210390e-10 -3.552200000e+02 -3.552200000e+02 -2.6425e+00 +3.1410e+00
1435 +5.832134775e-10 +5.832134775e-10 -3.552200000e+02 -3.552200000e+02 -2.6425e+00 +3.1410e+00
1455 +1.835473995e-10 +1.835473995e-10 -3.552200000e+02 -3.552200000e+02 -2.6425e+00 +3.1410e+00
1473 +8.526512829e-13 +8.526512829e-13 -3.552200000e+02 -3.552200000e+02 -2.6425e+00 +3.1410e+00
1528 +0.000000000e+00 +0.000000000e+00 -3.552200000e+02 -3.552200000e+02 -2.6425e+00 +3.1410e+00
% function evaluation | noise-free fitness - Fopt (9.917000000000e+01) | best noise-free fitness - Fopt | measured fitness | best measured fitness | x1 | x2...
1 +4.755972137e+01 +4.755972137e+01 +1.467297214e+02 +1.467297214e+02 +1.7082e+00 -2.5072e-01
2 +3.391259557e+01 +3.391259557e+01 +1.330825956e+02 +1.330825956e+02 -6.2822e-01 -3.7292e+00
4 +1.477135722e+00 +1.477135722e+00 +1.006471357e+02 +1.006471357e+02 +3.6056e-01 +1.5239e+00
151 +7.956826156e-01 +7.956826156e-01 +9.996568262e+01 +9.996568262e+01 +3.6131e-01 +1.5649e+00
168 +5.502679222e-01 +5.502679222e-01 +9.972026792e+01 +9.972026792e+01 -2.8651e+00 +2.8384e+00
266 +2.166550079e-01 +2.166550079e-01 +9.938665501e+01 +9.938665501e+01 -2.8537e+00 +2.8173e+00
405 +8.961628450e-02 +8.961628450e-02 +9.925961628e+01 +9.925961628e+01 -2.9198e+00 +2.9117e+00
416 +1.576236685e-03 +1.576236685e-03 +9.917157624e+01 +9.917157624e+01 -2.9428e+00 +2.9162e+00
586 +1.500934704e-04 +1.500934704e-04 +9.917015009e+01 +9.917015009e+01 -2.9455e+00 +2.9168e+00
601 +5.867836673e-05 +5.867836673e-05 +9.917005868e+01 +9.917005868e+01 -2.9429e+00 +2.9132e+00
752 +1.252729905e-05 +1.252729905e-05 +9.917001253e+01 +9.917001253e+01 -2.9442e+00 +2.9146e+00
775 +8.001153276e-06 +8.001153276e-06 +9.917000800e+01 +9.917000800e+01 -2.9449e+00 +2.9159e+00
840 +3.539611839e-07 +3.539611839e-07 +9.917000035e+01 +9.917000035e+01 -2.9438e+00 +2.9143e+00
1001 +1.413508812e-07 +1.413508812e-07 +9.917000014e+01 +9.917000014e+01 -2.9439e+00 +2.9145e+00
1021 +1.796558990e-08 +1.796558990e-08 +9.917000002e+01 +9.917000002e+01 -2.9439e+00 +2.9145e+00
1026 +9.754231201e-09 +9.754231201e-09 +9.917000001e+01 +9.917000001e+01 -2.9439e+00 +2.9145e+00
1046 +5.971998007e-09 +5.971998007e-09 +9.917000001e+01 +9.917000001e+01 -2.9439e+00 +2.9145e+00
1099 +9.931397926e-10 +9.931397926e-10 +9.917000000e+01 +9.917000000e+01 -2.9439e+00 +2.9144e+00
1108 +2.625455409e-10 +2.625455409e-10 +9.917000000e+01 +9.917000000e+01 -2.9439e+00 +2.9144e+00
1133 +1.448512421e-10 +1.448512421e-10 +9.917000000e+01 +9.917000000e+01 -2.9439e+00 +2.9145e+00
1138 +4.263256415e-13 +4.263256415e-13 +9.917000000e+01 +9.917000000e+01 -2.9439e+00 +2.9145e+00
1140 +0.000000000e+00 +0.000000000e+00 +9.917000000e+01 +9.917000000e+01 -2.9439e+00 +2.9145e+00
% function evaluation | noise-free fitness - Fopt (-5.179100000000e+02) | best noise-free fitness - Fopt | measured fitness | best measured fitness | x1 | x2...
1 +7.863219914e+01 +7.863219914e+01 -4.392778009e+02 -4.392778009e+02 +2.8438e+00 +5.8238e-01
4 +4.038885511e+01 +4.038885511e+01 -4.775211449e+02 -4.775211449e+02 -1.3962e+00 -1.7514e+00
11 +1.542237975e+01 +1.542237975e+01 -5.024876203e+02 -5.024876203e+02 +2.5485e+00 +3.8634e+00
27 +6.815364064e+00 +6.815364064e+00 -5.110946359e+02 -5.110946359e+02 +5.2942e-01 +3.4194e+00
82 +1.140609401e+00 +1.140609401e+00 -5.167693906e+02 -5.167693906e+02 -2.3622e+00 -1.5122e+00
222 +3.200032313e-01 +3.200032313e-01 -5.175899968e+02 -5.175899968e+02 -4.3694e+00 +2.2246e+00
464 +1.065376063e-01 +1.065376063e-01 -5.178034624e+02 -5.178034624e+02 -2.3412e+00 -1.5263e+00
683 +9.063630545e-02 +9.063630545e-02 -5.178193637e+02 -5.178193637e+02 -2.3386e+00 -1.5239e+00
852 +5.294221103e-02 +5.294221103e-02 -5.178570578e+02 -5.178570578e+02 -2.3292e+00 -1.5185e+00
942 +3.591013367e-02 +3.591013367e-02 -5.178740899e+02 -5.178740899e+02 -2.3312e+00 -1.5199e+00
1195 +2.493735981e-02 +2.493735981e-02 -5.178850626e+02 -5.178850626e+02 -2.3301e+00 -1.5195e+00
3766 +1.103570221e-02 +1.103570221e-02 -5.178989643e+02 -5.178989643e+02 +3.0217e+00 +4.4731e+00
3773 +1.894931294e-04 +1.894931294e-04 -5.179098105e+02 -5.179098105e+02 +6.3020e-01 +3.6257e+00
3894 +1.937596596e-05 +1.937596596e-05 -5.179099806e+02 -5.179099806e+02 +6.3128e-01 +3.6259e+00
4006 +1.280662821e-05 +1.280662821e-05 -5.179099872e+02 -5.179099872e+02 +6.2907e-01 +3.6243e+00
4077 +8.491866993e-06 +8.491866993e-06 -5.179099915e+02 -5.179099915e+02 +6.3003e-01 +3.6252e+00
4130 +2.611924629e-06 +2.611924629e-06 -5.179099974e+02 -5.179099974e+02 +6.2986e-01 +3.6249e+00
4152 +1.685836764e-06 +1.685836764e-06 -5.179099983e+02 -5.179099983e+02 +6.3096e-01 +3.6256e+00
4161 +1.200720362e-06 +1.200720362e-06 -5.179099988e+02 -5.179099988e+02 +6.3066e-01 +3.6253e+00
4164 +7.162580005e-07 +7.162580005e-07 -5.179099993e+02 -5.179099993e+02 +6.3059e-01 +3.6254e+00
4169 +2.234418162e-07 +2.234418162e-07 -5.179099998e+02 -5.179099998e+02 +6.3055e-01 +3.6253e+00
4172 +5.575509476e-08 +5.575509476e-08 -5.179099999e+02 -5.179099999e+02 +6.3048e-01 +3.6253e+00
4181 +1.809451078e-08 +1.809451078e-08 -5.179100000e+02 -5.179100000e+02 +6.3054e-01 +3.6253e+00
4391 +5.784954737e-09 +5.784954737e-09 -5.179100000e+02 -5.179100000e+02 +6.3049e-01 +3.6253e+00
4443 +1.223611434e-09 +1.223611434e-09 -5.179100000e+02 -5.179100000e+02 +6.3045e-01 +3.6253e+00
4462 +2.069100447e-11 +2.069100447e-11 -5.179100000e+02 -5.179100000e+02 +6.3047e-01 +3.6253e+00
4546 +2.160049917e-12 +2.160049917e-12 -5.179100000e+02 -5.179100000e+02 +6.3048e-01 +3.6253e+00
4563 +1.136868377e-13 +1.136868377e-13 -5.179100000e+02 -5.179100000e+02 +6.3047e-01 +3.6253e+00
4571 +0.000000000e+00 +0.000000000e+00 -5.179100000e+02 -5.179100000e+02 +6.3047e-01 +3.6253e+00
% function evaluation | noise-free fitness - Fopt (-5.721000000000e+01) | best noise-free fitness - Fopt | measured fitness | best measured fitness | x1 | x2...
1 +4.064723307e+01 +4.064723307e+01 -1.656276693e+01 -1.656276693e+01 -4.6203e+00 +4.0110e+00
2 +2.008451612e+01 +2.008451612e+01 -3.712548388e+01 -3.712548388e+01 +4.3389e+00 +3.8022e+00
10 +1.533116566e+01 +1.533116566e+01 -4.187883434e+01 -4.187883434e+01 +6.2103e-01 +2.2867e+00
66 +6.213683660e+00 +6.213683660e+00 -5.099631634e+01 -5.099631634e+01 -4.0020e+00 -3.2492e-01
72 +3.372569940e+00 +3.372569940e+00 -5.383743006e+01 -5.383743006e+01 -1.4400e-01 +3.2393e+00
204 +2.085920363e+00 +2.085920363e+00 -5.512407964e+01 -5.512407964e+01 -1.5905e-01 +3.2320e+00
220 +6.839663826e-01 +6.839663826e-01 -5.652603362e+01 -5.652603362e+01 -3.6216e+00 -7.4756e-01
269 +8.741169885e-02 +8.741169885e-02 -5.712258830e+01 -5.712258830e+01 -4.3276e+00 +1.6989e+00
1001 +3.089853491e-02 +3.089853491e-02 -5.717910147e+01 -5.717910147e+01 -4.2847e+00 +1.6783e+00
1147 +1.975814473e-02 +1.975814473e-02 -5.719024186e+01 -5.719024186e+01 -4.3015e+00 +1.6882e+00
1199 +4.496800191e-03 +4.496800191e-03 -5.720550320e+01 -5.720550320e+01 -4.3073e+00 +1.6929e+00
1288 +3.091309599e-03 +3.091309599e-03 -5.720690869e+01 -5.720690869e+01 -4.3118e+00 +1.7029e+00
1299 +9.630048806e-04 +9.630048806e-04 -5.720903700e+01 -5.720903700e+01 -4.3041e+00 +1.6954e+00
1386 +2.277720733e-04 +2.277720733e-04 -5.720977223e+01 -5.720977223e+01 -4.3073e+00 +1.6974e+00
1411 +5.051086215e-05 +5.051086215e-05 -5.720994949e+01 -5.720994949e+01 -4.3087e+00 +1.6989e+00
1469 +3.720511194e-05 +3.720511194e-05 -5.720996279e+01 -5.720996279e+01 -4.3078e+00 +1.6979e+00
1505 +2.518848063e-06 +2.518848063e-06 -5.720999748e+01 -5.720999748e+01 -4.3084e+00 +1.6985e+00
1575 +1.353958439e-06 +1.353958439e-06 -5.720999865e+01 -5.720999865e+01 -4.3086e+00 +1.6987e+00
1641 +8.573692867e-07 +8.573692867e-07 -5.720999914e+01 -5.720999914e+01 -4.3083e+00 +1.6985e+00
1702 +3.914288413e-07 +3.914288413e-07 -5.720999961e+01 -5.720999961e+01 -4.3083e+00 +1.6985e+00
1724 +1.825794129e-07 +1.825794129e-07 -5.720999982e+01 -5.720999982e+01 -4.3082e+00 +1.6984e+00
1752 +2.789786890e-08 +2.789786890e-08 -5.720999997e+01 -5.720999997e+01 -4.3082e+00 +1.6984e+00
1786 +2.297813495e-08 +2.297813495e-08 -5.720999998e+01 -5.720999998e+01 -4.3083e+00 +1.6984e+00
1867 +9.131895240e-11 +9.131895240e-11 -5.721000000e+01 -5.721000000e+01 -4.3083e+00 +1.6984e+00
1984 +2.486899575e-13 +2.486899575e-13 -5.721000000e+01 -5.721000000e+01 -4.3083e+00 +1.6984e+00
2061 +7.105427358e-14 +7.105427358e-14 -5.721000000e+01 -5.721000000e+01 -4.3083e+00 +1.6984e+00
2084 +2.842170943e-14 +2.842170943e-14 -5.721000000e+01 -5.721000000e+01 -4.3083e+00 +1.6984e+00
2103 +2.131628207e-14 +2.131628207e-14 -5.721000000e+01 -5.721000000e+01 -4.3083e+00 +1.6984e+00
2112 +0.000000000e+00 +0.000000000e+00 -5.721000000e+01 -5.721000000e+01 -4.3083e+00 +1.6984e+00
% function evaluation | noise-free fitness - Fopt (-2.778000000000e+01) | best noise-free fitness - Fopt | measured fitness | best measured fitness | x1 | x2...
1 +2.381648794e+02 +2.381648794e+02 +2.103848794e+02 +2.103848794e+02 +5.6133e-01 +3.3969e+00
2 +1.361354979e+02 +1.361354979e+02 +1.083554979e+02 +1.083554979e+02 +2.0566e+00 +3.1810e-01
4 +3.419229949e+01 +3.419229949e+01 +6.412299485e+00 +6.412299485e+00 +1.1869e+00 -4.5873e+00
5 +2.312553916e+01 +2.312553916e+01 -4.654460839e+00 -4.654460839e+00 +4.7551e+00 +3.1382e+00
14 +8.538522493e+00 +8.538522493e+00 -1.924147751e+01 -1.924147751e+01 -3.6581e-01 -1.9181e+00
148 +3.487388439e+00 +3.487388439e+00 -2.429261156e+01 -2.429261156e+01 +5.0666e-01 -3.5669e+00
318 +2.098675895e+00 +2.098675895e+00 -2.568132410e+01 -2.568132410e+01 -5.6205e-01 -1.5950e+00
363 +3.742835717e-01 +3.742835717e-01 -2.740571643e+01 -2.740571643e+01 -4.7834e-01 -2.0107e+00
577 +1.235534217e-02 +1.235534217e-02 -2.776764466e+01 -2.776764466e+01 -2.3176e+00 +4.3672e-01
603 +2.241705572e-03 +2.241705572e-03 -2.777775829e+01 -2.777775829e+01 -2.3148e+00 +4.4808e-01
908 +1.437975497e-03 +1.437975497e-03 -2.777856202e+01 -2.777856202e+01 -2.3126e+00 +4.5758e-01
1207 +8.814859397e-04 +8.814859397e-04 -2.777911851e+01 -2.777911851e+01 -1.1420e+00 -6.2566e-01
1302 +2.282979945e-05 +2.282979945e-05 -2.777997717e+01 -2.777997717e+01 -1.1423e+00 -6.3203e-01
1399 +7.964567338e-06 +7.964567338e-06 -2.777999204e+01 -2.777999204e+01 -1.1424e+00 -6.3396e-01
1503 +5.432178462e-06 +5.432178462e-06 -2.777999457e+01 -2.777999457e+01 -1.1424e+00 -6.3381e-01
1539 +1.719461029e-06 +1.719461029e-06 -2.777999828e+01 -2.777999828e+01 -1.1424e+00 -6.3327e-01
1601 +9.701191921e-07 +9.701191921e-07 -2.777999903e+01 -2.777999903e+01 -1.1424e+00 -6.3330e-01
1631 +2.424334049e-07 +2.424334049e-07 -2.777999976e+01 -2.777999976e+01 -1.1424e+00 -6.3329e-01
1660 +3.190684339e-08 +3.190684339e-08 -2.777999997e+01 -2.777999997e+01 -1.1424e+00 -6.3337e-01
1661 +2.887183825e-10 +2.887183825e-10 -2.778000000e+01 -2.778000000e+01 -1.1424e+00 -6.3337e-01
1763 +2.413713673e-11 +2.413713673e-11 -2.778000000e+01 -2.778000000e+01 -1.1424e+00 -6.3337e-01
1801 +8.153477893e-12 +8.153477893e-12 -2.778000000e+01 -2.778000000e+01 -1.1424e+00 -6.3338e-01
1818 +1.541877737e-12 +1.541877737e-12 -2.778000000e+01 -2.778000000e+01 -1.1424e+00 -6.3337e-01
1882 +6.039613254e-13 +6.039613254e-13 -2.778000000e+01 -2.778000000e+01 -1.1424e+00 -6.3338e-01
1900 +0.000000000e+00 +0.000000000e+00 -2.778000000e+01 -2.778000000e+01 -1.1424e+00 -6.3338e-01
% function evaluation | noise-free fitness - Fopt (-4.871000000000e+01) | best noise-free fitness - Fopt | measured fitness | best measured fitness | x1 | x2...
1 +1.469316347e+01 +1.469316347e+01 -3.401683653e+01 -3.401683653e+01 +9.7056e-01 -1.9527e+00
24 +3.710063086e+00 +3.710063086e+00 -4.499993691e+01 -4.499993691e+01 -4.0816e-01 -3.7114e+00
83 +3.561917037e-01 +3.561917037e-01 -4.835380830e+01 -4.835380830e+01 +2.3081e+00 -2.5999e+00
286 +1.724607575e-01 +1.724607575e-01 -4.853753924e+01 -4.853753924e+01 +2.2808e+00 -2.6028e+00
333 +4.222676329e-02 +4.222676329e-02 -4.866777324e+01 -4.866777324e+01 +5.5660e-01 -3.8256e+00
339 +3.282308135e-02 +3.282308135e-02 -4.867717692e+01 -4.867717692e+01 +1.4004e+00 -3.2764e+00
403 +4.030215998e-03 +4.030215998e-03 -4.870596978e+01 -4.870596978e+01 +1.4131e+00 -3.3334e+00
598 +4.925962731e-04 +4.925962731e-04 -4.870950740e+01 -4.870950740e+01 +1.4148e+00 -3.3320e+00
676 +5.202317676e-05 +5.202317676e-05 -4.870994798e+01 -4.870994798e+01 +1.4153e+00 -3.3309e+00
774 +2.191350890e-05 +2.191350890e-05 -4.870997809e+01 -4.870997809e+01 +1.4158e+00 -3.3330e+00
895 +6.984275863e-06 +6.984275863e-06 -4.870999302e+01 -4.870999302e+01 +1.4152e+00 -3.3311e+00
962 +3.935737951e-06 +3.935737951e-06 -4.870999606e+01 -4.870999606e+01 +1.4153e+00 -3.3314e+00
1015 +1.991001923e-07 +1.991001923e-07 -4.870999980e+01 -4.870999980e+01 +1.4154e+00 -3.3317e+00
1045 +8.457007539e-08 +8.457007539e-08 -4.870999992e+01 -4.870999992e+01 +1.4153e+00 -3.3314e+00
1121 +6.261763730e-08 +6.261763730e-08 -4.870999994e+01 -4.870999994e+01 +1.4154e+00 -3.3316e+00
1162 +1.625734569e-08 +1.625734569e-08 -4.870999998e+01 -4.870999998e+01 +1.4154e+00 -3.3315e+00
1163 +6.146194664e-12 +6.146194664e-12 -4.871000000e+01 -4.871000000e+01 +1.4154e+00 -3.3315e+00
1227 +1.435296326e-12 +1.435296326e-12 -4.871000000e+01 -4.871000000e+01 +1.4154e+00 -3.3316e+00
1285 +0.000000000e+00 +0.000000000e+00 -4.871000000e+01 -4.871000000e+01 +1.4154e+00 -3.3316e+00
% function evaluation | noise-free fitness - Fopt (-1.667900000000e+02) | best noise-free fitness - Fopt | measured fitness | best measured fitness | x1 | x2...
1 +3.966009627e+01 +3.966009627e+01 -1.271299037e+02 -1.271299037e+02 -1.1423e+00 -4.8838e+00
3 +1.775558171e+01 +1.775558171e+01 -1.490344183e+02 -1.490344183e+02 +4.3492e+00 +7.1183e-01
19 +6.281148476e+00 +6.281148476e+00 -1.605088515e+02 -1.605088515e+02 +3.8112e+00 +1.7919e+00
21 +2.699653187e+00 +2.699653187e+00 -1.640903468e+02 -1.640903468e+02 +3.8112e+00 +2.0638e+00
122 +2.157231077e+00 +2.157231077e+00 -1.646327689e+02 -1.646327689e+02 +3.5057e+00 +2.7966e+00
222 +5.446107435e-01 +5.446107435e-01 -1.662453893e+02 -1.662453893e+02 +3.5284e+00 +2.7401e+00
634 +8.449646607e-02 +8.449646607e-02 -1.667055035e+02 -1.667055035e+02 +4.2538e+00 +4.5726e+00
730 +4.402930358e-02 +4.402930358e-02 -1.667459707e+02 -1.667459707e+02 +4.2464e+00 +4.5869e+00
757 +2.641682609e-02 +2.641682609e-02 -1.667635832e+02 -1.667635832e+02 +4.2815e+00 +4.4855e+00
918 +4.286497764e-03 +4.286497764e-03 -1.667857135e+02 -1.667857135e+02 +4.2871e+00 +4.4862e+00
984 +3.848382459e-03 +3.848382459e-03 -1.667861516e+02 -1.667861516e+02 +4.2790e+00 +4.5021e+00
1024 +2.034883331e-03 +2.034883331e-03 -1.667879651e+02 -1.667879651e+02 +4.2749e+00 +4.5069e+00
1121 +1.293554339e-03 +1.293554339e-03 -1.667887064e+02 -1.667887064e+02 +4.2737e+00 +4.5085e+00
1123 +6.828121285e-04 +6.828121285e-04 -1.667893172e+02 -1.667893172e+02 +4.2766e+00 +4.5048e+00
1171 +3.505589362e-04 +3.505589362e-04 -1.667896494e+02 -1.667896494e+02 +4.2769e+00 +4.5023e+00
1232 +1.597665753e-04 +1.597665753e-04 -1.667898402e+02 -1.667898402e+02 +4.2767e+00 +4.5042e+00
1267 +1.098603803e-06 +1.098603803e-06 -1.667899989e+02 -1.667899989e+02 +4.2774e+00 +4.5021e+00
1446 +1.523799256e-07 +1.523799256e-07 -1.667899998e+02 -1.667899998e+02 +4.2775e+00 +4.5020e+00
1563 +7.506156408e-08 +7.506156408e-08 -1.667899999e+02 -1.667899999e+02 +4.2775e+00 +4.5018e+00
1564 +5.437169648e-08 +5.437169648e-08 -1.667899999e+02 -1.667899999e+02 +4.2775e+00 +4.5019e+00
1583 +1.031713737e-08 +1.031713737e-08 -1.667900000e+02 -1.667900000e+02 +4.2775e+00 +4.5019e+00
1587 +7.062993745e-09 +7.062993745e-09 -1.667900000e+02 -1.667900000e+02 +4.2775e+00 +4.5019e+00
1693 +6.136815500e-10 +6.136815500e-10 -1.667900000e+02 -1.667900000e+02 +4.2775e+00 +4.5019e+00
1702 +3.789466518e-10 +3.789466518e-10 -1.667900000e+02 -1.667900000e+02 +4.2775e+00 +4.5019e+00
1757 +6.764366844e-11 +6.764366844e-11 -1.667900000e+02 -1.667900000e+02 +4.2775e+00 +4.5019e+00
1774 +2.768274499e-11 +2.768274499e-11 -1.667900000e+02 -1.667900000e+02 +4.2775e+00 +4.5019e+00
1801 +0.000000000e+00 +0.000000000e+00 -1.667900000e+02 -1.667900000e+02 +4.2775e+00 +4.5019e+00
% function evaluation | noise-free fitness - Fopt (1.000000000000e+03) | best noise-free fitness - Fopt | measured fitness | best measured fitness | x1 | x2...
1 +4.493057312e+02 +4.493057312e+02 +1.449305731e+03 +1.449305731e+03 +4.0823e+00 -1.4220e+00
2 +8.742227599e+01 +8.742227599e+01 +1.087422276e+03 +1.087422276e+03 -3.8346e+00 -4.1129e+00
9 +1.976385619e+01 +1.976385619e+01 +1.019763856e+03 +1.019763856e+03 +4.8874e+00 -4.4624e+00
13 +8.113090963e+00 +8.113090963e+00 +1.008113091e+03 +1.008113091e+03 +4.0842e+00 -4.0600e+00
101 +3.817770733e+00 +3.817770733e+00 +1.003817771e+03 +1.003817771e+03 +3.1154e+00 +9.8400e-01
261 +2.377263558e+00 +2.377263558e+00 +1.002377264e+03 +1.002377264e+03 +2.6241e+00 +1.1438e+00
262 +6.863769709e-01 +6.863769709e-01 +1.000686377e+03 +1.000686377e+03 +2.8163e+00 +1.0021e+00
331 +2.648505427e-01 +2.648505427e-01 +1.000264851e+03 +1.000264851e+03 +2.9124e+00 +9.7420e-01
543 +2.111506326e-01 +2.111506326e-01 +1.000211151e+03 +1.000211151e+03 +1.0772e+00 +7.8967e-01
638 +1.053979730e-01 +1.053979730e-01 +1.000105398e+03 +1.000105398e+03 +9.6567e-01 +8.5756e-01
639 +8.555057713e-02 +8.555057713e-02 +1.000085551e+03 +1.000085551e+03 +1.0784e+00 +8.0175e-01
699 +5.189366353e-02 +5.189366353e-02 +1.000051894e+03 +1.000051894e+03 +1.0476e+00 +8.1666e-01
754 +3.605239674e-02 +3.605239674e-02 +1.000036052e+03 +1.000036052e+03 +9.7321e-01 +8.5152e-01
776 +1.725135067e-02 +1.725135067e-02 +1.000017251e+03 +1.000017251e+03 +9.7851e-01 +8.4968e-01
782 +3.604326918e-03 +3.604326918e-03 +1.000003604e+03 +1.000003604e+03 +9.7201e-01 +8.4552e-01
791 +1.007970222e-03 +1.007970222e-03 +1.000001008e+03 +1.000001008e+03 +9.6931e-01 +8.4820e-01
871 +1.183481978e-04 +1.183481978e-04 +1.000000118e+03 +1.000000118e+03 +9.6561e-01 +8.4867e-01
928 +9.612631811e-05 +9.612631811e-05 +1.000000096e+03 +1.000000096e+03 +9.6209e-01 +8.4917e-01
996 +5.744283021e-05 +5.744283021e-05 +1.000000057e+03 +1.000000057e+03 +9.6604e-01 +8.4795e-01
1022 +2.520079670e-05 +2.520079670e-05 +1.000000025e+03 +1.000000025e+03 +9.6427e-01 +8.4845e-01
1037 +5.399884230e-06 +5.399884230e-06 +1.000000005e+03 +1.000000005e+03 +9.6568e-01 +8.4819e-01
1061 +1.473127213e-06 +1.473127213e-06 +1.000000001e+03 +1.000000001e+03 +9.6541e-01 +8.4825e-01
1080 +9.030106867e-07 +9.030106867e-07 +1.000000001e+03 +1.000000001e+03 +9.6489e-01 +8.4837e-01
1170 +1.971498023e-07 +1.971498023e-07 +1.000000000e+03 +1.000000000e+03 +9.6491e-01 +8.4838e-01
1278 +2.471142579e-08 +2.471142579e-08 +1.000000000e+03 +1.000000000e+03 +9.6495e-01 +8.4838e-01
1301 +5.358060662e-09 +5.358060662e-09 +1.000000000e+03 +1.000000000e+03 +9.6495e-01 +8.4838e-01
1340 +2.273736754e-13 +2.273736754e-13 +1.000000000e+03 +1.000000000e+03 +9.6499e-01 +8.4837e-01
1401 +0.000000000e+00 +0.000000000e+00 +1.000000000e+03 +1.000000000e+03 +9.6498e-01 +8.4837e-01
% function evaluation | noise-free fitness - Fopt (-1.847000000000e+01) | best noise-free fitness - Fopt | measured fitness | best measured fitness | x1 | x2...
1 +1.382654635e+01 +1.382654635e+01 -4.643453651e+00 -4.643453651e+00 -4.3915e+00 -2.8783e+00
15 +1.099016661e-01 +1.099016661e-01 -1.836009833e+01 -1.836009833e+01 -2.5102e+00 -1.6936e+00
857 +7.472428704e-03 +7.472428704e-03 -1.846252757e+01 -1.846252757e+01 -2.5218e+00 -1.6880e+00
885 +1.269529462e-04 +1.269529462e-04 -1.846987305e+01 -1.846987305e+01 -4.1566e+00 +1.7482e+00
1262 +3.027846020e-05 +3.027846020e-05 -1.846996972e+01 -1.846996972e+01 -4.1580e+00 +1.7468e+00
1325 +2.813667226e-06 +2.813667226e-06 -1.846999719e+01 -1.846999719e+01 -4.1572e+00 +1.7476e+00
1452 +9.225303721e-07 +9.225303721e-07 -1.846999908e+01 -1.846999908e+01 -4.1573e+00 +1.7474e+00
1561 +2.386511930e-07 +2.386511930e-07 -1.846999976e+01 -1.846999976e+01 -4.1574e+00 +1.7475e+00
1629 +7.463523843e-08 +7.463523843e-08 -1.846999993e+01 -1.846999993e+01 -4.1574e+00 +1.7474e+00
1647 +5.231435907e-08 +5.231435907e-08 -1.846999995e+01 -1.846999995e+01 -4.1574e+00 +1.7473e+00
1658 +1.311219933e-08 +1.311219933e-08 -1.846999999e+01 -1.846999999e+01 -4.1574e+00 +1.7474e+00
1691 +4.457749725e-09 +4.457749725e-09 -1.847000000e+01 -1.847000000e+01 -4.1575e+00 +1.7473e+00
1702 +0.000000000e+00 +0.000000000e+00 -1.847000000e+01 -1.847000000e+01 -4.1574e+00 +1.7473e+00
% function evaluation | noise-free fitness - Fopt (-5.971000000000e+01) | best noise-free fitness - Fopt | measured fitness | best measured fitness | x1 | x2...
1 +2.788361659e+02 +2.788361659e+02 +2.191261659e+02 +2.191261659e+02 +2.2633e+00 +2.2176e+00
2 +1.797027851e+02 +1.797027851e+02 +1.199927851e+02 +1.199927851e+02 +2.7797e+00 -3.4722e+00
3 +6.658704071e+01 +6.658704071e+01 +6.877040711e+00 +6.877040711e+00 +1.8989e+00 +1.3076e+00
4 +3.158050288e+01 +3.158050288e+01 -2.812949712e+01 -2.812949712e+01 +1.8801e+00 -4.0075e+00
10 +1.683576622e+00 +1.683576622e+00 -5.802642338e+01 -5.802642338e+01 -9.6168e-01 +8.9765e-01
27 +2.043433937e-01 +2.043433937e-01 -5.950565661e+01 -5.950565661e+01 -2.0846e+00 -2.3542e+00
234 +1.047096164e-01 +1.047096164e-01 -5.960529038e+01 -5.960529038e+01 -2.0321e+00 -2.2623e+00
276 +6.060052673e-02 +6.060052673e-02 -5.964939947e+01 -5.964939947e+01 -2.0763e+00 -2.3316e+00
384 +1.843259031e-02 +1.843259031e-02 -5.969156741e+01 -5.969156741e+01 -2.0465e+00 -2.3031e+00
449 +7.026264731e-03 +7.026264731e-03 -5.970297374e+01 -5.970297374e+01 -2.0700e+00 -2.3176e+00
470 +1.397993576e-03 +1.397993576e-03 -5.970860201e+01 -5.970860201e+01 -2.0446e+00 -2.2941e+00
519 +7.893952495e-04 +7.893952495e-04 -5.970921060e+01 -5.970921060e+01 -2.0302e+00 -2.2800e+00
522 +4.583986274e-04 +4.583986274e-04 -5.970954160e+01 -5.970954160e+01 -2.0358e+00 -2.2866e+00
523 +3.950462528e-04 +3.950462528e-04 -5.970960495e+01 -5.970960495e+01 -2.0338e+00 -2.2840e+00
562 +3.643254911e-05 +3.643254911e-05 -5.970996357e+01 -5.970996357e+01 -2.0333e+00 -2.2828e+00
636 +1.579657657e-05 +1.579657657e-05 -5.970998420e+01 -5.970998420e+01 -2.0348e+00 -2.2841e+00
645 +8.568632943e-06 +8.568632943e-06 -5.970999143e+01 -5.970999143e+01 -2.0347e+00 -2.2842e+00
681 +1.089740536e-06 +1.089740536e-06 -5.970999891e+01 -5.970999891e+01 -2.0347e+00 -2.2842e+00
742 +1.443204667e-09 +1.443204667e-09 -5.971000000e+01 -5.971000000e+01 -2.0347e+00 -2.2841e+00
922 +1.104538683e-10 +1.104538683e-10 -5.971000000e+01 -5.971000000e+01 -2.0346e+00 -2.2840e+00
962 +8.887468539e-11 +8.887468539e-11 -5.971000000e+01 -5.971000000e+01 -2.0347e+00 -2.2840e+00
1005 +1.257660642e-12 +1.257660642e-12 -5.971000000e+01 -5.971000000e+01 -2.0346e+00 -2.2840e+00
1048 +4.121147867e-13 +4.121147867e-13 -5.971000000e+01 -5.971000000e+01 -2.0346e+00 -2.2840e+00
1062 +7.105427358e-15 +7.105427358e-15 -5.971000000e+01 -5.971000000e+01 -2.0346e+00 -2.2840e+00
1088 +0.000000000e+00 +0.000000000e+00 -5.971000000e+01 -5.971000000e+01 -2.0346e+00 -2.2840e+00
% function evaluation | noise-free fitness - Fopt (-9.684000000000e+01) | best noise-free fitness - Fopt | measured fitness | best measured fitness | x1 | x2...
1 +1.091889396e+01 +1.091889396e+01 -8.592110604e+01 -8.592110604e+01 +2.9503e+00 +2.4153e-01
2 +5.903620913e+00 +5.903620913e+00 -9.093637909e+01 -9.093637909e+01 +1.9098e+00 +1.3403e+00
172 +3.445534873e+00 +3.445534873e+00 -9.339446513e+01 -9.339446513e+01 +2.2334e+00 +2.3953e+00
364 +1.935581063e+00 +1.935581063e+00 -9.490441894e+01 -9.490441894e+01 +6.1525e-01 +2.0871e+00
461 +1.081408127e+00 +1.081408127e+00 -9.575859187e+01 -9.575859187e+01 +6.3055e-01 +2.0244e+00
585 +5.532186519e-02 +5.532186519e-02 -9.678467813e+01 -9.678467813e+01 +5.3884e-01 +1.7534e+00
652 +3.682677034e-02 +3.682677034e-02 -9.680317323e+01 -9.680317323e+01 +5.4205e-01 +1.7898e+00
828 +1.320171708e-02 +1.320171708e-02 -9.682679828e+01 -9.682679828e+01 +5.2938e-01 +1.7412e+00
844 +1.648711353e-03 +1.648711353e-03 -9.683835129e+01 -9.683835129e+01 +5.2814e-01 +1.7221e+00
920 +1.251061725e-03 +1.251061725e-03 -9.683874894e+01 -9.683874894e+01 +5.2629e-01 +1.7186e+00
950 +9.245122107e-04 +9.245122107e-04 -9.683907549e+01 -9.683907549e+01 +5.2537e-01 +1.7133e+00
972 +4.072524866e-04 +4.072524866e-04 -9.683959275e+01 -9.683959275e+01 +5.2362e-01 +1.7107e+00
993 +2.141995601e-04 +2.141995601e-04 -9.683978580e+01 -9.683978580e+01 +5.2337e-01 +1.7082e+00
1042 +6.460441044e-05 +6.460441044e-05 -9.683993540e+01 -9.683993540e+01 +5.2390e-01 +1.7106e+00
1166 +5.507648171e-05 +5.507648171e-05 -9.683994492e+01 -9.683994492e+01 +5.2397e-01 +1.7108e+00
1185 +4.775786891e-06 +4.775786891e-06 -9.683999522e+01 -9.683999522e+01 +5.2397e-01 +1.7105e+00
1239 +3.874311133e-06 +3.874311133e-06 -9.683999613e+01 -9.683999613e+01 +5.2408e-01 +1.7105e+00
1263 +1.755459365e-06 +1.755459365e-06 -9.683999824e+01 -9.683999824e+01 +5.2396e-01 +1.7103e+00
1321 +1.118890779e-06 +1.118890779e-06 -9.683999888e+01 -9.683999888e+01 +5.2407e-01 +1.7106e+00
1347 +6.892478268e-07 +6.892478268e-07 -9.683999931e+01 -9.683999931e+01 +5.2404e-01 +1.7105e+00
1387 +2.351589075e-07 +2.351589075e-07 -9.683999976e+01 -9.683999976e+01 +5.2400e-01 +1.7104e+00
1411 +2.965198576e-08 +2.965198576e-08 -9.683999997e+01 -9.683999997e+01 +5.2401e-01 +1.7104e+00
1421 +2.317992198e-08 +2.317992198e-08 -9.683999998e+01 -9.683999998e+01 +5.2402e-01 +1.7104e+00
1444 +7.292342730e-09 +7.292342730e-09 -9.683999999e+01 -9.683999999e+01 +5.2399e-01 +1.7104e+00
1547 +1.976005137e-09 +1.976005137e-09 -9.684000000e+01 -9.684000000e+01 +5.2400e-01 +1.7104e+00
1548 +1.576410114e-10 +1.576410114e-10 -9.684000000e+01 -9.684000000e+01 +5.2400e-01 +1.7104e+00
1690 +8.867573342e-12 +8.867573342e-12 -9.684000000e+01 -9.684000000e+01 +5.2400e-01 +1.7104e+00
1730 +4.121147867e-13 +4.121147867e-13 -9.684000000e+01 -9.684000000e+01 +5.2400e-01 +1.7104e+00
1753 +7.105427358e-14 +7.105427358e-14 -9.684000000e+01 -9.684000000e+01 +5.2400e-01 +1.7104e+00
1765 +0.000000000e+00 +0.000000000e+00 -9.684000000e+01 -9.684000000e+01 +5.2400e-01 +1.7104e+00
% function evaluation | noise-free fitness - Fopt (3.207000000000e+01) | best noise-free fitness - Fopt | measured fitness | best measured fitness | x1 | x2...
1 +2.405273894e+02 +2.405273894e+02 +2.725973894e+02 +2.725973894e+02 +1.8406e+00 +4.3749e-01
2 +8.579542493e+01 +8.579542493e+01 +1.178654249e+02 +1.178654249e+02 +5.8956e-01 -4.8592e+00
8 +2.431705854e+00 +2.431705854e+00 +3.450170585e+01 +3.450170585e+01 +2.3246e+00 -3.4481e+00
221 +2.844853098e-01 +2.844853098e-01 +3.235448531e+01 +3.235448531e+01 +2.2555e+00 +2.9808e+00
415 +6.904876283e-02 +6.904876283e-02 +3.213904876e+01 +3.213904876e+01 +2.3728e+00 +2.9078e+00
638 +7.427766527e-03 +7.427766527e-03 +3.207742777e+01 +3.207742777e+01 +2.3143e+00 +2.9539e+00
749 +4.990058356e-03 +4.990058356e-03 +3.207499006e+01 +3.207499006e+01 +2.3242e+00 +2.9393e+00
821 +2.159236287e-03 +2.159236287e-03 +3.207215924e+01 +3.207215924e+01 +2.3262e+00 +2.9390e+00
927 +5.677961174e-04 +5.677961174e-04 +3.207056780e+01 +3.207056780e+01 +2.3215e+00 +2.9457e+00
1021 +1.397954391e-04 +1.397954391e-04 +3.207013980e+01 +3.207013980e+01 +2.3196e+00 +2.9455e+00
1049 +9.787643662e-05 +9.787643662e-05 +3.207009788e+01 +3.207009788e+01 +2.3197e+00 +2.9455e+00
1060 +2.030546039e-05 +2.030546039e-05 +3.207002031e+01 +3.207002031e+01 +2.3234e+00 +2.9432e+00
1074 +3.412890202e-06 +3.412890202e-06 +3.207000341e+01 +3.207000341e+01 +2.3231e+00 +2.9432e+00
1203 +1.276360742e-06 +1.276360742e-06 +3.207000128e+01 +3.207000128e+01 +2.3235e+00 +2.9430e+00
1280 +8.433623577e-08 +8.433623577e-08 +3.207000008e+01 +3.207000008e+01 +2.3231e+00 +2.9433e+00
1339 +5.320806906e-08 +5.320806906e-08 +3.207000005e+01 +3.207000005e+01 +2.3233e+00 +2.9432e+00
1386 +9.009035296e-09 +9.009035296e-09 +3.207000001e+01 +3.207000001e+01 +2.3232e+00 +2.9432e+00
1390 +6.091255500e-09 +6.091255500e-09 +3.207000001e+01 +3.207000001e+01 +2.3232e+00 +2.9432e+00
1419 +3.299241769e-09 +3.299241769e-09 +3.207000000e+01 +3.207000000e+01 +2.3232e+00 +2.9432e+00
1440 +2.771116669e-13 +2.771116669e-13 +3.207000000e+01 +3.207000000e+01 +2.3232e+00 +2.9432e+00
1592 +7.815970093e-14 +7.815970093e-14 +3.207000000e+01 +3.207000000e+01 +2.3232e+00 +2.9432e+00
1603 +4.973799150e-14 +4.973799150e-14 +3.207000000e+01 +3.207000000e+01 +2.3232e+00 +2.9432e+00
1618 +2.842170943e-14 +2.842170943e-14 +3.207000000e+01 +3.207000000e+01 +2.3232e+00 +2.9432e+00
1621 +1.421085472e-14 +1.421085472e-14 +3.207000000e+01 +3.207000000e+01 +2.3232e+00 +2.9432e+00
1663 +0.000000000e+00 +0.000000000e+00 +3.207000000e+01 +3.207000000e+01 +2.3232e+00 +2.9432e+00
% function evaluation | noise-free fitness - Fopt (2.624000000000e+01) | best noise-free fitness - Fopt | measured fitness | best measured fitness | x1 | x2...
1 +1.286938383e+01 +1.286938383e+01 +3.910938383e+01 +3.910938383e+01 +2.5158e+00 +4.8078e-01
14 +5.385722768e+00 +5.385722768e+00 +3.162572277e+01 +3.162572277e+01 -3.3902e+00 -1.8989e+00
83 +3.330942725e+00 +3.330942725e+00 +2.957094272e+01 +2.957094272e+01 -3.6216e+00 -1.9858e+00
93 +2.376278727e+00 +2.376278727e+00 +2.861627873e+01 +2.861627873e+01 -3.1271e+00 +7.4637e-02
140 +8.714113006e-01 +8.714113006e-01 +2.711141130e+01 +2.711141130e+01 -2.6080e+00 +3.4507e-01
348 +1.065018803e-01 +1.065018803e-01 +2.634650188e+01 +2.634650188e+01 -2.6709e+00 -1.4838e+00
1029 +5.322733870e-03 +5.322733870e-03 +2.624532273e+01 +2.624532273e+01 -2.7842e+00 -1.5521e+00
1102 +1.702304920e-03 +1.702304920e-03 +2.624170230e+01 +2.624170230e+01 -2.7482e+00 -1.5271e+00
1135 +3.876174496e-04 +3.876174496e-04 +2.624038762e+01 +2.624038762e+01 -2.7574e+00 -1.5323e+00
1283 +1.536329232e-04 +1.536329232e-04 +2.624015363e+01 +2.624015363e+01 -2.7502e+00 -1.5276e+00
1355 +4.352221052e-05 +4.352221052e-05 +2.624004352e+01 +2.624004352e+01 -2.7554e+00 -1.5306e+00
1428 +3.673536796e-05 +3.673536796e-05 +2.624003674e+01 +2.624003674e+01 -2.7558e+00 -1.5310e+00
1444 +1.425218581e-06 +1.425218581e-06 +2.624000143e+01 +2.624000143e+01 -2.7538e+00 -1.5295e+00
1610 +5.701291670e-07 +5.701291670e-07 +2.624000057e+01 +2.624000057e+01 -2.7534e+00 -1.5293e+00
1731 +1.634172726e-07 +1.634172726e-07 +2.624000016e+01 +2.624000016e+01 -2.7534e+00 -1.5293e+00
1733 +1.084823111e-07 +1.084823111e-07 +2.624000011e+01 +2.624000011e+01 -2.7535e+00 -1.5293e+00
1743 +2.137842614e-08 +2.137842614e-08 +2.624000002e+01 +2.624000002e+01 -2.7536e+00 -1.5294e+00
1832 +9.418560154e-09 +9.418560154e-09 +2.624000001e+01 +2.624000001e+01 -2.7536e+00 -1.5294e+00
1865 +2.399005439e-10 +2.399005439e-10 +2.624000000e+01 +2.624000000e+01 -2.7536e+00 -1.5294e+00
1928 +1.279367723e-10 +1.279367723e-10 +2.624000000e+01 +2.624000000e+01 -2.7536e+00 -1.5294e+00
1951 +6.039613254e-14 +6.039613254e-14 +2.624000000e+01 +2.624000000e+01 -2.7536e+00 -1.5294e+00
2050 +3.552713679e-15 +3.552713679e-15 +2.624000000e+01 +2.624000000e+01 -2.7536e+00 -1.5294e+00
2132 +0.000000000e+00 +0.000000000e+00 +2.624000000e+01 +2.624000000e+01 -2.7536e+00 -1.5294e+00
% function evaluation | noise-free fitness - Fopt (-1.610000000000e+01) | best noise-free fitness - Fopt | measured fitness | best measured fitness | x1 | x2...
1 +1.619982794e+02 +1.619982794e+02 +1.458982794e+02 +1.458982794e+02 +5.1115e-01 -6.0135e-01
2 +8.277490244e+01 +8.277490244e+01 +6.667490244e+01 +6.667490244e+01 +4.8981e+00 -1.8562e-01
3 +4.411515746e+00 +4.411515746e+00 -1.168848425e+01 -1.168848425e+01 -3.0130e-02 +4.4858e+00
22 +1.475964798e+00 +1.475964798e+00 -1.462403520e+01 -1.462403520e+01 -2.2248e-01 +2.1198e+00
362 +9.542958048e-01 +9.542958048e-01 -1.514570420e+01 -1.514570420e+01 -6.5749e-01 -3.0107e-01
431 +1.710087898e-01 +1.710087898e-01 -1.592899121e+01 -1.592899121e+01 -1.1368e+00 -4.0011e+00
792 +1.080729984e-01 +1.080729984e-01 -1.599192700e+01 -1.599192700e+01 -1.0879e+00 -4.0788e+00
812 +9.374784324e-02 +9.374784324e-02 -1.600625216e+01 -1.600625216e+01 -1.0997e+00 -4.0644e+00
844 +5.669493953e-02 +5.669493953e-02 -1.604330506e+01 -1.604330506e+01 -1.1169e+00 -4.0439e+00
877 +3.284045991e-02 +3.284045991e-02 -1.606715954e+01 -1.606715954e+01 -1.1363e+00 -4.0092e+00
896 +1.427968456e-02 +1.427968456e-02 -1.608572032e+01 -1.608572032e+01 -1.0756e+00 -4.1076e+00
908 +2.605249493e-03 +2.605249493e-03 -1.609739475e+01 -1.609739475e+01 -1.0830e+00 -4.1015e+00
949 +1.515212777e-04 +1.515212777e-04 -1.609984848e+01 -1.609984848e+01 -1.0804e+00 -4.1049e+00
981 +7.661801607e-06 +7.661801607e-06 -1.609999234e+01 -1.609999234e+01 -1.0790e+00 -4.1077e+00
1031 +2.171063787e-06 +2.171063787e-06 -1.609999783e+01 -1.609999783e+01 -1.0790e+00 -4.1076e+00
1145 +2.335497626e-07 +2.335497626e-07 -1.609999977e+01 -1.609999977e+01 -1.0790e+00 -4.1075e+00
1263 +1.054295815e-07 +1.054295815e-07 -1.609999989e+01 -1.609999989e+01 -1.0790e+00 -4.1075e+00
1293 +3.638679402e-08 +3.638679402e-08 -1.609999996e+01 -1.609999996e+01 -1.0791e+00 -4.1074e+00
1338 +2.007995192e-08 +2.007995192e-08 -1.609999998e+01 -1.609999998e+01 -1.0791e+00 -4.1074e+00
1383 +9.971795834e-09 +9.971795834e-09 -1.609999999e+01 -1.609999999e+01 -1.0791e+00 -4.1074e+00
1424 +5.930509417e-09 +5.930509417e-09 -1.609999999e+01 -1.609999999e+01 -1.0791e+00 -4.1074e+00
1433 +3.647048885e-09 +3.647048885e-09 -1.610000000e+01 -1.610000000e+01 -1.0791e+00 -4.1074e+00
1473 +8.369021032e-10 +8.369021032e-10 -1.610000000e+01 -1.610000000e+01 -1.0791e+00 -4.1074e+00
1492 +6.059508451e-10 +6.059508451e-10 -1.610000000e+01 -1.610000000e+01 -1.0791e+00 -4.1074e+00
1530 +1.004849537e-10 +1.004849537e-10 -1.610000000e+01 -1.610000000e+01 -1.0791e+00 -4.1074e+00
1532 +2.265920784e-11 +2.265920784e-11 -1.610000000e+01 -1.610000000e+01 -1.0791e+00 -4.1074e+00
1546 +4.298783551e-13 +4.298783551e-13 -1.610000000e+01 -1.610000000e+01 -1.0791e+00 -4.1074e+00
1569 +2.913225217e-13 +2.913225217e-13 -1.610000000e+01 -1.610000000e+01 -1.0791e+00 -4.1074e+00
1585 +2.842170943e-14 +2.842170943e-14 -1.610000000e+01 -1.610000000e+01 -1.0791e+00 -4.1074e+00
1646 +7.105427358e-15 +7.105427358e-15 -1.610000000e+01 -1.610000000e+01 -1.0791e+00 -4.1074e+00
1652 +0.000000000e+00 +0.000000000e+00 -1.610000000e+01 -1.610000000e+01 -1.0791e+00 -4.1074e+00
