% function evaluation | noise-free fitness - Fopt (7.135000000000e+01) | best noise-free fitness - Fopt | measured fitness | best measured fitness | x1 | x2...
1 +4.769882235e+01 +4.769882235e+01 +1.190488223e+02 +1.190488223e+02 -1.9009e+00 +8.8653e-01 -2.9004e+00 -3.4817e+00 +4.9764e+00
2 +3.268053028e+01 +3.268053028e+01 +1.040305303e+02 +1.040305303e+02 -4.1524e+00 -4.1446e+00 -3.4892e+00 -3.2378e+00 +2.8836e+00
31 +1.902627217e+01 +1.902627217e+01 +9.037627217e+01 +9.037627217e+01 -4.0540e+00 -4.8763e+00 +3.9670e+00 +1.1709e+00 +1.6693e+00
66 +1.564608305e+01 +1.564608305e+01 +8.699608305e+01 +8.699608305e+01 -2.9920e+00 -2.4448e+00 +3.0227e+00 -1.5230e+00 +3.9189e+00
804 +8.918282046e+00 +8.918282046e+00 +8.026828205e+01 +8.026828205e+01 +2.9624e+00 -9.8464e-01 -4.7749e+00 -3.1648e+00 -1.3406e+00
1172 +6.269743379e+00 +6.269743379e+00 +7.761974338e+01 +7.761974338e+01 -6.7875e-01 -3.8396e-01 -3.5327e+00 +4.0042e+00 -7.8284e-02
% function evaluation | noise-free fitness - Fopt (-3.552200000000e+02) | best noise-free fitness - Fopt | measured fitness | best measured fitness | x1 | x2...
1 +1.413946977e+02 +1.413946977e+02 -2.138253023e+02 -2.138253023e+02 -1.8723e+00 -8.6704e-02 +7.8626e-01 -2.1778e-01 -4.1815e-01
5 +5.019173436e+01 +5.019173436e+01 -3.050282656e+02 -3.050282656e+02 +2.0430e+00 +4.5364e+00 +4.6835e+00 +3.3245e+00 +1.1720e+00
9 +2.235485683e+01 +2.235485683e+01 -3.328651432e+02 -3.328651432e+02 -1.7669e+00 +1.4497e+00 +3.8142e+00 +3.2080e+00 -4.5130e+00
75 +6.237999769e+00 +6.237999769e+00 -3.489820002e+02 -3.489820002e+02 -3.7171e+00 -2.8537e+00 -9.9250e-01 +1.1410e+00 -3.0901e+00
1010 +3.553274847e+00 +3.553274847e+00 -3.516667252e+02 -3.516667252e+02 -2.5107e+00 +1.1884e+00 -4.8673e+00 -1.7728e+00 +1.9710e+00
3556 +1.971061641e+00 +1.971061641e+00 -3.532489384e+02 -3.532489384e+02 -3.9251e+00 -3.9939e+00 +3.8757e+00 -2.8441e+00 +2.1901e+00
% function evaluation | noise-free fitness - Fopt (9.917000000000e+01) | best noise-free fitness - Fopt | measured fitness | best measured fitness | x1 | x2...
1 +9.491056883e+01 +9.491056883e+01 +1.940805688e+02 +1.940805688e+02 +1.7450e+00 -5.7729e-01 -2.7486e+00 -3.4734e+00 +1.7087e+00
2 +3.326988022e+01 +3.326988022e+01 +1.324398802e+02 +1.324398802e+02 -1.1557e+00 -4.9475e+00 -4.6426e+00 +1.3557e+00 -3.2454e+00
20 +1.806825292e+01 +1.806825292e+01 +1.172382529e+02 +1.172382529e+02 -2.8426e-01 +2.7751e+00 +2.2342e+00 +3.7496e+00 +4.0074e+00
55 +1.369166903e+01 +1.369166903e+01 +1.128616690e+02 +1.128616690e+02 +2.3662e+00 +5.8801e-01 -1.2518e+00 -3.9321e+00 +2.9135e+00
366 +9.198516027e+00 +9.198516027e+00 +1.083685160e+02 +1.083685160e+02 +1.2738e+00 -3.5159e-01 -1.9153e+00 +3.1108e+00 +4.2046e+00
3544 +6.122574891e+00 +6.122574891e+00 +1.052925749e+02 +1.052925749e+02 -3.1513e-01 +2.0686e+00 +4.1891e-01 +2.6030e+00 -3.2510e+00
% function evaluation | noise-free fitness - Fopt (-5.179100000000e+02) | best noise-free fitness - Fopt | measured fitness | best measured fitness | x1 | x2...
1 +1.408464218e+02 +1.408464218e+02 -3.770635782e+02 -3.770635782e+02 -1.6061e+00 -1.7493e+00 +2.4964e+00 +3.6881e+00 -2.0835e+00
7 +4.926851801e+01 +4.926851801e+01 -4.686414820e+02 -4.686414820e+02 -2.4190e+00 -3.7860e+00 -3.6030e+00 -1.8343e+00 +7.4651e-01
16 +3.323024546e+01 +3.323024546e+01 -4.846797545e+02 -4.846797545e+02 +3.4022e+00 -1.7359e+00 +3.3174e-01 -1.7436e+00 +4.9735e+00
59 +1.743918505e+01 +1.743918505e+01 -5.004708150e+02 -5.004708150e+02 -1.4467e+00 +2.1627e+00 +4.9866e+00 -3.4128e+00 +4.3179e+00
216 +1.312318692e+01 +1.312318692e+01 -5.047868131e+02 -5.047868131e+02 +2.1629e+00 +3.9319e+00 -2.4059e+00 -1.4262e+00 +3.3497e+00
244 +9.164078416e+00 +9.164078416e+00 -5.087459216e+02 -5.087459216e+02 -2.4409e+00 +3.9953e+00 -3.4789e+00 +1.1917e+00 -2.7296e+00
2170 +2.414031319e+00 +2.414031319e+00 -5.154959687e+02 -5.154959687e+02 -3.5424e+00 +1.7278e-01 -3.2994e+00 +4.9263e+00 -4.2727e+00
% function evaluation | noise-free fitness - Fopt (-5.721000000000e+01) | best noise-free fitness - Fopt | measured fitness | best measured fitness | x1 | x2...
1 +2.723214799e+01 +2.723214799e+01 -2.997785201e+01 -2.997785201e+01 -2.8995e+00 -2.8340e+00 +2.1299e+00 +3.1262e+00 +4.6226e+00
8 +1.748156222e+01 +1.748156222e+01 -3.972843778e+01 -3.972843778e+01 -8.4263e-01 -1.4334e+00 -8.6802e-01 +9.1687e-01 -2.8509e+00
122 +1.256434049e+01 +1.256434049e+01 -4.464565951e+01 -4.464565951e+01 +3.2412e+00 +1.7161e+00 -4.7562e+00 +1.6264e+00 -2.9678e-01
356 +5.490153274e+00 +5.490153274e+00 -5.171984673e+01 -5.171984673e+01 +2.5754e+00 +2.1938e+00 -4.2593e-01 -4.8961e-01 -2.0463e+00
2407 +3.677012704e+00 +3.677012704e+00 -5.353298730e+01 -5.353298730e+01 +2.2895e+00 +6.2981e-01 -2.2203e+00 -1.0982e-01 +2.7480e+00
% function evaluation | noise-free fitness - Fopt (-2.778000000000e+01) | best noise-free fitness - Fopt | measured fitness | best measured fitness | x1 | x2...
1 +1.247059132e+02 +1.247059132e+02 +9.692591320e+01 +9.692591320e+01 -3.2763e+00 -1.6835e+00 -3.0174e+00 -2.3979e+00 +1.1452e+00
2 +9.043637720e+01 +9.043637720e+01 +6.265637720e+01 +6.265637720e+01 +3.4376e+00 +3.3548e+00 -5.5689e-01 +1.1176e+00 +4.3646e+00
3 +3.706854575e+01 +3.706854575e+01 +9.288545754e+00 +9.288545754e+00 -1.9576e+00 -4.5781e-01 -5.4187e-01 -2.6854e-01 -5.1061e-01
64 +2.074788596e+01 +2.074788596e+01 -7.032114036e+00 -7.032114036e+00 -1.0676e+00 +2.8874e-01 -4.4921e+00 -3.2750e-01 +6.6770e-01
145 +9.533309333e+00 +9.533309333e+00 -1.824669067e+01 -1.824669067e+01 +3.8481e+00 -3.7825e+00 +1.3513e+00 -2.5867e+00 -6.7108e-01
1831 +3.208428352e+00 +3.208428352e+00 -2.457157165e+01 -2.457157165e+01 -2.2770e+00 -2.9681e+00 -4.9928e-01 -3.2961e+00 +2.7960e+00
% function evaluation | noise-free fitness - Fopt (-4.871000000000e+01) | best noise-free fitness - Fopt | measured fitness | best measured fitness | x1 | x2...
1 +5.872964370e+01 +5.872964370e+01 +1.001964370e+01 +1.001964370e+01 +4.1385e+00 -3.7811e-01 -1.1368e+00 -3.1708e-01 -3.5434e+00
2 +2.849348241e+01 +2.849348241e+01 -2.021651759e+01 -2.021651759e+01 -2.9752e+00 +3.7722e+00 +4.1508e-01 -4.1707e+00 -2.1878e+00
67 +1.382069447e+01 +1.382069447e+01 -3.488930553e+01 -3.488930553e+01 +3.1646e+00 +3.5106e+00 +1.5593e+00 +4.8189e+00 -2.2474e+00
139 +7.674087447e+00 +7.674087447e+00 -4.103591255e+01 -4.103591255e+01 +1.9144e+00 +1.1000e+00 -4.1477e+00 +9.3574e-01 -1.9634e-01
887 +3.661693750e+00 +3.661693750e+00 -4.504830625e+01 -4.504830625e+01 +4.7854e+00 +2.8226e+00 -3.7153e+00 +1.1072e+00 -4.1588e+00
1553 +2.395274629e+00 +2.395274629e+00 -4.631472537e+01 -4.631472537e+01 -1.3334e-01 +1.0858e+00 -4.5904e+00 -3.6916e+00 +1.1445e+00
% function evaluation | noise-free fitness - Fopt (-1.667900000000e+02) | best noise-free fitness - Fopt | measured fitness | best measured fitness | x1 | x2...
1 +8.799123889e+01 +8.799123889e+01 -7.879876111e+01 -7.879876111e+01 +5.6472e-01 -3.5158e+00 -3.1031e-01 -4.0250e+00 +2.7417e+00
2 +2.580216264e+01 +2.580216264e+01 -1.409878374e+02 -1.409878374e+02 +3.2358e+00 -3.8383e+00 -2.0982e+00 +4.5422e+00 +1.2240e+00
8 +2.392764467e+01 +2.392764467e+01 -1.428623553e+02 -1.428623553e+02 +2.9800e+00 +2.3502e+00 +2.7133e+00 +1.4663e+00 +6.8622e-01
73 +1.502004055e+01 +1.502004055e+01 -1.517699594e+02 -1.517699594e+02 -8.7957e-01 +5.8488e-01 +3.7317e+00 +1.3498e+00 -4.2385e+00
915 +7.301272608e+00 +7.301272608e+00 -1.594887274e+02 -1.594887274e+02 -7.3410e-01 +3.7731e+00 +4.4141e+00 -4.7697e+00 +7.3703e-01
1593 +5.926944921e+00 +5.926944921e+00 -1.608630551e+02 -1.608630551e+02 +4.3910e+00 +6.4629e-01 -4.3829e+00 -2.5289e+00 -1.1306e+00
% function evaluation | noise-free fitness - Fopt (1.000000000000e+03) | best noise-free fitness - Fopt | measured fitness | best measured fitness | x1 | x2...
1 +5.204068521e+01 +5.204068521e+01 +1.052040685e+03 +1.052040685e+03 -3.7210e+00 +1.1948e+00 +1.3361e+00 +3.7505e+00 -2.8998e+00
5 +2.375956434e+01 +2.375956434e+01 +1.023759564e+03 +1.023759564e+03 -1.1826e+00 -2.9391e+00 +2.3443e+00 +3.1100e-01 -1.7762e+00
47 +1.013122640e+01 +1.013122640e+01 +1.010131226e+03 +1.010131226e+03 -2.2693e+00 -1.1783e+00 -2.9485e+00 -3.7860e+00 +2.2770e+00
187 +9.616077140e+00 +9.616077140e+00 +1.009616077e+03 +1.009616077e+03 -1.6502e+00 -3.5384e+00 -4.0335e+00 -4.7852e+00 -7.1111e-01
3114 +2.267128212e+00 +2.267128212e+00 +1.002267128e+03 +1.002267128e+03 +9.2029e-01 -1.9364e-01 +4.4556e+00 +4.6262e+00 -1.5976e+00
% function evaluation | noise-free fitness - Fopt (-1.847000000000e+01) | best noise-free fitness - Fopt | measured fitness | best measured fitness | x1 | x2...
1 +5.627971846e+01 +5.627971846e+01 +3.780971846e+01 +3.780971846e+01 +2.8012e+00 +7.3691e-01 +3.4662e+00 +4.0244e+00 -1.1693e+00
8 +3.370824516e+01 +3.370824516e+01 +1.523824516e+01 +1.523824516e+01 +3.2332e+00 +1.5984e+00 -1.4252e+00 +6.3918e-01 -4.9528e+00
25 +1.402748698e+01 +1.402748698e+01 -4.442513017e+00 -4.442513017e+00 -4.7034e+00 -4.7800e+00 +2.5048e+00 +1.4681e+00 +3.5348e-01
364 +9.290565613e+00 +9.290565613e+00 -9.179434387e+00 -9.179434387e+00 +1.6730e+00 +2.5385e+00 +4.9779e+00 -3.4945e+00 -3.6646e+00
574 +5.663583260e+00 +5.663583260e+00 -1.280641674e+01 -1.280641674e+01 -2.8498e-01 +2.6425e+00 -4.3702e+00 +1.8509e+00 +3.3476e+00
3852 +2.011963625e+00 +2.011963625e+00 -1.645803638e+01 -1.645803638e+01 +1.8708e+00 +4.0684e+00 +1.4049e+00 -4.1483e-01 +3.7012e+00
% function evaluation | noise-free fitness - Fopt (-5.971000000000e+01) | best noise-free fitness - Fopt | measured fitness | best measured fitness | x1 | x2...
1 +1.519306248e+02 +1.519306248e+02 +9.222062478e+01 +9.222062478e+01 +3.3488e+00 +3.6619e+00 -7.4479e-01 -2.4779e+00 +3.6434e-01
2 +4.028230853e+01 +4.028230853e+01 -1.942769147e+01 -1.942769147e+01 -2.3184e+00 +1.1906e+00 +9.7915e-01 -4.2502e-02 -2.7357e+00
4 +9.307925162e+00 +9.307925162e+00 -5.040207484e+01 -5.040207484e+01 +2.3675e+00 +4.4570e+00 +3.2328e+00 +2.6421e+00 -8.8447e-01
2721 +2.067345554e+00 +2.067345554e+00 -5.764265445e+01 -5.764265445e+01 -5.8713e-01 -3.7220e+00 -2.5039e+00 -2.0658e+00 -3.2812e+00
% function evaluation | noise-free fitness - Fopt (-9.684000000000e+01) | best noise-free fitness - Fopt | measured fitness | best measured fitness | x1 | x2...
1 +1.077500181e+01 +1.077500181e+01 -8.606499819e+01 -8.606499819e+01 -1.9314e+00 -2.8643e+00 -1.5823e+00 -3.5010e+00 +1.6911e-01
409 +6.804453730e+00 +6.804453730e+00 -9.003554627e+01 -9.003554627e+01 +3.6149e+00 -1.0499e-01 -3.5945e+00 +3.5149e+00 -7.1732e-01
1144 +5.892533883e+00 +5.892533883e+00 -9.094746612e+01 -9.094746612e+01 -3.1891e+00 -3.3628e+00 +4.2647e-01 -1.9917e+00 +1.6540e+00
% function evaluation | noise-free fitness - Fopt (3.207000000000e+01) | best noise-free fitness - Fopt | measured fitness | best measured fitness | x1 | x2...
1 +9.461339156e+01 +9.461339156e+01 +1.266833916e+02 +1.266833916e+02 +1.7143e+00 +4.0181e-01 +5.3899e-01 +6.2792e-01 -2.8123e+00
11 +5.316277310e+01 +5.316277310e+01 +8.523277310e+01 +8.523277310e+01 +1.4972e+00 +1.5384e+00 -3.4741e+00 -4.1113e+00 +3.8557e+00
14 +2.977384673e+01 +2.977384673e+01 +6.184384673e+01 +6.184384673e+01 -2.2313e+00 -3.1164e+00 +1.8366e+00 +3.4017e-01 -3.4112e+00
80 +2.445084328e+01 +2.445084328e+01 +5.652084328e+01 +5.652084328e+01 +6.4841e-02 -1.6751e+00 +5.3374e-01 +1.3491e-01 +3.4569e+00
143 +1.522794783e+01 +1.522794783e+01 +4.729794783e+01 +4.729794783e+01 +2.1524e+00 +2.3583e+00 +4.9777e+00 +4.9326e+00 +1.2186e+00
509 +7.508208246e+00 +7.508208246e+00 +3.957820825e+01 +3.957820825e+01 -4.2724e+00 +2.8520e+00 -9.2424e-01 -7.5484e-01 -1.0794e+00
% function evaluation | noise-free fitness - Fopt (2.624000000000e+01) | best noise-free fitness - Fopt | measured fitness | best measured fitness | x1 | x2...
1 +5.979432567e+01 +5.979432567e+01 +8.603432567e+01 +8.603432567e+01 -3.4478e+00 -4.1170e+00 +2.8831e+00 -3.4365e+00 -4.1156e+00
11 +2.947353884e+01 +2.947353884e+01 +5.571353884e+01 +5.571353884e+01 +2.6048e+00 +1.8121e+00 +2.2470e+00 +2.7735e+00 +1.6205e+00
21 +1.424010727e+01 +1.424010727e+01 +4.048010727e+01 +4.048010727e+01 +2.2358e+00 -3.6505e+00 -3.1083e+00 +6.7096e-01 -2.5293e+00
57 +6.033037327e+00 +6.033037327e+00 +3.227303733e+01 +3.227303733e+01 -4.7488e+00 +2.8315e+00 +3.5911e+00 +2.0491e+00 -4.6442e+00
2002 +2.309283714e+00 +2.309283714e+00 +2.854928371e+01 +2.854928371e+01 +3.5869e+00 +2.0179e+00 -8.8314e-01 -1.6451e+00 -4.0421e-01
% function evaluation | noise-free fitness - Fopt (-1.610000000000e+01) | best noise-free fitness - Fopt | measured fitness | best measured fitness | x1 | x2...
1 +7.108681028e+01 +7.108681028e+01 +5.498681028e+01 +5.498681028e+01 +3.1350e+00 +1.3287e+00 -3.6284e+00 -2.9328e+00 -2.9435e+00
4 +2.806532056e+01 +2.806532056e+01 +1.196532056e+01 +1.196532056e+01 +3.3472e+00 -4.8740e-01 +4.0395e+00 +2.8544e+00 -4.9372e+00
28 +1.061505691e+01 +1.061505691e+01 -5.484943093e+00 -5.484943093e+00 -2.0994e+00 +2.9943e+00 -1.6223e-01 -3.0060e+00 +7.2318e-01
222 +6.525601300e+00 +6.525601300e+00 -9.574398700e+00 -9.574398700e+00 -1.4678e+00 -3.1129e+00 -4.0560e+00 -3.5961e+00 -4.3304e-02
1300 +2.947700396e+00 +2.947700396e+00 -1.315229960e+01 -1.315229960e+01 -1.1270e+00 +1.7241e+00 +1.6733e-01 -8.8497e-01 +4.1047e+00
3876 +5.800212593e-01 +5.800212593e-01 -1.551997874e+01 -1.551997874e+01 +2.4864e+00 +3.9725e+00 +3.4314e+00 +2.7688e+00 +1.7751e+00
