% function evaluation | noise-free fitness - Fopt (-5.465000000000e+02) | best noise-free fitness - Fopt | measured fitness | best measured fitness | x1 | x2...
1 +9.703724906e+04 +9.703724906e+04 +9.649074906e+04 +9.649074906e+04 +4.2450e+00 -2.6621e+00 +2.4558e+00 +3.6577e+00 +2.1965e+00 +1.3871e+00 +4.3769e+00 -1.6201e+00 +8.4204e-02 +2.6859e+00
2 +6.306104256e+04 +6.306104256e+04 +6.251454256e+04 +6.251454256e+04 -4.5341e+00 -3.3189e+00 +3.0119e+00 +1.9025e+00 +2.2194e+00 -4.8016e-02 +4.4326e+00 +4.6005e+00 -2.5054e+00 -1.2059e+00
9 +1.652278393e+04 +1.652278393e+04 +1.597628393e+04 +1.597628393e+04 -2.4681e+00 -3.0542e+00 +3.8683e+00 -2.8630e+00 -1.6957e+00 -1.2765e+00 -4.0503e+00 -7.4320e-01 -1.7690e+00 +3.8444e+00
32 +1.512178473e+04 +1.512178473e+04 +1.457528473e+04 +1.457528473e+04 +1.2856e+00 +4.6624e+00 -1.6433e+00 -4.1565e+00 +2.6789e+00 -4.0989e+00 -2.0308e+00 +2.2803e-01 -3.6210e+00 +2.9399e+00
60 +8.771521224e+03 +8.771521224e+03 +8.225021224e+03 +8.225021224e+03 -1.6749e+00 -1.6686e+00 -1.9823e-01 -5.0000e+00 +4.1517e-01 -6.0572e-02 +1.9836e-01 -3.7136e-01 -3.4348e+00 +1.7370e+00
96 +2.985453437e+03 +2.985453437e+03 +2.438953437e+03 +2.438953437e+03 -1.2170e+00 +2.6376e+00 -9.0671e-01 -4.7763e+00 +0.0000e+00 +1.5837e-01 -3.5207e-01 +1.1520e+00 -1.5353e+00 +2.6847e+00
183 +2.157276464e+03 +2.157276464e+03 +1.610776464e+03 +1.610776464e+03 +1.4347e-01 +3.3356e+00 -1.1950e+00 -4.7098e+00 -1.2096e+00 -3.0731e-01 -1.1734e+00 +2.6764e+00 -1.8669e+00 +7.9479e-01
230 +1.086759699e+03 +1.086759699e+03 +5.402596989e+02 +5.402596989e+02 -9.0739e-01 -1.5000e-01 -1.9889e+00 -2.8268e+00 -1.1037e+00 -2.4635e+00 +3.8757e-01 +2.0098e+00 -1.9032e+00 +5.6037e-01
652 +8.278984763e+02 +8.278984763e+02 +2.813984763e+02 +2.813984763e+02 -9.9347e-01 +1.5278e+00 -1.8673e+00 -3.0530e+00 +1.4514e+00 -1.9524e+00 +2.7082e-01 +2.9638e+00 -2.4149e+00 +1.3852e+00
964 +5.079536849e+02 +5.079536849e+02 -3.854631507e+01 -3.854631507e+01 +1.0733e+00 +7.9864e-01 -1.7212e+00 -3.2843e+00 +5.2920e-01 -1.2352e+00 -1.7238e+00 +0.0000e+00 -8.7969e-01 +1.7093e+00
995 +3.021831067e+02 +3.021831067e+02 -2.443168933e+02 -2.443168933e+02 -9.8688e-01 +1.2154e+00 -1.8694e+00 -3.5585e+00 +1.4984e+00 -2.2420e+00 -1.8406e+00 +5.8338e-01 -1.8821e+00 +1.5152e+00
1034 +1.010189938e+01 +1.010189938e+01 -5.363981006e+02 -5.363981006e+02 -1.8356e+00 +1.3753e+00 -1.3768e+00 -2.9217e+00 +1.5814e+00 -1.8808e+00 -1.5079e+00 +1.7146e+00 -1.7160e+00 +2.2497e+00
1167 +4.880721881e+00 +4.880721881e+00 -5.416192781e+02 -5.416192781e+02 -1.3536e+00 +1.4014e-01 -4.8760e-01 -2.9292e+00 +9.4151e-01 -2.2174e+00 -6.0543e-01 +9.2358e-01 -1.7582e+00 +2.0182e+00
1207 +3.954779523e+00 +3.954779523e+00 -5.425452205e+02 -5.425452205e+02 -2.2583e+00 +6.8376e-01 +6.1981e-01 -2.4718e+00 +7.6544e-01 -2.2938e+00 -2.2532e+00 +1.1694e+00 -1.8420e+00 +2.0851e+00
2361 +2.332345979e+00 +2.332345979e+00 -5.441676540e+02 -5.441676540e+02 -9.2180e-01 +2.3139e+00 -2.5664e-01 -2.6107e+00 -1.3785e-01 -2.7104e+00 -2.4188e-01 +1.2383e+00 -9.4293e-01 +2.0486e+00
2895 +1.481500359e+00 +1.481500359e+00 -5.450184996e+02 -5.450184996e+02 -1.0169e+00 +2.3447e+00 -7.3686e-01 -2.8118e+00 -2.6837e-01 -2.6767e+00 -2.4704e-01 +1.4199e+00 -9.4258e-01 +1.8306e+00
4525 +9.985814102e-01 +9.985814102e-01 -5.455014186e+02 -5.455014186e+02 -1.0260e+00 +2.3845e+00 -7.7630e-01 -2.8494e+00 -2.5609e-01 -2.6877e+00 -2.8255e-01 +1.4418e+00 -9.7563e-01 +2.3890e+00
% function evaluation | noise-free fitness - Fopt (1.000000000000e+03) | best noise-free fitness - Fopt | measured fitness | best measured fitness | x1 | x2...
1 +1.158244175e+05 +1.158244175e+05 +1.168244175e+05 +1.168244175e+05 +1.5526e+00 -8.4479e-01 +4.6149e-01 +4.3822e+00 -1.1910e+00 +2.5338e-01 +3.2709e+00 +1.4693e+00 +4.3654e+00 -3.6385e+00
2 +5.865546209e+04 +5.865546209e+04 +5.965546209e+04 +5.965546209e+04 +4.6525e+00 +2.4445e+00 +1.7700e+00 +3.1340e+00 +3.0346e+00 +3.4080e+00 -1.3171e+00 +2.6731e+00 -2.7098e+00 +2.3425e+00
16 +3.593228077e+04 +3.593228077e+04 +3.693228077e+04 +3.693228077e+04 -3.8911e+00 -3.7740e+00 +4.0842e+00 +1.3484e+00 -3.7327e+00 +2.4199e+00 -2.8412e+00 +3.7842e+00 +1.0252e+00 -4.4414e+00
21 +2.113236286e+04 +2.113236286e+04 +2.213236286e+04 +2.213236286e+04 +4.3190e+00 -5.4011e-01 -1.7710e+00 +3.2920e+00 -3.4166e+00 +1.1093e+00 +8.4160e-01 +4.6320e+00 +1.6431e+00 -3.0233e+00
52 +1.087350282e+04 +1.087350282e+04 +1.187350282e+04 +1.187350282e+04 +3.1437e+00 +3.6228e+00 +1.6643e+00 +7.0819e-03 -2.9515e+00 +7.3154e-01 -4.0329e+00 +3.4989e+00 -1.0026e+00 -2.2930e+00
118 +9.532661323e+03 +9.532661323e+03 +1.053266132e+04 +1.053266132e+04 +0.0000e+00 +3.3336e+00 +4.0039e+00 +7.1876e-01 -2.0821e+00 +1.8971e+00 -3.0978e+00 +2.7981e+00 -2.7383e+00 +0.0000e+00
151 +3.527936083e+03 +3.527936083e+03 +4.527936083e+03 +4.527936083e+03 +6.4925e-01 +5.0000e+00 +3.6935e+00 -3.1093e+00 -9.0335e-01 +1.9328e+00 -6.3156e-01 +1.7381e+00 -2.2655e+00 -2.4237e+00
207 +1.048579137e+03 +1.048579137e+03 +2.048579137e+03 +2.048579137e+03 +0.0000e+00 +4.3602e+00 +0.0000e+00 +0.0000e+00 +0.0000e+00 +0.0000e+00 -2.6355e+00 +2.0558e+00 -1.9349e+00 -1.9657e+00
265 +9.014922564e+02 +9.014922564e+02 +1.901492256e+03 +1.901492256e+03 +8.2393e-01 +2.8844e+00 +1.4629e+00 +1.7971e-01 +1.5554e-01 +3.1371e+00 -1.5047e+00 -1.3275e-01 -2.3242e+00 -3.8307e-01
552 +5.170768723e+02 +5.170768723e+02 +1.517076872e+03 +1.517076872e+03 +1.7651e+00 +1.3765e+00 +1.2274e+00 -9.9366e-01 +1.0309e+00 +3.1752e+00 -2.0722e+00 +8.5455e-01 -1.9874e+00 -6.0108e-01
579 +1.594434663e+02 +1.594434663e+02 +1.159443466e+03 +1.159443466e+03 +2.5053e+00 +1.0308e+00 +1.5021e+00 -1.3793e+00 -1.8188e+00 +2.6146e+00 -1.5497e+00 +1.5262e+00 -1.0868e+00 -8.4050e-01
889 +1.411735975e+02 +1.411735975e+02 +1.141173598e+03 +1.141173598e+03 +8.0639e-01 +1.8068e+00 +3.3743e-01 -1.3232e+00 -1.3822e+00 +1.8564e+00 +2.4053e-01 +2.4657e+00 -3.3631e-01 -1.3435e+00
924 +4.485964868e+00 +4.485964868e+00 +1.004485965e+03 +1.004485965e+03 +0.0000e+00 +1.9479e+00 -5.8952e-01 -9.5299e-01 +2.8134e-01 +2.7791e+00 -1.0338e+00 +2.1504e+00 -4.5472e-01 -2.0316e+00
1105 +3.108916619e+00 +3.108916619e+00 +1.003108917e+03 +1.003108917e+03 +4.2213e-01 -1.3292e+00 -2.1736e+00 +1.9768e-01 -2.5988e+00 +1.2535e+00 -6.2012e-01 +1.1019e+00 -1.5910e+00 -1.8775e+00
1898 +2.452126507e+00 +2.452126507e+00 +1.002452127e+03 +1.002452127e+03 -4.2803e-01 +2.3279e+00 -2.2703e+00 +3.8486e-01 -2.7511e+00 +1.4275e+00 -5.2972e-01 +1.0035e+00 -1.8023e+00 -1.8115e+00
3614 +1.416455153e+00 +1.416455153e+00 +1.001416455e+03 +1.001416455e+03 -1.9104e+00 +2.0859e+00 -2.2470e+00 +3.6723e-01 -2.7345e+00 +9.9813e-01 -6.7595e-01 +9.7288e-01 -2.4113e+00 -1.1647e+00
4294 +9.893881918e-01 +9.893881918e-01 +1.000989388e+03 +1.000989388e+03 -2.1717e+00 +1.9699e+00 -2.2420e+00 +4.5218e-01 -2.7282e+00 +9.9758e-01 -7.0074e-01 +9.7794e-01 -2.4076e+00 -2.0494e+00
% function evaluation | noise-free fitness - Fopt (2.083800000000e+02) | best noise-free fitness - Fopt | measured fitness | best measured fitness | x1 | x2...
1 +1.379082623e+04 +1.379082623e+04 +1.399920623e+04 +1.399920623e+04 -3.0716e+00 +3.6706e-01 +1.9960e+00 +9.0864e-01 -3.2457e+00 +2.6539e+00 -5.2265e-02 -5.8562e-01 -1.7581e+00 +1.3245e+00
80 +7.532431921e+03 +7.532431921e+03 +7.740811921e+03 +7.740811921e+03 +1.0993e+00 +4.3361e+00 +1.1675e+00 +1.2137e+00 +3.9582e+00 +2.8662e+00 -1.1357e+00 +2.5129e+00 -1.7260e+00 +8.5779e-02
116 +5.885144690e+03 +5.885144690e+03 +6.093524690e+03 +6.093524690e+03 -1.4568e+00 +4.6796e+00 +0.0000e+00 -8.4482e-01 +0.0000e+00 +4.1069e+00 +5.5257e-01 +1.1612e+00 -2.4514e+00 +0.0000e+00
196 +2.142192729e+03 +2.142192729e+03 +2.350572729e+03 +2.350572729e+03 +0.0000e+00 +2.3603e+00 -8.4357e-01 -6.2155e-01 -5.6504e-01 +3.8797e+00 +1.6297e-01 +1.2639e+00 -1.0327e+00 +5.6504e-01
220 +1.228594816e+03 +1.228594816e+03 +1.436974816e+03 +1.436974816e+03 +1.3654e+00 +3.6547e+00 +4.5838e-01 -1.3219e+00 +3.2872e+00 +2.7321e+00 +2.8871e-01 +1.9943e+00 -2.1663e+00 +1.8108e+00
272 +4.208844377e+02 +4.208844377e+02 +6.292644377e+02 +6.292644377e+02 -3.2098e-02 -1.6406e+00 +2.2307e+00 +9.1874e-01 +1.3118e+00 +2.0125e+00 +1.4394e+00 +2.5004e+00 +0.0000e+00 +2.1771e+00
378 +3.722840867e+00 +3.722840867e+00 +2.121028409e+02 +2.121028409e+02 -7.3812e-01 +1.6290e-01 +0.0000e+00 +1.4682e+00 +4.3394e-01 +1.9212e+00 +5.3318e-01 +2.5307e+00 -2.1391e+00 +1.4536e+00
2185 +2.410275819e+00 +2.410275819e+00 +2.107902758e+02 +2.107902758e+02 -9.0605e-01 +4.2287e-02 +1.7477e+00 +1.0131e+00 +2.5423e-01 +7.3113e-01 +1.6755e+00 +1.8029e+00 -2.1539e+00 +9.1084e-01
4101 +1.578292009e+00 +1.578292009e+00 +2.099582920e+02 +2.099582920e+02 -2.2790e+00 -1.1322e+00 +8.6381e-01 +1.6340e+00 +8.2104e-02 +7.3138e-01 +2.5000e+00 +1.5522e+00 -2.2089e+00 +9.6405e-01
% function evaluation | noise-free fitness - Fopt (-1.449600000000e+02) | best noise-free fitness - Fopt | measured fitness | best measured fitness | x1 | x2...
1 +1.024214385e+05 +1.024214385e+05 +1.022764785e+05 +1.022764785e+05 -1.0926e+00 -3.9810e+00 -4.3746e+00 +1.5725e+00 -2.2777e+00 +1.5113e+00 -4.1670e+00 +6.8526e-01 -1.2659e+00 -3.9392e+00
3 +1.559195901e+04 +1.559195901e+04 +1.544699901e+04 +1.544699901e+04 -1.1283e+00 +1.3085e+00 +4.0891e-02 -1.8484e+00 -2.6428e+00 +1.8380e+00 -4.1389e+00 +3.1270e+00 -7.0488e-01 -1.3267e-01
94 +8.990449881e+03 +8.990449881e+03 +8.845489881e+03 +8.845489881e+03 +1.3311e+00 +2.6360e+00 -1.8814e+00 -2.5355e+00 -1.2114e-01 +3.4645e+00 -1.5688e+00 +0.0000e+00 -1.4962e+00 -5.0447e-01
129 +4.587676214e+03 +4.587676214e+03 +4.442716214e+03 +4.442716214e+03 +1.5408e-01 -1.4466e+00 +1.3294e+00 +0.0000e+00 +0.0000e+00 +4.0375e+00 -2.7573e+00 +1.8745e+00 +1.1451e-02 +1.3256e+00
172 +1.665867311e+03 +1.665867311e+03 +1.520907311e+03 +1.520907311e+03 +1.2037e-01 +3.0917e+00 -1.9098e+00 +6.2540e-01 -2.0404e+00 +2.6705e+00 -1.6894e+00 +1.9556e+00 -2.1360e+00 +1.1130e+00
271 +1.481911828e+03 +1.481911828e+03 +1.336951828e+03 +1.336951828e+03 +9.3614e-01 +1.6935e+00 -1.0120e+00 +6.3713e-01 -1.8335e+00 +1.4041e+00 -2.3930e+00 +1.6205e+00 -3.0268e+00 +4.4328e-01
427 +8.378537038e+02 +8.378537038e+02 +6.928937038e+02 +6.928937038e+02 +5.9532e-01 +1.4663e+00 +1.5629e+00 -1.5684e+00 -2.1670e+00 +1.8776e-01 -1.2670e+00 +2.1541e+00 -2.4574e+00 +1.0281e+00
598 +4.534088054e+00 +4.534088054e+00 -1.404259119e+02 -1.404259119e+02 +8.7399e-01 +5.4175e-01 +6.8206e-02 +3.7413e-01 -8.9024e-01 +2.2860e+00 -7.0712e-01 +1.4800e+00 -6.8322e-01 +1.5307e+00
792 +3.689149878e+00 +3.689149878e+00 -1.412708501e+02 -1.412708501e+02 +8.3248e-01 +1.1569e+00 +7.3958e-02 -2.9259e+00 -1.8760e+00 +1.4032e-01 -1.9672e+00 +2.0690e+00 -5.5762e-01 +2.4535e+00
2315 +2.188343379e+00 +2.188343379e+00 -1.427716566e+02 -1.427716566e+02 -2.1636e-01 +6.7305e-01 -1.8142e+00 -2.1917e+00 -2.0656e+00 +6.5440e-01 -7.4091e-01 +2.3435e+00 -1.1710e+00 +2.3648e+00
3307 +1.550908030e+00 +1.550908030e+00 -1.434090920e+02 -1.434090920e+02 -2.8504e-01 +6.2998e-01 -1.9968e+00 -2.1444e+00 -2.1000e+00 +6.9479e-01 -7.3462e-01 +2.4863e+00 -1.0146e+00 +2.3667e+00
% function evaluation | noise-free fitness - Fopt (-6.300000000000e+00) | best noise-free fitness - Fopt | measured fitness | best measured fitness | x1 | x2...
1 +1.242870252e+05 +1.242870252e+05 +1.242807252e+05 +1.242807252e+05 -1.0960e+00 +5.7050e-01 -3.7523e+00 -1.1941e+00 +3.9902e+00 +4.2884e+00 -3.9765e+00 -2.3052e+00 +1.4536e+00 +3.4418e+00
5 +3.008317482e+04 +3.008317482e+04 +3.007687482e+04 +3.007687482e+04 -1.7532e+00 +4.3658e+00 -1.0575e+00 +4.4437e+00 +8.1402e-01 +1.1979e+00 +2.2003e+00 -4.8750e+00 +2.1316e+00 +6.7418e-01
23 +1.104725014e+04 +1.104725014e+04 +1.104095014e+04 +1.104095014e+04 +4.9913e+00 +4.0159e-01 -3.9796e+00 +2.8074e+00 -4.1218e+00 -2.0513e+00 +4.3903e-01 -2.2536e+00 -5.5926e-01 +2.0822e+00
44 +4.887534918e+03 +4.887534918e+03 +4.881234918e+03 +4.881234918e+03 +5.0000e+00 -9.2544e-02 +7.3083e-01 +4.5361e+00 +1.7422e+00 -5.7116e-01 +1.3816e-01 -1.4950e+00 +2.6646e+00 +1.1314e+00
154 +2.570637382e+03 +2.570637382e+03 +2.564337382e+03 +2.564337382e+03 +2.2369e+00 +6.0398e-01 +2.0729e+00 +0.0000e+00 +0.0000e+00 -3.0154e+00 +9.7642e-01 -9.5354e-01 +2.3216e+00 +0.0000e+00
178 +4.258292712e+02 +4.258292712e+02 +4.195292712e+02 +4.195292712e+02 +8.4977e-01 +1.0095e+00 +0.0000e+00 +2.8629e+00 +0.0000e+00 +0.0000e+00 +3.2575e+00 -1.3220e+00 +2.1826e+00 +1.0086e+00
259 +2.519729882e+02 +2.519729882e+02 +2.456729882e+02 +2.456729882e+02 -3.6892e-01 +0.0000e+00 -2.0888e+00 +2.8965e+00 -5.1810e-02 -1.6740e+00 +2.4879e+00 -1.4705e+00 +1.7867e+00 +2.1991e+00
509 +3.547583485e+01 +3.547583485e+01 +2.917583485e+01 +2.917583485e+01 -2.6245e-01 +9.2420e-01 -1.5788e+00 +2.4763e+00 +4.0033e-01 -2.0502e+00 -1.4718e-01 -2.3757e+00 +1.7689e+00 +7.7733e-01
1037 +1.143613774e+01 +1.143613774e+01 +5.136137740e+00 +5.136137740e+00 +1.8479e+00 +8.1124e-01 -3.5528e-01 +2.4740e+00 +2.7755e-01 -2.0313e+00 -1.3402e-02 -1.8464e+00 +8.6113e-01 +9.1285e-01
1209 +5.090383672e+00 +5.090383672e+00 -1.209616328e+00 -1.209616328e+00 +1.4672e+00 +5.1021e-01 +7.1229e-01 +2.4161e+00 +2.6227e-02 -1.3306e+00 +2.1951e-01 -1.7868e+00 +1.5251e+00 +8.2658e-01
1345 +3.786518455e+00 +3.786518455e+00 -2.513481545e+00 -2.513481545e+00 +1.1821e+00 -1.1034e+00 -5.6831e-01 +1.4873e+00 -1.0680e+00 -1.8292e+00 +4.3610e-01 -1.6345e+00 +2.0655e+00 +2.1535e+00
2508 +2.161381829e+00 +2.161381829e+00 -4.138618171e+00 -4.138618171e+00 +2.2220e+00 -9.9502e-01 -5.1703e-01 +2.2707e+00 +3.6441e-02 -1.5462e+00 +5.8075e-01 -9.8302e-01 +2.3863e+00 +2.0455e+00
3067 +1.486504495e+00 +1.486504495e+00 -4.813495505e+00 -4.813495505e+00 +2.1341e+00 -1.5426e-01 -9.6795e-01 +2.3229e+00 -4.0845e-01 -2.5000e+00 +3.2872e-01 -1.0356e+00 +2.3523e+00 +2.0615e+00
4085 +9.968006035e-01 +9.968006035e-01 -5.303199396e+00 -5.303199396e+00 +2.1291e+00 +1.0877e+00 -7.8319e-01 +2.4657e+00 -3.9153e-01 -2.5000e+00 +3.3998e-01 -1.0665e+00 +2.3519e+00 +2.0514e+00
% function evaluation | noise-free fitness - Fopt (-2.206000000000e+01) | best noise-free fitness - Fopt | measured fitness | best measured fitness | x1 | x2...
1 +1.878352112e+05 +1.878352112e+05 +1.878131512e+05 +1.878131512e+05 +1.6783e+00 +1.9272e+00 -1.9747e+00 -3.4167e+00 +4.9910e+00 -2.0424e+00 +8.4963e-01 -2.7810e-01 +1.6642e+00 -4.6574e+00
2 +1.011981895e+05 +1.011981895e+05 +1.011761295e+05 +1.011761295e+05 -2.0843e+00 -1.3041e+00 -8.1106e-01 +4.8494e-01 -4.6795e+00 -3.5128e+00 -4.2816e+00 +2.3865e+00 -4.9776e-01 +2.4494e-01
3 +8.515002257e+04 +8.515002257e+04 +8.512796257e+04 +8.512796257e+04 -4.3592e+00 -1.8163e+00 +3.7540e+00 +1.4759e+00 -3.0797e+00 -3.7147e+00 -2.4704e+00 +7.2493e-01 -3.8903e-01 -2.0860e+00
4 +1.779219889e+04 +1.779219889e+04 +1.777013889e+04 +1.777013889e+04 -3.5235e+00 +2.1591e+00 -2.6567e+00 -3.4128e+00 -1.3521e+00 -1.7794e+00 +4.1616e+00 +2.3335e+00 -2.1581e+00 +8.7786e-01
46 +7.763164592e+03 +7.763164592e+03 +7.741104592e+03 +7.741104592e+03 -6.9455e-01 +4.0600e+00 -4.2238e+00 -1.1470e+00 -5.1989e-01 +8.0413e-01 +4.5823e-01 -2.0735e+00 -1.6874e+00 +7.6387e-02
136 +1.768257750e+03 +1.768257750e+03 +1.746197750e+03 +1.746197750e+03 -6.5245e-02 +3.6608e-01 +0.0000e+00 -3.2027e+00 -1.4716e+00 -1.9704e+00 +4.0035e-01 -2.9681e-01 -2.6417e+00 +0.0000e+00
228 +1.130801870e+02 +1.130801870e+02 +9.102018703e+01 +9.102018703e+01 +0.0000e+00 +7.1090e-01 -2.5029e-01 -1.7929e+00 +0.0000e+00 -1.3269e+00 +0.0000e+00 -2.3437e+00 -2.3238e+00 +2.1989e+00
657 +3.452746172e+01 +3.452746172e+01 +1.246746172e+01 +1.246746172e+01 +1.7330e-01 -6.6494e-01 -1.4072e+00 -2.5694e+00 +1.2837e+00 -1.1354e+00 +1.9033e+00 -2.2729e+00 -2.3027e+00 +1.0571e+00
760 +4.758727315e+00 +4.758727315e+00 -1.730127268e+01 -1.730127268e+01 -2.0691e+00 -1.8810e-01 -1.0515e+00 -1.6302e+00 +2.7435e-01 -4.6758e-01 +1.8696e+00 -4.3855e-01 -2.5772e+00 +1.7164e+00
1160 +3.749284709e+00 +3.749284709e+00 -1.831071529e+01 -1.831071529e+01 -1.9674e+00 +2.6986e+00 -1.0996e+00 -9.2358e-01 +9.1250e-01 -6.3323e-01 +1.9067e+00 -7.5064e-01 -2.4731e+00 +1.6470e+00
2435 +2.407762144e+00 +2.407762144e+00 -1.965223786e+01 -1.965223786e+01 -7.3578e-01 +2.8435e-01 -9.2451e-01 -1.7517e+00 +7.3740e-02 -7.8261e-01 +2.4793e+00 -5.1793e-01 -1.5622e+00 +2.2159e+00
3387 +1.546491921e+00 +1.546491921e+00 -2.051350808e+01 -2.051350808e+01 -1.4749e+00 +5.0044e-01 -1.5819e+00 -1.4690e+00 +7.4862e-02 -7.6400e-01 +2.4703e+00 -5.3546e-01 -1.2025e+00 +2.3378e+00
% function evaluation | noise-free fitness - Fopt (7.129000000000e+01) | best noise-free fitness - Fopt | measured fitness | best measured fitness | x1 | x2...
1 +9.846825334e+04 +9.846825334e+04 +9.853954334e+04 +9.853954334e+04 -4.9690e+00 +2.9447e+00 +2.5079e+00 -7.9339e-01 -3.9669e+00 -3.0107e+00 +1.4763e+00 +3.3455e+00 +1.8525e+00 +3.4426e+00
4 +5.858307398e+04 +5.858307398e+04 +5.865436398e+04 +5.865436398e+04 +2.6611e+00 -2.6989e+00 -3.3799e-01 +9.3356e-01 -1.1361e+00 +3.0420e-02 +4.6096e+00 -4.8890e+00 -2.9399e+00 +1.7050e+00
11 +2.124094644e+04 +2.124094644e+04 +2.131223644e+04 +2.131223644e+04 +1.4990e+00 -3.9589e+00 +1.3494e+00 -1.3332e+00 +7.4274e-01 +1.5049e-01 -2.2274e+00 -1.6662e+00 +1.3384e+00 +5.0036e-01
22 +4.877029955e+03 +4.877029955e+03 +4.948319955e+03 +4.948319955e+03 -1.6294e+00 +4.0929e+00 -1.7626e+00 +4.4718e+00 -1.8163e+00 +4.9109e-01 +1.5181e-01 -1.4056e+00 -3.0916e+00 +1.1331e+00
76 +2.101537036e+02 +2.101537036e+02 +2.814437036e+02 +2.814437036e+02 -1.8968e+00 -1.0711e+00 +7.8165e-01 +3.7299e-01 -4.5445e-01 -2.1760e+00 -1.3358e+00 -1.4387e+00 -9.6123e-01 +7.0738e-01
537 +6.530110379e+00 +6.530110379e+00 +7.782011038e+01 +7.782011038e+01 -2.2501e+00 -5.6424e-01 -1.9693e-01 +2.9932e+00 +9.0754e-01 -1.9202e+00 -2.3128e+00 -1.3307e+00 -1.4022e+00 +1.4620e+00
1195 +3.532929925e+00 +3.532929925e+00 +7.482292993e+01 +7.482292993e+01 -2.3505e+00 -1.2269e+00 +1.1660e+00 +2.1874e+00 +2.7610e-02 -5.0928e-01 -2.3990e+00 -1.3463e+00 -1.7452e+00 +1.3949e+00
2496 +2.452720213e+00 +2.452720213e+00 +7.374272021e+01 +7.374272021e+01 -1.0966e+00 -6.8666e-01 -1.4631e-01 +2.5021e+00 -1.4213e+00 -2.2615e+00 -1.9932e+00 -1.7102e+00 -1.7238e+00 +1.1311e+00
3247 +1.508832623e+00 +1.508832623e+00 +7.279883262e+01 +7.279883262e+01 -2.0450e+00 -5.3784e-01 -6.4432e-02 +2.6520e+00 -1.2958e+00 -2.2362e+00 -2.0574e+00 -1.6401e+00 -2.2176e+00 +8.8453e-01
3941 +9.793677704e-01 +9.793677704e-01 +7.226936777e+01 +7.226936777e+01 -2.1631e+00 -3.3871e-01 -6.0531e-02 +2.5881e+00 -1.8927e+00 -2.2000e+00 -2.0591e+00 -2.0909e+00 -2.1844e+00 +9.4039e-01
% function evaluation | noise-free fitness - Fopt (-1.054000000000e+01) | best noise-free fitness - Fopt | measured fitness | best measured fitness | x1 | x2...
1 +2.898028151e+05 +2.898028151e+05 +2.897922751e+05 +2.897922751e+05 +3.4698e+00 -4.4992e+00 -1.0495e+00 -4.8820e+00 +1.8608e+00 -4.6201e+00 +4.8614e+00 +2.2297e+00 +1.3169e+00 -4.6457e+00
2 +1.024108849e+05 +1.024108849e+05 +1.024003449e+05 +1.024003449e+05 -7.5511e-01 -4.1866e+00 +3.2759e-01 +4.7332e+00 +2.9617e+00 +3.6347e+00 -3.7631e+00 +4.9418e-01 -3.3459e+00 +3.7427e+00
3 +5.040442920e+04 +5.040442920e+04 +5.039388920e+04 +5.039388920e+04 -9.7925e-01 +2.4191e+00 -4.3805e+00 -4.9763e-01 +9.7564e-01 -3.4290e+00 +9.4365e-01 -5.1229e-01 +4.9622e+00 +1.5868e+00
12 +1.252197605e+04 +1.252197605e+04 +1.251143605e+04 +1.251143605e+04 +4.9605e+00 -4.3828e+00 +2.4414e+00 -1.1613e+00 -1.5012e+00 +1.0478e+00 -4.4049e+00 -1.6973e+00 +1.4375e+00 +1.9455e+00
66 +3.420158278e+03 +3.420158278e+03 +3.409618278e+03 +3.409618278e+03 +2.1824e+00 -2.6752e+00 +3.3365e+00 -5.0000e+00 -8.8132e-01 +7.6797e-01 -8.1296e-01 -7.8169e-01 +8.0601e-01 +2.5160e+00
255 +1.880573551e+03 +1.880573551e+03 +1.870033551e+03 +1.870033551e+03 -8.2843e-01 -2.0821e+00 +1.5681e+00 -3.3874e+00 +6.7382e-02 -4.9300e-01 -3.8134e-01 +0.0000e+00 +1.5239e+00 +2.2771e+00
400 +1.501079165e+01 +1.501079165e+01 +4.470791654e+00 +4.470791654e+00 -1.7503e+00 -1.8744e+00 +9.3091e-01 -5.8503e-01 -4.5804e-01 +2.4515e+00 -1.9883e+00 -1.8292e+00 +1.6305e+00 +7.1339e-01
862 +4.158914768e+00 +4.158914768e+00 -6.381085232e+00 -6.381085232e+00 -1.5326e+00 -2.3304e+00 +1.5265e+00 -1.8317e+00 -4.2651e-01 +1.8552e-01 -2.2241e+00 -1.7943e+00 +1.3812e+00 +1.1670e+00
1549 +3.920692055e+00 +3.920692055e+00 -6.619307945e+00 -6.619307945e+00 -9.5699e-01 -2.6713e+00 +1.3272e+00 -2.9611e+00 -7.4267e-01 +3.7321e-03 -1.6146e+00 -1.7540e+00 +1.6989e+00 +1.1241e+00
2091 +2.502155931e+00 +2.502155931e+00 -8.037844069e+00 -8.037844069e+00 -1.4987e+00 -2.8503e+00 +8.4424e-01 -8.5224e-01 -1.7373e-01 +1.4586e+00 -2.3258e+00 -1.0698e+00 +2.4205e+00 +1.4622e+00
3769 +1.581706099e+00 +1.581706099e+00 -8.958293901e+00 -8.958293901e+00 -1.4803e+00 -2.9008e+00 +8.7810e-01 -9.1826e-01 -3.3804e-01 +1.0850e+00 -2.3571e+00 -9.5210e-01 +2.4080e+00 +2.0026e+00
% function evaluation | noise-free fitness - Fopt (3.860100000000e+02) | best noise-free fitness - Fopt | measured fitness | best measured fitness | x1 | x2...
1 +1.133362859e+05 +1.133362859e+05 +1.137222959e+05 +1.137222959e+05 +2.6860e+00 +4.1776e+00 +1.3602e+00 -7.1033e-01 -6.9621e-01 -4.1071e+00 -2.8400e+00 -1.6737e+00 -4.5895e-01 +3.2027e-01
3 +7.306684014e+04 +7.306684014e+04 +7.345285014e+04 +7.345285014e+04 -2.1119e+00 +3.2927e+00 -2.7329e+00 -1.1056e+00 +1.0714e+00 -2.7952e+00 +3.8868e-01 +3.6890e-01 -2.5845e+00 +4.5533e-01
5 +2.353321885e+04 +2.353321885e+04 +2.391922885e+04 +2.391922885e+04 +3.5532e+00 +4.0820e+00 +1.7786e-02 -1.9616e+00 +3.2600e+00 +1.0560e+00 +2.2272e+00 -2.6670e+00 +2.5160e+00 -1.2452e+00
49 +1.013575525e+04 +1.013575525e+04 +1.052176525e+04 +1.052176525e+04 +3.7341e+00 +6.3253e-01 +2.7842e+00 -1.0688e+00 +1.1903e+00 +1.4591e+00 +5.4978e-01 -8.9729e-01 +2.3219e+00 -1.2036e+00
112 +7.292447823e+03 +7.292447823e+03 +7.678457823e+03 +7.678457823e+03 +0.0000e+00 +0.0000e+00 +2.5424e+00 -4.3561e-02 +1.6033e+00 +3.2209e-01 +3.8503e+00 -1.3285e+00 +1.8839e+00 -4.6125e-01
135 +2.785703676e+03 +2.785703676e+03 +3.171713676e+03 +3.171713676e+03 +2.9443e+00 +0.0000e+00 +0.0000e+00 -5.0473e-01 +1.6350e+00 -6.8194e-01 +3.5925e+00 +0.0000e+00 +5.6445e-01 -3.1547e+00
396 +2.261602406e+03 +2.261602406e+03 +2.647612406e+03 +2.647612406e+03 +1.4566e+00 -2.2164e+00 -9.4324e-01 +2.6122e+00 +3.2414e+00 +1.9904e+00 +2.4712e+00 +0.0000e+00 +6.6048e-01 -3.0060e+00
463 +1.015943209e+02 +1.015943209e+02 +4.876043209e+02 +4.876043209e+02 -2.0212e+00 -1.7560e+00 -1.1317e+00 +0.0000e+00 +2.8295e+00 +0.0000e+00 +2.7254e+00 +6.0410e-01 +2.2655e+00 -4.5235e-01
741 +7.811092641e+01 +7.811092641e+01 +4.641209264e+02 +4.641209264e+02 -2.9314e+00 -1.1014e+00 -2.5357e+00 -1.5660e-01 +2.7788e+00 +2.0509e-01 +1.9919e+00 +9.8582e-01 +2.2191e+00 -6.5564e-01
883 +5.151074863e+01 +5.151074863e+01 +4.375207486e+02 +4.375207486e+02 -1.8324e+00 +2.3342e-01 -1.2620e-01 +5.0077e-01 +0.0000e+00 +3.8881e-02 +2.1810e+00 +1.4179e-01 +1.1857e+00 -1.2660e+00
909 +2.717970108e+01 +2.717970108e+01 +4.131897011e+02 +4.131897011e+02 -2.1199e+00 -3.4764e-01 -2.9584e+00 -8.5561e-01 +3.0208e+00 +1.6845e+00 +1.6980e+00 +1.1862e+00 +1.3111e+00 -7.8677e-01
1261 +4.232237898e+00 +4.232237898e+00 +3.902422379e+02 +3.902422379e+02 -1.5043e+00 -1.4084e+00 -1.1333e+00 +1.0650e+00 +2.5590e+00 +1.5563e+00 +1.1347e+00 +1.4368e+00 +1.0828e+00 -1.4147e+00
1324 +3.695067055e+00 +3.695067055e+00 +3.897050671e+02 +3.897050671e+02 -6.0882e-01 -2.5146e+00 +2.7351e-01 +2.6793e+00 +2.1717e+00 +1.2563e+00 +1.1388e+00 +1.9650e+00 +8.5718e-01 -1.0233e+00
2044 +2.420670820e+00 +2.420670820e+00 +3.884306708e+02 +3.884306708e+02 -2.2750e-01 -2.5566e+00 +6.2264e-01 +3.7985e-01 +2.6246e+00 +1.8432e+00 +4.8126e-01 +2.5750e+00 +9.3869e-01 -1.5368e+00
3448 +1.570075287e+00 +1.570075287e+00 +3.875800753e+02 +3.875800753e+02 +1.0534e+00 -2.2486e+00 +4.6017e-02 +1.6410e-01 +2.6702e+00 +1.9337e+00 +4.2327e-01 +2.5537e+00 +7.8397e-01 -1.3230e+00
4521 +8.450044362e-01 +8.450044362e-01 +3.868550044e+02 +3.868550044e+02 +2.1422e+00 -2.1388e+00 +2.7155e-03 +1.0884e-01 +2.6046e+00 +1.9852e+00 +4.5796e-01 +2.5359e+00 +7.0844e-01 -1.3071e+00
% function evaluation | noise-free fitness - Fopt (-1.257000000000e+01) | best noise-free fitness - Fopt | measured fitness | best measured fitness | x1 | x2...
1 +2.426048696e+04 +2.426048696e+04 +2.424791696e+04 +2.424791696e+04 -1.6453e+00 -1.1680e-01 +1.1123e+00 -2.4684e+00 -2.4532e+00 +2.8509e+00 +2.4026e+00 +2.9951e+00 -1.7517e+00 +2.3079e+00
20 +9.931250568e+03 +9.931250568e+03 +9.918680568e+03 +9.918680568e+03 +3.0301e+00 -3.8183e+00 -5.8123e-01 -1.3529e+00 -2.4662e+00 +3.5934e+00 +1.0616e-01 +1.4093e+00 +2.4855e-01 +3.6315e+00
98 +3.566267849e+03 +3.566267849e+03 +3.553697849e+03 +3.553697849e+03 +2.0414e+00 +6.9023e-01 +1.3487e+00 +1.6065e+00 +2.5976e+00 +3.0608e-01 +4.4329e-01 +3.2962e+00 +6.6535e-01 +1.5519e+00
142 +2.257779935e+03 +2.257779935e+03 +2.245209935e+03 +2.245209935e+03 +0.0000e+00 -1.4723e+00 -2.7308e+00 +0.0000e+00 +4.2905e+00 +1.6810e+00 -1.2947e+00 +6.2342e-01 +1.1131e+00 +2.0826e+00
221 +2.498158046e+02 +2.498158046e+02 +2.372458046e+02 +2.372458046e+02 +1.8977e+00 -1.5136e+00 +0.0000e+00 +2.8752e-01 -1.1524e-01 +1.1840e+00 +1.6328e-01 +7.8601e-01 +2.2821e+00 +2.0715e+00
521 +7.748507526e+01 +7.748507526e+01 +6.491507526e+01 +6.491507526e+01 +6.2770e-01 -1.7301e+00 +7.5806e-01 -2.0603e+00 -7.5327e-01 +2.3026e+00 -1.4148e+00 +7.8733e-01 +7.3305e-01 +1.9499e+00
601 +1.801229028e+01 +1.801229028e+01 +5.442290282e+00 +5.442290282e+00 -2.3838e-01 -1.2613e+00 +3.8291e-02 -1.7967e+00 -6.9253e-01 +2.5159e+00 -1.4932e+00 +7.7463e-01 +1.3599e+00 +2.0203e+00
761 +3.841838826e+00 +3.841838826e+00 -8.728161174e+00 -8.728161174e+00 +9.7087e-02 +5.0662e-01 +6.5203e-01 -2.1003e+00 -6.6450e-01 +2.3823e+00 -1.4922e+00 +7.8824e-01 +2.3982e+00 +1.8809e+00
2495 +2.328487006e+00 +2.328487006e+00 -1.024151299e+01 -1.024151299e+01 -9.8516e-02 +2.4659e+00 -2.0220e+00 -2.0368e+00 +0.0000e+00 +1.9880e+00 -9.0925e-01 +1.5206e+00 +1.7818e+00 +2.2109e+00
3495 +1.563213424e+00 +1.563213424e+00 -1.100678658e+01 -1.100678658e+01 +1.0796e+00 +2.4605e+00 -2.0623e+00 -2.0515e+00 +0.0000e+00 +2.0436e+00 -1.3108e+00 +1.8865e+00 +1.7724e+00 +2.2027e+00
% function evaluation | noise-free fitness - Fopt (-1.270400000000e+02) | best noise-free fitness - Fopt | measured fitness | best measured fitness | x1 | x2...
1 +1.205952165e+05 +1.205952165e+05 +1.204681765e+05 +1.204681765e+05 +3.5549e+00 +4.6564e+00 +1.4841e+00 -1.3272e+00 -7.3004e-01 +3.2765e+00 -1.8525e+00 -3.9346e-01 -3.5764e+00 +4.6231e+00
5 +6.836526019e+04 +6.836526019e+04 +6.823822019e+04 +6.823822019e+04 -1.7208e+00 +4.2721e-01 +4.6650e+00 +6.4304e-01 +1.1285e+00 +2.4013e+00 +3.8753e+00 +2.3973e+00 -3.4799e-01 -2.3104e+00
7 +6.167168845e+04 +6.167168845e+04 +6.154464845e+04 +6.154464845e+04 -1.1850e+00 -3.3097e+00 +7.6604e-01 -1.5807e+00 -3.6104e+00 +4.4861e+00 -2.9844e+00 +4.1087e+00 +6.5156e-01 +2.5953e+00
11 +2.701756887e+04 +2.701756887e+04 +2.689052887e+04 +2.689052887e+04 -9.4368e-01 -1.6641e+00 +3.8394e+00 -1.6698e+00 +3.9311e+00 -4.6003e+00 -7.7327e-01 +1.6691e+00 -6.1582e-01 +3.3673e+00
14 +3.293951388e+03 +3.293951388e+03 +3.166911388e+03 +3.166911388e+03 -1.8150e+00 -4.3173e+00 +3.3022e+00 +1.0605e+00 -3.0642e+00 +5.6840e-01 +2.2983e+00 +3.0245e-01 +1.7424e+00 +1.0028e+00
46 +1.421608419e+03 +1.421608419e+03 +1.294568419e+03 +1.294568419e+03 +2.0834e+00 -4.7325e+00 -1.9915e+00 -8.1117e-01 -3.2155e-01 -2.8281e+00 +1.1439e+00 +2.0344e+00 +2.2710e+00 +2.3177e+00
373 +7.240055598e+02 +7.240055598e+02 +5.969655598e+02 +5.969655598e+02 +3.4241e+00 -4.3993e+00 +0.0000e+00 +1.8359e+00 +1.0254e+00 -1.1208e+00 +1.3029e+00 +9.1914e-01 +8.9493e-01 +1.9128e+00
613 +4.659822265e+02 +4.659822265e+02 +3.389422265e+02 +3.389422265e+02 +2.5182e+00 -4.0032e+00 +9.6694e-01 +1.4850e+00 +1.0854e+00 -1.6697e+00 +5.8297e-01 +1.8034e+00 +1.8912e+00 +1.2896e+00
882 +3.501485851e+02 +3.501485851e+02 +2.231085851e+02 +2.231085851e+02 +2.0643e+00 -3.6066e+00 +8.6874e-01 +1.3211e+00 -1.7710e+00 +1.5524e-01 +1.6268e+00 +1.8459e+00 +1.7583e+00 +2.6078e+00
969 +5.458429729e+00 +5.458429729e+00 -1.215815703e+02 -1.215815703e+02 +1.8928e+00 -3.3024e+00 +1.3129e+00 +1.0234e+00 -1.4379e+00 -1.2322e+00 +1.1512e+00 +6.1418e-01 +1.0821e+00 +1.0164e+00
1329 +3.848033238e+00 +3.848033238e+00 -1.231919668e+02 -1.231919668e+02 +8.4109e-01 -3.1681e+00 +1.0033e+00 +1.5249e+00 -1.6794e+00 -7.7288e-01 +2.5947e+00 +8.8489e-01 +2.3024e+00 +1.5628e+00
2243 +2.452231867e+00 +2.452231867e+00 -1.245877681e+02 -1.245877681e+02 -1.0674e+00 -2.2594e+00 +1.4982e-01 +1.0931e+00 -1.7608e+00 -1.5669e+00 +2.1856e+00 +9.3357e-01 +2.4054e+00 +1.4739e+00
3351 +1.533069398e+00 +1.533069398e+00 -1.255069306e+02 -1.255069306e+02 -1.0253e+00 -2.2550e+00 -2.0190e-01 +2.7580e+00 -2.0153e+00 -2.1370e+00 +2.1308e+00 +9.5905e-01 +2.3898e+00 +1.7261e+00
4372 +9.959952938e-01 +9.959952938e-01 -1.260440047e+02 -1.260440047e+02 -1.0384e+00 -2.2740e+00 -7.2376e-01 +2.7891e+00 -1.9577e+00 -2.1370e+00 +2.1445e+00 +9.7662e-01 +2.3665e+00 +1.6929e+00
% function evaluation | noise-free fitness - Fopt (-3.752000000000e+01) | best noise-free fitness - Fopt | measured fitness | best measured fitness | x1 | x2...
1 +1.932455445e+05 +1.932455445e+05 +1.932080245e+05 +1.932080245e+05 +3.6877e-01 -3.6863e+00 -2.6481e+00 -3.7017e+00 +4.4861e+00 -1.5393e+00 -3.2335e+00 +7.0504e-01 -4.7011e+00 -6.5964e-01
2 +7.185914076e+04 +7.185914076e+04 +7.182162076e+04 +7.182162076e+04 +7.0377e-01 -1.8634e+00 +3.6470e+00 -4.0661e+00 +2.1257e+00 -2.0310e+00 -2.7004e+00 -4.4496e+00 -1.1031e+00 -5.7670e-01
16 +5.193212376e+04 +5.193212376e+04 +5.189460376e+04 +5.189460376e+04 +1.1912e+00 +5.7537e-01 -3.7426e+00 +1.8748e+00 +2.5606e+00 -1.6112e+00 +4.3795e+00 +1.2163e+00 -2.5442e+00 +2.3470e+00
20 +2.956125475e+04 +2.956125475e+04 +2.952373475e+04 +2.952373475e+04 -2.1336e+00 +4.3390e+00 -4.3484e+00 -7.2418e-01 +3.6927e+00 -2.7327e+00 +1.0200e+00 +2.0497e+00 +1.0771e+00 +4.1709e-01
32 +2.326425146e+04 +2.326425146e+04 +2.322673146e+04 +2.322673146e+04 -1.4331e+00 -4.2078e+00 +7.3527e-01 -1.8473e+00 +4.5083e+00 -1.0435e+00 +2.7798e+00 -2.5886e+00 +4.5845e+00 +1.1711e+00
37 +1.458834570e+04 +1.458834570e+04 +1.455082570e+04 +1.455082570e+04 +1.7372e-01 -1.7365e+00 -2.5077e+00 -2.9611e+00 +3.7842e+00 -9.7589e-01 +2.8713e+00 +1.6758e+00 +4.4102e+00 +1.2506e+00
94 +6.733259279e+03 +6.733259279e+03 +6.695739279e+03 +6.695739279e+03 +3.2050e+00 +2.2458e+00 -1.9426e+00 -3.1129e+00 -4.2437e-01 -6.4352e-01 +4.5972e-01 -1.3341e+00 +2.1088e+00 +1.0281e+00
117 +3.306167180e+03 +3.306167180e+03 +3.268647180e+03 +3.268647180e+03 +8.2849e-01 -9.1339e-01 -3.2540e+00 +2.7962e+00 +0.0000e+00 +1.3166e+00 +2.3625e+00 -1.9039e-01 +0.0000e+00 +1.8528e+00
186 +2.023513964e+02 +2.023513964e+02 +1.648313964e+02 +1.648313964e+02 -1.8890e-01 +8.9976e-01 -3.2502e+00 +1.9995e+00 +6.8270e-01 +1.3464e+00 +2.4016e+00 -2.0304e+00 +2.1904e-01 +2.6719e+00
819 +1.375017026e+02 +1.375017026e+02 +9.998170264e+01 +9.998170264e+01 +2.7021e+00 +4.3694e-02 -1.2706e+00 +2.4471e+00 +9.4708e-01 +2.0334e+00 +2.5030e+00 -2.1972e+00 +1.3678e+00 +2.5153e+00
965 +4.661460739e+00 +4.661460739e+00 -3.285853926e+01 -3.285853926e+01 +0.0000e+00 +1.2385e+00 -2.5000e+00 +2.1584e+00 +7.0598e-01 +2.0099e+00 +8.3587e-01 -1.8075e+00 +1.7267e+00 +2.3153e+00
1052 +3.290609444e+00 +3.290609444e+00 -3.422939056e+01 -3.422939056e+01 +4.5809e-02 +6.4930e-01 -1.9892e+00 +2.1033e+00 +1.5919e+00 +1.7115e+00 +2.7521e-01 -2.0650e+00 +2.0186e+00 +1.0547e+00
1312 +2.320678877e+00 +2.320678877e+00 -3.519932112e+01 -3.519932112e+01 -1.2857e+00 -4.7749e-01 -2.3586e+00 -2.4972e-02 +1.3070e+00 +2.2644e+00 +1.1519e+00 -2.3707e+00 +2.0312e+00 +2.1282e+00
2785 +1.514473010e+00 +1.514473010e+00 -3.600552699e+01 -3.600552699e+01 -1.5038e+00 -1.2245e+00 -2.3710e+00 -5.0938e-01 +6.4078e-01 +2.4054e+00 +8.0110e-01 -2.3842e+00 +1.9800e+00 +2.1142e+00
3856 +9.922126666e-01 +9.922126666e-01 -3.652778733e+01 -3.652778733e+01 -1.5061e+00 -6.3479e-01 -2.4242e+00 -4.2312e-01 +5.7866e-01 +2.4860e+00 +7.2461e-01 -2.4468e+00 +2.0101e+00 +2.1199e+00
% function evaluation | noise-free fitness - Fopt (-3.311600000000e+02) | best noise-free fitness - Fopt | measured fitness | best measured fitness | x1 | x2...
1 +8.535888581e+04 +8.535888581e+04 +8.502772581e+04 +8.502772581e+04 -1.8251e+00 +1.4979e+00 -2.6035e+00 +2.9814e+00 -3.6257e+00 -3.7394e-01 +8.0337e-01 -1.8211e+00 +3.5932e+00 +1.8710e-01
7 +4.111172107e+04 +4.111172107e+04 +4.078056107e+04 +4.078056107e+04 +3.9683e+00 -4.2140e-01 -2.9239e+00 +3.2627e+00 +2.3534e+00 +1.7510e+00 +9.7113e-01 +1.7339e+00 -4.7751e+00 +1.0506e+00
14 +3.005225951e+04 +3.005225951e+04 +2.972109951e+04 +2.972109951e+04 +1.2731e+00 +4.0777e+00 -4.6448e+00 -1.9191e+00 +2.6857e+00 +4.6368e+00 -4.3497e+00 +8.7719e-01 -3.5382e+00 -8.5050e-01
24 +2.495850715e+04 +2.495850715e+04 +2.462734715e+04 +2.462734715e+04 -3.3348e+00 +1.4726e+00 +2.2669e+00 +2.8050e+00 -4.4908e+00 -6.5717e-01 -3.7099e+00 -1.0197e+00 -8.2206e-03 -2.8831e-01
25 +1.035443176e+04 +1.035443176e+04 +1.002327176e+04 +1.002327176e+04 +4.4410e+00 +2.1309e+00 -4.3351e+00 -3.2410e+00 +3.8470e-01 -1.6200e+00 -3.9738e+00 -1.6689e+00 -2.9775e+00 -2.3262e-01
48 +5.332504423e+03 +5.332504423e+03 +5.001344423e+03 +5.001344423e+03 +5.7412e-02 +5.1008e-01 -4.1835e+00 -2.0485e+00 +1.4942e-01 +8.1269e-01 +4.0918e-02 -3.4155e+00 -2.3695e+00 -2.4423e+00
114 +1.447005034e+03 +1.447005034e+03 +1.115845034e+03 +1.115845034e+03 +2.4196e+00 -2.6041e-01 -3.2062e-01 +0.0000e+00 +1.1485e+00 +8.2706e-01 -1.9708e+00 -1.7301e+00 -8.5023e-02 -1.4613e+00
179 +1.404492331e+02 +1.404492331e+02 -1.907107669e+02 -1.907107669e+02 +2.7436e+00 -1.8809e+00 -9.9625e-01 +1.2888e+00 -1.5387e-01 -2.0201e+00 -2.5420e+00 -2.1335e+00 -6.2296e-01 -2.6509e+00
618 +3.269951206e+00 +3.269951206e+00 -3.278900488e+02 -3.278900488e+02 -6.7244e-01 -1.4577e+00 -2.2930e+00 +2.3401e+00 +2.0621e+00 -9.4408e-01 -2.0093e+00 -1.7354e+00 -2.1417e+00 -1.2665e+00
1132 +2.480177636e+00 +2.480177636e+00 -3.286798224e+02 -3.286798224e+02 +1.0328e+00 -9.1780e-01 -2.1453e+00 +1.9340e+00 +2.1002e+00 -6.4770e-01 -1.5657e+00 -2.2409e+00 -2.1005e+00 -1.2811e+00
3253 +1.551190005e+00 +1.551190005e+00 -3.296088100e+02 -3.296088100e+02 +1.0759e+00 +7.8251e-01 -1.9637e+00 +2.2331e+00 +2.0904e+00 -1.6017e-01 -1.5969e+00 -2.2367e+00 -2.0818e+00 -1.2544e+00
% function evaluation | noise-free fitness - Fopt (4.481000000000e+01) | best noise-free fitness - Fopt | measured fitness | best measured fitness | x1 | x2...
1 +1.327293296e+05 +1.327293296e+05 +1.327741396e+05 +1.327741396e+05 +1.0030e+00 -5.3333e-01 +1.3966e+00 -1.3329e+00 +1.6169e+00 +2.7901e+00 +3.1168e+00 -2.9434e+00 -4.9922e+00 +8.7921e-01
2 +5.337573198e+04 +5.337573198e+04 +5.342054198e+04 +5.342054198e+04 +4.3388e+00 -6.3077e-02 +6.8746e-02 +1.8063e+00 -2.4296e+00 -4.3991e+00 +3.3988e+00 -1.9515e+00 -1.0635e+00 -3.6853e+00
10 +8.125409380e+03 +8.125409380e+03 +8.170219380e+03 +8.170219380e+03 -1.2352e+00 -1.9600e+00 -1.8228e-01 +4.3312e+00 -1.7220e+00 +2.1390e+00 +3.5056e+00 +1.3096e+00 +1.6324e+00 -1.5259e+00
64 +5.325179088e+03 +5.325179088e+03 +5.369989088e+03 +5.369989088e+03 -2.3525e+00 +1.4477e+00 -4.2605e-01 +4.0580e+00 +2.1153e-02 +2.5968e+00 +3.6799e+00 -2.0866e+00 +2.2137e+00 -6.8878e-01
144 +1.497689797e+03 +1.497689797e+03 +1.542499797e+03 +1.542499797e+03 -1.6588e+00 +0.0000e+00 +6.5472e-01 +4.0523e+00 +1.2066e+00 +2.5065e+00 +1.2613e+00 -1.0048e+00 +1.0174e+00 -9.0857e-01
257 +7.956177581e+02 +7.956177581e+02 +8.404277581e+02 +8.404277581e+02 -2.0970e+00 +1.8938e+00 +0.0000e+00 +1.9794e+00 +5.8840e-02 +8.6837e-01 +1.3534e+00 -1.2097e+00 +1.6782e-01 -2.5713e+00
298 +2.876551113e+02 +2.876551113e+02 +3.324651113e+02 +3.324651113e+02 -2.2160e+00 +2.1786e+00 -6.7788e-02 -5.1226e-02 -4.5181e-01 -1.4857e-02 +9.2280e-01 -1.3419e+00 +1.8609e+00 -6.7846e-01
423 +1.065720414e+02 +1.065720414e+02 +1.513820414e+02 +1.513820414e+02 -2.1572e+00 +2.5398e+00 +8.6195e-02 -8.1829e-01 +0.0000e+00 +9.5920e-01 +2.1541e+00 -2.3410e+00 +8.4725e-01 -1.2306e+00
699 +3.754928727e+01 +3.754928727e+01 +8.235928727e+01 +8.235928727e+01 -1.6277e+00 -1.5332e+00 +9.7881e-01 +5.2712e-01 +1.2666e+00 +1.6349e+00 +0.0000e+00 -1.5304e+00 +1.7806e+00 -6.5776e-01
779 +7.263517643e+00 +7.263517643e+00 +5.207351764e+01 +5.207351764e+01 -1.6309e+00 +0.0000e+00 +7.8975e-01 +5.0739e-01 +2.8324e-01 +1.5441e+00 +1.0528e+00 -1.8051e+00 +2.2066e+00 -5.9234e-01
992 +4.180685584e+00 +4.180685584e+00 +4.899068558e+01 +4.899068558e+01 -2.4773e+00 -1.0455e+00 +2.3759e+00 +2.1280e-01 +2.4865e-02 +2.2226e+00 +8.2446e-01 -1.3307e+00 +1.9243e+00 -1.0367e+00
1270 +3.872602207e+00 +3.872602207e+00 +4.868260221e+01 +4.868260221e+01 -9.5121e-01 +1.4398e+00 +1.6721e+00 +1.6998e-01 +0.0000e+00 +2.4798e+00 +1.0850e+00 -1.9641e+00 +2.0804e+00 -1.8145e+00
1620 +2.310953660e+00 +2.310953660e+00 +4.712095366e+01 +4.712095366e+01 -9.3395e-01 -8.2327e-01 +2.8366e+00 +3.1781e-01 +2.9597e-01 +2.6262e+00 +7.7918e-01 -2.4183e+00 +9.6388e-01 -2.0792e+00
2935 +1.501863668e+00 +1.501863668e+00 +4.631186367e+01 +4.631186367e+01 -8.9007e-01 -7.9892e-01 +2.7858e+00 +7.4329e-02 +4.3887e-01 +2.5578e+00 +8.4431e-01 -2.4186e+00 +7.3855e-01 -2.4215e+00
% function evaluation | noise-free fitness - Fopt (-1.764600000000e+02) | best noise-free fitness - Fopt | measured fitness | best measured fitness | x1 | x2...
1 +5.095694682e+04 +5.095694682e+04 +5.078048682e+04 +5.078048682e+04 -7.4369e-01 -2.4780e+00 -1.9476e+00 -3.2846e+00 +2.0262e+00 -1.2139e-01 +2.8097e+00 -1.4000e+00 +3.2005e+00 +4.3809e+00
4 +2.193788630e+04 +2.193788630e+04 +2.176142630e+04 +2.176142630e+04 -4.7306e+00 -1.3713e+00 +3.3318e+00 +4.6977e+00 +4.5468e+00 +6.2132e-01 -3.5034e+00 +2.5728e-01 +3.2085e+00 -5.3254e-01
45 +2.237375748e+03 +2.237375748e+03 +2.060915748e+03 +2.060915748e+03 -3.2089e+00 -6.6086e-02 -3.0936e+00 +3.6215e+00 -1.3254e+00 +8.8738e-01 -6.7971e-01 -9.9136e-01 +1.2306e+00 +2.3256e+00
183 +2.319849972e+02 +2.319849972e+02 +5.552499720e+01 +5.552499720e+01 -2.5124e+00 -9.9446e-01 -1.3917e+00 +0.0000e+00 +3.8066e-01 +1.0225e+00 -1.2996e+00 -7.8113e-01 +5.4128e-01 +9.2683e-01
185 +6.449431615e+00 +6.449431615e+00 -1.700105684e+02 -1.700105684e+02 -1.9816e+00 -5.5796e-01 +0.0000e+00 +2.5949e+00 +1.2464e+00 +4.1068e-01 -9.3505e-01 -4.7517e-01 +1.3127e+00 +1.4011e+00
677 +3.484391567e+00 +3.484391567e+00 -1.729756084e+02 -1.729756084e+02 -2.1058e+00 +1.4628e+00 +3.6848e-01 +1.9850e+00 +1.0225e+00 +8.5775e-01 -1.1589e+00 -2.2440e+00 +9.6158e-01 +2.1063e+00
2259 +2.402620001e+00 +2.402620001e+00 -1.740573800e+02 -1.740573800e+02 -1.0098e+00 -7.1302e-01 -2.7654e+00 -6.8357e-01 +1.9110e+00 +2.2108e+00 -1.0191e+00 -2.3841e+00 +6.9020e-01 +1.7246e+00
3284 +1.503668696e+00 +1.503668696e+00 -1.749563313e+02 -1.749563313e+02 -1.0291e+00 -7.8424e-01 -2.8033e+00 -5.1553e-01 +1.4158e+00 +2.2742e+00 -1.1154e+00 -2.3530e+00 +7.6503e-01 +2.4798e+00
