% function evaluation | noise-free fitness - Fopt (-4.620900000000e+02) | best noise-free fitness - Fopt | measured fitness | best measured fitness | x1 | x2...
1 +4.841709194e+02 +4.841709194e+02 +2.208091935e+01 +2.208091935e+01 +1.5325e+00 -1.4284e+00 -4.3543e+00 -3.1093e+00 -2.6045e+00
3 +3.969446555e+02 +3.969446555e+02 -6.514534451e+01 -6.514534451e+01 -1.8498e+00 +2.3479e+00 +2.3548e-01 +9.3621e-01 -3.4619e+00
6 +1.673389886e+02 +1.673389886e+02 -2.947510114e+02 -2.947510114e+02 -4.2208e+00 +4.1906e+00 +8.4192e-02 -1.3289e+00 +8.2583e-02
11 +1.514139068e+02 +1.514139068e+02 -3.106760932e+02 -3.106760932e+02 +1.6399e+00 +3.8456e+00 -1.6949e-01 +3.1279e+00 -1.1508e-01
24 +9.222657149e+01 +9.222657149e+01 -3.698634285e+02 -3.698634285e+02 -4.9325e+00 +3.2176e+00 +1.3813e-02 +2.5017e+00 +2.2710e+00
92 +6.276368309e+01 +6.276368309e+01 -3.993263169e+02 -3.993263169e+02 +1.1990e+00 -1.3548e+00 +1.4138e+00 +1.6186e+00 +1.6635e+00
1139 +3.303504349e+01 +3.303504349e+01 -4.290549565e+02 -4.290549565e+02 -7.5461e-01 +3.6175e+00 +2.1867e+00 -2.0710e-01 +1.6635e+00
1498 +2.245667195e+01 +2.245667195e+01 -4.396333281e+02 -4.396333281e+02 +1.3686e+00 +3.8022e+00 +2.1555e+00 +1.8820e+00 +2.0333e+00
1783 +1.285671732e+01 +1.285671732e+01 -4.492332827e+02 -4.492332827e+02 +2.2946e+00 +3.6175e+00 +2.1555e+00 +6.8798e-01 +1.9752e+00
2338 +9.782159764e+00 +9.782159764e+00 -4.523078402e+02 -4.523078402e+02 +2.2554e+00 +3.8022e+00 +2.1554e+00 +7.1645e-01 +2.2710e+00
3378 +5.918290537e+00 +5.918290537e+00 -4.561717095e+02 -4.561717095e+02 +2.2549e+00 +1.5519e+00 +2.1555e+00 +7.1840e-01 +2.2846e+00
4089 +3.920893926e+00 +3.920893926e+00 -4.581691061e+02 -4.581691061e+02 +2.3179e+00 +1.5365e+00 +2.1866e+00 +7.1645e-01 +1.9752e+00
4255 +2.289398769e+00 +2.289398769e+00 -4.598006012e+02 -4.598006012e+02 +2.3243e+00 +1.5200e+00 +2.2143e+00 +7.1645e-01 +2.2790e+00
% function evaluation | noise-free fitness - Fopt (7.766000000000e+01) | best noise-free fitness - Fopt | measured fitness | best measured fitness | x1 | x2...
1 +6.087338974e+02 +6.087338974e+02 +6.863938974e+02 +6.863938974e+02 -8.4372e-01 +3.5094e-01 -2.5347e+00 +2.7310e+00 +3.1741e+00
2 +3.037818377e+02 +3.037818377e+02 +3.814418377e+02 +3.814418377e+02 -2.6650e+00 +1.7149e+00 -3.3131e+00 +4.8047e+00 -1.1595e+00
12 +2.280686951e+02 +2.280686951e+02 +3.057286951e+02 +3.057286951e+02 -1.0252e+00 -6.2009e-01 -4.0981e+00 +1.4841e+00 +8.3703e-01
39 +9.506072492e+01 +9.506072492e+01 +1.727207249e+02 +1.727207249e+02 +2.7017e+00 -2.6096e+00 +7.0586e-01 +4.1904e+00 +2.0698e-01
675 +5.953229399e+01 +5.953229399e+01 +1.371922940e+02 +1.371922940e+02 +5.0195e-01 +2.2221e+00 +1.1542e+00 +4.1303e+00 +1.3078e+00
932 +3.164122771e+01 +3.164122771e+01 +1.093012277e+02 +1.093012277e+02 +3.9191e-01 +6.1049e-01 +1.1925e+00 +3.8596e+00 +2.5008e+00
1365 +1.843634080e+01 +1.843634080e+01 +9.609634080e+01 +9.609634080e+01 +3.9191e-01 +6.1049e-01 +1.1925e+00 +2.8557e+00 +2.5008e+00
1808 +1.506944513e+01 +1.506944513e+01 +9.272944513e+01 +9.272944513e+01 +3.9191e-01 +6.1049e-01 +1.2002e+00 +3.7643e+00 +2.5008e+00
2323 +9.700451626e+00 +9.700451626e+00 +8.736045163e+01 +8.736045163e+01 +2.2657e+00 -1.6944e+00 +1.2003e+00 +3.2956e+00 +2.1615e+00
2799 +6.136302832e+00 +6.136302832e+00 +8.379630283e+01 +8.379630283e+01 +2.3821e+00 -1.6944e+00 +1.2003e+00 +3.2956e+00 +2.1615e+00
4043 +3.885631885e+00 +3.885631885e+00 +8.154563189e+01 +8.154563189e+01 +2.3919e+00 -1.6944e+00 +6.8839e-01 +3.3112e+00 +2.1620e+00
% function evaluation | noise-free fitness - Fopt (1.156800000000e+02) | best noise-free fitness - Fopt | measured fitness | best measured fitness | x1 | x2...
1 +7.483211355e+02 +7.483211355e+02 +8.640011355e+02 +8.640011355e+02 +8.9648e-01 +8.7934e-01 -3.0173e+00 -3.9131e+00 -2.9576e+00
2 +5.046532649e+02 +5.046532649e+02 +6.203332649e+02 +6.203332649e+02 +1.1858e+00 +4.1099e+00 -3.9680e-01 +3.4365e+00 -3.2660e+00
6 +3.372873889e+02 +3.372873889e+02 +4.529673889e+02 +4.529673889e+02 +4.9949e-01 +4.7114e+00 +9.6708e-01 +4.8149e+00 +1.9832e+00
14 +2.054833294e+02 +2.054833294e+02 +3.211633294e+02 +3.211633294e+02 +1.3153e+00 +4.1215e+00 -7.5115e-01 +4.2539e+00 +3.9482e+00
29 +1.344728849e+02 +1.344728849e+02 +2.501528849e+02 +2.501528849e+02 -3.4046e-01 +2.3608e-01 -3.6790e+00 +1.2818e+00 +3.3620e+00
36 +8.914526265e+01 +8.914526265e+01 +2.048252627e+02 +2.048252627e+02 -9.4285e-01 -1.4597e+00 -1.3337e+00 +5.2628e-01 +3.6156e+00
605 +5.984313504e+01 +5.984313504e+01 +1.755231350e+02 +1.755231350e+02 +3.1959e-01 -1.1304e-01 -2.5054e+00 +3.0408e+00 +2.8218e+00
1233 +3.269380985e+01 +3.269380985e+01 +1.483738098e+02 +1.483738098e+02 +2.0875e+00 +8.3588e-01 -3.3564e-01 +3.0408e+00 +2.6670e+00
1477 +1.764638908e+01 +1.764638908e+01 +1.333263891e+02 +1.333263891e+02 +2.0875e+00 -1.0231e+00 -3.3564e-01 +3.0329e+00 +2.6709e+00
2001 +1.537426115e+01 +1.537426115e+01 +1.310542611e+02 +1.310542611e+02 +3.1959e-01 -1.1310e-01 -3.2783e-01 +3.0427e+00 +2.9458e+00
2324 +8.286738145e+00 +8.286738145e+00 +1.239667381e+02 +1.239667381e+02 +3.3521e-01 -1.0231e+00 -3.2002e-01 +3.5403e+00 +3.5999e+00
2844 +5.671225753e+00 +5.671225753e+00 +1.213512258e+02 +1.213512258e+02 +2.1189e+00 -1.0231e+00 -3.3558e-01 +3.0329e+00 +3.5961e+00
3447 +3.784746504e+00 +3.784746504e+00 +1.194647465e+02 +1.194647465e+02 +2.1187e+00 -1.0192e+00 -3.1709e-01 +3.5181e+00 +3.5999e+00
4150 +2.473407731e+00 +2.473407731e+00 +1.181534077e+02 +1.181534077e+02 +2.1187e+00 -1.0192e+00 -3.3369e-01 +3.1012e+00 +3.5999e+00
% function evaluation | noise-free fitness - Fopt (-3.710000000000e+00) | best noise-free fitness - Fopt | measured fitness | best measured fitness | x1 | x2...
1 +3.943127762e+02 +3.943127762e+02 +3.906027762e+02 +3.906027762e+02 -6.6694e-01 -4.4919e+00 +1.2775e-01 +1.7806e+00 -2.7910e+00
3 +1.038141737e+02 +1.038141737e+02 +1.001041737e+02 +1.001041737e+02 -6.2544e-01 -2.1295e+00 +8.9586e-01 +3.4851e+00 +1.4780e+00
116 +9.453742352e+01 +9.453742352e+01 +9.082742352e+01 +9.082742352e+01 -7.6039e-01 -2.8738e+00 -1.0739e+00 +4.1681e+00 +2.1280e+00
872 +6.118795838e+01 +6.118795838e+01 +5.747795838e+01 +5.747795838e+01 +3.4309e+00 -9.8148e-01 +1.3647e+00 +3.4222e+00 +2.6962e+00
1455 +3.592723730e+01 +3.592723730e+01 +3.221723730e+01 +3.221723730e+01 +8.2348e-01 -1.5244e+00 +7.7086e-01 +3.5103e+00 +2.2015e+00
2026 +2.144039382e+01 +2.144039382e+01 +1.773039382e+01 +1.773039382e+01 +3.0962e+00 -2.2249e+00 +7.7086e-01 +3.5103e+00 +2.2015e+00
2556 +1.342504642e+01 +1.342504642e+01 +9.715046425e+00 +9.715046425e+00 +3.0723e+00 -2.2249e+00 +1.0375e+00 +3.4929e+00 +2.8501e+00
2755 +9.701051966e+00 +9.701051966e+00 +5.991051966e+00 +5.991051966e+00 +3.3228e+00 -2.2246e+00 +1.7875e+00 +4.3622e+00 +2.8510e+00
2950 +4.510784497e+00 +4.510784497e+00 +8.007844974e-01 +8.007844974e-01 +3.0776e+00 -1.5631e+00 +1.7670e+00 +3.4849e+00 +2.8505e+00
3696 +3.953790516e+00 +3.953790516e+00 +2.437905160e-01 +2.437905160e-01 +3.0923e+00 -2.2249e+00 +1.7667e+00 +3.4968e+00 +2.8509e+00
5030 +2.244463486e+00 +2.244463486e+00 -1.465536514e+00 -1.465536514e+00 +3.0728e+00 -2.2363e+00 +1.7667e+00 +3.9066e+00 +3.1401e+00
% function evaluation | noise-free fitness - Fopt (1.321800000000e+02) | best noise-free fitness - Fopt | measured fitness | best measured fitness | x1 | x2...
1 +3.150412642e+02 +3.150412642e+02 +4.472212642e+02 +4.472212642e+02 -3.2780e+00 -7.8231e-01 +9.0575e-01 -2.6476e-02 -1.5805e+00
23 +2.191303218e+02 +2.191303218e+02 +3.513103218e+02 +3.513103218e+02 -2.7921e+00 -4.5072e+00 +4.0302e-02 +4.0969e-01 +1.0841e+00
24 +1.484545732e+02 +1.484545732e+02 +2.806345732e+02 +2.806345732e+02 -4.3077e+00 -1.5156e+00 +1.2505e+00 -6.4970e-01 +2.0501e+00
33 +4.258319981e+01 +4.258319981e+01 +1.747631998e+02 +1.747631998e+02 +3.6210e+00 +3.2626e-03 +1.9629e+00 -3.0886e+00 +1.8049e+00
1144 +3.971660809e+01 +3.971660809e+01 +1.718966081e+02 +1.718966081e+02 +3.6210e+00 +3.0184e-03 +1.7642e+00 -2.8684e+00 +2.4458e+00
1421 +2.354493671e+01 +2.354493671e+01 +1.557249367e+02 +1.557249367e+02 +3.6908e+00 +2.2484e+00 +1.8267e+00 -2.8722e+00 +1.8049e+00
1737 +1.450187000e+01 +1.450187000e+01 +1.466818700e+02 +1.466818700e+02 +3.7533e+00 +2.2842e+00 +2.3989e+00 -2.8307e+00 +2.5572e+00
2541 +6.976231496e+00 +6.976231496e+00 +1.391562315e+02 +1.391562315e+02 +3.7533e+00 +2.2843e+00 +2.3989e+00 -2.3547e+00 +2.4852e+00
2975 +2.652550515e+00 +2.652550515e+00 +1.348325505e+02 +1.348325505e+02 +3.7459e+00 +1.5033e+00 +2.8842e+00 -2.3549e+00 +2.4891e+00
3612 +2.353285236e+00 +2.353285236e+00 +1.345332852e+02 +1.345332852e+02 +3.7459e+00 +1.5033e+00 +2.8842e+00 -2.3674e+00 +2.4891e+00
% function evaluation | noise-free fitness - Fopt (-5.847300000000e+02) | best noise-free fitness - Fopt | measured fitness | best measured fitness | x1 | x2...
1 +1.473500495e+04 +1.473500495e+04 +1.415027495e+04 +1.415027495e+04 +9.8553e-01 +4.0715e+00 -5.6135e-01 +2.3779e+00 +4.4914e+00
2 +7.867074247e+03 +7.867074247e+03 +7.282344247e+03 +7.282344247e+03 -2.7265e+00 +3.3535e-01 +1.9452e+00 +4.9613e+00 +3.2805e+00
3 +1.298013223e+02 +1.298013223e+02 -4.549286777e+02 -4.549286777e+02 -2.1158e+00 -3.5617e-01 +2.2701e+00 -2.7671e+00 -1.3082e+00
116 +9.769713040e+01 +9.769713040e+01 -4.870328696e+02 -4.870328696e+02 -4.2731e+00 -4.3957e+00 +1.6635e+00 -2.6916e+00 -5.0253e-01
435 +6.127948210e+01 +6.127948210e+01 -5.234505179e+02 -5.234505179e+02 +1.6640e+00 -9.1854e-01 +1.3505e-01 -2.9449e+00 +6.8793e-01
893 +3.474652744e+01 +3.474652744e+01 -5.499834726e+02 -5.499834726e+02 -4.9843e-01 -4.5644e+00 +1.2757e+00 -4.2813e+00 +3.4351e-01
1155 +2.440839423e+01 +2.440839423e+01 -5.603216058e+02 -5.603216058e+02 +1.6640e+00 -9.1854e-01 +2.2701e+00 -2.9449e+00 +3.3304e-01
1867 +1.089573276e+01 +1.089573276e+01 -5.738342672e+02 -5.738342672e+02 +1.7036e+00 -4.3957e+00 +1.6635e+00 -4.2820e+00 +3.4351e-01
2015 +7.397823520e+00 +7.397823520e+00 -5.773321765e+02 -5.773321765e+02 +1.6641e+00 -2.1685e+00 +1.6635e+00 -4.2815e+00 +3.4351e-01
3128 +6.269369905e+00 +6.269369905e+00 -5.784606301e+02 -5.784606301e+02 +1.6641e+00 -2.1685e+00 +1.7343e+00 -4.2824e+00 +7.0580e-01
% function evaluation | noise-free fitness - Fopt (-3.654000000000e+01) | best noise-free fitness - Fopt | measured fitness | best measured fitness | x1 | x2...
1 +1.170614679e+04 +1.170614679e+04 +1.166960679e+04 +1.166960679e+04 -4.5367e+00 -1.0541e+00 +4.7178e+00 +1.6315e+00 +2.8734e+00
3 +5.376034243e+02 +5.376034243e+02 +5.010634243e+02 +5.010634243e+02 -4.3031e+00 +3.1705e+00 +1.0057e+00 -2.7620e+00 -2.4000e+00
33 +1.814241173e+02 +1.814241173e+02 +1.448841173e+02 +1.448841173e+02 -1.8722e+00 -3.4707e+00 -4.7210e+00 +2.1541e+00 -1.1291e+00
76 +1.429646421e+02 +1.429646421e+02 +1.064246421e+02 +1.064246421e+02 +1.1157e+00 -2.1395e+00 -1.2047e+00 +8.8524e-02 +2.3040e-01
170 +8.392396434e+01 +8.392396434e+01 +4.738396434e+01 +4.738396434e+01 -4.9937e+00 -4.2948e+00 -5.7248e-01 +1.1163e+00 +1.7009e-01
683 +5.331188901e+01 +5.331188901e+01 +1.677188901e+01 +1.677188901e+01 -1.6598e+00 -1.0073e-01 -4.2002e-01 -7.5907e-01 -6.4694e-02
1425 +3.923928422e+01 +3.923928422e+01 +2.699284218e+00 +2.699284218e+00 -1.5089e+00 -2.9094e+00 -5.7248e-01 -5.7257e-01 +1.7009e-01
1581 +2.495404956e+01 +2.495404956e+01 -1.158595044e+01 -1.158595044e+01 -7.8046e-01 -2.2844e+00 -5.7627e-01 +8.9638e-02 -4.1927e-01
2031 +1.234830694e+01 +1.234830694e+01 -2.419169306e+01 -2.419169306e+01 -1.8126e+00 -2.2865e+00 -5.7638e-01 -6.9855e-01 +6.4694e-02
3059 +9.261773231e+00 +9.261773231e+00 -2.727822677e+01 -2.727822677e+01 -7.8158e-01 -1.4506e+00 -5.7638e-01 -6.9855e-01 +8.4225e-02
4062 +6.225954455e+00 +6.225954455e+00 -3.031404554e+01 -3.031404554e+01 -7.9448e-01 -2.2829e+00 -5.7248e-01 -6.9855e-01 +4.6446e-01
% function evaluation | noise-free fitness - Fopt (1.000000000000e+03) | best noise-free fitness - Fopt | measured fitness | best measured fitness | x1 | x2...
1 +6.494707442e+02 +6.494707442e+02 +1.649470744e+03 +1.649470744e+03 -3.9814e+00 +2.4564e+00 -3.2191e+00 +3.1300e-01 -4.3612e+00
6 +2.815303923e+02 +2.815303923e+02 +1.281530392e+03 +1.281530392e+03 -2.9388e+00 +3.3040e+00 -1.7838e-01 +1.0047e+00 -8.8010e-01
19 +1.563190732e+02 +1.563190732e+02 +1.156319073e+03 +1.156319073e+03 -2.2895e+00 +1.7013e+00 -4.1036e-01 +2.2525e+00 -2.3331e-01
55 +9.658067343e+01 +9.658067343e+01 +1.096580673e+03 +1.096580673e+03 +2.4923e-01 +2.4435e+00 -3.0826e-01 +4.5498e+00 +2.7364e+00
974 +6.230693575e+01 +6.230693575e+01 +1.062306936e+03 +1.062306936e+03 -1.4877e+00 -1.7967e+00 -8.9496e-01 +3.1971e+00 +1.6951e+00
1439 +3.957090915e+01 +3.957090915e+01 +1.039570909e+03 +1.039570909e+03 +1.2869e+00 -3.2211e+00 +1.3217e-01 +4.0278e+00 +1.9668e+00
1890 +1.678458610e+01 +1.678458610e+01 +1.016784586e+03 +1.016784586e+03 -1.4878e+00 -8.9042e-01 -8.9105e-01 +3.1034e+00 +2.9731e+00
2296 +1.551738106e+01 +1.551738106e+01 +1.015517381e+03 +1.015517381e+03 +1.4705e+00 -2.3219e+00 +1.3192e-01 +3.1095e+00 +2.9809e+00
2497 +9.421052761e+00 +9.421052761e+00 +1.009421053e+03 +1.009421053e+03 +1.4707e+00 -8.9042e-01 -9.0522e-01 +3.1094e+00 +2.9809e+00
3416 +6.128087643e+00 +6.128087643e+00 +1.006128088e+03 +1.006128088e+03 +1.4703e+00 -1.6092e+00 +1.3217e-01 +3.1104e+00 +2.9809e+00
3989 +3.625461069e+00 +3.625461069e+00 +1.003625461e+03 +1.003625461e+03 +5.8635e-01 -8.9042e-01 +1.3217e-01 +3.1114e+00 +2.9358e+00
4924 +2.428792809e+00 +2.428792809e+00 +1.002428793e+03 +1.002428793e+03 +1.5656e+00 -8.9042e-01 +1.3265e-01 +3.1173e+00 +2.9417e+00
% function evaluation | noise-free fitness - Fopt (4.661000000000e+01) | best noise-free fitness - Fopt | measured fitness | best measured fitness | x1 | x2...
1 +2.296739285e+02 +2.296739285e+02 +2.762839285e+02 +2.762839285e+02 -1.1483e+00 -2.1019e+00 -4.4912e+00 +3.2087e+00 +4.3422e-01
28 +1.493791354e+02 +1.493791354e+02 +1.959891354e+02 +1.959891354e+02 -1.2791e+00 +1.5584e+00 -1.5387e+00 +2.0742e+00 -1.4809e+00
181 +8.781286534e+01 +8.781286534e+01 +1.344228653e+02 +1.344228653e+02 -4.3089e+00 +4.8433e+00 -7.1464e-01 +1.2212e+00 +7.5849e-01
717 +5.693306339e+01 +5.693306339e+01 +1.035430634e+02 +1.035430634e+02 -8.7305e-01 +8.1592e-01 +1.2653e+00 +3.7816e+00 -2.0518e-01
1355 +3.836030620e+01 +3.836030620e+01 +8.497030620e+01 +8.497030620e+01 +5.2074e-01 +2.5696e+00 +5.5289e-01 +3.7816e+00 +1.0131e+00
1770 +2.364287447e+01 +2.364287447e+01 +7.025287447e+01 +7.025287447e+01 -1.3356e-01 +4.8315e+00 +1.2359e+00 +3.7826e+00 +6.3631e-01
2395 +1.542713484e+01 +1.542713484e+01 +6.203713484e+01 +6.203713484e+01 -2.1599e-01 +4.7788e+00 +6.1540e-01 +3.7826e+00 +6.6659e-01
2866 +9.679498426e+00 +9.679498426e+00 +5.628949843e+01 +5.628949843e+01 -1.6481e-01 +4.7788e+00 +1.2048e+00 +3.7816e+00 +1.0092e+00
3999 +5.893340755e+00 +5.893340755e+00 +5.250334075e+01 +5.250334075e+01 -1.6408e-01 +4.7788e+00 +1.0915e+00 +3.3440e+00 +1.0092e+00
% function evaluation | noise-free fitness - Fopt (-2.643100000000e+02) | best noise-free fitness - Fopt | measured fitness | best measured fitness | x1 | x2...
1 +4.251653288e+02 +4.251653288e+02 +1.608553288e+02 +1.608553288e+02 +5.6721e-01 -2.5497e+00 +1.5206e+00 +1.1078e+00 -3.0419e+00
4 +2.443212302e+02 +2.443212302e+02 -1.998876979e+01 -1.998876979e+01 +2.3932e+00 -2.5751e+00 -1.1760e-01 -5.8208e-01 -1.1945e+00
17 +1.542552903e+02 +1.542552903e+02 -1.100547097e+02 -1.100547097e+02 -3.4478e+00 -3.1900e+00 +2.0998e+00 +2.2467e+00 +2.3507e+00
40 +8.357386678e+01 +8.357386678e+01 -1.807361332e+02 -1.807361332e+02 +3.3170e+00 +8.8707e-01 +1.1078e+00 -1.2513e+00 +1.4723e+00
365 +3.371201241e+01 +3.371201241e+01 -2.305979876e+02 -2.305979876e+02 +1.2072e+00 -9.9486e-02 +2.6488e+00 +5.8442e-02 +2.0841e+00
1043 +2.229514432e+01 +2.229514432e+01 -2.420148557e+02 -2.420148557e+02 +3.1801e+00 -1.1511e-01 +2.6331e+00 +5.0629e-02 +2.6085e+00
1785 +1.517077340e+01 +1.517077340e+01 -2.491392266e+02 -2.491392266e+02 +1.2072e+00 -2.2799e+00 +2.6253e+00 +4.8676e-02 +2.5465e+00
2025 +8.689045046e+00 +8.689045046e+00 -2.556209550e+02 -2.556209550e+02 +3.1801e+00 -5.7897e-01 +2.0442e+00 -1.2503e+00 +2.5772e+00
3095 +6.033862638e+00 +6.033862638e+00 -2.582761374e+02 -2.582761374e+02 +2.2556e+00 -2.2798e+00 +2.6488e+00 -1.2513e+00 +2.5465e+00
4173 +3.654654252e+00 +3.654654252e+00 -2.606553457e+02 -2.606553457e+02 +3.1806e+00 -7.0785e-01 +2.6806e+00 -1.2503e+00 +2.8590e+00
4957 +2.373436860e+00 +2.373436860e+00 -2.619365631e+02 -2.619365631e+02 +3.2424e+00 -2.2735e+00 +2.6957e+00 -1.2503e+00 +2.8590e+00
% function evaluation | noise-free fitness - Fopt (7.273000000000e+01) | best noise-free fitness - Fopt | measured fitness | best measured fitness | x1 | x2...
1 +2.805559654e+02 +2.805559654e+02 +3.532859654e+02 +3.532859654e+02 -4.8476e-01 -1.4386e+00 -3.7312e-01 -4.0556e+00 -1.0750e+00
7 +1.896082512e+02 +1.896082512e+02 +2.623382512e+02 +2.623382512e+02 +1.0209e+00 -2.4427e+00 -4.5119e+00 +2.8076e+00 +1.5737e+00
23 +9.451465680e+01 +9.451465680e+01 +1.672446568e+02 +1.672446568e+02 -6.3064e-01 -9.4439e-01 -1.5168e-01 -1.4451e+00 +1.6138e+00
635 +6.306646361e+01 +6.306646361e+01 +1.357964636e+02 +1.357964636e+02 -3.5855e-01 -3.6686e+00 +1.2889e+00 +2.4293e+00 +1.6511e+00
768 +2.394682433e+01 +2.394682433e+01 +9.667682433e+01 +9.667682433e+01 +7.2273e-01 -1.3589e+00 +1.5442e+00 +1.8014e+00 +1.0296e+00
2165 +1.463852031e+01 +1.463852031e+01 +8.736852031e+01 +8.736852031e+01 +2.4990e+00 -7.0221e-01 +1.5442e+00 +1.8014e+00 +1.6511e+00
3114 +8.729534949e+00 +8.729534949e+00 +8.145953495e+01 +8.145953495e+01 +2.4990e+00 -3.6686e+00 +1.5443e+00 +9.4893e-01 +1.6511e+00
3669 +5.513420063e+00 +5.513420063e+00 +7.824342006e+01 +7.824342006e+01 +2.4990e+00 -1.4839e+00 +1.5442e+00 +9.4893e-01 +1.6511e+00
% function evaluation | noise-free fitness - Fopt (1.368700000000e+02) | best noise-free fitness - Fopt | measured fitness | best measured fitness | x1 | x2...
1 +2.782885408e+02 +2.782885408e+02 +4.151585408e+02 +4.151585408e+02 -4.8058e+00 -2.0601e+00 +7.6810e-01 -1.5108e+00 -1.4061e+00
7 +1.863845819e+02 +1.863845819e+02 +3.232545819e+02 +3.232545819e+02 +3.5549e+00 -1.8338e+00 -4.3147e-01 -7.4748e-02 -1.3023e+00
47 +1.525498155e+02 +1.525498155e+02 +2.894198155e+02 +2.894198155e+02 -3.1330e-02 -8.4843e-01 +1.4070e+00 +1.6503e+00 -1.1546e+00
196 +9.228975271e+01 +9.228975271e+01 +2.291597527e+02 +2.291597527e+02 +1.2666e+00 +3.5863e-01 +3.8450e+00 -9.1816e-01 +1.6849e-01
435 +5.454291509e+01 +5.454291509e+01 +1.914129151e+02 +1.914129151e+02 +3.4277e+00 +3.7117e+00 +1.7172e+00 +1.0938e+00 +2.9990e-01
1195 +1.738880398e+01 +1.738880398e+01 +1.542588040e+02 +1.542588040e+02 +3.4231e+00 +2.2682e+00 +3.1772e+00 +8.2312e-01 +4.8209e-01
1975 +1.325207281e+01 +1.325207281e+01 +1.501220728e+02 +1.501220728e+02 +3.4233e+00 +3.5862e+00 +3.8455e+00 +1.7136e+00 -1.4986e-01
2616 +8.351409855e+00 +8.351409855e+00 +1.452214099e+02 +1.452214099e+02 +3.4277e+00 +4.3100e+00 +3.8455e+00 +8.2312e-01 -1.4986e-01
2915 +6.053710718e+00 +6.053710718e+00 +1.429237107e+02 +1.429237107e+02 +3.4277e+00 +4.3099e+00 +3.8455e+00 +8.2312e-01 +2.2369e-01
3191 +3.365952430e+00 +3.365952430e+00 +1.402359524e+02 +1.402359524e+02 +3.4272e+00 +3.6492e+00 +3.8453e+00 +8.3874e-01 +2.3209e-01
4238 +2.010773314e+00 +2.010773314e+00 +1.388807733e+02 +1.388807733e+02 +3.4902e+00 +3.6492e+00 +3.8446e+00 +8.5437e-01 +2.3209e-01
5002 +1.578352128e+00 +1.578352128e+00 +1.384483521e+02 +1.384483521e+02 +3.4900e+00 +3.6416e+00 +3.8453e+00 +8.5436e-01 +2.4991e-01
% function evaluation | noise-free fitness - Fopt (2.196000000000e+01) | best noise-free fitness - Fopt | measured fitness | best measured fitness | x1 | x2...
1 +2.279873916e+03 +2.279873916e+03 +2.301833916e+03 +2.301833916e+03 -2.9022e+00 -7.8941e-02 +4.1381e+00 +3.7101e+00 -3.3997e-01
2 +1.190670369e+03 +1.190670369e+03 +1.212630369e+03 +1.212630369e+03 -1.9176e+00 -4.8978e+00 +3.2092e+00 +1.5479e+00 -4.2010e+00
4 +8.952651683e+02 +8.952651683e+02 +9.172251683e+02 +9.172251683e+02 +3.1924e+00 +4.2673e+00 -2.6452e+00 +2.5915e-01 +3.5332e+00
5 +5.126238606e+02 +5.126238606e+02 +5.345838606e+02 +5.345838606e+02 -4.5083e+00 +4.2437e+00 -3.6455e+00 -2.2041e-01 -2.2955e+00
9 +2.964439792e+02 +2.964439792e+02 +3.184039792e+02 +3.184039792e+02 +3.3906e+00 +4.8659e+00 -2.6647e+00 -8.5369e-02 +2.9119e+00
10 +1.301931585e+02 +1.301931585e+02 +1.521531585e+02 +1.521531585e+02 +2.5651e+00 -1.2372e+00 -4.0814e-01 +4.5751e+00 +1.2487e+00
67 +9.342596423e+01 +9.342596423e+01 +1.153859642e+02 +1.153859642e+02 +3.5847e+00 +4.4113e-01 +1.1710e+00 +2.6900e+00 +2.9440e-01
162 +5.084381630e+01 +5.084381630e+01 +7.280381630e+01 +7.280381630e+01 +3.5096e+00 -1.4609e-01 +1.7506e+00 +6.7968e-01 +2.3343e+00
754 +3.829493082e+01 +3.829493082e+01 +6.025493082e+01 +6.025493082e+01 +3.5847e+00 +4.4113e-01 +1.1710e+00 +2.6900e+00 +2.2944e+00
1425 +2.376031937e+01 +2.376031937e+01 +4.572031937e+01 +4.572031937e+01 +1.5437e+00 -2.1040e+00 +1.0996e+00 +3.2014e+00 +2.3343e+00
2289 +1.540022010e+01 +1.540022010e+01 +3.736022010e+01 +3.736022010e+01 +1.5447e+00 -1.3880e+00 +1.0461e+00 +2.6939e+00 +2.6009e+00
3249 +9.739276122e+00 +9.739276122e+00 +3.169927612e+01 +3.169927612e+01 +1.3129e+00 +1.9889e-01 +1.6925e+00 +2.6900e+00 +2.2942e+00
4026 +5.512874053e+00 +5.512874053e+00 +2.747287405e+01 +2.747287405e+01 +3.2427e+00 +1.9114e-01 +1.0461e+00 +2.7213e+00 +2.5990e+00
4136 +3.953638407e+00 +3.953638407e+00 +2.591363841e+01 +2.591363841e+01 +3.2427e+00 +1.9108e-01 +1.6926e+00 +2.3291e+00 +2.2942e+00
4807 +2.238703092e+00 +2.238703092e+00 +2.419870309e+01 +2.419870309e+01 +3.2427e+00 +2.0670e-01 +1.6925e+00 +2.3059e+00 +2.6009e+00
% function evaluation | noise-free fitness - Fopt (-2.139000000000e+01) | best noise-free fitness - Fopt | measured fitness | best measured fitness | x1 | x2...
1 +3.737192825e+02 +3.737192825e+02 +3.523292825e+02 +3.523292825e+02 +6.5233e-01 +1.3626e+00 +1.4113e+00 +7.6138e-01 -3.2287e+00
11 +1.755167298e+02 +1.755167298e+02 +1.541267298e+02 +1.541267298e+02 +7.6854e-01 -2.5124e+00 +5.3821e-01 -1.7165e-01 -5.6982e-01
41 +1.055712849e+02 +1.055712849e+02 +8.418128491e+01 +8.418128491e+01 +3.4132e+00 +1.4584e+00 -2.8995e+00 -3.0527e+00 +1.0129e-01
243 +5.519645594e+01 +5.519645594e+01 +3.380645594e+01 +3.380645594e+01 +2.9885e+00 +4.4272e+00 +6.4134e-01 -2.8919e+00 +1.4930e+00
887 +3.354222056e+01 +3.354222056e+01 +1.215222056e+01 +1.215222056e+01 +2.8297e+00 +4.4272e+00 +5.0933e-01 -3.9884e+00 +1.5582e+00
1165 +2.089095413e+01 +2.089095413e+01 -4.990458685e-01 -4.990458685e-01 +2.9885e+00 +4.4272e+00 +6.4073e-01 -2.1921e+00 +1.6013e+00
1639 +1.517211197e+01 +1.517211197e+01 -6.217888034e+00 -6.217888034e+00 +1.3158e+00 +2.0436e+00 +6.4073e-01 -2.1923e+00 +1.6013e+00
2573 +9.266835745e+00 +9.266835745e+00 -1.212316425e+01 -1.212316425e+01 +1.3236e+00 +2.0436e+00 +5.2495e-01 -3.4867e+00 +1.6013e+00
3202 +5.855559439e+00 +5.855559439e+00 -1.553444056e+01 -1.553444056e+01 +3.1174e+00 +1.9908e+00 +5.0151e-01 -3.4750e+00 +1.6013e+00
% function evaluation | noise-free fitness - Fopt (5.176600000000e+02) | best noise-free fitness - Fopt | measured fitness | best measured fitness | x1 | x2...
1 +6.555741844e+03 +6.555741844e+03 +7.073401844e+03 +7.073401844e+03 +3.1458e+00 -3.1529e+00 -3.6401e+00 +3.0646e+00 +4.2852e+00
2 +2.571381458e+03 +2.571381458e+03 +3.089041458e+03 +3.089041458e+03 +3.0757e+00 -2.1339e+00 +3.0981e+00 +1.2429e+00 -3.1020e+00
4 +1.318132823e+03 +1.318132823e+03 +1.835792823e+03 +1.835792823e+03 +2.8500e+00 -1.9679e+00 +2.5068e+00 -2.6995e-01 -1.7767e-01
5 +3.924296092e+02 +3.924296092e+02 +9.100896092e+02 +9.100896092e+02 +3.9225e+00 -4.1769e+00 -6.0374e-01 +1.0929e+00 -2.8286e+00
10 +1.801444331e+02 +1.801444331e+02 +6.978044331e+02 +6.978044331e+02 -1.8583e+00 +1.6185e-01 -2.8085e+00 +6.2364e-01 +2.0378e+00
26 +1.034731454e+02 +1.034731454e+02 +6.211331454e+02 +6.211331454e+02 +9.8047e-01 +3.8350e+00 +6.0301e-01 +3.1482e-01 +1.5067e+00
70 +9.113081171e+01 +9.113081171e+01 +6.087908117e+02 +6.087908117e+02 +1.1461e-01 +1.9059e+00 +6.1460e-01 +4.2799e+00 +1.4411e+00
73 +6.148248542e+01 +6.148248542e+01 +5.791424854e+02 +5.791424854e+02 +4.1269e+00 +2.4580e+00 +3.8879e-01 +4.4975e+00 +1.5824e+00
1093 +3.769766756e+01 +3.769766756e+01 +5.553576676e+02 +5.553576676e+02 +4.1269e+00 +2.4580e+00 +6.0301e-01 +3.3409e+00 +1.5785e+00
1474 +2.265013201e+01 +2.265013201e+01 +5.403101320e+02 +5.403101320e+02 +2.0097e+00 +2.4658e+00 -1.7043e-01 +3.3409e+00 +1.5824e+00
1807 +1.492651067e+01 +1.492651067e+01 +5.325865107e+02 +5.325865107e+02 +3.8715e+00 +4.8217e+00 +6.0301e-01 +3.3409e+00 +1.5785e+00
2105 +8.054195690e+00 +8.054195690e+00 +5.257141957e+02 +5.257141957e+02 +2.8598e+00 +4.0687e+00 +5.6490e-01 +3.3409e+00 +1.5785e+00
2257 +6.288684193e+00 +6.288684193e+00 +5.239486842e+02 +5.239486842e+02 +2.8715e+00 +2.3955e+00 +5.9520e-01 +3.3409e+00 +1.5824e+00
3198 +3.965832674e+00 +3.965832674e+00 +5.216258327e+02 +5.216258327e+02 +3.8715e+00 +3.9738e+00 +5.6863e-01 +3.3409e+00 +1.5844e+00
