% function evaluation | noise-free fitness - Fopt (1.491500000000e+02) | best noise-free fitness - Fopt | measured fitness | best measured fitness | x1 | x2...
1 +1.624340514e+04 +1.624340514e+04 +1.639255514e+04 +1.639255514e+04 +1.1023e+00 +2.6217e+00 +2.2354e+00
2 +1.434275324e+04 +1.434275324e+04 +1.449190324e+04 +1.449190324e+04 -1.9913e-01 +2.1892e+00 +5.7852e-02
8 +1.302696358e+03 +1.302696358e+03 +1.451846358e+03 +1.451846358e+03 +1.2289e+00 +3.1647e-01 +2.6051e+00
11 +8.873289050e+02 +8.873289050e+02 +1.036478905e+03 +1.036478905e+03 +1.2579e+00 +1.1841e+00 +4.5390e+00
17 +5.477211333e+02 +5.477211333e+02 +6.968711333e+02 +6.968711333e+02 -2.6504e+00 -6.9325e-01 +8.6491e-01
21 +1.252036342e+02 +1.252036342e+02 +2.743536342e+02 +2.743536342e+02 -1.3118e+00 -1.7527e+00 +1.7335e-01
25 +2.631403482e+01 +2.631403482e+01 +1.754640348e+02 +1.754640348e+02 -1.5547e+00 -6.3663e-01 -5.1310e-01
73 +1.956296090e+00 +1.956296090e+00 +1.511062961e+02 +1.511062961e+02 -5.6472e-01 -1.0174e+00 -8.4895e-01
125 +1.535753956e+00 +1.535753956e+00 +1.506857540e+02 +1.506857540e+02 -7.9647e-01 -1.2788e+00 -9.4086e-01
347 +8.734377202e-01 +8.734377202e-01 +1.500234377e+02 +1.500234377e+02 -5.2386e-01 -1.0873e+00 -9.3789e-01
419 +5.892167750e-01 +5.892167750e-01 +1.497392168e+02 +1.497392168e+02 -4.4577e-01 -1.0100e+00 -8.3760e-01
435 +2.506567397e-01 +2.506567397e-01 +1.494006567e+02 +1.494006567e+02 -2.8446e-01 -7.9033e-01 -6.4991e-01
515 +1.498307039e-01 +1.498307039e-01 +1.492998307e+02 +1.492998307e+02 -1.8439e-01 -6.3689e-01 -4.4746e-01
535 +9.948525989e-02 +9.948525989e-02 +1.492494853e+02 +1.492494853e+02 -2.0504e-01 -6.4224e-01 -4.4994e-01
551 +6.077109070e-02 +6.077109070e-02 +1.492107711e+02 +1.492107711e+02 -1.6613e-01 -5.8482e-01 -3.6044e-01
582 +2.538726616e-02 +2.538726616e-02 +1.491753873e+02 +1.491753873e+02 -1.2282e-01 -4.9782e-01 -2.2449e-01
612 +1.364556359e-02 +1.364556359e-02 +1.491636456e+02 +1.491636456e+02 -1.0654e-01 -4.6661e-01 -1.6389e-01
687 +9.663827021e-03 +9.663827021e-03 +1.491596638e+02 +1.491596638e+02 -1.0007e-01 -4.5820e-01 -1.4805e-01
719 +5.952183344e-03 +5.952183344e-03 +1.491559522e+02 +1.491559522e+02 -9.0280e-02 -4.3935e-01 -1.1348e-01
734 +2.579601249e-03 +2.579601249e-03 +1.491525796e+02 +1.491525796e+02 -7.3295e-02 -4.0873e-01 -5.3266e-02
738 +1.227446177e-03 +1.227446177e-03 +1.491512274e+02 +1.491512274e+02 -7.0766e-02 -4.0201e-01 -4.2330e-02
775 +9.468611517e-04 +9.468611517e-04 +1.491509469e+02 +1.491509469e+02 -6.7247e-02 -3.9423e-01 -2.8619e-02
803 +3.265675788e-04 +3.265675788e-04 +1.491503266e+02 +1.491503266e+02 -5.9082e-02 -3.7987e-01 +4.0411e-04
834 +2.355702881e-04 +2.355702881e-04 +1.491502356e+02 +1.491502356e+02 -5.0004e-02 -3.6078e-01 +4.0299e-02
850 +1.501304188e-04 +1.501304188e-04 +1.491501501e+02 +1.491501501e+02 -5.3334e-02 -3.6824e-01 +2.4186e-02
862 +9.080248287e-05 +9.080248287e-05 +1.491500908e+02 +1.491500908e+02 -5.1465e-02 -3.6315e-01 +3.4165e-02
871 +5.825337485e-05 +5.825337485e-05 +1.491500583e+02 +1.491500583e+02 -5.5814e-02 -3.7135e-01 +1.7742e-02
886 +2.117479301e-05 +2.117479301e-05 +1.491500212e+02 +1.491500212e+02 -5.3314e-02 -3.6724e-01 +2.6363e-02
903 +9.624943232e-06 +9.624943232e-06 +1.491500096e+02 +1.491500096e+02 -5.6517e-02 -3.7346e-01 +1.3803e-02
910 +2.979423243e-06 +2.979423243e-06 +1.491500030e+02 +1.491500030e+02 -5.5878e-02 -3.7215e-01 +1.6416e-02
939 +1.610397391e-06 +1.610397391e-06 +1.491500016e+02 +1.491500016e+02 -5.4841e-02 -3.6999e-01 +2.0836e-02
951 +5.324113204e-07 +5.324113204e-07 +1.491500005e+02 +1.491500005e+02 -5.4992e-02 -3.7040e-01 +1.9944e-02
970 +3.741159844e-07 +3.741159844e-07 +1.491500004e+02 +1.491500004e+02 -5.5265e-02 -3.7095e-01 +1.8944e-02
974 +1.817262785e-07 +1.817262785e-07 +1.491500002e+02 +1.491500002e+02 -5.5216e-02 -3.7086e-01 +1.9123e-02
975 +1.334732076e-07 +1.334732076e-07 +1.491500001e+02 +1.491500001e+02 -5.5224e-02 -3.7088e-01 +1.9028e-02
985 +5.899343591e-08 +5.899343591e-08 +1.491500001e+02 +1.491500001e+02 -5.5278e-02 -3.7095e-01 +1.8919e-02
1002 +3.237383339e-08 +3.237383339e-08 +1.491500000e+02 +1.491500000e+02 -5.5209e-02 -3.7080e-01 +1.9180e-02
1062 +2.092207296e-08 +2.092207296e-08 +1.491500000e+02 +1.491500000e+02 -5.5142e-02 -3.7068e-01 +1.9441e-02
1064 +7.598913498e-09 +7.598913498e-09 +1.491500000e+02 +1.491500000e+02 -5.5168e-02 -3.7074e-01 +1.9323e-02
1074 +5.101753686e-09 +5.101753686e-09 +1.491500000e+02 +1.491500000e+02 -5.5177e-02 -3.7075e-01 +1.9299e-02
1083 +2.326316917e-10 +2.326316917e-10 +1.491500000e+02 +1.491500000e+02 -5.5197e-02 -3.7079e-01 +1.9213e-02
1154 +9.208633855e-11 +9.208633855e-11 +1.491500000e+02 +1.491500000e+02 -5.5196e-02 -3.7079e-01 +1.9213e-02
1185 +3.990408004e-11 +3.990408004e-11 +1.491500000e+02 +1.491500000e+02 -5.5197e-02 -3.7079e-01 +1.9211e-02
1199 +7.446487871e-12 +7.446487871e-12 +1.491500000e+02 +1.491500000e+02 -5.5199e-02 -3.7080e-01 +1.9204e-02
1215 +6.053824109e-12 +6.053824109e-12 +1.491500000e+02 +1.491500000e+02 -5.5200e-02 -3.7080e-01 +1.9199e-02
1252 +3.552713679e-12 +3.552713679e-12 +1.491500000e+02 +1.491500000e+02 -5.5200e-02 -3.7080e-01 +1.9201e-02
1253 +1.250555215e-12 +1.250555215e-12 +1.491500000e+02 +1.491500000e+02 -5.5200e-02 -3.7080e-01 +1.9199e-02
1287 +3.979039320e-13 +3.979039320e-13 +1.491500000e+02 +1.491500000e+02 -5.5200e-02 -3.7080e-01 +1.9199e-02
1305 +8.526512829e-14 +8.526512829e-14 +1.491500000e+02 +1.491500000e+02 -5.5200e-02 -3.7080e-01 +1.9200e-02
1336 +5.684341886e-14 +5.684341886e-14 +1.491500000e+02 +1.491500000e+02 -5.5200e-02 -3.7080e-01 +1.9200e-02
1348 +2.842170943e-14 +2.842170943e-14 +1.491500000e+02 +1.491500000e+02 -5.5200e-02 -3.7080e-01 +1.9200e-02
1371 +0.000000000e+00 +0.000000000e+00 +1.491500000e+02 +1.491500000e+02 -5.5200e-02 -3.7080e-01 +1.9200e-02
% function evaluation | noise-free fitness - Fopt (-1.000000000000e+03) | best noise-free fitness - Fopt | measured fitness | best measured fitness | x1 | x2...
1 +1.149116906e+04 +1.149116906e+04 +1.049116906e+04 +1.049116906e+04 -3.3963e+00 -3.2307e+00 +2.0503e+00
3 +7.473955940e+03 +7.473955940e+03 +6.473955940e+03 +6.473955940e+03 -5.5382e+00 -2.6653e+00 +2.1153e+00
4 +1.713200298e+03 +1.713200298e+03 +7.132002981e+02 +7.132002981e+02 -2.5073e+00 -2.0922e+00 +4.9755e+00
9 +1.555254792e+03 +1.555254792e+03 +5.552547919e+02 +5.552547919e+02 -2.7627e+00 -8.9753e-01 +4.9082e+00
13 +6.951114485e+02 +6.951114485e+02 -3.048885515e+02 -3.048885515e+02 -3.2538e+00 -1.6774e+00 +5.3740e+00
16 +2.892696348e+02 +2.892696348e+02 -7.107303652e+02 -7.107303652e+02 -1.9616e+00 +2.7479e+00 +5.7628e+00
36 +4.987453688e+01 +4.987453688e+01 -9.501254631e+02 -9.501254631e+02 -4.0935e+00 +1.8739e-01 +1.2104e+00
79 +2.071776427e+01 +2.071776427e+01 -9.792822357e+02 -9.792822357e+02 -3.3366e+00 +7.8458e-01 +1.1824e+00
80 +1.047902401e+01 +1.047902401e+01 -9.895209760e+02 -9.895209760e+02 -2.9328e+00 +1.0807e+00 +1.6580e+00
91 +1.116536794e+00 +1.116536794e+00 -9.988834632e+02 -9.988834632e+02 -3.0025e+00 +7.9707e-01 +9.3131e-01
146 +8.121060690e-01 +8.121060690e-01 -9.991878939e+02 -9.991878939e+02 -3.2036e+00 +6.0486e-01 +6.4887e-01
164 +3.536870363e-01 +3.536870363e-01 -9.996463130e+02 -9.996463130e+02 -3.1406e+00 +6.8101e-01 +7.9301e-01
240 +1.530330094e-01 +1.530330094e-01 -9.998469670e+02 -9.998469670e+02 -3.0342e+00 +8.4277e-01 +9.6025e-01
255 +8.689582650e-02 +8.689582650e-02 -9.999131042e+02 -9.999131042e+02 -2.9866e+00 +9.2186e-01 +1.0838e+00
297 +4.852003782e-02 +4.852003782e-02 -9.999514800e+02 -9.999514800e+02 -2.9124e+00 +1.0386e+00 +1.2591e+00
308 +2.200658456e-02 +2.200658456e-02 -9.999779934e+02 -9.999779934e+02 -2.9002e+00 +1.0761e+00 +1.3236e+00
404 +9.740905268e-03 +9.740905268e-03 -9.999902591e+02 -9.999902591e+02 -2.8907e+00 +1.0964e+00 +1.3677e+00
406 +4.774913252e-03 +4.774913252e-03 -9.999952251e+02 -9.999952251e+02 -2.8784e+00 +1.1177e+00 +1.4116e+00
475 +2.317819567e-03 +2.317819567e-03 -9.999976822e+02 -9.999976822e+02 -2.8676e+00 +1.1388e+00 +1.4521e+00
477 +1.105632635e-03 +1.105632635e-03 -9.999988944e+02 -9.999988944e+02 -2.8575e+00 +1.1562e+00 +1.4820e+00
500 +4.676639819e-04 +4.676639819e-04 -9.999995323e+02 -9.999995323e+02 -2.8571e+00 +1.1586e+00 +1.4892e+00
516 +6.650000216e-05 +6.650000216e-05 -9.999999335e+02 -9.999999335e+02 -2.8498e+00 +1.1731e+00 +1.5164e+00
579 +3.281939576e-05 +3.281939576e-05 -9.999999672e+02 -9.999999672e+02 -2.8471e+00 +1.1790e+00 +1.5292e+00
589 +2.370143704e-05 +2.370143704e-05 -9.999999763e+02 -9.999999763e+02 -2.8463e+00 +1.1805e+00 +1.5317e+00
620 +8.534324934e-06 +8.534324934e-06 -9.999999915e+02 -9.999999915e+02 -2.8482e+00 +1.1765e+00 +1.5241e+00
622 +6.140805795e-06 +6.140805795e-06 -9.999999939e+02 -9.999999939e+02 -2.8474e+00 +1.1783e+00 +1.5276e+00
629 +2.551473585e-06 +2.551473585e-06 -9.999999974e+02 -9.999999974e+02 -2.8483e+00 +1.1764e+00 +1.5237e+00
658 +9.408325923e-07 +9.408325923e-07 -9.999999991e+02 -9.999999991e+02 -2.8480e+00 +1.1770e+00 +1.5247e+00
685 +3.936752364e-07 +3.936752364e-07 -9.999999996e+02 -9.999999996e+02 -2.8481e+00 +1.1767e+00 +1.5241e+00
693 +2.058493465e-07 +2.058493465e-07 -9.999999998e+02 -9.999999998e+02 -2.8482e+00 +1.1766e+00 +1.5241e+00
700 +1.252105903e-07 +1.252105903e-07 -9.999999999e+02 -9.999999999e+02 -2.8481e+00 +1.1768e+00 +1.5244e+00
744 +6.541358744e-08 +6.541358744e-08 -9.999999999e+02 -9.999999999e+02 -2.8483e+00 +1.1765e+00 +1.5238e+00
746 +5.545655313e-08 +5.545655313e-08 -9.999999999e+02 -9.999999999e+02 -2.8482e+00 +1.1767e+00 +1.5242e+00
757 +1.651346793e-08 +1.651346793e-08 -1.000000000e+03 -1.000000000e+03 -2.8483e+00 +1.1765e+00 +1.5238e+00
759 +1.104831426e-08 +1.104831426e-08 -1.000000000e+03 -1.000000000e+03 -2.8482e+00 +1.1766e+00 +1.5241e+00
765 +1.065359356e-09 +1.065359356e-09 -1.000000000e+03 -1.000000000e+03 -2.8482e+00 +1.1766e+00 +1.5240e+00
805 +9.332552509e-10 +9.332552509e-10 -1.000000000e+03 -1.000000000e+03 -2.8482e+00 +1.1766e+00 +1.5240e+00
817 +4.905587048e-10 +4.905587048e-10 -1.000000000e+03 -1.000000000e+03 -2.8482e+00 +1.1766e+00 +1.5240e+00
838 +1.709850039e-10 +1.709850039e-10 -1.000000000e+03 -1.000000000e+03 -2.8482e+00 +1.1766e+00 +1.5240e+00
844 +1.009539119e-10 +1.009539119e-10 -1.000000000e+03 -1.000000000e+03 -2.8482e+00 +1.1766e+00 +1.5240e+00
857 +1.011812856e-11 +1.011812856e-11 -1.000000000e+03 -1.000000000e+03 -2.8482e+00 +1.1766e+00 +1.5240e+00
886 +8.753886505e-12 +8.753886505e-12 -1.000000000e+03 -1.000000000e+03 -2.8482e+00 +1.1766e+00 +1.5240e+00
913 +3.865352483e-12 +3.865352483e-12 -1.000000000e+03 -1.000000000e+03 -2.8482e+00 +1.1766e+00 +1.5240e+00
942 +2.387423592e-12 +2.387423592e-12 -1.000000000e+03 -1.000000000e+03 -2.8482e+00 +1.1766e+00 +1.5240e+00
943 +1.136868377e-12 +1.136868377e-12 -1.000000000e+03 -1.000000000e+03 -2.8482e+00 +1.1766e+00 +1.5240e+00
956 +4.547473509e-13 +4.547473509e-13 -1.000000000e+03 -1.000000000e+03 -2.8482e+00 +1.1766e+00 +1.5240e+00
966 +2.273736754e-13 +2.273736754e-13 -1.000000000e+03 -1.000000000e+03 -2.8482e+00 +1.1766e+00 +1.5240e+00
985 +1.136868377e-13 +1.136868377e-13 -1.000000000e+03 -1.000000000e+03 -2.8482e+00 +1.1766e+00 +1.5240e+00
995 +0.000000000e+00 +0.000000000e+00 -1.000000000e+03 -1.000000000e+03 -2.8482e+00 +1.1766e+00 +1.5240e+00
% function evaluation | noise-free fitness - Fopt (9.862000000000e+01) | best noise-free fitness - Fopt | measured fitness | best measured fitness | x1 | x2...
1 +4.933228852e+02 +4.933228852e+02 +5.919428852e+02 +5.919428852e+02 -1.5061e+00 -3.9433e+00 +3.5293e+00
9 +3.969835689e+02 +3.969835689e+02 +4.956035689e+02 +4.956035689e+02 -1.4969e+00 -1.6719e+00 +3.6247e+00
13 +1.728833231e+02 +1.728833231e+02 +2.715033231e+02 +2.715033231e+02 -1.2771e+00 -1.9695e+00 +2.7838e+00
17 +4.235182077e+00 +4.235182077e+00 +1.028551821e+02 +1.028551821e+02 -8.8769e-01 -1.1372e+00 +2.5832e+00
37 +1.715756132e+00 +1.715756132e+00 +1.003357561e+02 +1.003357561e+02 -7.4893e-01 -9.9532e-01 +2.8973e+00
140 +6.203959646e-01 +6.203959646e-01 +9.924039596e+01 +9.924039596e+01 -9.4648e-01 -1.4756e+00 +1.9221e+00
161 +3.383967982e-01 +3.383967982e-01 +9.895839680e+01 +9.895839680e+01 -1.0275e+00 -1.5311e+00 +1.7890e+00
164 +1.611085258e-01 +1.611085258e-01 +9.878110853e+01 +9.878110853e+01 -9.6895e-01 -1.4381e+00 +1.9282e+00
212 +1.477223678e-01 +1.477223678e-01 +9.876772237e+01 +9.876772237e+01 -9.7506e-01 -1.4679e+00 +1.9157e+00
231 +9.469279646e-02 +9.469279646e-02 +9.871469280e+01 +9.871469280e+01 -9.5083e-01 -1.4177e+00 +1.9749e+00
292 +4.812318849e-02 +4.812318849e-02 +9.866812319e+01 +9.866812319e+01 -8.9205e-01 -1.3230e+00 +2.1205e+00
379 +3.964662732e-02 +3.964662732e-02 +9.865964663e+01 +9.865964663e+01 -8.9407e-01 -1.3214e+00 +2.1260e+00
404 +2.501170923e-02 +2.501170923e-02 +9.864501171e+01 +9.864501171e+01 -8.6987e-01 -1.2759e+00 +2.1986e+00
416 +6.478610703e-03 +6.478610703e-03 +9.862647861e+01 +9.862647861e+01 -8.3738e-01 -1.2130e+00 +2.3211e+00
475 +5.786038037e-03 +5.786038037e-03 +9.862578604e+01 +9.862578604e+01 -8.1420e-01 -1.1697e+00 +2.4071e+00
489 +3.214137717e-03 +3.214137717e-03 +9.862321414e+01 +9.862321414e+01 -8.0189e-01 -1.1426e+00 +2.4493e+00
500 +1.931575760e-03 +1.931575760e-03 +9.862193158e+01 +9.862193158e+01 -8.1299e-01 -1.1650e+00 +2.4139e+00
508 +1.344731156e-03 +1.344731156e-03 +9.862134473e+01 +9.862134473e+01 -8.1033e-01 -1.1545e+00 +2.4314e+00
510 +8.112269110e-04 +8.112269110e-04 +9.862081123e+01 +9.862081123e+01 -8.0580e-01 -1.1481e+00 +2.4412e+00
516 +5.953342949e-04 +5.953342949e-04 +9.862059533e+01 +9.862059533e+01 -8.0387e-01 -1.1474e+00 +2.4443e+00
550 +3.037955854e-04 +3.037955854e-04 +9.862030380e+01 +9.862030380e+01 -8.1066e-01 -1.1575e+00 +2.4246e+00
555 +9.233830831e-05 +9.233830831e-05 +9.862009234e+01 +9.862009234e+01 -8.0514e-01 -1.1484e+00 +2.4426e+00
572 +5.673736956e-05 +5.673736956e-05 +9.862005674e+01 +9.862005674e+01 -8.0626e-01 -1.1502e+00 +2.4403e+00
586 +1.828233164e-05 +1.828233164e-05 +9.862001828e+01 +9.862001828e+01 -8.0685e-01 -1.1509e+00 +2.4383e+00
590 +1.177800102e-05 +1.177800102e-05 +9.862001178e+01 +9.862001178e+01 -8.0526e-01 -1.1482e+00 +2.4434e+00
608 +4.609451494e-06 +4.609451494e-06 +9.862000461e+01 +9.862000461e+01 -8.0487e-01 -1.1473e+00 +2.4456e+00
622 +1.562666242e-06 +1.562666242e-06 +9.862000156e+01 +9.862000156e+01 -8.0538e-01 -1.1482e+00 +2.4437e+00
628 +4.721594280e-07 +4.721594280e-07 +9.862000047e+01 +9.862000047e+01 -8.0538e-01 -1.1482e+00 +2.4437e+00
674 +2.092003655e-07 +2.092003655e-07 +9.862000021e+01 +9.862000021e+01 -8.0500e-01 -1.1474e+00 +2.4452e+00
690 +9.432181969e-08 +9.432181969e-08 +9.862000009e+01 +9.862000009e+01 -8.0523e-01 -1.1479e+00 +2.4442e+00
719 +2.226215656e-09 +2.226215656e-09 +9.862000000e+01 +9.862000000e+01 -8.0522e-01 -1.1478e+00 +2.4443e+00
824 +5.992433216e-10 +5.992433216e-10 +9.862000000e+01 +9.862000000e+01 -8.0521e-01 -1.1478e+00 +2.4444e+00
837 +1.685123152e-10 +1.685123152e-10 +9.862000000e+01 +9.862000000e+01 -8.0520e-01 -1.1478e+00 +2.4444e+00
857 +1.463718036e-10 +1.463718036e-10 +9.862000000e+01 +9.862000000e+01 -8.0521e-01 -1.1478e+00 +2.4444e+00
873 +6.517097972e-11 +6.517097972e-11 +9.862000000e+01 +9.862000000e+01 -8.0520e-01 -1.1478e+00 +2.4444e+00
886 +2.864908311e-11 +2.864908311e-11 +9.862000000e+01 +9.862000000e+01 -8.0520e-01 -1.1478e+00 +2.4444e+00
913 +1.190869625e-11 +1.190869625e-11 +9.862000000e+01 +9.862000000e+01 -8.0520e-01 -1.1478e+00 +2.4444e+00
926 +5.385913937e-12 +5.385913937e-12 +9.862000000e+01 +9.862000000e+01 -8.0520e-01 -1.1478e+00 +2.4444e+00
939 +1.634248292e-12 +1.634248292e-12 +9.862000000e+01 +9.862000000e+01 -8.0520e-01 -1.1478e+00 +2.4444e+00
948 +2.131628207e-13 +2.131628207e-13 +9.862000000e+01 +9.862000000e+01 -8.0520e-01 -1.1478e+00 +2.4444e+00
995 +8.526512829e-14 +8.526512829e-14 +9.862000000e+01 +9.862000000e+01 -8.0520e-01 -1.1478e+00 +2.4444e+00
1007 +2.842170943e-14 +2.842170943e-14 +9.862000000e+01 +9.862000000e+01 -8.0520e-01 -1.1478e+00 +2.4444e+00
1041 +1.421085472e-14 +1.421085472e-14 +9.862000000e+01 +9.862000000e+01 -8.0520e-01 -1.1478e+00 +2.4444e+00
1064 +0.000000000e+00 +0.000000000e+00 +9.862000000e+01 +9.862000000e+01 -8.0520e-01 -1.1478e+00 +2.4444e+00
% function evaluation | noise-free fitness - Fopt (-4.715000000000e+01) | best noise-free fitness - Fopt | measured fitness | best measured fitness | x1 | x2...
1 +2.085497285e+04 +2.085497285e+04 +2.080782285e+04 +2.080782285e+04 +1.7878e+00 +1.8325e+00 -2.0737e+00
2 +1.516279844e+04 +1.516279844e+04 +1.511564844e+04 +1.511564844e+04 +4.8645e-01 +1.4000e+00 -4.2513e+00
8 +8.637417899e+03 +8.637417899e+03 +8.590267899e+03 +8.590267899e+03 +1.9145e+00 -4.7269e-01 -1.7041e+00
12 +4.964568113e+03 +4.964568113e+03 +4.917418113e+03 +4.917418113e+03 +7.5124e-01 +9.3720e-01 -1.5489e+00
14 +4.826072798e+02 +4.826072798e+02 +4.354572798e+02 +4.354572798e+02 -2.2523e+00 -1.4889e+00 -4.2097e+00
31 +1.225980004e+02 +1.225980004e+02 +7.544800036e+01 +7.544800036e+01 -2.1747e-01 -1.6598e+00 -2.2816e+00
39 +1.997126018e+01 +1.997126018e+01 -2.717873982e+01 -2.717873982e+01 -1.3975e+00 -1.5552e+00 -2.4791e+00
55 +4.866910329e+00 +4.866910329e+00 -4.228308967e+01 -4.228308967e+01 -6.3127e-01 -1.3808e+00 -2.2094e+00
80 +3.489587731e+00 +3.489587731e+00 -4.366041227e+01 -4.366041227e+01 -7.9318e-01 -1.6356e+00 -2.0568e+00
130 +1.899425094e+00 +1.899425094e+00 -4.525057491e+01 -4.525057491e+01 -1.0724e+00 -1.6690e+00 -2.1283e+00
144 +1.578727944e+00 +1.578727944e+00 -4.557127206e+01 -4.557127206e+01 -1.0291e+00 -1.6835e+00 -2.2221e+00
214 +9.166668830e-01 +9.166668830e-01 -4.623333312e+01 -4.623333312e+01 -8.7005e-01 -1.5769e+00 -2.1462e+00
327 +6.029306363e-01 +6.029306363e-01 -4.654706936e+01 -4.654706936e+01 -7.3952e-01 -1.4578e+00 -2.0714e+00
395 +3.880430173e-01 +3.880430173e-01 -4.676195698e+01 -4.676195698e+01 -6.3848e-01 -1.3321e+00 -1.9701e+00
412 +1.981149799e-01 +1.981149799e-01 -4.695188502e+01 -4.695188502e+01 -5.3679e-01 -1.1534e+00 -1.7644e+00
451 +1.431834308e-01 +1.431834308e-01 -4.700681657e+01 -4.700681657e+01 -4.7549e-01 -1.0448e+00 -1.6170e+00
475 +9.653666127e-02 +9.653666127e-02 -4.705346334e+01 -4.705346334e+01 -4.6467e-01 -1.0380e+00 -1.5975e+00
500 +5.992939325e-02 +5.992939325e-02 -4.709007061e+01 -4.709007061e+01 -4.4559e-01 -1.0160e+00 -1.5719e+00
551 +3.269609122e-02 +3.269609122e-02 -4.711730391e+01 -4.711730391e+01 -4.0969e-01 -9.5660e-01 -1.4767e+00
582 +1.878502065e-02 +1.878502065e-02 -4.713121498e+01 -4.713121498e+01 -3.7815e-01 -8.9949e-01 -1.3801e+00
590 +1.305699792e-02 +1.305699792e-02 -4.713694300e+01 -4.713694300e+01 -3.6722e-01 -8.7721e-01 -1.3398e+00
612 +9.847935923e-03 +9.847935923e-03 -4.714015206e+01 -4.714015206e+01 -3.6611e-01 -8.6574e-01 -1.3078e+00
628 +2.085757332e-03 +2.085757332e-03 -4.714791424e+01 -4.714791424e+01 -3.4679e-01 -8.3230e-01 -1.2512e+00
633 +1.296957712e-03 +1.296957712e-03 -4.714870304e+01 -4.714870304e+01 -3.4671e-01 -8.3299e-01 -1.2501e+00
682 +6.043933057e-04 +6.043933057e-04 -4.714939561e+01 -4.714939561e+01 -3.3130e-01 -8.0367e-01 -1.1942e+00
685 +3.214270186e-04 +3.214270186e-04 -4.714967857e+01 -4.714967857e+01 -3.3337e-01 -8.0724e-01 -1.1977e+00
709 +2.066465188e-04 +2.066465188e-04 -4.714979335e+01 -4.714979335e+01 -3.3436e-01 -8.0728e-01 -1.1991e+00
749 +6.540600179e-05 +6.540600179e-05 -4.714993459e+01 -4.714993459e+01 -3.2763e-01 -7.9465e-01 -1.1741e+00
755 +6.180386390e-05 +6.180386390e-05 -4.714993820e+01 -4.714993820e+01 -3.2751e-01 -7.9522e-01 -1.1754e+00
779 +3.976591562e-05 +3.976591562e-05 -4.714996023e+01 -4.714996023e+01 -3.3007e-01 -7.9984e-01 -1.1839e+00
785 +1.417687261e-05 +1.417687261e-05 -4.714998582e+01 -4.714998582e+01 -3.2965e-01 -7.9943e-01 -1.1837e+00
813 +7.185254148e-06 +7.185254148e-06 -4.714999281e+01 -4.714999281e+01 -3.3031e-01 -8.0041e-01 -1.1854e+00
830 +6.237888364e-06 +6.237888364e-06 -4.714999376e+01 -4.714999376e+01 -3.2995e-01 -7.9986e-01 -1.1847e+00
837 +3.685428126e-06 +3.685428126e-06 -4.714999631e+01 -4.714999631e+01 -3.2981e-01 -7.9946e-01 -1.1838e+00
852 +1.722077947e-06 +1.722077947e-06 -4.714999828e+01 -4.714999828e+01 -3.3075e-01 -8.0135e-01 -1.1876e+00
865 +5.785955324e-07 +5.785955324e-07 -4.714999942e+01 -4.714999942e+01 -3.3070e-01 -8.0122e-01 -1.1872e+00
886 +2.453679855e-07 +2.453679855e-07 -4.714999975e+01 -4.714999975e+01 -3.3041e-01 -8.0061e-01 -1.1860e+00
901 +1.382365156e-07 +1.382365156e-07 -4.714999986e+01 -4.714999986e+01 -3.3075e-01 -8.0129e-01 -1.1874e+00
904 +4.470183512e-08 +4.470183512e-08 -4.714999996e+01 -4.714999996e+01 -3.3068e-01 -8.0115e-01 -1.1871e+00
926 +6.835740862e-09 +6.835740862e-09 -4.714999999e+01 -4.714999999e+01 -3.3063e-01 -8.0105e-01 -1.1869e+00
939 +2.984144487e-09 +2.984144487e-09 -4.715000000e+01 -4.715000000e+01 -3.3059e-01 -8.0098e-01 -1.1868e+00
966 +1.214736756e-09 +1.214736756e-09 -4.715000000e+01 -4.715000000e+01 -3.3061e-01 -8.0103e-01 -1.1869e+00
995 +6.424301091e-10 +6.424301091e-10 -4.715000000e+01 -4.715000000e+01 -3.3060e-01 -8.0101e-01 -1.1868e+00
996 +2.132480859e-10 +2.132480859e-10 -4.715000000e+01 -4.715000000e+01 -3.3060e-01 -8.0100e-01 -1.1868e+00
1037 +1.346336376e-10 +1.346336376e-10 -4.715000000e+01 -4.715000000e+01 -3.3060e-01 -8.0099e-01 -1.1868e+00
1041 +7.350564601e-11 +7.350564601e-11 -4.715000000e+01 -4.715000000e+01 -3.3060e-01 -8.0100e-01 -1.1868e+00
1052 +5.525890856e-11 +5.525890856e-11 -4.715000000e+01 -4.715000000e+01 -3.3060e-01 -8.0100e-01 -1.1868e+00
1064 +2.857802883e-11 +2.857802883e-11 -4.715000000e+01 -4.715000000e+01 -3.3060e-01 -8.0100e-01 -1.1868e+00
1074 +4.867217740e-12 +4.867217740e-12 -4.715000000e+01 -4.715000000e+01 -3.3060e-01 -8.0100e-01 -1.1868e+00
1111 +1.641353720e-12 +1.641353720e-12 -4.715000000e+01 -4.715000000e+01 -3.3060e-01 -8.0100e-01 -1.1868e+00
1120 +1.136868377e-12 +1.136868377e-12 -4.715000000e+01 -4.715000000e+01 -3.3060e-01 -8.0100e-01 -1.1868e+00
1126 +3.979039320e-13 +3.979039320e-13 -4.715000000e+01 -4.715000000e+01 -3.3060e-01 -8.0100e-01 -1.1868e+00
1155 +1.207922651e-13 +1.207922651e-13 -4.715000000e+01 -4.715000000e+01 -3.3060e-01 -8.0100e-01 -1.1868e+00
1161 +5.684341886e-14 +5.684341886e-14 -4.715000000e+01 -4.715000000e+01 -3.3060e-01 -8.0100e-01 -1.1868e+00
1199 +2.842170943e-14 +2.842170943e-14 -4.715000000e+01 -4.715000000e+01 -3.3060e-01 -8.0100e-01 -1.1868e+00
1208 +0.000000000e+00 +0.000000000e+00 -4.715000000e+01 -4.715000000e+01 -3.3060e-01 -8.0100e-01 -1.1868e+00
% function evaluation | noise-free fitness - Fopt (3.752000000000e+01) | best noise-free fitness - Fopt | measured fitness | best measured fitness | x1 | x2...
1 +1.086294480e+05 +1.086294480e+05 +1.086669680e+05 +1.086669680e+05 +3.7210e+00 +2.8310e+00 +2.5938e+00
2 +9.381044589e+04 +9.381044589e+04 +9.384796589e+04 +9.384796589e+04 +2.4196e+00 +2.3985e+00 +4.1623e-01
8 +1.286178308e+04 +1.286178308e+04 +1.289930308e+04 +1.289930308e+04 +3.8476e+00 +5.2576e-01 +2.9634e+00
14 +5.823239417e+03 +5.823239417e+03 +5.860759417e+03 +5.860759417e+03 -3.1910e-01 -4.9049e-01 +4.5785e-01
18 +2.105365526e+02 +2.105365526e+02 +2.480565526e+02 +2.480565526e+02 +1.5501e+00 -2.0940e+00 +3.8189e+00
25 +1.817767839e+01 +1.817767839e+01 +5.569767839e+01 +5.569767839e+01 +1.6298e+00 -2.5362e+00 +2.0690e+00
98 +1.296816094e+01 +1.296816094e+01 +5.048816094e+01 +5.048816094e+01 +1.2453e+00 -2.7689e+00 +1.6401e+00
112 +3.405092728e+00 +3.405092728e+00 +4.092509273e+01 +4.092509273e+01 +1.0664e+00 -2.7522e+00 +2.0229e+00
324 +2.412320948e+00 +2.412320948e+00 +3.993232095e+01 +3.993232095e+01 +1.2532e+00 -2.9025e+00 +1.8993e+00
488 +1.530438929e+00 +1.530438929e+00 +3.905043893e+01 +3.905043893e+01 +1.7205e+00 -2.9264e+00 +1.9093e+00
587 +9.985493548e-01 +9.985493548e-01 +3.851854935e+01 +3.851854935e+01 +1.9413e+00 -2.7752e+00 +1.9540e+00
643 +5.884920345e-01 +5.884920345e-01 +3.810849203e+01 +3.810849203e+01 +2.1049e+00 -2.6077e+00 +2.0346e+00
801 +3.563970875e-01 +3.563970875e-01 +3.787639709e+01 +3.787639709e+01 +2.1982e+00 -2.4785e+00 +2.1374e+00
833 +2.483653393e-01 +2.483653393e-01 +3.776836534e+01 +3.776836534e+01 +2.2440e+00 -2.3934e+00 +2.2232e+00
942 +1.536685175e-01 +1.536685175e-01 +3.767366852e+01 +3.767366852e+01 +2.3038e+00 -2.3109e+00 +2.3276e+00
983 +9.050283760e-02 +9.050283760e-02 +3.761050284e+01 +3.761050284e+01 +2.3476e+00 -2.2341e+00 +2.4375e+00
1008 +5.960894888e-02 +5.960894888e-02 +3.757960895e+01 +3.757960895e+01 +2.3772e+00 -2.1807e+00 +2.5230e+00
1034 +2.608508578e-02 +2.608508578e-02 +3.754608509e+01 +3.754608509e+01 +2.4229e+00 -2.1043e+00 +2.6427e+00
1057 +2.017600752e-02 +2.017600752e-02 +3.754017601e+01 +3.754017601e+01 +2.4346e+00 -2.0821e+00 +2.6796e+00
1059 +8.174664659e-03 +8.174664659e-03 +3.752817466e+01 +3.752817466e+01 +2.4549e+00 -2.0403e+00 +2.7559e+00
1072 +6.158116790e-03 +6.158116790e-03 +3.752615812e+01 +3.752615812e+01 +2.4630e+00 -2.0257e+00 +2.7903e+00
1079 +2.077637715e-03 +2.077637715e-03 +3.752207764e+01 +3.752207764e+01 +2.4881e+00 -1.9728e+00 +2.8942e+00
1164 +1.418542175e-03 +1.418542175e-03 +3.752141854e+01 +3.752141854e+01 +2.4745e+00 -2.0011e+00 +2.8345e+00
1212 +9.236349596e-04 +9.236349596e-04 +3.752092363e+01 +3.752092363e+01 +2.4787e+00 -1.9929e+00 +2.8490e+00
1235 +2.859833091e-04 +2.859833091e-04 +3.752028598e+01 +3.752028598e+01 +2.4832e+00 -1.9824e+00 +2.8714e+00
1253 +2.346276853e-04 +2.346276853e-04 +3.752023463e+01 +3.752023463e+01 +2.4836e+00 -1.9821e+00 +2.8716e+00
1257 +1.095200979e-04 +1.095200979e-04 +3.752010952e+01 +3.752010952e+01 +2.4862e+00 -1.9762e+00 +2.8831e+00
1263 +5.524421025e-05 +5.524421025e-05 +3.752005524e+01 +3.752005524e+01 +2.4883e+00 -1.9725e+00 +2.8896e+00
1290 +1.425739183e-05 +1.425739183e-05 +3.752001426e+01 +3.752001426e+01 +2.4905e+00 -1.9680e+00 +2.8995e+00
1312 +5.385521384e-06 +5.385521384e-06 +3.752000539e+01 +3.752000539e+01 +2.4909e+00 -1.9673e+00 +2.9005e+00
1365 +2.166798389e-06 +2.166798389e-06 +3.752000217e+01 +3.752000217e+01 +2.4906e+00 -1.9679e+00 +2.8993e+00
1375 +1.383448833e-06 +1.383448833e-06 +3.752000138e+01 +3.752000138e+01 +2.4897e+00 -1.9697e+00 +2.8960e+00
1394 +3.666744206e-07 +3.666744206e-07 +3.752000037e+01 +3.752000037e+01 +2.4901e+00 -1.9689e+00 +2.8974e+00
1447 +3.480956678e-08 +3.480956678e-08 +3.752000003e+01 +3.752000003e+01 +2.4900e+00 -1.9691e+00 +2.8969e+00
1495 +2.309887037e-08 +2.309887037e-08 +3.752000002e+01 +3.752000002e+01 +2.4900e+00 -1.9693e+00 +2.8967e+00
1501 +1.128234572e-08 +1.128234572e-08 +3.752000001e+01 +3.752000001e+01 +2.4900e+00 -1.9692e+00 +2.8967e+00
1534 +2.893109752e-09 +2.893109752e-09 +3.752000000e+01 +3.752000000e+01 +2.4900e+00 -1.9692e+00 +2.8968e+00
1546 +2.503874441e-09 +2.503874441e-09 +3.752000000e+01 +3.752000000e+01 +2.4900e+00 -1.9692e+00 +2.8969e+00
1586 +1.268247729e-09 +1.268247729e-09 +3.752000000e+01 +3.752000000e+01 +2.4900e+00 -1.9692e+00 +2.8968e+00
1620 +9.199538908e-10 +9.199538908e-10 +3.752000000e+01 +3.752000000e+01 +2.4900e+00 -1.9692e+00 +2.8968e+00
1622 +5.678089110e-10 +5.678089110e-10 +3.752000000e+01 +3.752000000e+01 +2.4900e+00 -1.9692e+00 +2.8968e+00
1631 +2.415205813e-10 +2.415205813e-10 +3.752000000e+01 +3.752000000e+01 +2.4900e+00 -1.9692e+00 +2.8968e+00
1635 +2.074784788e-11 +2.074784788e-11 +3.752000000e+01 +3.752000000e+01 +2.4900e+00 -1.9692e+00 +2.8968e+00
1679 +5.961453553e-12 +5.961453553e-12 +3.752000000e+01 +3.752000000e+01 +2.4900e+00 -1.9692e+00 +2.8968e+00
1725 +2.330580173e-12 +2.330580173e-12 +3.752000000e+01 +3.752000000e+01 +2.4900e+00 -1.9692e+00 +2.8968e+00
1727 +1.158184659e-12 +1.158184659e-12 +3.752000000e+01 +3.752000000e+01 +2.4900e+00 -1.9692e+00 +2.8968e+00
1764 +2.486899575e-13 +2.486899575e-13 +3.752000000e+01 +3.752000000e+01 +2.4900e+00 -1.9692e+00 +2.8968e+00
1775 +1.136868377e-13 +1.136868377e-13 +3.752000000e+01 +3.752000000e+01 +2.4900e+00 -1.9692e+00 +2.8968e+00
1782 +7.105427358e-14 +7.105427358e-14 +3.752000000e+01 +3.752000000e+01 +2.4900e+00 -1.9692e+00 +2.8968e+00
1811 +7.105427358e-15 +7.105427358e-15 +3.752000000e+01 +3.752000000e+01 +2.4900e+00 -1.9692e+00 +2.8968e+00
1849 +0.000000000e+00 +0.000000000e+00 +3.752000000e+01 +3.752000000e+01 +2.4900e+00 -1.9692e+00 +2.8968e+00
% function evaluation | noise-free fitness - Fopt (-4.257500000000e+02) | best noise-free fitness - Fopt | measured fitness | best measured fitness | x1 | x2...
1 +6.277549719e+04 +6.277549719e+04 +6.234974719e+04 +6.234974719e+04 -1.4492e+00 -3.2613e+00 -6.0218e-01
3 +3.913202076e+04 +3.913202076e+04 +3.870627076e+04 +3.870627076e+04 -3.5911e+00 -2.6959e+00 -5.3726e-01
4 +1.720404615e+04 +1.720404615e+04 +1.677829615e+04 +1.677829615e+04 -5.6020e-01 -2.1228e+00 +2.3230e+00
9 +4.768339991e+03 +4.768339991e+03 +4.342589991e+03 +4.342589991e+03 -3.5104e-01 -6.3147e-01 +1.0659e+00
15 +2.165436594e+03 +2.165436594e+03 +1.739686594e+03 +1.739686594e+03 -1.0487e+00 +2.4729e+00 +2.2010e+00
17 +1.316041263e+03 +1.316041263e+03 +8.902912631e+02 +8.902912631e+02 -1.3740e+00 -4.0372e-01 +8.2359e-01
24 +6.125785550e+02 +6.125785550e+02 +1.868285550e+02 +1.868285550e+02 -2.5607e+00 -5.1350e-01 +3.0448e+00
25 +3.895698838e+02 +3.895698838e+02 -3.618011623e+01 -3.618011623e+01 -2.5143e+00 +3.3048e-01 +8.5367e-01
62 +2.434807845e+01 +2.434807845e+01 -4.014019216e+02 -4.014019216e+02 -3.8411e+00 +4.4164e+00 +3.4323e+00
144 +1.160137163e+01 +1.160137163e+01 -4.141486284e+02 -4.141486284e+02 -3.5364e+00 +3.5958e+00 +2.4410e-01
160 +6.857150851e+00 +6.857150851e+00 -4.188928491e+02 -4.188928491e+02 -3.6827e+00 +3.6476e+00 +4.0228e-01
453 +6.133306528e+00 +6.133306528e+00 -4.196166935e+02 -4.196166935e+02 -3.6434e+00 +3.6156e+00 +2.8030e-01
726 +3.948400058e+00 +3.948400058e+00 -4.218015999e+02 -4.218015999e+02 -3.3058e+00 +2.8517e+00 -1.7309e+00
1025 +2.418095140e+00 +2.418095140e+00 -4.233319049e+02 -4.233319049e+02 -2.5419e+00 +1.9167e+00 -2.6875e+00
1375 +1.584376325e+00 +1.584376325e+00 -4.241656237e+02 -4.241656237e+02 -2.1142e+00 +1.9099e+00 -2.6823e+00
1459 +9.332208575e-01 +9.332208575e-01 -4.248167791e+02 -4.248167791e+02 -1.8513e+00 +2.0967e+00 -2.6603e+00
1542 +5.701496024e-01 +5.701496024e-01 -4.251798504e+02 -4.251798504e+02 -1.7260e+00 +2.2483e+00 -2.5499e+00
1581 +3.068055428e-01 +3.068055428e-01 -4.254431945e+02 -4.254431945e+02 -1.5980e+00 +2.4016e+00 -2.4135e+00
1633 +2.445780912e-01 +2.445780912e-01 -4.255054219e+02 -4.255054219e+02 -1.5677e+00 +2.4562e+00 -2.3623e+00
1765 +1.535591987e-01 +1.535591987e-01 -4.255964408e+02 -4.255964408e+02 -1.5023e+00 +2.5503e+00 -2.2480e+00
1888 +9.885732807e-02 +9.885732807e-02 -4.256511427e+02 -4.256511427e+02 -1.4574e+00 +2.6395e+00 -2.1235e+00
1914 +6.026933697e-02 +6.026933697e-02 -4.256897307e+02 -4.256897307e+02 -1.4285e+00 +2.6873e+00 -2.0454e+00
1969 +3.636244509e-02 +3.636244509e-02 -4.257136376e+02 -4.257136376e+02 -1.4031e+00 +2.7382e+00 -1.9544e+00
2004 +1.602955528e-02 +1.602955528e-02 -4.257339704e+02 -4.257339704e+02 -1.3720e+00 +2.7915e+00 -1.8625e+00
2005 +1.274494938e-02 +1.274494938e-02 -4.257372551e+02 -4.257372551e+02 -1.3742e+00 +2.7867e+00 -1.8666e+00
2017 +8.768232463e-03 +8.768232463e-03 -4.257412318e+02 -4.257412318e+02 -1.3666e+00 +2.7994e+00 -1.8432e+00
2055 +5.960834789e-03 +5.960834789e-03 -4.257440392e+02 -4.257440392e+02 -1.3563e+00 +2.8181e+00 -1.8101e+00
2069 +1.963467358e-03 +1.963467358e-03 -4.257480365e+02 -4.257480365e+02 -1.3415e+00 +2.8452e+00 -1.7570e+00
2076 +1.457213529e-03 +1.457213529e-03 -4.257485428e+02 -4.257485428e+02 -1.3351e+00 +2.8616e+00 -1.7247e+00
2105 +6.144850552e-04 +6.144850552e-04 -4.257493855e+02 -4.257493855e+02 -1.3265e+00 +2.8754e+00 -1.6982e+00
2162 +2.682622956e-04 +2.682622956e-04 -4.257497317e+02 -4.257497317e+02 -1.3309e+00 +2.8678e+00 -1.7101e+00
2179 +1.648270887e-04 +1.648270887e-04 -4.257498352e+02 -4.257498352e+02 -1.3303e+00 +2.8681e+00 -1.7103e+00
2196 +1.140408121e-04 +1.140408121e-04 -4.257498860e+02 -4.257498860e+02 -1.3286e+00 +2.8725e+00 -1.7020e+00
2212 +4.274159357e-05 +4.274159357e-05 -4.257499573e+02 -4.257499573e+02 -1.3273e+00 +2.8743e+00 -1.6976e+00
2222 +2.506500613e-05 +2.506500613e-05 -4.257499749e+02 -4.257499749e+02 -1.3269e+00 +2.8752e+00 -1.6964e+00
2243 +3.421841541e-06 +3.421841541e-06 -4.257499966e+02 -4.257499966e+02 -1.3249e+00 +2.8791e+00 -1.6882e+00
2265 +2.001143798e-06 +2.001143798e-06 -4.257499980e+02 -4.257499980e+02 -1.3244e+00 +2.8802e+00 -1.6862e+00
2267 +3.236392558e-07 +3.236392558e-07 -4.257499997e+02 -4.257499997e+02 -1.3250e+00 +2.8790e+00 -1.6887e+00
2322 +2.445759719e-07 +2.445759719e-07 -4.257499998e+02 -4.257499998e+02 -1.3247e+00 +2.8796e+00 -1.6874e+00
2336 +1.069199129e-07 +1.069199129e-07 -4.257499999e+02 -4.257499999e+02 -1.3247e+00 +2.8796e+00 -1.6873e+00
2343 +8.874224022e-08 +8.874224022e-08 -4.257499999e+02 -4.257499999e+02 -1.3248e+00 +2.8794e+00 -1.6878e+00
2344 +2.566019930e-08 +2.566019930e-08 -4.257500000e+02 -4.257500000e+02 -1.3248e+00 +2.8793e+00 -1.6879e+00
2369 +2.306262559e-08 +2.306262559e-08 -4.257500000e+02 -4.257500000e+02 -1.3248e+00 +2.8795e+00 -1.6876e+00
2371 +1.317062015e-08 +1.317062015e-08 -4.257500000e+02 -4.257500000e+02 -1.3248e+00 +2.8795e+00 -1.6876e+00
2377 +4.887908744e-09 +4.887908744e-09 -4.257500000e+02 -4.257500000e+02 -1.3248e+00 +2.8794e+00 -1.6878e+00
2397 +3.405546067e-09 +3.405546067e-09 -4.257500000e+02 -4.257500000e+02 -1.3248e+00 +2.8794e+00 -1.6877e+00
2411 +2.489343842e-09 +2.489343842e-09 -4.257500000e+02 -4.257500000e+02 -1.3248e+00 +2.8794e+00 -1.6878e+00
2427 +1.022669949e-09 +1.022669949e-09 -4.257500000e+02 -4.257500000e+02 -1.3248e+00 +2.8794e+00 -1.6878e+00
2436 +1.675743988e-10 +1.675743988e-10 -4.257500000e+02 -4.257500000e+02 -1.3248e+00 +2.8794e+00 -1.6878e+00
2470 +1.308535502e-10 +1.308535502e-10 -4.257500000e+02 -4.257500000e+02 -1.3248e+00 +2.8794e+00 -1.6878e+00
2480 +3.871036824e-11 +3.871036824e-11 -4.257500000e+02 -4.257500000e+02 -1.3248e+00 +2.8794e+00 -1.6878e+00
2504 +1.222133506e-11 +1.222133506e-11 -4.257500000e+02 -4.257500000e+02 -1.3248e+00 +2.8794e+00 -1.6878e+00
2517 +7.730704965e-12 +7.730704965e-12 -4.257500000e+02 -4.257500000e+02 -1.3248e+00 +2.8794e+00 -1.6878e+00
2530 +3.581135388e-12 +3.581135388e-12 -4.257500000e+02 -4.257500000e+02 -1.3248e+00 +2.8794e+00 -1.6878e+00
2545 +9.663381206e-13 +9.663381206e-13 -4.257500000e+02 -4.257500000e+02 -1.3248e+00 +2.8794e+00 -1.6878e+00
2588 +5.115907697e-13 +5.115907697e-13 -4.257500000e+02 -4.257500000e+02 -1.3248e+00 +2.8794e+00 -1.6878e+00
2600 +1.136868377e-13 +1.136868377e-13 -4.257500000e+02 -4.257500000e+02 -1.3248e+00 +2.8794e+00 -1.6878e+00
2614 +5.684341886e-14 +5.684341886e-14 -4.257500000e+02 -4.257500000e+02 -1.3248e+00 +2.8794e+00 -1.6878e+00
2634 +0.000000000e+00 +0.000000000e+00 -4.257500000e+02 -4.257500000e+02 -1.3248e+00 +2.8794e+00 -1.6878e+00
% function evaluation | noise-free fitness - Fopt (-2.209000000000e+02) | best noise-free fitness - Fopt | measured fitness | best measured fitness | x1 | x2...
1 +4.717172475e+04 +4.717172475e+04 +4.695082475e+04 +4.695082475e+04 +3.7655e+00 +1.5573e+00 -2.0558e+00
2 +1.545009568e+04 +1.545009568e+04 +1.522919568e+04 +1.522919568e+04 +2.4641e+00 +1.1248e+00 -4.2334e+00
18 +3.270003180e+03 +3.270003180e+03 +3.049103180e+03 +3.049103180e+03 +1.6598e+00 +3.7146e-01 -3.6372e-01
26 +2.121926899e+03 +2.121926899e+03 +1.901026899e+03 +1.901026899e+03 +1.4463e+00 +4.3721e-01 +1.2621e+00
30 +1.246848298e+02 +1.246848298e+02 -9.621517025e+01 -9.621517025e+01 -1.4765e-01 -9.9595e-01 -1.5509e+00
33 +7.657348436e+01 +7.657348436e+01 -1.443265156e+02 -1.443265156e+02 -1.7549e+00 -2.2237e-02 -6.4362e-01
78 +6.385870777e+00 +6.385870777e+00 -2.145141292e+02 -2.145141292e+02 -3.2872e-01 -5.5167e-01 -2.2022e+00
109 +4.812357819e+00 +4.812357819e+00 -2.160876422e+02 -2.160876422e+02 -7.2430e-01 -1.0636e+00 -2.4168e+00
135 +3.533548117e+00 +3.533548117e+00 -2.173664519e+02 -2.173664519e+02 -1.3858e+00 -1.2676e+00 -2.6072e+00
160 +1.563030773e+00 +1.563030773e+00 -2.193369692e+02 -2.193369692e+02 -8.4213e-01 -1.2378e+00 -2.6370e+00
205 +8.539790379e-01 +8.539790379e-01 -2.200460210e+02 -2.200460210e+02 -3.0969e-01 -7.7583e-01 -2.2918e+00
217 +3.115093696e-01 +3.115093696e-01 -2.205884906e+02 -2.205884906e+02 -2.5663e-01 -6.1722e-01 -2.1710e+00
292 +8.237224553e-02 +8.237224553e-02 -2.208176278e+02 -2.208176278e+02 -1.8749e-01 -5.4180e-01 -2.0580e+00
396 +6.308144205e-02 +6.308144205e-02 -2.208369186e+02 -2.208369186e+02 -1.6920e-01 -5.0785e-01 -2.0124e+00
435 +2.470906411e-02 +2.470906411e-02 -2.208752909e+02 -2.208752909e+02 -1.2342e-01 -4.2946e-01 -1.8803e+00
455 +1.429562611e-02 +1.429562611e-02 -2.208857044e+02 -2.208857044e+02 -1.0643e-01 -3.9455e-01 -1.8169e+00
482 +8.973908792e-03 +8.973908792e-03 -2.208910261e+02 -2.208910261e+02 -8.4396e-02 -3.4687e-01 -1.7308e+00
516 +4.713553736e-03 +4.713553736e-03 -2.208952864e+02 -2.208952864e+02 -8.3147e-02 -3.5159e-01 -1.7396e+00
535 +3.779778041e-03 +3.779778041e-03 -2.208962202e+02 -2.208962202e+02 -7.6567e-02 -3.3571e-01 -1.7116e+00
551 +1.765195996e-03 +1.765195996e-03 -2.208982348e+02 -2.208982348e+02 -6.7014e-02 -3.2204e-01 -1.6842e+00
572 +1.372607468e-03 +1.372607468e-03 -2.208986274e+02 -2.208986274e+02 -6.6786e-02 -3.1911e-01 -1.6760e+00
580 +9.455401233e-04 +9.455401233e-04 -2.208990545e+02 -2.208990545e+02 -5.8295e-02 -3.0440e-01 -1.6509e+00
591 +3.777268362e-04 +3.777268362e-04 -2.208996223e+02 -2.208996223e+02 -4.8616e-02 -2.8449e-01 -1.6106e+00
622 +1.306893909e-04 +1.306893909e-04 -2.208998693e+02 -2.208998693e+02 -5.4573e-02 -2.9444e-01 -1.6285e+00
628 +1.680544784e-06 +1.680544784e-06 -2.208999983e+02 -2.208999983e+02 -5.1683e-02 -2.8942e-01 -1.6193e+00
727 +1.365586257e-06 +1.365586257e-06 -2.208999986e+02 -2.208999986e+02 -5.2667e-02 -2.9136e-01 -1.6232e+00
757 +5.109630195e-07 +5.109630195e-07 -2.208999995e+02 -2.208999995e+02 -5.2130e-02 -2.9028e-01 -1.6209e+00
762 +3.839004989e-07 +3.839004989e-07 -2.208999996e+02 -2.208999996e+02 -5.2186e-02 -2.9035e-01 -1.6211e+00
765 +2.054972015e-08 +2.054972015e-08 -2.209000000e+02 -2.209000000e+02 -5.2237e-02 -2.9047e-01 -1.6213e+00
829 +2.651916020e-09 +2.651916020e-09 -2.209000000e+02 -2.209000000e+02 -5.2180e-02 -2.9036e-01 -1.6211e+00
857 +5.973390671e-10 +5.973390671e-10 -2.209000000e+02 -2.209000000e+02 -5.2210e-02 -2.9042e-01 -1.6212e+00
915 +2.202398264e-10 +2.202398264e-10 -2.209000000e+02 -2.209000000e+02 -5.2200e-02 -2.9040e-01 -1.6212e+00
939 +1.499529390e-10 +1.499529390e-10 -2.209000000e+02 -2.209000000e+02 -5.2198e-02 -2.9039e-01 -1.6212e+00
943 +6.679101716e-11 +6.679101716e-11 -2.209000000e+02 -2.209000000e+02 -5.2199e-02 -2.9040e-01 -1.6212e+00
948 +1.466560207e-11 +1.466560207e-11 -2.209000000e+02 -2.209000000e+02 -5.2200e-02 -2.9040e-01 -1.6212e+00
995 +4.121147867e-12 +4.121147867e-12 -2.209000000e+02 -2.209000000e+02 -5.2201e-02 -2.9040e-01 -1.6212e+00
1007 +2.302158464e-12 +2.302158464e-12 -2.209000000e+02 -2.209000000e+02 -5.2199e-02 -2.9040e-01 -1.6212e+00
1041 +8.526512829e-13 +8.526512829e-13 -2.209000000e+02 -2.209000000e+02 -5.2200e-02 -2.9040e-01 -1.6212e+00
1044 +1.421085472e-13 +1.421085472e-13 -2.209000000e+02 -2.209000000e+02 -5.2200e-02 -2.9040e-01 -1.6212e+00
1075 +5.684341886e-14 +5.684341886e-14 -2.209000000e+02 -2.209000000e+02 -5.2200e-02 -2.9040e-01 -1.6212e+00
1088 +2.842170943e-14 +2.842170943e-14 -2.209000000e+02 -2.209000000e+02 -5.2200e-02 -2.9040e-01 -1.6212e+00
1126 +0.000000000e+00 +0.000000000e+00 -2.209000000e+02 -2.209000000e+02 -5.2200e-02 -2.9040e-01 -1.6212e+00
% function evaluation | noise-free fitness - Fopt (-3.594800000000e+02) | best noise-free fitness - Fopt | measured fitness | best measured fitness | x1 | x2...
1 +3.075413871e+05 +3.075413871e+05 +3.071819071e+05 +3.071819071e+05 +3.6830e+00 -9.1199e-02 +8.5787e-01
2 +1.464570743e+05 +1.464570743e+05 +1.460975943e+05 +1.460975943e+05 +2.3816e+00 -5.2370e-01 -1.3197e+00
3 +9.167217829e+04 +9.167217829e+04 +9.131269829e+04 +9.131269829e+04 +1.5411e+00 +4.7422e-01 +9.2279e-01
20 +6.281985493e+04 +6.281985493e+04 +6.246037493e+04 +6.246037493e+04 +1.1770e+00 -1.3656e-01 +1.3831e+00
26 +3.919708895e+04 +3.919708895e+04 +3.883760895e+04 +3.883760895e+04 +5.5321e-01 +2.3405e-01 +3.6567e+00
34 +1.773598049e+04 +1.773598049e+04 +1.737650049e+04 +1.737650049e+04 -3.6889e-01 +2.4132e-01 +5.1502e+00
35 +1.100852353e+04 +1.100852353e+04 +1.064904353e+04 +1.064904353e+04 -7.6025e-01 -8.2181e-01 +7.8109e-01
38 +8.948248859e+03 +8.948248859e+03 +8.588768859e+03 +8.588768859e+03 -1.3364e+00 -1.0450e+00 -1.2402e+00
44 +3.815521308e+03 +3.815521308e+03 +3.456041308e+03 +3.456041308e+03 -2.0245e+00 -9.7424e-01 +1.5171e+00
49 +1.386187626e+03 +1.386187626e+03 +1.026707626e+03 +1.026707626e+03 -1.8988e+00 -1.2043e+00 +3.2202e+00
51 +8.256967553e+02 +8.256967553e+02 +4.662167553e+02 +4.662167553e+02 -1.9114e+00 -2.0659e+00 +4.6500e+00
53 +6.100454216e+02 +6.100454216e+02 +2.505654216e+02 +2.505654216e+02 -2.4946e+00 -3.3347e+00 +3.0073e+00
68 +3.233681175e+02 +3.233681175e+02 -3.611188253e+01 -3.611188253e+01 -5.2022e+00 -3.4657e+00 +7.4547e-01
74 +2.071841304e+02 +2.071841304e+02 -1.522958696e+02 -1.522958696e+02 -4.8687e+00 -3.5933e+00 +2.3123e+00
98 +1.228859905e+01 +1.228859905e+01 -3.471914010e+02 -3.471914010e+02 -3.2498e+00 -3.1116e+00 +1.1367e+00
140 +7.165778101e+00 +7.165778101e+00 -3.523142219e+02 -3.523142219e+02 -4.3698e+00 -3.0605e+00 +1.4282e+00
145 +4.829871867e+00 +4.829871867e+00 -3.546501281e+02 -3.546501281e+02 -4.3762e+00 -3.2003e+00 +1.5537e+00
148 +2.337326028e+00 +2.337326028e+00 -3.571426740e+02 -3.571426740e+02 -3.2996e+00 -3.0050e+00 +1.6478e+00
470 +1.529429405e+00 +1.529429405e+00 -3.579505706e+02 -3.579505706e+02 -3.6810e+00 -3.4226e+00 +1.3598e+00
528 +9.525297982e-01 +9.525297982e-01 -3.585274702e+02 -3.585274702e+02 -3.4214e+00 -3.2422e+00 +1.3649e+00
634 +5.756281231e-01 +5.756281231e-01 -3.589043719e+02 -3.589043719e+02 -3.3030e+00 -3.1122e+00 +1.4649e+00
801 +3.636014329e-01 +3.636014329e-01 -3.591163986e+02 -3.591163986e+02 -3.1967e+00 -2.9911e+00 +1.5777e+00
837 +2.176771078e-01 +2.176771078e-01 -3.592623229e+02 -3.592623229e+02 -3.1067e+00 -2.8393e+00 +1.7272e+00
942 +1.572564156e-01 +1.572564156e-01 -3.593227436e+02 -3.593227436e+02 -3.0949e+00 -2.8229e+00 +1.7692e+00
971 +9.745924187e-02 +9.745924187e-02 -3.593825408e+02 -3.593825408e+02 -3.0415e+00 -2.7352e+00 +1.8808e+00
1008 +5.102094794e-02 +5.102094794e-02 -3.594289791e+02 -3.594289791e+02 -3.0065e+00 -2.6766e+00 +1.9803e+00
1034 +2.479303329e-02 +2.479303329e-02 -3.594552070e+02 -3.594552070e+02 -2.9651e+00 -2.5980e+00 +2.1061e+00
1066 +1.403892571e-02 +1.403892571e-02 -3.594659611e+02 -3.594659611e+02 -2.9533e+00 -2.5720e+00 +2.1601e+00
1072 +6.808830555e-03 +6.808830555e-03 -3.594731912e+02 -3.594731912e+02 -2.9366e+00 -2.5454e+00 +2.2060e+00
1079 +4.807330466e-03 +4.807330466e-03 -3.594751927e+02 -3.594751927e+02 -2.9226e+00 -2.5126e+00 +2.2737e+00
1103 +3.342315612e-03 +3.342315612e-03 -3.594766577e+02 -3.594766577e+02 -2.9133e+00 -2.5041e+00 +2.2900e+00
1128 +2.023613811e-03 +2.023613811e-03 -3.594779764e+02 -3.594779764e+02 -2.9062e+00 -2.4897e+00 +2.3154e+00
1154 +1.562604236e-03 +1.562604236e-03 -3.594784374e+02 -3.594784374e+02 -2.9193e+00 -2.5098e+00 +2.2769e+00
1159 +8.553418668e-04 +8.553418668e-04 -3.594791447e+02 -3.594791447e+02 -2.9118e+00 -2.4982e+00 +2.2992e+00
1185 +3.975102647e-04 +3.975102647e-04 -3.594796025e+02 -3.594796025e+02 -2.9078e+00 -2.4900e+00 +2.3151e+00
1212 +2.285526699e-04 +2.285526699e-04 -3.594797714e+02 -3.594797714e+02 -2.9043e+00 -2.4829e+00 +2.3291e+00
1218 +1.517804268e-04 +1.517804268e-04 -3.594798482e+02 -3.594798482e+02 -2.9046e+00 -2.4827e+00 +2.3291e+00
1247 +3.242046768e-05 +3.242046768e-05 -3.594799676e+02 -3.594799676e+02 -2.9023e+00 -2.4781e+00 +2.3395e+00
1262 +2.505864620e-05 +2.505864620e-05 -3.594799749e+02 -3.594799749e+02 -2.9018e+00 -2.4770e+00 +2.3412e+00
1277 +1.343051389e-05 +1.343051389e-05 -3.594799866e+02 -3.594799866e+02 -2.9020e+00 -2.4773e+00 +2.3407e+00
1286 +6.872966878e-06 +6.872966878e-06 -3.594799931e+02 -3.594799931e+02 -2.9013e+00 -2.4755e+00 +2.3442e+00
1288 +5.880096978e-07 +5.880096978e-07 -3.594799994e+02 -3.594799994e+02 -2.9021e+00 -2.4772e+00 +2.3410e+00
1312 +2.069771199e-07 +2.069771199e-07 -3.594799998e+02 -3.594799998e+02 -2.9021e+00 -2.4773e+00 +2.3409e+00
1363 +1.438979211e-07 +1.438979211e-07 -3.594799999e+02 -3.594799999e+02 -2.9021e+00 -2.4771e+00 +2.3412e+00
1375 +8.484391856e-08 +8.484391856e-08 -3.594799999e+02 -3.594799999e+02 -2.9023e+00 -2.4776e+00 +2.3402e+00
1391 +2.422910939e-08 +2.422910939e-08 -3.594800000e+02 -3.594800000e+02 -2.9022e+00 -2.4774e+00 +2.3406e+00
1426 +1.021800244e-08 +1.021800244e-08 -3.594800000e+02 -3.594800000e+02 -2.9022e+00 -2.4774e+00 +2.3406e+00
1436 +8.681809049e-09 +8.681809049e-09 -3.594800000e+02 -3.594800000e+02 -2.9022e+00 -2.4773e+00 +2.3407e+00
1438 +2.085187134e-09 +2.085187134e-09 -3.594800000e+02 -3.594800000e+02 -2.9022e+00 -2.4774e+00 +2.3405e+00
1456 +6.367031347e-10 +6.367031347e-10 -3.594800000e+02 -3.594800000e+02 -2.9022e+00 -2.4774e+00 +2.3406e+00
1473 +5.949800652e-10 +5.949800652e-10 -3.594800000e+02 -3.594800000e+02 -2.9022e+00 -2.4774e+00 +2.3406e+00
1503 +2.668798516e-10 +2.668798516e-10 -3.594800000e+02 -3.594800000e+02 -2.9022e+00 -2.4774e+00 +2.3406e+00
1510 +7.594280760e-11 +7.594280760e-11 -3.594800000e+02 -3.594800000e+02 -2.9022e+00 -2.4774e+00 +2.3406e+00
1533 +1.591615728e-11 +1.591615728e-11 -3.594800000e+02 -3.594800000e+02 -2.9022e+00 -2.4774e+00 +2.3406e+00
1539 +1.136868377e-11 +1.136868377e-11 -3.594800000e+02 -3.594800000e+02 -2.9022e+00 -2.4774e+00 +2.3406e+00
1591 +3.808509064e-12 +3.808509064e-12 -3.594800000e+02 -3.594800000e+02 -2.9022e+00 -2.4774e+00 +2.3406e+00
1613 +2.501110430e-12 +2.501110430e-12 -3.594800000e+02 -3.594800000e+02 -2.9022e+00 -2.4774e+00 +2.3406e+00
1635 +1.705302566e-13 +1.705302566e-13 -3.594800000e+02 -3.594800000e+02 -2.9022e+00 -2.4774e+00 +2.3406e+00
1679 +1.136868377e-13 +1.136868377e-13 -3.594800000e+02 -3.594800000e+02 -2.9022e+00 -2.4774e+00 +2.3406e+00
1690 +5.684341886e-14 +5.684341886e-14 -3.594800000e+02 -3.594800000e+02 -2.9022e+00 -2.4774e+00 +2.3406e+00
1712 +0.000000000e+00 +0.000000000e+00 -3.594800000e+02 -3.594800000e+02 -2.9022e+00 -2.4774e+00 +2.3406e+00
% function evaluation | noise-free fitness - Fopt (2.748000000000e+01) | best noise-free fitness - Fopt | measured fitness | best measured fitness | x1 | x2...
1 +2.267625414e+03 +2.267625414e+03 +2.295105414e+03 +2.295105414e+03 +1.3927e+00 -1.6323e+00 +3.7870e+00
6 +4.960913014e+02 +4.960913014e+02 +5.235713014e+02 +5.235713014e+02 +1.4736e+00 -8.1486e-01 +5.1724e+00
18 +1.144063534e+02 +1.144063534e+02 +1.418863534e+02 +1.418863534e+02 +1.5023e+00 +5.6893e-01 +1.7506e+00
36 +1.815653087e+01 +1.815653087e+01 +4.563653087e+01 +4.563653087e+01 +1.6686e+00 +6.5226e-01 +6.3808e-01
37 +1.316072984e+00 +1.316072984e+00 +2.879607298e+01 +2.879607298e+01 +2.5903e+00 +1.9858e+00 +1.4047e+00
232 +8.959213267e-01 +8.959213267e-01 +2.837592133e+01 +2.837592133e+01 +2.1036e+00 +1.2475e+00 +6.5413e-01
269 +6.047131135e-01 +6.047131135e-01 +2.808471311e+01 +2.808471311e+01 +2.2107e+00 +1.3760e+00 +7.2025e-01
377 +3.426862921e-01 +3.426862921e-01 +2.782268629e+01 +2.782268629e+01 +2.3436e+00 +1.5426e+00 +8.4714e-01
435 +2.450669953e-01 +2.450669953e-01 +2.772506700e+01 +2.772506700e+01 +2.4274e+00 +1.6616e+00 +9.7408e-01
458 +1.418502413e-01 +1.418502413e-01 +2.762185024e+01 +2.762185024e+01 +2.4490e+00 +1.7110e+00 +1.0708e+00
500 +8.395248375e-02 +8.395248375e-02 +2.756395248e+01 +2.756395248e+01 +2.4996e+00 +1.7932e+00 +1.1732e+00
551 +6.152846833e-02 +6.152846833e-02 +2.754152847e+01 +2.754152847e+01 +2.5237e+00 +1.8270e+00 +1.2277e+00
606 +2.900393571e-02 +2.900393571e-02 +2.750900394e+01 +2.750900394e+01 +2.5559e+00 +1.8870e+00 +1.3309e+00
628 +2.306562668e-02 +2.306562668e-02 +2.750306563e+01 +2.750306563e+01 +2.5625e+00 +1.9024e+00 +1.3571e+00
687 +1.205238971e-02 +1.205238971e-02 +2.749205239e+01 +2.749205239e+01 +2.5783e+00 +1.9339e+00 +1.4163e+00
713 +7.216016582e-03 +7.216016582e-03 +2.748721602e+01 +2.748721602e+01 +2.5965e+00 +1.9641e+00 +1.4715e+00
719 +5.056075295e-03 +5.056075295e-03 +2.748505608e+01 +2.748505608e+01 +2.5982e+00 +1.9724e+00 +1.4868e+00
724 +3.010227578e-03 +3.010227578e-03 +2.748301023e+01 +2.748301023e+01 +2.6027e+00 +1.9797e+00 +1.5039e+00
734 +5.359064479e-04 +5.359064479e-04 +2.748053591e+01 +2.748053591e+01 +2.6252e+00 +2.0226e+00 +1.5854e+00
769 +3.294720208e-04 +3.294720208e-04 +2.748032947e+01 +2.748032947e+01 +2.6317e+00 +2.0386e+00 +1.6185e+00
804 +8.929393065e-05 +8.929393065e-05 +2.748008929e+01 +2.748008929e+01 +2.6265e+00 +2.0269e+00 +1.5966e+00
837 +4.357992668e-05 +4.357992668e-05 +2.748004358e+01 +2.748004358e+01 +2.6303e+00 +2.0342e+00 +1.6101e+00
839 +1.634335649e-05 +1.634335649e-05 +2.748001634e+01 +2.748001634e+01 +2.6281e+00 +2.0302e+00 +1.6019e+00
865 +1.354361105e-05 +1.354361105e-05 +2.748001354e+01 +2.748001354e+01 +2.6282e+00 +2.0302e+00 +1.6024e+00
871 +1.019348701e-06 +1.019348701e-06 +2.748000102e+01 +2.748000102e+01 +2.6271e+00 +2.0281e+00 +1.5979e+00
913 +9.022965592e-07 +9.022965592e-07 +2.748000090e+01 +2.748000090e+01 +2.6276e+00 +2.0289e+00 +1.5996e+00
939 +4.958616557e-07 +4.958616557e-07 +2.748000050e+01 +2.748000050e+01 +2.6274e+00 +2.0287e+00 +1.5991e+00
946 +9.110257437e-08 +9.110257437e-08 +2.748000009e+01 +2.748000009e+01 +2.6275e+00 +2.0288e+00 +1.5995e+00
970 +7.071253805e-09 +7.071253805e-09 +2.748000001e+01 +2.748000001e+01 +2.6274e+00 +2.0285e+00 +1.5989e+00
1007 +2.313289116e-09 +2.313289116e-09 +2.748000000e+01 +2.748000000e+01 +2.6274e+00 +2.0286e+00 +1.5990e+00
1064 +5.115339263e-10 +5.115339263e-10 +2.748000000e+01 +2.748000000e+01 +2.6274e+00 +2.0286e+00 +1.5990e+00
1074 +2.591704629e-11 +2.591704629e-11 +2.748000000e+01 +2.748000000e+01 +2.6274e+00 +2.0286e+00 +1.5990e+00
1126 +2.471267635e-11 +2.471267635e-11 +2.748000000e+01 +2.748000000e+01 +2.6274e+00 +2.0286e+00 +1.5990e+00
1132 +7.403855307e-12 +7.403855307e-12 +2.748000000e+01 +2.748000000e+01 +2.6274e+00 +2.0286e+00 +1.5990e+00
1160 +2.014388656e-12 +2.014388656e-12 +2.748000000e+01 +2.748000000e+01 +2.6274e+00 +2.0286e+00 +1.5990e+00
1181 +9.237055565e-14 +9.237055565e-14 +2.748000000e+01 +2.748000000e+01 +2.6274e+00 +2.0286e+00 +1.5990e+00
1278 +6.039613254e-14 +6.039613254e-14 +2.748000000e+01 +2.748000000e+01 +2.6274e+00 +2.0286e+00 +1.5990e+00
1290 +1.776356839e-14 +1.776356839e-14 +2.748000000e+01 +2.748000000e+01 +2.6274e+00 +2.0286e+00 +1.5990e+00
1300 +7.105427358e-15 +7.105427358e-15 +2.748000000e+01 +2.748000000e+01 +2.6274e+00 +2.0286e+00 +1.5990e+00
1301 +3.552713679e-15 +3.552713679e-15 +2.748000000e+01 +2.748000000e+01 +2.6274e+00 +2.0286e+00 +1.5990e+00
1345 +0.000000000e+00 +0.000000000e+00 +2.748000000e+01 +2.748000000e+01 +2.6274e+00 +2.0286e+00 +1.5990e+00
% function evaluation | noise-free fitness - Fopt (3.609000000000e+01) | best noise-free fitness - Fopt | measured fitness | best measured fitness | x1 | x2...
1 +5.070580893e+04 +5.070580893e+04 +5.074189893e+04 +5.074189893e+04 +3.8279e+00 -2.2759e+00 -1.8111e+00
2 +3.029838895e+04 +3.029838895e+04 +3.033447895e+04 +3.033447895e+04 +2.5265e+00 -2.7084e+00 -3.9887e+00
3 +6.853288082e+03 +6.853288082e+03 +6.889378082e+03 +6.889378082e+03 +1.6860e+00 -1.7105e+00 -1.7462e+00
14 +1.511731477e+02 +1.511731477e+02 +1.872631477e+02 +1.872631477e+02 -8.2773e-01 +1.1346e+00 -1.0118e+00
31 +2.636605538e+01 +2.636605538e+01 +6.245605538e+01 +6.245605538e+01 -6.3128e-01 +8.5255e-01 -1.9526e+00
65 +6.876334644e+00 +6.876334644e+00 +4.296633464e+01 +4.296633464e+01 -1.2983e+00 +1.3202e+00 -1.7451e+00
90 +6.277751282e+00 +6.277751282e+00 +4.236775128e+01 +4.236775128e+01 -1.3268e+00 +1.4300e+00 -1.9047e+00
130 +3.098070357e+00 +3.098070357e+00 +3.918807036e+01 +3.918807036e+01 -8.4863e-01 +8.0767e-01 -2.4555e+00
160 +2.366324350e+00 +2.366324350e+00 +3.845632435e+01 +3.845632435e+01 -6.4028e-01 +6.4141e-01 -2.4379e+00
419 +1.581650400e+00 +1.581650400e+00 +3.767165040e+01 +3.767165040e+01 -2.6062e-01 +6.2812e-01 -2.4570e+00
561 +9.784345350e-01 +9.784345350e-01 +3.706843453e+01 +3.706843453e+01 +1.7423e-02 +8.0241e-01 -2.4391e+00
630 +6.290120109e-01 +6.290120109e-01 +3.671901201e+01 +3.671901201e+01 +1.4915e-01 +9.3737e-01 -2.3492e+00
739 +3.901492033e-01 +3.901492033e-01 +3.648014920e+01 +3.648014920e+01 +2.2932e-01 +1.0722e+00 -2.2293e+00
763 +2.452876242e-01 +2.452876242e-01 +3.633528762e+01 +3.633528762e+01 +3.4663e-01 +1.2224e+00 -2.0858e+00
837 +1.442511881e-01 +1.442511881e-01 +3.623425119e+01 +3.623425119e+01 +3.9260e-01 +1.3171e+00 -1.9525e+00
887 +9.359068375e-02 +9.359068375e-02 +3.618359068e+01 +3.618359068e+01 +4.0621e-01 +1.3397e+00 -1.8946e+00
969 +6.161675354e-02 +6.161675354e-02 +3.615161675e+01 +3.615161675e+01 +4.3600e-01 +1.3880e+00 -1.8181e+00
1000 +1.021451446e-02 +1.021451446e-02 +3.610021451e+01 +3.610021451e+01 +5.0126e-01 +1.5027e+00 -1.6299e+00
1013 +4.972877020e-03 +4.972877020e-03 +3.609497288e+01 +3.609497288e+01 +5.1730e-01 +1.5364e+00 -1.5700e+00
1038 +3.533596955e-03 +3.533596955e-03 +3.609353360e+01 +3.609353360e+01 +5.3108e-01 +1.5620e+00 -1.5136e+00
1057 +8.534841833e-04 +8.534841833e-04 +3.609085348e+01 +3.609085348e+01 +5.3459e-01 +1.5691e+00 -1.5058e+00
1110 +5.431935238e-04 +5.431935238e-04 +3.609054319e+01 +3.609054319e+01 +5.3669e-01 +1.5735e+00 -1.4963e+00
1128 +3.778824421e-04 +3.778824421e-04 +3.609037788e+01 +3.609037788e+01 +5.3846e-01 +1.5767e+00 -1.4892e+00
1129 +2.002909168e-04 +2.002909168e-04 +3.609020029e+01 +3.609020029e+01 +5.4114e-01 +1.5809e+00 -1.4812e+00
1141 +1.262580799e-04 +1.262580799e-04 +3.609012626e+01 +3.609012626e+01 +5.4275e-01 +1.5849e+00 -1.4743e+00
1143 +9.294219542e-05 +9.294219542e-05 +3.609009294e+01 +3.609009294e+01 +5.4281e-01 +1.5845e+00 -1.4745e+00
1165 +9.360001357e-06 +9.360001357e-06 +3.609000936e+01 +3.609000936e+01 +5.4530e-01 +1.5899e+00 -1.4635e+00
1217 +6.274287614e-06 +6.274287614e-06 +3.609000627e+01 +3.609000627e+01 +5.4729e-01 +1.5936e+00 -1.4563e+00
1253 +3.173224549e-06 +3.173224549e-06 +3.609000317e+01 +3.609000317e+01 +5.4634e-01 +1.5919e+00 -1.4594e+00
1255 +2.446200476e-06 +2.446200476e-06 +3.609000245e+01 +3.609000245e+01 +5.4653e-01 +1.5921e+00 -1.4592e+00
1277 +9.873304592e-07 +9.873304592e-07 +3.609000099e+01 +3.609000099e+01 +5.4667e-01 +1.5925e+00 -1.4584e+00
1288 +1.854117926e-07 +1.854117926e-07 +3.609000019e+01 +3.609000019e+01 +5.4678e-01 +1.5928e+00 -1.4578e+00
1296 +1.318591742e-07 +1.318591742e-07 +3.609000013e+01 +3.609000013e+01 +5.4654e-01 +1.5923e+00 -1.4588e+00
1312 +7.715870964e-08 +7.715870964e-08 +3.609000008e+01 +3.609000008e+01 +5.4664e-01 +1.5924e+00 -1.4585e+00
1340 +6.001307895e-08 +6.001307895e-08 +3.609000006e+01 +3.609000006e+01 +5.4658e-01 +1.5923e+00 -1.4587e+00
1352 +3.120188552e-08 +3.120188552e-08 +3.609000003e+01 +3.609000003e+01 +5.4667e-01 +1.5925e+00 -1.4583e+00
1353 +2.109901232e-08 +2.109901232e-08 +3.609000002e+01 +3.609000002e+01 +5.4666e-01 +1.5925e+00 -1.4584e+00
1360 +1.083228085e-08 +1.083228085e-08 +3.609000001e+01 +3.609000001e+01 +5.4661e-01 +1.5924e+00 -1.4585e+00
1384 +9.611099472e-09 +9.611099472e-09 +3.609000001e+01 +3.609000001e+01 +5.4657e-01 +1.5924e+00 -1.4587e+00
1394 +2.653578690e-09 +2.653578690e-09 +3.609000000e+01 +3.609000000e+01 +5.4659e-01 +1.5924e+00 -1.4586e+00
1397 +3.544045057e-10 +3.544045057e-10 +3.609000000e+01 +3.609000000e+01 +5.4660e-01 +1.5924e+00 -1.4586e+00
1462 +1.950724027e-10 +1.950724027e-10 +3.609000000e+01 +3.609000000e+01 +5.4660e-01 +1.5924e+00 -1.4586e+00
1466 +1.464641741e-10 +1.464641741e-10 +3.609000000e+01 +3.609000000e+01 +5.4660e-01 +1.5924e+00 -1.4586e+00
1473 +1.671196515e-11 +1.671196515e-11 +3.609000000e+01 +3.609000000e+01 +5.4660e-01 +1.5924e+00 -1.4586e+00
1499 +1.521271997e-11 +1.521271997e-11 +3.609000000e+01 +3.609000000e+01 +5.4660e-01 +1.5924e+00 -1.4586e+00
1511 +2.060573934e-12 +2.060573934e-12 +3.609000000e+01 +3.609000000e+01 +5.4660e-01 +1.5924e+00 -1.4586e+00
1539 +1.584510301e-12 +1.584510301e-12 +3.609000000e+01 +3.609000000e+01 +5.4660e-01 +1.5924e+00 -1.4586e+00
1566 +4.121147867e-13 +4.121147867e-13 +3.609000000e+01 +3.609000000e+01 +5.4660e-01 +1.5924e+00 -1.4586e+00
1573 +2.344791028e-13 +2.344791028e-13 +3.609000000e+01 +3.609000000e+01 +5.4660e-01 +1.5924e+00 -1.4586e+00
1609 +1.492139745e-13 +1.492139745e-13 +3.609000000e+01 +3.609000000e+01 +5.4660e-01 +1.5924e+00 -1.4586e+00
1624 +9.947598301e-14 +9.947598301e-14 +3.609000000e+01 +3.609000000e+01 +5.4660e-01 +1.5924e+00 -1.4586e+00
1641 +5.684341886e-14 +5.684341886e-14 +3.609000000e+01 +3.609000000e+01 +5.4660e-01 +1.5924e+00 -1.4586e+00
1643 +3.552713679e-14 +3.552713679e-14 +3.609000000e+01 +3.609000000e+01 +5.4660e-01 +1.5924e+00 -1.4586e+00
1649 +7.105427358e-15 +7.105427358e-15 +3.609000000e+01 +3.609000000e+01 +5.4660e-01 +1.5924e+00 -1.4586e+00
1696 +0.000000000e+00 +0.000000000e+00 +3.609000000e+01 +3.609000000e+01 +5.4660e-01 +1.5924e+00 -1.4586e+00
% function evaluation | noise-free fitness - Fopt (-5.791000000000e+01) | best noise-free fitness - Fopt | measured fitness | best measured fitness | x1 | x2...
1 +1.163796134e+04 +1.163796134e+04 +1.158005134e+04 +1.158005134e+04 +1.1626e+00 -1.1604e+00 -1.7989e+00
4 +9.586406296e+02 +9.586406296e+02 +9.007306296e+02 +9.007306296e+02 +2.0516e+00 -2.1870e-02 +1.1263e+00
9 +8.962200800e+01 +8.962200800e+01 +3.171200800e+01 +3.171200800e+01 +1.7962e+00 +1.1728e+00 +1.0590e+00
31 +2.005964218e+01 +2.005964218e+01 -3.785035782e+01 -3.785035782e+01 +7.3798e-01 +2.5030e+00 +9.7221e-01
44 +1.154545268e+01 +1.154545268e+01 -4.636454732e+01 -4.636454732e+01 +5.6722e-01 +2.2630e+00 +7.0596e-01
74 +3.132004683e+00 +3.132004683e+00 -5.477799532e+01 -5.477799532e+01 +1.4871e+00 +1.6866e+00 +2.7026e-01
87 +1.527835454e+00 +1.527835454e+00 -5.638216455e+01 -5.638216455e+01 +1.6009e+00 +1.8033e+00 +1.6233e-01
203 +9.867605231e-01 +9.867605231e-01 -5.692323948e+01 -5.692323948e+01 +1.8127e+00 +1.9396e+00 +2.0236e-01
268 +5.310879066e-01 +5.310879066e-01 -5.737891209e+01 -5.737891209e+01 +1.9986e+00 +2.1246e+00 +3.1436e-01
388 +3.952573407e-01 +3.952573407e-01 -5.751474266e+01 -5.751474266e+01 +2.0667e+00 +2.2094e+00 +3.8550e-01
416 +2.387987711e-01 +2.387987711e-01 -5.767120123e+01 -5.767120123e+01 +2.1630e+00 +2.3495e+00 +5.3165e-01
529 +1.577203508e-01 +1.577203508e-01 -5.775227965e+01 -5.775227965e+01 +2.2003e+00 +2.4120e+00 +6.1792e-01
606 +8.152051427e-02 +8.152051427e-02 -5.782847949e+01 -5.782847949e+01 +2.2553e+00 +2.5070e+00 +7.5759e-01
633 +6.027240510e-02 +6.027240510e-02 -5.784972759e+01 -5.784972759e+01 +2.2652e+00 +2.5290e+00 +7.9601e-01
713 +3.839146535e-02 +3.839146535e-02 -5.787160853e+01 -5.787160853e+01 +2.2973e+00 +2.5790e+00 +8.8215e-01
747 +1.298105729e-02 +1.298105729e-02 -5.789701894e+01 -5.789701894e+01 +2.3254e+00 +2.6404e+00 +9.9508e-01
801 +5.996461428e-03 +5.996461428e-03 -5.790400354e+01 -5.790400354e+01 +2.3429e+00 +2.6715e+00 +1.0507e+00
824 +1.892298836e-03 +1.892298836e-03 -5.790810770e+01 -5.790810770e+01 +2.3612e+00 +2.7096e+00 +1.1187e+00
837 +1.416661837e-03 +1.416661837e-03 -5.790858334e+01 -5.790858334e+01 +2.3687e+00 +2.7273e+00 +1.1553e+00
864 +8.957329027e-04 +8.957329027e-04 -5.790910427e+01 -5.790910427e+01 +2.3687e+00 +2.7263e+00 +1.1531e+00
878 +2.221885970e-04 +2.221885970e-04 -5.790977781e+01 -5.790977781e+01 +2.3719e+00 +2.7315e+00 +1.1643e+00
915 +1.332287209e-04 +1.332287209e-04 -5.790986677e+01 -5.790986677e+01 +2.3704e+00 +2.7270e+00 +1.1556e+00
939 +6.031491837e-05 +6.031491837e-05 -5.790993969e+01 -5.790993969e+01 +2.3721e+00 +2.7309e+00 +1.1635e+00
963 +2.854214287e-05 +2.854214287e-05 -5.790997146e+01 -5.790997146e+01 +2.3747e+00 +2.7354e+00 +1.1724e+00
967 +2.154439294e-06 +2.154439294e-06 -5.790999785e+01 -5.790999785e+01 +2.3751e+00 +2.7368e+00 +1.1753e+00
995 +1.505840110e-06 +1.505840110e-06 -5.790999849e+01 -5.790999849e+01 +2.3754e+00 +2.7371e+00 +1.1757e+00
1043 +9.310423934e-07 +9.310423934e-07 -5.790999907e+01 -5.790999907e+01 +2.3758e+00 +2.7380e+00 +1.1775e+00
1064 +9.387951394e-08 +9.387951394e-08 -5.790999991e+01 -5.790999991e+01 +2.3755e+00 +2.7373e+00 +1.1763e+00
1075 +5.756779586e-08 +5.756779586e-08 -5.790999994e+01 -5.790999994e+01 +2.3754e+00 +2.7373e+00 +1.1761e+00
1088 +6.984741674e-09 +6.984741674e-09 -5.790999999e+01 -5.790999999e+01 +2.3754e+00 +2.7372e+00 +1.1759e+00
1132 +3.233061818e-09 +3.233061818e-09 -5.791000000e+01 -5.791000000e+01 +2.3754e+00 +2.7372e+00 +1.1760e+00
1144 +1.619802958e-09 +1.619802958e-09 -5.791000000e+01 -5.791000000e+01 +2.3754e+00 +2.7372e+00 +1.1760e+00
1154 +2.063558213e-10 +2.063558213e-10 -5.791000000e+01 -5.791000000e+01 +2.3754e+00 +2.7372e+00 +1.1760e+00
1229 +1.477928890e-10 +1.477928890e-10 -5.791000000e+01 -5.791000000e+01 +2.3754e+00 +2.7372e+00 +1.1760e+00
1247 +4.635580808e-11 +4.635580808e-11 -5.791000000e+01 -5.791000000e+01 +2.3754e+00 +2.7372e+00 +1.1760e+00
1255 +3.627320666e-11 +3.627320666e-11 -5.791000000e+01 -5.791000000e+01 +2.3754e+00 +2.7372e+00 +1.1760e+00
1262 +9.478640095e-12 +9.478640095e-12 -5.791000000e+01 -5.791000000e+01 +2.3754e+00 +2.7372e+00 +1.1760e+00
1279 +2.181366199e-12 +2.181366199e-12 -5.791000000e+01 -5.791000000e+01 +2.3754e+00 +2.7372e+00 +1.1760e+00
1326 +6.608047443e-13 +6.608047443e-13 -5.791000000e+01 -5.791000000e+01 +2.3754e+00 +2.7372e+00 +1.1760e+00
1332 +4.831690603e-13 +4.831690603e-13 -5.791000000e+01 -5.791000000e+01 +2.3754e+00 +2.7372e+00 +1.1760e+00
1344 +3.694822226e-13 +3.694822226e-13 -5.791000000e+01 -5.791000000e+01 +2.3754e+00 +2.7372e+00 +1.1760e+00
1345 +7.815970093e-14 +7.815970093e-14 -5.791000000e+01 -5.791000000e+01 +2.3754e+00 +2.7372e+00 +1.1760e+00
1360 +3.552713679e-14 +3.552713679e-14 -5.791000000e+01 -5.791000000e+01 +2.3754e+00 +2.7372e+00 +1.1760e+00
1375 +7.105427358e-15 +7.105427358e-15 -5.791000000e+01 -5.791000000e+01 +2.3754e+00 +2.7372e+00 +1.1760e+00
1384 +0.000000000e+00 +0.000000000e+00 -5.791000000e+01 -5.791000000e+01 +2.3754e+00 +2.7372e+00 +1.1760e+00
% function evaluation | noise-free fitness - Fopt (-3.349100000000e+02) | best noise-free fitness - Fopt | measured fitness | best measured fitness | x1 | x2...
1 +7.032658023e+03 +7.032658023e+03 +6.697748023e+03 +6.697748023e+03 -2.9441e+00 +1.4973e+00 -4.0042e-01
2 +6.307127520e+03 +6.307127520e+03 +5.972217520e+03 +5.972217520e+03 -4.2455e+00 +1.0648e+00 -2.5780e+00
8 +2.489474265e+01 +2.489474265e+01 -3.100152574e+02 -3.100152574e+02 -2.8175e+00 -8.0794e-01 -3.0805e-02
58 +7.275656071e+00 +7.275656071e+00 -3.276343439e+02 -3.276343439e+02 -3.0184e+00 -1.2003e+00 -1.8924e-01
74 +4.396067476e+00 +4.396067476e+00 -3.305139325e+02 -3.305139325e+02 -2.0632e+00 -9.9734e-01 -6.3337e-02
81 +9.379040941e-01 +9.379040941e-01 -3.339720959e+02 -3.339720959e+02 -1.9952e+00 -7.0088e-01 +2.8153e-01
144 +3.562484748e-01 +3.562484748e-01 -3.345537515e+02 -3.345537515e+02 -1.8174e+00 -4.7574e-01 +5.5918e-01
166 +8.094315821e-02 +8.094315821e-02 -3.348290568e+02 -3.348290568e+02 -1.7972e+00 -4.4721e-01 +6.4926e-01
201 +5.056389639e-02 +5.056389639e-02 -3.348594361e+02 -3.348594361e+02 -1.7763e+00 -4.1448e-01 +7.0394e-01
235 +3.580678752e-02 +3.580678752e-02 -3.348741932e+02 -3.348741932e+02 -1.7388e+00 -3.4734e-01 +8.1020e-01
242 +1.894341128e-02 +1.894341128e-02 -3.348910566e+02 -3.348910566e+02 -1.7396e+00 -3.5726e-01 +7.9832e-01
273 +4.444898839e-03 +4.444898839e-03 -3.349055551e+02 -3.349055551e+02 -1.6911e+00 -2.6971e-01 +9.6430e-01
315 +1.268544421e-03 +1.268544421e-03 -3.349087315e+02 -3.349087315e+02 -1.6716e+00 -2.2362e-01 +1.0616e+00
363 +9.051961686e-04 +9.051961686e-04 -3.349090948e+02 -3.349090948e+02 -1.6876e+00 -2.5721e-01 +9.9503e-01
368 +3.302823544e-04 +3.302823544e-04 -3.349096697e+02 -3.349096697e+02 -1.6864e+00 -2.5628e-01 +9.9507e-01
391 +1.719504500e-04 +1.719504500e-04 -3.349098280e+02 -3.349098280e+02 -1.6866e+00 -2.5626e-01 +9.9359e-01
395 +1.047480991e-04 +1.047480991e-04 -3.349098953e+02 -3.349098953e+02 -1.6862e+00 -2.5425e-01 +9.9772e-01
404 +2.774622612e-05 +2.774622612e-05 -3.349099723e+02 -3.349099723e+02 -1.6843e+00 -2.5060e-01 +1.0053e+00
430 +1.956809166e-05 +1.956809166e-05 -3.349099804e+02 -3.349099804e+02 -1.6843e+00 -2.5103e-01 +1.0046e+00
435 +9.979222000e-07 +9.979222000e-07 -3.349099990e+02 -3.349099990e+02 -1.6824e+00 -2.4735e-01 +1.0119e+00
509 +1.303887984e-07 +1.303887984e-07 -3.349099999e+02 -3.349099999e+02 -1.6823e+00 -2.4710e-01 +1.0124e+00
518 +7.350803344e-08 +7.350803344e-08 -3.349099999e+02 -3.349099999e+02 -1.6824e+00 -2.4723e-01 +1.0122e+00
571 +4.767241535e-08 +4.767241535e-08 -3.349100000e+02 -3.349100000e+02 -1.6823e+00 -2.4704e-01 +1.0125e+00
579 +3.366147894e-08 +3.366147894e-08 -3.349100000e+02 -3.349100000e+02 -1.6824e+00 -2.4714e-01 +1.0123e+00
590 +2.258582299e-08 +2.258582299e-08 -3.349100000e+02 -3.349100000e+02 -1.6823e+00 -2.4708e-01 +1.0124e+00
592 +1.148680440e-08 +1.148680440e-08 -3.349100000e+02 -3.349100000e+02 -1.6824e+00 -2.4723e-01 +1.0122e+00
598 +7.677272151e-09 +7.677272151e-09 -3.349100000e+02 -3.349100000e+02 -1.6824e+00 -2.4724e-01 +1.0121e+00
620 +4.628418537e-09 +4.628418537e-09 -3.349100000e+02 -3.349100000e+02 -1.6824e+00 -2.4722e-01 +1.0122e+00
622 +1.587523002e-09 +1.587523002e-09 -3.349100000e+02 -3.349100000e+02 -1.6824e+00 -2.4718e-01 +1.0122e+00
632 +9.880523066e-10 +9.880523066e-10 -3.349100000e+02 -3.349100000e+02 -1.6824e+00 -2.4721e-01 +1.0122e+00
658 +4.502567208e-10 +4.502567208e-10 -3.349100000e+02 -3.349100000e+02 -1.6824e+00 -2.4719e-01 +1.0122e+00
690 +1.835473995e-10 +1.835473995e-10 -3.349100000e+02 -3.349100000e+02 -1.6824e+00 -2.4720e-01 +1.0122e+00
691 +1.534772309e-10 +1.534772309e-10 -3.349100000e+02 -3.349100000e+02 -1.6824e+00 -2.4719e-01 +1.0122e+00
719 +4.752109817e-11 +4.752109817e-11 -3.349100000e+02 -3.349100000e+02 -1.6824e+00 -2.4720e-01 +1.0122e+00
746 +1.961097951e-11 +1.961097951e-11 -3.349100000e+02 -3.349100000e+02 -1.6824e+00 -2.4720e-01 +1.0122e+00
765 +1.392663762e-11 +1.392663762e-11 -3.349100000e+02 -3.349100000e+02 -1.6824e+00 -2.4720e-01 +1.0122e+00
771 +8.355982573e-12 +8.355982573e-12 -3.349100000e+02 -3.349100000e+02 -1.6824e+00 -2.4720e-01 +1.0122e+00
813 +1.364242053e-12 +1.364242053e-12 -3.349100000e+02 -3.349100000e+02 -1.6824e+00 -2.4720e-01 +1.0122e+00
838 +9.663381206e-13 +9.663381206e-13 -3.349100000e+02 -3.349100000e+02 -1.6824e+00 -2.4720e-01 +1.0122e+00
860 +4.547473509e-13 +4.547473509e-13 -3.349100000e+02 -3.349100000e+02 -1.6824e+00 -2.4720e-01 +1.0122e+00
867 +3.979039320e-13 +3.979039320e-13 -3.349100000e+02 -3.349100000e+02 -1.6824e+00 -2.4720e-01 +1.0122e+00
871 +5.684341886e-14 +5.684341886e-14 -3.349100000e+02 -3.349100000e+02 -1.6824e+00 -2.4720e-01 +1.0122e+00
926 +0.000000000e+00 +0.000000000e+00 -3.349100000e+02 -3.349100000e+02 -1.6824e+00 -2.4720e-01 +1.0122e+00
% function evaluation | noise-free fitness - Fopt (-4.670000000000e+01) | best noise-free fitness - Fopt | measured fitness | best measured fitness | x1 | x2...
1 +2.352847351e+04 +2.352847351e+04 +2.348177351e+04 +2.348177351e+04 +3.4326e+00 +2.3555e+00 -2.8449e+00
2 +6.252217503e+03 +6.252217503e+03 +6.205517503e+03 +6.205517503e+03 +2.1312e+00 +1.9230e+00 -5.0225e+00
17 +3.855179748e+03 +3.855179748e+03 +3.808479748e+03 +3.808479748e+03 +1.7925e+00 +2.2561e+00 -3.3657e+00
18 +9.356003546e+02 +9.356003546e+02 +8.889003546e+02 +8.889003546e+02 +1.3269e+00 +1.1697e+00 -1.1529e+00
30 +3.840863827e+02 +3.840863827e+02 +3.373863827e+02 +3.373863827e+02 -1.2974e-01 +1.0788e+00 -4.1525e+00
31 +3.993797825e+01 +3.993797825e+01 -6.762021746e+00 -6.762021746e+00 +7.1398e-01 +1.3691e+00 -1.7910e+00
47 +1.832386680e+01 +1.832386680e+01 -2.837613320e+01 -2.837613320e+01 -1.5013e+00 +8.6954e-01 -2.3581e+00
106 +5.141978500e+00 +5.141978500e+00 -4.155802150e+01 -4.155802150e+01 -1.3375e+00 +4.5807e-01 -3.3625e+00
142 +2.983229896e+00 +2.983229896e+00 -4.371677010e+01 -4.371677010e+01 -1.0244e+00 +1.2006e-01 -3.3717e+00
247 +2.499263103e+00 +2.499263103e+00 -4.420073690e+01 -4.420073690e+01 -8.9346e-01 +1.2156e-01 -3.3519e+00
436 +1.542608340e+00 +1.542608340e+00 -4.515739166e+01 -4.515739166e+01 -4.2662e-01 +9.0575e-02 -3.3851e+00
497 +8.964392195e-01 +8.964392195e-01 -4.580356078e+01 -4.580356078e+01 -2.1164e-01 +2.7585e-01 -3.3402e+00
598 +6.267420722e-01 +6.267420722e-01 -4.607325793e+01 -4.607325793e+01 -7.4352e-02 +3.9975e-01 -3.2828e+00
671 +3.651745612e-01 +3.651745612e-01 -4.633482544e+01 -4.633482544e+01 +2.9380e-02 +5.3837e-01 -3.1467e+00
747 +2.035973765e-01 +2.035973765e-01 -4.649640262e+01 -4.649640262e+01 +1.0251e-01 +6.6436e-01 -3.0118e+00
801 +1.532563836e-01 +1.532563836e-01 -4.654674362e+01 -4.654674362e+01 +1.3839e-01 +7.1487e-01 -2.9562e+00
834 +9.599540612e-02 +9.599540612e-02 -4.660400459e+01 -4.660400459e+01 +1.8701e-01 +7.9269e-01 -2.8489e+00
887 +6.241147709e-02 +6.241147709e-02 -4.663758852e+01 -4.663758852e+01 +2.0935e-01 +8.4142e-01 -2.7610e+00
946 +3.932903729e-02 +3.932903729e-02 -4.666067096e+01 -4.666067096e+01 +2.3326e-01 +8.7888e-01 -2.7080e+00
965 +2.191558879e-02 +2.191558879e-02 -4.667808441e+01 -4.667808441e+01 +2.6866e-01 +9.5049e-01 -2.5878e+00
995 +1.436649195e-02 +1.436649195e-02 -4.668563351e+01 -4.668563351e+01 +2.7107e-01 +9.4820e-01 -2.5822e+00
1000 +9.587593311e-03 +9.587593311e-03 -4.669041241e+01 -4.669041241e+01 +3.0511e-01 +1.0059e+00 -2.4783e+00
1008 +3.116635885e-03 +3.116635885e-03 -4.669688336e+01 -4.669688336e+01 +3.1115e-01 +1.0255e+00 -2.4358e+00
1013 +1.101626901e-03 +1.101626901e-03 -4.669889837e+01 -4.669889837e+01 +3.2288e-01 +1.0520e+00 -2.3904e+00
1050 +8.418795696e-05 +8.418795696e-05 -4.669991581e+01 -4.669991581e+01 +3.1998e-01 +1.0437e+00 -2.4048e+00
1103 +2.565715177e-05 +2.565715177e-05 -4.669997434e+01 -4.669997434e+01 +3.2582e-01 +1.0552e+00 -2.3820e+00
1144 +1.777852488e-05 +1.777852488e-05 -4.669998222e+01 -4.669998222e+01 +3.2497e-01 +1.0535e+00 -2.3849e+00
1160 +1.078503911e-05 +1.078503911e-05 -4.669998921e+01 -4.669998921e+01 +3.2528e-01 +1.0545e+00 -2.3831e+00
1161 +8.333325724e-06 +8.333325724e-06 -4.669999167e+01 -4.669999167e+01 +3.2437e-01 +1.0526e+00 -2.3867e+00
1185 +2.407099757e-06 +2.407099757e-06 -4.669999759e+01 -4.669999759e+01 +3.2427e-01 +1.0525e+00 -2.3872e+00
1203 +3.939974320e-07 +3.939974320e-07 -4.669999961e+01 -4.669999961e+01 +3.2400e-01 +1.0518e+00 -2.3886e+00
1233 +1.688268441e-07 +1.688268441e-07 -4.669999983e+01 -4.669999983e+01 +3.2399e-01 +1.0518e+00 -2.3885e+00
1257 +1.178339915e-07 +1.178339915e-07 -4.669999988e+01 -4.669999988e+01 +3.2413e-01 +1.0521e+00 -2.3880e+00
1264 +5.917337376e-08 +5.917337376e-08 -4.669999994e+01 -4.669999994e+01 +3.2406e-01 +1.0519e+00 -2.3884e+00
1289 +3.122923431e-08 +3.122923431e-08 -4.669999997e+01 -4.669999997e+01 +3.2407e-01 +1.0519e+00 -2.3883e+00
1290 +2.357911910e-08 +2.357911910e-08 -4.669999998e+01 -4.669999998e+01 +3.2404e-01 +1.0519e+00 -2.3884e+00
1296 +8.195463863e-09 +8.195463863e-09 -4.669999999e+01 -4.669999999e+01 +3.2396e-01 +1.0517e+00 -2.3888e+00
1319 +1.358749557e-09 +1.358749557e-09 -4.670000000e+01 -4.670000000e+01 +3.2400e-01 +1.0518e+00 -2.3886e+00
1354 +3.221956035e-10 +3.221956035e-10 -4.670000000e+01 -4.670000000e+01 +3.2400e-01 +1.0518e+00 -2.3886e+00
1363 +1.597513233e-10 +1.597513233e-10 -4.670000000e+01 -4.670000000e+01 +3.2400e-01 +1.0518e+00 -2.3886e+00
1388 +6.092193416e-11 +6.092193416e-11 -4.670000000e+01 -4.670000000e+01 +3.2400e-01 +1.0518e+00 -2.3886e+00
1418 +3.427658157e-11 +3.427658157e-11 -4.670000000e+01 -4.670000000e+01 +3.2400e-01 +1.0518e+00 -2.3886e+00
1426 +2.335553972e-11 +2.335553972e-11 -4.670000000e+01 -4.670000000e+01 +3.2400e-01 +1.0518e+00 -2.3886e+00
1431 +1.552535878e-11 +1.552535878e-11 -4.670000000e+01 -4.670000000e+01 +3.2400e-01 +1.0518e+00 -2.3886e+00
1437 +5.037747997e-12 +5.037747997e-12 -4.670000000e+01 -4.670000000e+01 +3.2400e-01 +1.0518e+00 -2.3886e+00
1462 +1.008970685e-12 +1.008970685e-12 -4.670000000e+01 -4.670000000e+01 +3.2400e-01 +1.0518e+00 -2.3886e+00
1487 +8.668621376e-13 +8.668621376e-13 -4.670000000e+01 -4.670000000e+01 +3.2400e-01 +1.0518e+00 -2.3886e+00
1489 +2.629008122e-13 +2.629008122e-13 -4.670000000e+01 -4.670000000e+01 +3.2400e-01 +1.0518e+00 -2.3886e+00
1499 +1.421085472e-13 +1.421085472e-13 -4.670000000e+01 -4.670000000e+01 +3.2400e-01 +1.0518e+00 -2.3886e+00
1534 +2.842170943e-14 +2.842170943e-14 -4.670000000e+01 -4.670000000e+01 +3.2400e-01 +1.0518e+00 -2.3886e+00
1558 +2.131628207e-14 +2.131628207e-14 -4.670000000e+01 -4.670000000e+01 +3.2400e-01 +1.0518e+00 -2.3886e+00
1566 +7.105427358e-15 +7.105427358e-15 -4.670000000e+01 -4.670000000e+01 +3.2400e-01 +1.0518e+00 -2.3886e+00
1577 +0.000000000e+00 +0.000000000e+00 -4.670000000e+01 -4.670000000e+01 +3.2400e-01 +1.0518e+00 -2.3886e+00
% function evaluation | noise-free fitness - Fopt (-9.308000000000e+01) | best noise-free fitness - Fopt | measured fitness | best measured fitness | x1 | x2...
1 +1.878193778e+04 +1.878193778e+04 +1.868885778e+04 +1.868885778e+04 +2.0780e-01 +1.1386e+00 +4.9474e-01
8 +2.518433882e+03 +2.518433882e+03 +2.425353882e+03 +2.425353882e+03 +3.3444e-01 -1.1666e+00 +8.6436e-01
11 +2.230236638e+03 +2.230236638e+03 +2.137156638e+03 +2.137156638e+03 +3.6349e-01 -2.9892e-01 +2.7983e+00
14 +3.924969120e+02 +3.924969120e+02 +2.994169120e+02 +2.994169120e+02 -3.8323e+00 -2.1828e+00 -1.6412e+00
17 +1.247684045e+02 +1.247684045e+02 +3.168840446e+01 +3.168840446e+01 -3.5449e+00 -2.1763e+00 -8.7579e-01
21 +2.632766644e+01 +2.632766644e+01 -6.675233356e+01 -6.675233356e+01 -2.2063e+00 -3.2358e+00 -1.5673e+00
31 +2.506259138e+01 +2.506259138e+01 -6.801740862e+01 -6.801740862e+01 -2.5785e+00 -2.2991e+00 -1.5434e+00
71 +8.159590432e+00 +8.159590432e+00 -8.492040957e+01 -8.492040957e+01 -1.8552e+00 -2.5403e+00 -1.7021e+00
78 +2.025454912e+00 +2.025454912e+00 -9.105454509e+01 -9.105454509e+01 -1.6423e+00 -2.4554e+00 -1.5265e+00
132 +1.389678993e+00 +1.389678993e+00 -9.169032101e+01 -9.169032101e+01 -1.9311e+00 -2.6697e+00 -1.5239e+00
191 +9.849454204e-01 +9.849454204e-01 -9.209505458e+01 -9.209505458e+01 -1.8108e+00 -2.6215e+00 -1.4970e+00
197 +5.866537101e-01 +5.866537101e-01 -9.249334629e+01 -9.249334629e+01 -1.6153e+00 -2.4346e+00 -1.3985e+00
234 +2.960452782e-01 +2.960452782e-01 -9.278395472e+01 -9.278395472e+01 -1.4703e+00 -2.2209e+00 -1.2109e+00
290 +2.162218801e-01 +2.162218801e-01 -9.286377812e+01 -9.286377812e+01 -1.4477e+00 -2.1842e+00 -1.1278e+00
341 +1.511803575e-01 +1.511803575e-01 -9.292881964e+01 -9.292881964e+01 -1.4105e+00 -2.1266e+00 -1.0720e+00
388 +8.742893623e-02 +8.742893623e-02 -9.299257106e+01 -9.299257106e+01 -1.3820e+00 -2.0623e+00 -9.7033e-01
430 +6.301408599e-02 +6.301408599e-02 -9.301698591e+01 -9.301698591e+01 -1.3561e+00 -2.0216e+00 -9.1942e-01
458 +2.982973473e-02 +2.982973473e-02 -9.305017027e+01 -9.305017027e+01 -1.3173e+00 -1.9407e+00 -7.8072e-01
482 +2.508719031e-02 +2.508719031e-02 -9.305491281e+01 -9.305491281e+01 -1.3030e+00 -1.9137e+00 -7.3783e-01
515 +1.567334967e-02 +1.567334967e-02 -9.306432665e+01 -9.306432665e+01 -1.2987e+00 -1.9142e+00 -7.3641e-01
544 +6.642858069e-03 +6.642858069e-03 -9.307335714e+01 -9.307335714e+01 -1.2749e+00 -1.8702e+00 -6.5617e-01
555 +4.529375319e-03 +4.529375319e-03 -9.307547062e+01 -9.307547062e+01 -1.2650e+00 -1.8504e+00 -6.1951e-01
582 +1.219191421e-03 +1.219191421e-03 -9.307878081e+01 -9.307878081e+01 -1.2499e+00 -1.8186e+00 -5.5620e-01
583 +1.376027398e-04 +1.376027398e-04 -9.307986240e+01 -9.307986240e+01 -1.2484e+00 -1.8159e+00 -5.4727e-01
687 +6.101990758e-05 +6.101990758e-05 -9.307993898e+01 -9.307993898e+01 -1.2464e+00 -1.8119e+00 -5.3981e-01
713 +2.639042010e-05 +2.639042010e-05 -9.307997361e+01 -9.307997361e+01 -1.2439e+00 -1.8080e+00 -5.3199e-01
719 +1.630584090e-05 +1.630584090e-05 -9.307998369e+01 -9.307998369e+01 -1.2436e+00 -1.8063e+00 -5.2869e-01
757 +7.755660789e-06 +7.755660789e-06 -9.307999224e+01 -9.307999224e+01 -1.2448e+00 -1.8091e+00 -5.3422e-01
766 +4.505480163e-06 +4.505480163e-06 -9.307999549e+01 -9.307999549e+01 -1.2442e+00 -1.8078e+00 -5.3164e-01
790 +3.252119171e-06 +3.252119171e-06 -9.307999675e+01 -9.307999675e+01 -1.2433e+00 -1.8062e+00 -5.2852e-01
813 +9.487781512e-07 +9.487781512e-07 -9.307999905e+01 -9.307999905e+01 -1.2436e+00 -1.8068e+00 -5.2947e-01
838 +5.156284573e-07 +5.156284573e-07 -9.307999948e+01 -9.307999948e+01 -1.2437e+00 -1.8071e+00 -5.3014e-01
844 +1.863962069e-07 +1.863962069e-07 -9.307999981e+01 -9.307999981e+01 -1.2438e+00 -1.8072e+00 -5.3048e-01
857 +8.714953026e-08 +8.714953026e-08 -9.307999991e+01 -9.307999991e+01 -1.2437e+00 -1.8071e+00 -5.3017e-01
868 +5.707956063e-08 +5.707956063e-08 -9.307999994e+01 -9.307999994e+01 -1.2437e+00 -1.8070e+00 -5.3005e-01
886 +3.795001646e-08 +3.795001646e-08 -9.307999996e+01 -9.307999996e+01 -1.2437e+00 -1.8071e+00 -5.3017e-01
910 +2.369687024e-08 +2.369687024e-08 -9.307999998e+01 -9.307999998e+01 -1.2439e+00 -1.8073e+00 -5.3067e-01
913 +1.276929140e-08 +1.276929140e-08 -9.307999999e+01 -9.307999999e+01 -1.2438e+00 -1.8072e+00 -5.3038e-01
935 +1.710958486e-09 +1.710958486e-09 -9.308000000e+01 -9.308000000e+01 -1.2438e+00 -1.8072e+00 -5.3040e-01
951 +1.580190201e-09 +1.580190201e-09 -9.308000000e+01 -9.308000000e+01 -1.2438e+00 -1.8072e+00 -5.3039e-01
956 +3.861373443e-10 +3.861373443e-10 -9.308000000e+01 -9.308000000e+01 -1.2438e+00 -1.8072e+00 -5.3042e-01
974 +2.486189032e-10 +2.486189032e-10 -9.308000000e+01 -9.308000000e+01 -1.2438e+00 -1.8072e+00 -5.3041e-01
995 +3.821298833e-11 +3.821298833e-11 -9.308000000e+01 -9.308000000e+01 -1.2438e+00 -1.8072e+00 -5.3041e-01
1026 +2.155786660e-11 +2.155786660e-11 -9.308000000e+01 -9.308000000e+01 -1.2438e+00 -1.8072e+00 -5.3039e-01
1027 +1.064393018e-11 +1.064393018e-11 -9.308000000e+01 -9.308000000e+01 -1.2438e+00 -1.8072e+00 -5.3040e-01
1037 +7.247535905e-12 +7.247535905e-12 -9.308000000e+01 -9.308000000e+01 -1.2438e+00 -1.8072e+00 -5.3040e-01
1050 +2.827960088e-12 +2.827960088e-12 -9.308000000e+01 -9.308000000e+01 -1.2438e+00 -1.8072e+00 -5.3040e-01
1064 +3.552713679e-13 +3.552713679e-13 -9.308000000e+01 -9.308000000e+01 -1.2438e+00 -1.8072e+00 -5.3040e-01
1101 +1.563194019e-13 +1.563194019e-13 -9.308000000e+01 -9.308000000e+01 -1.2438e+00 -1.8072e+00 -5.3040e-01
1103 +8.526512829e-14 +8.526512829e-14 -9.308000000e+01 -9.308000000e+01 -1.2438e+00 -1.8072e+00 -5.3040e-01
1122 +4.263256415e-14 +4.263256415e-14 -9.308000000e+01 -9.308000000e+01 -1.2438e+00 -1.8072e+00 -5.3040e-01
1126 +1.421085472e-14 +1.421085472e-14 -9.308000000e+01 -9.308000000e+01 -1.2438e+00 -1.8072e+00 -5.3040e-01
1154 +0.000000000e+00 +0.000000000e+00 -9.308000000e+01 -9.308000000e+01 -1.2438e+00 -1.8072e+00 -5.3040e-01
% function evaluation | noise-free fitness - Fopt (4.168000000000e+01) | best noise-free fitness - Fopt | measured fitness | best measured fitness | x1 | x2...
1 +1.335301781e+04 +1.335301781e+04 +1.339469781e+04 +1.339469781e+04 +3.3656e+00 +5.5367e-01 -1.1500e+00
8 +5.841499015e+03 +5.841499015e+03 +5.883179015e+03 +5.883179015e+03 +3.4922e+00 -1.7515e+00 -7.8035e-01
12 +3.285406199e+03 +3.285406199e+03 +3.327086199e+03 +3.327086199e+03 +2.3290e+00 -3.4166e-01 -6.2511e-01
14 +2.269120693e+03 +2.269120693e+03 +2.310800693e+03 +2.310800693e+03 -6.7448e-01 -2.7678e+00 -3.2859e+00
26 +1.090579736e+03 +1.090579736e+03 +1.132259736e+03 +1.132259736e+03 +2.0885e+00 -3.0925e+00 -5.4931e-01
31 +6.046091821e+02 +6.046091821e+02 +6.462891821e+02 +6.462891821e+02 +1.3408e+00 -2.7938e+00 -1.3249e+00
50 +2.084839361e+02 +2.084839361e+02 +2.501639361e+02 +2.501639361e+02 +8.3728e-01 -3.2369e+00 +2.6572e+00
77 +1.055008376e+02 +1.055008376e+02 +1.471808376e+02 +1.471808376e+02 +3.6281e-01 -2.9396e+00 +1.8992e+00
97 +4.853538980e+01 +4.853538980e+01 +9.021538980e+01 +9.021538980e+01 +1.0924e+00 -1.5551e+00 +1.7538e+00
102 +2.684102993e+01 +2.684102993e+01 +6.852102993e+01 +6.852102993e+01 +1.5599e+00 -1.3094e+00 +1.5773e+00
111 +8.907239995e+00 +8.907239995e+00 +5.058723999e+01 +5.058723999e+01 +9.1347e-01 -2.5613e+00 +9.8651e-01
112 +3.396059863e+00 +3.396059863e+00 +4.507605986e+01 +4.507605986e+01 +1.0879e+00 -2.0920e+00 +1.0162e+00
191 +1.531308356e+00 +1.531308356e+00 +4.321130836e+01 +4.321130836e+01 +9.7506e-01 -2.2950e+00 +7.8148e-01
201 +8.143090820e-01 +8.143090820e-01 +4.249430908e+01 +4.249430908e+01 +1.1701e+00 -2.1206e+00 +8.8767e-01
416 +5.088267046e-01 +5.088267046e-01 +4.218882670e+01 +4.218882670e+01 +1.3249e+00 -1.9812e+00 +1.0074e+00
451 +3.397483178e-01 +3.397483178e-01 +4.201974832e+01 +4.201974832e+01 +1.3693e+00 -1.9028e+00 +1.0666e+00
468 +2.188214185e-01 +2.188214185e-01 +4.189882142e+01 +4.189882142e+01 +1.4339e+00 -1.7991e+00 +1.1909e+00
551 +1.515768702e-01 +1.515768702e-01 +4.183157687e+01 +4.183157687e+01 +1.4871e+00 -1.7270e+00 +1.2667e+00
610 +8.791843254e-02 +8.791843254e-02 +4.176791843e+01 +4.176791843e+01 +1.5258e+00 -1.6447e+00 +1.3854e+00
625 +4.383207445e-02 +4.383207445e-02 +4.172383207e+01 +4.172383207e+01 +1.5642e+00 -1.5856e+00 +1.4845e+00
651 +2.124236499e-02 +2.124236499e-02 +4.170124236e+01 +4.170124236e+01 +1.6014e+00 -1.5150e+00 +1.6116e+00
719 +1.416943495e-02 +1.416943495e-02 +4.169416943e+01 +4.169416943e+01 +1.6098e+00 -1.5030e+00 +1.6265e+00
755 +8.484358388e-03 +8.484358388e-03 +4.168848436e+01 +4.168848436e+01 +1.6392e+00 -1.4350e+00 +1.7512e+00
765 +3.798210431e-03 +3.798210431e-03 +4.168379821e+01 +4.168379821e+01 +1.6380e+00 -1.4421e+00 +1.7372e+00
828 +1.799085978e-03 +1.799085978e-03 +4.168179909e+01 +4.168179909e+01 +1.6440e+00 -1.4353e+00 +1.7518e+00
837 +1.310415783e-03 +1.310415783e-03 +4.168131042e+01 +4.168131042e+01 +1.6462e+00 -1.4303e+00 +1.7610e+00
857 +9.925115472e-04 +9.925115472e-04 +4.168099251e+01 +4.168099251e+01 +1.6470e+00 -1.4274e+00 +1.7670e+00
884 +6.213599247e-04 +6.213599247e-04 +4.168062136e+01 +4.168062136e+01 +1.6509e+00 -1.4196e+00 +1.7819e+00
905 +3.283916688e-04 +3.283916688e-04 +4.168032839e+01 +4.168032839e+01 +1.6535e+00 -1.4154e+00 +1.7917e+00
941 +7.610498206e-05 +7.610498206e-05 +4.168007610e+01 +4.168007610e+01 +1.6577e+00 -1.4070e+00 +1.8081e+00
969 +5.503172365e-05 +5.503172365e-05 +4.168005503e+01 +4.168005503e+01 +1.6594e+00 -1.4033e+00 +1.8158e+00
975 +2.135815672e-05 +2.135815672e-05 +4.168002136e+01 +4.168002136e+01 +1.6588e+00 -1.4044e+00 +1.8129e+00
995 +1.136968094e-05 +1.136968094e-05 +4.168001137e+01 +4.168001137e+01 +1.6605e+00 -1.4010e+00 +1.8202e+00
1002 +6.964997844e-06 +6.964997844e-06 +4.168000696e+01 +4.168000696e+01 +1.6600e+00 -1.4018e+00 +1.8181e+00
1007 +6.115986821e-06 +6.115986821e-06 +4.168000612e+01 +4.168000612e+01 +1.6613e+00 -1.3996e+00 +1.8228e+00
1041 +1.122519102e-06 +1.122519102e-06 +4.168000112e+01 +4.168000112e+01 +1.6606e+00 -1.4008e+00 +1.8202e+00
1052 +5.548299313e-07 +5.548299313e-07 +4.168000055e+01 +4.168000055e+01 +1.6609e+00 -1.4002e+00 +1.8214e+00
1074 +3.036913725e-07 +3.036913725e-07 +4.168000030e+01 +4.168000030e+01 +1.6606e+00 -1.4009e+00 +1.8200e+00
1075 +4.227479877e-08 +4.227479877e-08 +4.168000004e+01 +4.168000004e+01 +1.6609e+00 -1.4003e+00 +1.8212e+00
1115 +3.631674872e-08 +3.631674872e-08 +4.168000004e+01 +4.168000004e+01 +1.6608e+00 -1.4003e+00 +1.8211e+00
1132 +2.219125861e-08 +2.219125861e-08 +4.168000002e+01 +4.168000002e+01 +1.6608e+00 -1.4004e+00 +1.8211e+00
1146 +1.514818848e-08 +1.514818848e-08 +4.168000002e+01 +4.168000002e+01 +1.6608e+00 -1.4004e+00 +1.8209e+00
1148 +4.938272014e-09 +4.938272014e-09 +4.168000000e+01 +4.168000000e+01 +1.6608e+00 -1.4003e+00 +1.8211e+00
1160 +2.602966731e-09 +2.602966731e-09 +4.168000000e+01 +4.168000000e+01 +1.6608e+00 -1.4004e+00 +1.8210e+00
1175 +1.322874255e-09 +1.322874255e-09 +4.168000000e+01 +4.168000000e+01 +1.6608e+00 -1.4004e+00 +1.8210e+00
1203 +9.086846831e-10 +9.086846831e-10 +4.168000000e+01 +4.168000000e+01 +1.6608e+00 -1.4004e+00 +1.8210e+00
1218 +3.162696771e-10 +3.162696771e-10 +4.168000000e+01 +4.168000000e+01 +1.6608e+00 -1.4004e+00 +1.8210e+00
1226 +2.490168072e-10 +2.490168072e-10 +4.168000000e+01 +4.168000000e+01 +1.6608e+00 -1.4004e+00 +1.8210e+00
1254 +5.167066774e-11 +5.167066774e-11 +4.168000000e+01 +4.168000000e+01 +1.6608e+00 -1.4004e+00 +1.8210e+00
1262 +3.200995025e-11 +3.200995025e-11 +4.168000000e+01 +4.168000000e+01 +1.6608e+00 -1.4004e+00 +1.8210e+00
1277 +1.411848416e-11 +1.411848416e-11 +4.168000000e+01 +4.168000000e+01 +1.6608e+00 -1.4004e+00 +1.8210e+00
1305 +7.247535905e-12 +7.247535905e-12 +4.168000000e+01 +4.168000000e+01 +1.6608e+00 -1.4004e+00 +1.8210e+00
1344 +1.477928890e-12 +1.477928890e-12 +4.168000000e+01 +4.168000000e+01 +1.6608e+00 -1.4004e+00 +1.8210e+00
1351 +9.308109838e-13 +9.308109838e-13 +4.168000000e+01 +4.168000000e+01 +1.6608e+00 -1.4004e+00 +1.8210e+00
1363 +2.060573934e-13 +2.060573934e-13 +4.168000000e+01 +4.168000000e+01 +1.6608e+00 -1.4004e+00 +1.8210e+00
1384 +4.263256415e-14 +4.263256415e-14 +4.168000000e+01 +4.168000000e+01 +1.6608e+00 -1.4004e+00 +1.8210e+00
1424 +3.552713679e-14 +3.552713679e-14 +4.168000000e+01 +4.168000000e+01 +1.6608e+00 -1.4004e+00 +1.8210e+00
1426 +1.421085472e-14 +1.421085472e-14 +4.168000000e+01 +4.168000000e+01 +1.6608e+00 -1.4004e+00 +1.8210e+00
1473 +7.105427358e-15 +7.105427358e-15 +4.168000000e+01 +4.168000000e+01 +1.6608e+00 -1.4004e+00 +1.8210e+00
1495 +0.000000000e+00 +0.000000000e+00 +4.168000000e+01 +4.168000000e+01 +1.6608e+00 -1.4004e+00 +1.8210e+00
