% function evaluation | noise-free fitness - Fopt (1.491500000000e+02) | best noise-free fitness - Fopt | measured fitness | best measured fitness | x1 | x2...
1 +1.526997647e+05 +1.526997647e+05 +1.528489147e+05 +1.528489147e+05 +3.2086e+00 -1.2050e+00 +8.4740e-01 -6.9546e-01 +1.3710e+00 +1.0456e+00 +2.3850e+00 +1.4631e+00 -7.7798e-01 -2.5641e+00 -2.0722e+00 -2.3342e+00 +2.6195e-01 -9.7720e-01 +8.1563e-01 -2.0231e+00 -3.4714e+00 -2.3558e+00 -2.8087e+00 +2.4499e+00
18 +6.951415328e+04 +6.951415328e+04 +6.966330328e+04 +6.966330328e+04 +1.1188e+00 -1.6286e+00 -8.0001e-02 -2.1832e+00 -1.0819e+00 +5.6127e-02 +2.3866e+00 +1.3908e+00 +4.8111e-01 -1.9252e+00 -1.3646e+00 +8.3109e-01 +3.4946e+00 -8.9991e-01 +1.9841e+00 -1.8931e+00 -3.2625e+00 +6.5549e-01 -2.9009e+00 +7.7022e-01
32 +5.391012569e+04 +5.391012569e+04 +5.405927569e+04 +5.405927569e+04 -3.6327e-01 +6.4729e-01 -2.2503e-01 -6.1159e-01 -2.7992e+00 -1.5660e+00 +2.4430e+00 +7.3151e-01 +2.1031e+00 -2.3741e-01 -1.4093e+00 -8.7613e-01 +2.1215e+00 -3.3085e+00 +4.4442e-01 -4.1503e+00 +1.6680e+00 -1.6961e+00 -2.9672e+00 +8.7334e-01
63 +3.958083257e+04 +3.958083257e+04 +3.972998257e+04 +3.972998257e+04 -9.8567e-01 +6.2682e-01 -1.1450e+00 +2.0096e+00 -2.0120e+00 +2.9027e-01 +1.3622e+00 -1.3629e+00 +3.9260e-01 +1.0502e+00 -1.5729e+00 +1.0073e+00 +1.0214e+00 -1.5430e+00 +3.7278e-01 -2.8992e+00 -3.7676e+00 +2.9926e+00 -4.9618e+00 +1.8048e-01
75 +2.500735918e+04 +2.500735918e+04 +2.515650918e+04 +2.515650918e+04 +5.7251e-01 -3.2818e+00 -4.1103e-01 +2.7124e-01 -3.8833e+00 -2.6884e-02 +1.2332e+00 -4.9569e-02 +1.7374e+00 +4.4515e-01 -6.0516e-01 +7.5970e-01 +2.0603e+00 -2.7599e+00 +6.4134e-01 -6.0154e-01 -2.2504e+00 +1.6124e+00 -5.9665e+00 +7.9030e-01
139 +1.338667491e+04 +1.338667491e+04 +1.353582491e+04 +1.353582491e+04 -2.4191e+00 -2.0572e-01 -1.4732e-01 +2.5932e+00 -2.0127e+00 -1.6299e+00 +3.0869e-01 -1.1319e+00 -2.7199e-01 +3.4514e-01 -2.7743e+00 +1.7019e+00 +3.9465e+00 -5.0800e-01 +1.1882e+00 -2.4481e-01 -2.0379e-01 +9.1816e-01 -3.8080e+00 +2.2088e+00
159 +7.154205640e+03 +7.154205640e+03 +7.303355640e+03 +7.303355640e+03 -1.1611e+00 -1.5050e-01 +2.4768e-01 +8.1893e-01 -2.7840e+00 -1.8324e+00 +1.2776e-01 -2.4311e+00 -1.2008e+00 -2.1753e+00 -2.9465e+00 +1.6808e+00 +2.5043e+00 -2.5438e+00 -5.1971e-01 +4.2197e-01 +7.3698e-01 +1.8460e+00 -7.1902e-01 +3.0573e+00
183 +5.149149325e+03 +5.149149325e+03 +5.298299325e+03 +5.298299325e+03 -1.9034e+00 +3.2299e-01 -5.0521e-01 +1.8982e+00 -2.3113e+00 -3.0211e+00 -1.6982e+00 -2.4188e-01 -7.2282e-01 -2.0831e+00 -1.4634e+00 +2.9569e-01 +2.4313e+00 -2.6899e+00 -1.6040e+00 +1.1140e-02 +4.8737e-01 -1.2265e+00 -6.3202e-01 +1.4733e+00
321 +2.581389480e+03 +2.581389480e+03 +2.730539480e+03 +2.730539480e+03 -1.3663e+00 -1.6653e+00 +4.4910e-01 +1.6638e+00 -4.1406e+00 -2.1556e+00 -5.0819e-01 -7.8437e-01 -1.3896e-01 +1.3096e-01 -1.2201e+00 +1.3929e+00 +1.6917e+00 -5.5369e-01 -2.5444e+00 -1.7589e+00 -7.0143e-01 +6.7901e-01 -6.6270e-01 +2.2318e+00
343 +1.311289219e+03 +1.311289219e+03 +1.460439219e+03 +1.460439219e+03 -2.4469e+00 -5.4593e-01 -3.5400e-01 +8.1778e-01 -3.8551e+00 -3.2217e+00 -4.9210e-01 -2.8051e+00 -1.1487e+00 +5.0113e-01 -1.8132e+00 +9.2018e-01 +2.0837e+00 -1.3038e+00 -1.8908e+00 -8.7582e-01 -2.1829e-02 +1.2502e+00 -3.4121e-01 +2.5291e+00
423 +9.993052344e+02 +9.993052344e+02 +1.148455234e+03 +1.148455234e+03 -2.2842e+00 -1.0400e+00 -7.2045e-01 +9.0111e-01 -2.9681e+00 -2.9029e+00 -1.6116e+00 -2.0148e+00 -3.9325e-01 -4.4777e-01 -2.8989e+00 -9.8765e-03 +9.5209e-01 -1.9650e+00 -8.1249e-01 -1.0533e+00 -1.1840e+00 +1.1494e+00 -4.8918e-01 +2.4597e+00
475 +5.424361520e+02 +5.424361520e+02 +6.915861520e+02 +6.915861520e+02 -1.1507e+00 -8.0721e-01 -8.8990e-01 +9.7123e-01 -3.3032e+00 -2.9754e+00 -8.5158e-01 -1.1976e+00 -4.3293e-02 +2.8460e-01 -2.1389e+00 +1.8038e-01 +2.2574e+00 -2.1799e+00 -1.2990e+00 -1.0766e+00 -1.3363e+00 +1.1425e+00 -2.7793e-01 +1.7759e+00
510 +3.620775365e+02 +3.620775365e+02 +5.112275365e+02 +5.112275365e+02 -1.5917e+00 -1.6594e+00 -1.3491e+00 +9.5690e-01 -3.6960e+00 -2.7331e+00 -1.2723e+00 -1.4917e+00 -5.2604e-01 -3.1330e-01 -2.3129e+00 -2.9767e-01 +1.8643e+00 -1.9174e+00 -1.4269e+00 -1.6222e+00 -1.3887e+00 +1.0347e+00 -4.4885e-01 +1.1019e+00
818 +2.240619236e+02 +2.240619236e+02 +3.732119236e+02 +3.732119236e+02 -1.5097e+00 -1.3387e+00 -8.8903e-01 +6.3214e-01 -3.3570e+00 -2.2337e+00 -1.5074e+00 -2.0117e+00 -7.6076e-01 -6.8236e-01 -2.3093e+00 -1.5661e-01 +1.8828e+00 -1.2340e+00 -1.6124e+00 -1.7532e+00 -3.7883e-02 +1.1085e+00 -6.0524e-01 +1.3911e+00
1015 +1.566680787e+02 +1.566680787e+02 +3.058180787e+02 +3.058180787e+02 -1.5745e+00 -1.0433e+00 -9.4277e-01 +6.1646e-01 -3.5228e+00 -2.1384e+00 -1.6392e+00 -2.0511e+00 -9.3418e-01 -4.2489e-01 -2.4841e+00 -5.9564e-02 +1.7921e+00 -1.6574e+00 -1.6828e+00 -1.9213e+00 +1.0325e-01 +1.1182e+00 -5.8212e-01 +1.3972e+00
3166 +9.968187285e+01 +9.968187285e+01 +2.488318729e+02 +2.488318729e+02 -1.6209e+00 -1.0517e+00 -8.1925e-01 +8.2063e-01 -3.7757e+00 -2.1824e+00 -1.7041e+00 -2.0388e+00 -9.0762e-01 -5.2735e-01 -2.6580e+00 -1.4976e-01 +1.7968e+00 -1.5288e+00 -1.6678e+00 -2.1229e+00 +9.6641e-02 +7.8785e-01 -1.3301e+00 -1.6856e+00
3685 +6.277163293e+01 +6.277163293e+01 +2.119216329e+02 +2.119216329e+02 -1.6019e+00 -9.9601e-01 -9.3395e-01 +8.5805e-01 -3.7324e+00 -2.2494e+00 -1.7451e+00 -2.1469e+00 -9.2065e-01 -4.8405e-01 -2.6991e+00 -1.7436e-01 +1.7989e+00 -1.5433e+00 -1.6939e+00 -1.7569e+00 -3.7426e-01 +2.0567e-01 -2.4416e+00 -3.9486e+00
3889 +3.593158501e+01 +3.593158501e+01 +1.850815850e+02 +1.850815850e+02 -1.5257e+00 -1.1542e+00 -8.4546e-01 +6.6050e-01 -3.7159e+00 -2.0810e+00 -1.7670e+00 -1.9037e+00 -8.5709e-01 -5.1485e-01 -2.7039e+00 -2.7248e-01 +1.7690e+00 -1.4712e+00 -1.7035e+00 -1.2943e+00 -6.4608e-01 -2.3627e-01 -2.7866e+00 -3.8345e+00
4355 +2.488944960e+01 +2.488944960e+01 +1.740394496e+02 +1.740394496e+02 -1.5513e+00 -1.0823e+00 -9.6308e-01 +8.4281e-01 -3.6992e+00 -2.2482e+00 -1.8169e+00 -2.0109e+00 -9.1442e-01 -5.8530e-01 -2.7368e+00 -2.5379e-01 +1.8191e+00 -1.5419e+00 -1.6873e+00 -1.3937e+00 -7.9058e-01 -3.5665e-01 -2.8466e+00 -3.9045e+00
% function evaluation | noise-free fitness - Fopt (-1.000000000000e+03) | best noise-free fitness - Fopt | measured fitness | best measured fitness | x1 | x2...
1 +2.876857494e+05 +2.876857494e+05 +2.866857494e+05 +2.866857494e+05 -2.9949e+00 +3.1509e+00 +3.7285e+00 +1.2642e+00 -2.9091e+00 -2.6013e+00 -1.7795e+00 +5.1903e-01 -2.4069e+00 -3.6329e+00 +3.2331e+00 +1.5431e+00 +1.3388e+00 -7.1610e-01 +1.9730e+00 -3.5493e+00 -8.3202e-01 +1.9789e+00 -1.4348e+00 -1.6102e+00
2 +2.073323610e+05 +2.073323610e+05 +2.063323610e+05 +2.063323610e+05 -4.2963e+00 +2.7184e+00 +1.5509e+00 -8.7765e-01 -2.3436e+00 -2.5364e+00 -8.9046e-01 +1.6575e+00 +5.1832e-01 -1.2748e+00 +4.4686e+00 -4.2497e-01 +1.4197e+00 +1.0133e-01 +3.3583e+00 -1.9898e+00 +1.0718e+00 -7.7793e-01 -1.3081e+00 -3.9154e+00
7 +1.340124999e+05 +1.340124999e+05 +1.330124999e+05 +1.330124999e+05 +8.5989e-01 +2.7122e+00 +2.9089e+00 +4.3940e-01 -5.1184e+00 -2.4497e+00 -9.8255e-02 -1.8292e-02 -2.7964e+00 +1.2994e+00 +2.2477e+00 +1.9630e+00 -2.2654e-01 -1.2056e+00 +2.5886e+00 -1.4082e+00 -1.4665e+00 -2.7703e-01 -2.3408e+00 -4.0700e+00
20 +6.427994709e+04 +6.427994709e+04 +6.327994709e+04 +6.327994709e+04 -3.1601e+00 +1.9679e+00 +1.0972e+00 -5.0012e-01 -8.2956e-01 -2.4918e+00 -3.6002e+00 -1.0679e+00 -1.5195e+00 -2.3176e+00 +9.5590e-01 -4.7039e-01 +1.3386e+00 -4.8884e-01 +1.0786e+00 -1.4904e+00 +2.4131e+00 -1.1024e+00 -4.4466e+00 -5.3007e+00
54 +6.144097428e+04 +6.144097428e+04 +6.044097428e+04 +6.044097428e+04 -2.9892e+00 +3.6462e+00 +1.5607e+00 -3.1056e+00 -3.2808e+00 -1.5265e+00 -5.4020e+00 -2.0531e+00 +1.5642e+00 +2.9763e+00 -8.9123e-01 -9.2673e-02 -3.5539e+00 +5.9228e-01 +3.0013e+00 -6.6066e-01 +2.5000e-01 -1.0177e+00 -2.0929e-01 -2.2170e+00
61 +3.272059897e+04 +3.272059897e+04 +3.172059897e+04 +3.172059897e+04 -3.1715e+00 +1.7562e+00 +2.7893e+00 -1.4631e+00 -2.4466e+00 -3.1105e+00 -4.7317e+00 +2.6759e-01 -1.2792e+00 +4.1488e+00 -1.6595e+00 -5.5532e-01 +2.0586e+00 -9.7161e-01 +1.1643e+00 -1.7055e+00 +1.8449e+00 -1.9101e+00 -3.6364e+00 -3.0824e+00
131 +1.583402382e+04 +1.583402382e+04 +1.483402382e+04 +1.483402382e+04 -2.9528e+00 +1.7593e+00 +1.6859e-01 -2.9078e-01 -3.4748e+00 -2.0463e+00 -2.6979e+00 -4.2735e-02 -2.3397e+00 +3.5656e+00 -1.4104e+00 -3.6774e+00 -1.6712e+00 -5.3198e+00 +7.5220e-01 -2.6462e+00 -6.1800e-01 -2.2547e+00 -2.3884e+00 -3.3751e-01
191 +5.814863875e+03 +5.814863875e+03 +4.814863875e+03 +4.814863875e+03 -2.7742e+00 +7.4028e-01 -7.5344e-01 -2.1219e+00 -1.6573e+00 -2.0052e+00 -2.7031e+00 -3.7861e-01 +3.6713e-01 +5.0149e-01 -1.6028e+00 -4.9335e-01 +7.6568e-02 -4.1713e+00 +6.4218e-01 -3.6999e-01 -7.6954e-01 -2.7884e+00 -1.4659e+00 -2.5133e+00
280 +3.314353520e+03 +3.314353520e+03 +2.314353520e+03 +2.314353520e+03 -5.0433e+00 -8.5947e-01 +3.0167e-01 -3.0064e+00 -1.9694e+00 +1.4222e-02 -3.5410e+00 -5.6840e-01 +1.2279e+00 +2.7138e+00 -1.1279e+00 -2.6606e+00 -1.8577e+00 -3.2913e+00 +1.0028e+00 -1.2481e+00 -1.3460e+00 -4.9783e+00 -1.9968e+00 -4.5343e+00
313 +2.467386841e+03 +2.467386841e+03 +1.467386841e+03 +1.467386841e+03 -3.9653e+00 +1.0126e+00 +1.1496e+00 -2.1855e+00 -2.8044e+00 -4.9927e-01 -3.5225e+00 -1.3702e+00 +8.7764e-01 +1.2234e+00 -1.0478e+00 -3.5635e+00 -2.0901e+00 -4.0103e+00 +9.7680e-01 -1.5257e+00 +3.5036e-01 -2.8182e+00 -2.2732e+00 -4.9861e+00
384 +1.491673547e+03 +1.491673547e+03 +4.916735470e+02 +4.916735470e+02 -4.0681e+00 +1.7464e-01 +1.2422e+00 -2.7144e+00 -1.7109e+00 -1.2236e+00 -2.7432e+00 -1.2464e+00 +1.7335e-01 +2.6853e+00 -1.8358e+00 -2.0595e+00 -1.4703e+00 -4.1127e+00 +3.0735e-01 -4.6731e-01 +6.9343e-01 -2.4104e+00 -3.1559e+00 -2.7441e+00
395 +9.091146805e+02 +9.091146805e+02 -9.088531948e+01 -9.088531948e+01 -3.3068e+00 +5.0038e-01 -2.4204e-01 -2.5635e+00 -2.3120e+00 -9.1984e-01 -3.5935e+00 -9.9375e-01 +6.3045e-01 +2.6736e+00 -1.3546e+00 -1.9922e+00 -1.9048e+00 -4.4652e+00 +5.8219e-01 -1.0585e+00 +3.4890e-01 -2.7225e+00 -2.3392e+00 -4.0442e+00
412 +5.060109042e+02 +5.060109042e+02 -4.939890958e+02 -4.939890958e+02 -3.0652e+00 +9.6214e-01 +1.5324e+00 -1.5534e+00 -2.7011e+00 -5.1440e-01 -3.1059e+00 -1.7523e+00 -1.4325e-01 +2.7415e+00 -1.2104e+00 -1.3417e+00 -1.5971e+00 -3.6578e+00 -2.1720e-01 -1.2512e+00 -3.1881e-01 -2.7760e+00 -3.2988e+00 -3.1594e+00
483 +2.453044527e+02 +2.453044527e+02 -7.546955473e+02 -7.546955473e+02 -3.7374e+00 +1.9192e-01 +6.0409e-01 -2.1780e+00 -2.6623e+00 -9.7071e-01 -2.9269e+00 -2.2536e+00 +5.0604e-01 +2.8056e+00 -1.3860e+00 -1.3641e+00 -1.3095e+00 -3.8385e+00 -3.7918e-02 -1.0867e+00 +7.6546e-02 -3.6883e+00 -2.4096e+00 -2.6068e+00
596 +1.440443287e+02 +1.440443287e+02 -8.559556713e+02 -8.559556713e+02 -4.4392e+00 +4.0982e-01 +4.9447e-01 -2.6234e+00 -3.5072e+00 -1.0625e+00 -2.6130e+00 -2.2444e+00 +4.4228e-01 +2.3465e+00 -1.7881e+00 -2.3060e+00 -1.3135e+00 -3.6830e+00 -1.4497e-01 -1.3355e+00 -1.6486e-01 -4.0787e+00 -2.8314e+00 -2.4628e+00
669 +9.806304534e+01 +9.806304534e+01 -9.019369547e+02 -9.019369547e+02 -3.5289e+00 +4.9655e-01 +4.4006e-01 -2.3637e+00 -2.8911e+00 -6.5506e-01 -2.5577e+00 -1.8949e+00 +4.9126e-01 +2.0381e+00 -1.6035e+00 -1.5041e+00 -1.2321e+00 -3.6676e+00 -3.3113e-02 -1.6932e+00 -3.5978e-01 -3.8724e+00 -2.7366e+00 -2.4796e+00
752 +4.552980318e+01 +4.552980318e+01 -9.544701968e+02 -9.544701968e+02 -3.2401e+00 +7.0467e-01 +8.1534e-01 -2.5027e+00 -3.1872e+00 -7.3111e-01 -2.9210e+00 -2.2517e+00 -1.7791e-02 +2.0479e+00 -1.7744e+00 -2.1660e+00 -1.6720e+00 -3.8192e+00 -2.3747e-01 -1.5852e+00 -4.3528e-01 -3.6782e+00 -3.0364e+00 -2.6612e+00
861 +3.728344503e+01 +3.728344503e+01 -9.627165550e+02 -9.627165550e+02 -3.6340e+00 +2.5922e-01 +4.2376e-01 -2.6472e+00 -3.0513e+00 -8.2815e-01 -3.0019e+00 -2.1071e+00 +1.5348e-01 +1.8299e+00 -1.9370e+00 -2.1008e+00 -1.4024e+00 -3.9709e+00 -4.2891e-02 -1.8144e+00 -5.2041e-01 -3.6137e+00 -2.9947e+00 -2.6269e+00
1029 +2.511696161e+01 +2.511696161e+01 -9.748830384e+02 -9.748830384e+02 -3.2891e+00 +5.5519e-01 +7.2868e-01 -2.5899e+00 -3.0861e+00 -8.2271e-01 -2.9069e+00 -2.2468e+00 +1.5135e-01 +1.9084e+00 -1.7827e+00 -2.0660e+00 -1.5013e+00 -3.6745e+00 +1.3376e-01 -1.8414e+00 -2.9977e-01 -3.5172e+00 -2.8968e+00 -2.6657e+00
2606 +1.581480360e+01 +1.581480360e+01 -9.841851964e+02 -9.841851964e+02 -3.0116e+00 +8.7495e-01 +1.0084e+00 -2.3228e+00 -2.9905e+00 -8.2374e-01 -2.9442e+00 -2.1997e+00 +2.0890e-01 +1.9451e+00 -1.8282e+00 -2.0856e+00 -1.4604e+00 -3.7761e+00 +7.4914e-02 -1.7041e+00 -3.1902e-01 -3.6300e+00 -2.9546e+00 -2.6760e+00
% function evaluation | noise-free fitness - Fopt (9.862000000000e+01) | best noise-free fitness - Fopt | measured fitness | best measured fitness | x1 | x2...
1 +5.336222711e+05 +5.336222711e+05 +5.337208911e+05 +5.337208911e+05 +9.3696e-01 -5.8815e-01 +3.8311e+00 -2.2914e+00 +6.1674e-01 -3.4639e+00 -3.1660e+00 +1.2524e+00 +3.3329e+00 -2.5039e+00 +1.9462e+00 +1.5147e+00 -3.4539e+00 +1.5597e+00 +1.0708e+00 -3.6713e+00 +3.7174e+00 -3.0348e+00 +2.6002e+00 -3.7520e+00
18 +3.647045234e+05 +3.647045234e+05 +3.648031434e+05 +3.648031434e+05 +1.3275e+00 -3.2050e-01 +3.4378e+00 -2.1833e+00 -1.7508e-01 -3.6541e+00 -1.7600e+00 +1.7241e-01 +4.0075e-01 -4.2389e+00 +3.0553e+00 +8.8133e-01 -4.3170e+00 +2.2084e+00 -1.5412e-01 -4.0753e+00 +5.7589e+00 +4.0131e-01 +1.4685e+00 -7.0603e+00
53 +2.303578118e+05 +2.303578118e+05 +2.304564318e+05 +2.304564318e+05 -1.4456e+00 -5.0442e-02 +8.4866e-01 +1.3698e+00 -1.9022e+00 +4.1780e-01 -1.4524e+00 -1.0357e+00 -1.9626e+00 -1.6888e+00 +4.1784e+00 -6.5077e-01 -1.5615e+00 +7.9274e-01 -2.5433e-01 -4.0269e+00 +5.7589e+00 +4.6663e+00 -7.0746e-01 -9.4673e+00
63 +1.512430926e+05 +1.512430926e+05 +1.513417126e+05 +1.513417126e+05 +4.1074e-01 -7.8830e-01 -1.1956e+00 -2.9245e+00 -2.5704e-01 -2.9290e+00 -3.7178e+00 -3.5432e+00 -4.3064e-01 -2.1216e+00 +4.6402e+00 -1.9995e+00 -4.5844e+00 -1.6452e+00 -7.5845e-01 -5.7370e+00 +3.5870e+00 +4.0057e+00 +2.7011e+00 -8.9359e+00
118 +9.995612846e+04 +9.995612846e+04 +1.000547485e+05 +1.000547485e+05 -3.2609e+00 -3.5576e-01 +1.2742e+00 -3.0396e-01 -3.0409e-01 -1.4442e+00 -6.5263e+00 -4.9792e+00 -1.8295e-01 -1.5715e-01 +3.5807e+00 -3.1507e+00 -2.6164e+00 -2.7771e+00 -8.7182e-01 -1.7619e+00 -6.8758e-02 +3.3404e+00 +6.4962e-02 -7.5460e+00
159 +4.838157933e+04 +4.838157933e+04 +4.848019933e+04 +4.848019933e+04 -2.1989e+00 +6.7072e-01 +1.8407e+00 -3.6329e+00 +1.9509e+00 +1.4256e+00 -4.5947e+00 -1.7777e+00 -1.2792e+00 -3.4509e+00 +1.5709e+00 -2.8146e+00 -2.3942e+00 -3.7031e+00 -2.9300e+00 -1.4569e+00 -3.0730e+00 +8.0636e-01 +1.3769e+00 -5.2826e+00
206 +2.069147704e+04 +2.069147704e+04 +2.079009704e+04 +2.079009704e+04 -1.1470e+00 -7.7881e-01 -1.6696e-01 -4.3819e+00 +1.7679e+00 +1.1640e+00 -2.7822e+00 -3.3812e+00 -2.8708e+00 -1.5059e+00 +2.4416e+00 -2.2871e+00 -1.5167e+00 -4.6230e+00 -1.7809e+00 -2.7589e+00 -9.4660e-01 -2.5397e+00 +1.5687e+00 -1.7901e+00
253 +7.515180190e+03 +7.515180190e+03 +7.613800190e+03 +7.613800190e+03 -1.8476e+00 -1.4329e+00 +2.0031e+00 -1.7806e+00 -1.5281e+00 +1.5540e+00 -1.9941e+00 -4.5759e+00 -2.1046e+00 -2.5005e+00 +2.6295e+00 -9.9314e-01 -1.4823e+00 -3.7851e+00 -2.6302e+00 -3.8757e+00 +1.0394e+00 -1.1170e-01 +1.2790e+00 -3.5028e+00
304 +3.792936367e+03 +3.792936367e+03 +3.891556367e+03 +3.891556367e+03 -2.4108e+00 -1.5697e+00 +1.2661e+00 -2.5433e+00 -5.9878e-01 -7.2710e-01 -4.3703e-01 -2.9020e+00 -3.3783e+00 -2.2519e+00 +2.2515e+00 -3.2324e+00 -1.1119e+00 -3.7055e+00 -2.4115e+00 -1.5349e+00 +1.7661e+00 +1.9569e+00 +1.6897e+00 -1.8919e+00
348 +2.285951017e+03 +2.285951017e+03 +2.384571017e+03 +2.384571017e+03 -1.1006e+00 -1.1722e+00 +2.4360e+00 -3.5017e+00 +6.5863e-01 +7.9192e-01 -8.2205e-01 -3.9063e+00 -3.9670e+00 -1.4047e+00 +1.2309e+00 -2.1500e+00 -9.0681e-01 -2.9719e+00 -1.8590e+00 -2.3348e+00 +9.3723e-01 +7.8150e-02 +9.2021e-01 -2.4818e+00
390 +1.546731746e+03 +1.546731746e+03 +1.645351746e+03 +1.645351746e+03 -1.0354e+00 -1.2225e+00 +2.4046e+00 -3.4467e+00 +2.3978e-01 +2.2311e-01 -2.0274e+00 -4.4257e+00 -3.4017e+00 -2.4785e+00 +1.7430e+00 -2.1375e+00 +1.8594e-01 -3.1643e+00 -3.4177e+00 -3.7145e+00 +4.7330e-01 +7.5591e-01 +2.1459e+00 -2.1439e+00
442 +8.720653844e+02 +8.720653844e+02 +9.706853844e+02 +9.706853844e+02 -8.6489e-01 -1.2169e+00 +2.1035e+00 -4.1292e+00 +8.8528e-01 +4.4592e-01 -1.6953e+00 -3.1676e+00 -4.2465e+00 -8.4756e-01 +1.4641e+00 -3.0701e+00 +1.2856e+00 -2.8507e+00 -2.7904e+00 -3.1102e+00 +2.5479e-01 +4.4158e-01 +1.4228e+00 -9.1272e-01
559 +6.054998544e+02 +6.054998544e+02 +7.041198544e+02 +7.041198544e+02 -2.4728e+00 -1.4324e+00 +2.5928e+00 -2.6371e+00 -2.0661e-02 +1.4263e+00 -2.0312e+00 -3.3743e+00 -3.7123e+00 -6.1652e-01 +1.1295e+00 -2.4889e+00 +6.6101e-01 -4.1898e+00 -3.5544e+00 -2.1250e+00 +1.4706e+00 +4.5088e-01 +1.6849e+00 -1.3014e+00
592 +3.823767463e+02 +3.823767463e+02 +4.809967463e+02 +4.809967463e+02 -2.2992e+00 -1.0465e+00 +2.3764e+00 -2.3720e+00 +3.8741e-01 +1.3164e+00 -1.7723e+00 -3.5154e+00 -3.5840e+00 -2.6704e-01 +1.3446e+00 -2.0309e+00 +6.9809e-01 -3.6578e+00 -3.3801e+00 -2.7396e+00 +1.2042e+00 +4.7997e-01 +1.3705e+00 -1.4560e+00
623 +2.068747165e+02 +2.068747165e+02 +3.054947165e+02 +3.054947165e+02 -2.5819e+00 -1.3824e+00 +2.4791e+00 -2.2056e+00 +8.7349e-01 +1.3634e+00 -2.1450e+00 -3.2407e+00 -3.9650e+00 -8.5953e-01 +1.3850e+00 -2.0403e+00 +3.6479e-01 -4.0989e+00 -3.1087e+00 -2.5825e+00 +1.0471e+00 +4.8962e-01 +1.4893e+00 -4.5140e-01
738 +1.341428194e+02 +1.341428194e+02 +2.327628194e+02 +2.327628194e+02 -2.5816e+00 -1.5043e+00 +2.0178e+00 -2.7245e+00 +3.2131e-01 +1.0764e+00 -1.9476e+00 -3.9295e+00 -3.6066e+00 -4.7427e-01 +1.2463e+00 -1.8487e+00 +7.0928e-01 -3.9472e+00 -3.2325e+00 -2.9969e+00 +7.4766e-01 +3.9412e-01 +1.5517e+00 -1.0278e-01
795 +9.053589650e+01 +9.053589650e+01 +1.891558965e+02 +1.891558965e+02 -2.5156e+00 -1.4565e+00 +2.0984e+00 -2.7564e+00 +3.5622e-01 +7.9902e-01 -2.5191e+00 -4.2432e+00 -3.3733e+00 -8.7158e-01 +1.0070e+00 -2.4153e+00 -3.0942e-02 -3.9672e+00 -3.2501e+00 -2.9687e+00 +5.8153e-01 +8.1620e-01 +1.1856e+00 -1.9571e-01
907 +5.320268723e+01 +5.320268723e+01 +1.518226872e+02 +1.518226872e+02 -2.6222e+00 -1.3413e+00 +2.1909e+00 -2.8084e+00 +3.0582e-01 +1.0557e+00 -2.2797e+00 -3.8636e+00 -3.5695e+00 -1.3530e+00 +1.0092e+00 -2.4600e+00 +6.0796e-02 -4.0705e+00 -3.4125e+00 -3.1735e+00 +4.9147e-01 +8.0964e-01 +1.2758e+00 -4.0397e-01
1079 +3.431262923e+01 +3.431262923e+01 +1.329326292e+02 +1.329326292e+02 -2.5690e+00 -1.4136e+00 +1.9642e+00 -2.7460e+00 +2.2307e-01 +1.0156e+00 -2.3304e+00 -3.6816e+00 -3.6833e+00 -9.7138e-01 +6.7967e-01 -2.5469e+00 +8.7491e-02 -3.8694e+00 -3.4681e+00 -3.2419e+00 +7.5898e-01 +7.3987e-01 +1.3277e+00 -2.4016e-01
1236 +2.457925664e+01 +2.457925664e+01 +1.231992566e+02 +1.231992566e+02 -2.7284e+00 -1.2736e+00 +2.1819e+00 -2.7691e+00 +1.5396e-01 +9.0311e-01 -2.2720e+00 -3.6963e+00 -3.7916e+00 -1.1069e+00 +6.7541e-01 -2.5749e+00 +1.2507e-01 -3.9598e+00 -3.6070e+00 -3.1271e+00 +5.9991e-01 +6.0240e-01 +1.3390e+00 -3.7579e-01
3779 +1.583775413e+01 +1.583775413e+01 +1.144577541e+02 +1.144577541e+02 -2.7916e+00 -1.1670e+00 +2.4065e+00 -2.2951e+00 +7.5916e-01 +1.5184e+00 -1.8561e+00 -3.5482e+00 -3.6508e+00 -1.1121e+00 +6.6637e-01 -2.5252e+00 +1.5304e-01 -3.9349e+00 -3.4965e+00 -3.1277e+00 +6.3276e-01 +6.5626e-01 +1.2268e+00 -3.5131e-01
% function evaluation | noise-free fitness - Fopt (-4.715000000000e+01) | best noise-free fitness - Fopt | measured fitness | best measured fitness | x1 | x2...
1 +4.945101687e+05 +4.945101687e+05 +4.944630187e+05 +4.944630187e+05 +1.9074e+00 +2.9113e+00 +2.7498e+00 -1.1411e+00 -3.4181e+00 +2.2682e+00 -2.6172e+00 -1.2748e+00 +4.5053e-01 -2.0283e+00 +9.5811e-01 -1.9251e-02 +2.0355e+00 +3.3784e+00 -1.5860e+00 +3.7285e+00 +3.0207e+00 -1.3174e+00 +2.0854e+00 +5.1878e-01
20 +3.450934307e+05 +3.450934307e+05 +3.450462807e+05 +3.450462807e+05 +4.0482e+00 +8.6667e-01 +1.6754e+00 +2.0486e+00 -2.4200e+00 -1.1058e-01 -3.0027e+00 -1.5736e+00 +9.0053e-02 +5.3681e-01 +3.9995e+00 -2.9088e-01 +3.2959e+00 +1.0334e+00 -1.4468e+00 +3.4314e+00 +1.9939e+00 -1.9839e+00 -2.2395e+00 -2.2612e+00
43 +2.324615179e+05 +2.324615179e+05 +2.324143679e+05 +2.324143679e+05 -1.1598e+00 +1.1336e+00 -2.2169e-01 +7.1477e-01 -3.5103e+00 +2.8269e+00 -2.2301e+00 +1.8830e+00 -2.2077e+00 -1.6530e+00 +2.5815e+00 +3.8676e-01 +3.1721e+00 +2.6429e+00 +1.3085e+00 +6.8334e-01 -1.2940e-01 -1.7930e+00 -3.7603e+00 +9.9026e-01
57 +1.474935070e+05 +1.474935070e+05 +1.474463570e+05 +1.474463570e+05 +9.1409e-01 -6.4531e-01 +6.9907e-01 -7.7711e-01 +2.0796e-01 +2.0546e+00 -1.6480e+00 +1.3294e-01 -1.3316e+00 +1.9838e-01 -1.8798e-01 -1.7977e+00 +3.5737e+00 +2.3185e+00 +4.9384e-01 +1.6285e+00 +1.5785e-01 -1.4099e+00 -2.6445e+00 -1.2701e+00
68 +9.848554964e+04 +9.848554964e+04 +9.843839964e+04 +9.843839964e+04 +1.5685e-01 -4.1612e-01 +1.7442e-01 -3.5843e+00 +4.4724e-01 +2.2867e-01 -3.7054e+00 +1.1152e+00 +2.3755e+00 -2.3253e+00 +2.3218e+00 -9.4837e-01 +4.1117e+00 +2.5760e-01 -7.0682e-01 +1.7551e+00 -7.0627e-03 -2.0884e+00 -4.1053e+00 -1.3184e+00
90 +5.205250055e+04 +5.205250055e+04 +5.200535055e+04 +5.200535055e+04 +8.8274e-01 +7.5161e-02 -1.8480e+00 -2.3409e+00 +1.3209e+00 +2.2834e+00 -2.3822e+00 -1.7142e+00 -3.7143e-01 -8.5302e-01 -6.9526e-01 -2.5768e+00 +4.4266e+00 -8.0712e-02 +2.2370e-01 +1.4128e+00 +6.7405e-01 -1.6726e+00 -3.4937e+00 -2.4429e+00
100 +3.062523055e+04 +3.062523055e+04 +3.057808055e+04 +3.057808055e+04 +2.2986e-01 +3.8062e-01 -3.6519e-01 -1.5011e+00 -7.7666e-01 +2.6202e+00 -7.1939e-02 -2.0101e+00 +4.7555e-01 -3.7422e+00 -1.0892e+00 -7.5486e-01 +2.6605e+00 -2.0333e+00 +1.9695e-01 -4.3545e-01 -2.1121e-01 -6.6651e-01 -2.2295e+00 +1.0446e+00
134 +1.880840266e+04 +1.880840266e+04 +1.876125266e+04 +1.876125266e+04 -1.0477e+00 -2.1533e+00 -3.9427e-01 -3.3749e+00 -9.3649e-01 +2.2367e+00 +4.5769e-01 -5.1869e-01 -2.6295e+00 -3.9853e-01 +1.9193e+00 -1.6635e+00 +3.3388e+00 -2.5261e+00 +4.3179e+00 -7.9072e-01 -2.1870e+00 -1.4749e+00 +5.4215e-01 +4.5603e+00
206 +1.560795339e+04 +1.560795339e+04 +1.556080339e+04 +1.556080339e+04 -5.3495e-01 -6.7972e-01 -1.2234e+00 -2.4904e+00 -1.2391e+00 +2.1752e+00 -3.8869e-01 -2.2937e+00 -1.3818e+00 -3.1761e+00 +1.5273e+00 +2.4271e-01 +3.0453e+00 -5.1949e+00 +3.5956e+00 -3.0952e+00 -2.0385e+00 -4.3903e+00 +1.8688e+00 +4.7749e+00
246 +9.685857783e+03 +9.685857783e+03 +9.638707783e+03 +9.638707783e+03 -3.7625e-01 -3.3573e+00 -2.1396e+00 -3.9403e+00 -1.6299e+00 +1.0956e+00 -2.0335e+00 -3.6541e-01 -5.4610e-01 -1.7297e+00 +2.2834e+00 -1.7882e+00 +4.3691e-01 -1.3534e+00 +1.1190e+00 -3.7342e+00 -2.8036e+00 -5.9553e+00 -1.2369e+00 +7.6560e-01
291 +5.269568277e+03 +5.269568277e+03 +5.222418277e+03 +5.222418277e+03 -1.8468e+00 -3.1696e+00 -9.5358e-01 -3.2288e+00 +1.0808e+00 +6.5553e-01 -1.6595e+00 -2.9518e+00 -1.7548e+00 -3.5833e+00 +3.1327e+00 -3.1068e+00 +1.4456e+00 -1.6371e+00 +1.6687e+00 -1.9703e+00 -3.5516e+00 -5.8321e+00 -9.5367e-01 +7.8609e-03
428 +3.007595574e+03 +3.007595574e+03 +2.960445574e+03 +2.960445574e+03 -1.7806e+00 -1.8611e+00 -2.7805e+00 -2.2192e+00 +1.1261e+00 +2.3747e+00 -1.2429e+00 -1.4062e+00 -3.5356e+00 -2.4092e+00 +2.6899e+00 -3.4065e+00 +2.5299e+00 -2.5471e+00 +1.6798e+00 -2.9175e+00 -2.0047e+00 -4.9734e+00 -1.0466e+00 +3.1719e-01
431 +1.410186289e+03 +1.410186289e+03 +1.363036289e+03 +1.363036289e+03 -5.6945e-01 -6.6891e-01 -2.8067e+00 -2.9759e+00 +4.6139e-01 +8.0198e-01 -3.4455e+00 -2.3849e+00 -2.5019e+00 -1.9307e+00 +2.3043e+00 -2.7840e+00 +1.3757e+00 -4.5225e+00 +2.5087e+00 -2.4756e+00 -2.9676e+00 -4.3603e+00 -1.9927e+00 +4.2683e-01
591 +9.517482157e+02 +9.517482157e+02 +9.045982157e+02 +9.045982157e+02 -1.4469e+00 -2.2680e+00 -2.0768e+00 -2.3064e+00 -6.6283e-02 +2.5848e-01 -3.2058e+00 -1.6376e+00 -1.7309e+00 -2.1014e+00 +2.7509e+00 -2.6104e+00 +1.8551e+00 -3.8498e+00 +1.4974e+00 -2.6514e+00 -1.9962e+00 -4.2532e+00 -6.2664e-02 +1.0360e+00
607 +5.037337942e+02 +5.037337942e+02 +4.565837942e+02 +4.565837942e+02 -1.4377e+00 -2.1888e+00 -2.0978e+00 -2.9690e+00 -3.0690e-02 +3.9034e-01 -2.9325e+00 -1.9598e+00 -2.5182e+00 -2.1722e+00 +2.7946e+00 -2.9210e+00 +1.9117e+00 -3.0628e+00 +1.8763e+00 -2.4856e+00 -1.8795e+00 -3.5101e+00 -7.0265e-01 -4.3468e-01
666 +3.154664725e+02 +3.154664725e+02 +2.683164725e+02 +2.683164725e+02 -1.5511e+00 -1.3241e+00 -2.2336e+00 -3.3935e+00 -2.7428e-01 +4.2179e-01 -2.7958e+00 -2.6534e+00 -1.4640e+00 -2.6081e+00 +2.5372e+00 -2.2836e+00 +1.5185e+00 -3.3903e+00 +1.8028e+00 -2.1674e+00 -2.0697e+00 -4.0590e+00 -5.5769e-03 +3.5712e-01
690 +2.171300505e+02 +2.171300505e+02 +1.699800505e+02 +1.699800505e+02 -1.9367e+00 -1.3654e+00 -1.8559e+00 -3.4434e+00 -9.9725e-03 +5.6082e-01 -2.4607e+00 -2.2339e+00 -1.3467e+00 -2.7380e+00 +2.2051e+00 -2.8006e+00 +1.4698e+00 -3.3646e+00 +1.6789e+00 -2.5659e+00 -2.8627e+00 -4.0735e+00 -8.3028e-01 -1.2372e-01
729 +1.436673519e+02 +1.436673519e+02 +9.651735192e+01 +9.651735192e+01 -2.1240e+00 -1.2253e+00 -2.3967e+00 -3.3393e+00 -5.1585e-02 +6.4023e-01 -2.4726e+00 -2.2935e+00 -1.6766e+00 -2.5212e+00 +2.0949e+00 -2.4450e+00 +1.7794e+00 -3.0716e+00 +1.7855e+00 -2.4287e+00 -2.4896e+00 -3.5003e+00 -6.1411e-01 -2.4377e-01
818 +9.635724356e+01 +9.635724356e+01 +4.920724356e+01 +4.920724356e+01 -1.7415e+00 -1.7762e+00 -2.2395e+00 -3.6246e+00 -3.6230e-01 +4.5733e-01 -2.4336e+00 -2.4359e+00 -1.5965e+00 -2.6936e+00 +2.0975e+00 -3.1653e+00 +1.6367e+00 -2.7419e+00 +2.1437e+00 -2.3698e+00 -2.2964e+00 -3.6974e+00 -1.0260e+00 -6.7985e-01
848 +5.972229954e+01 +5.972229954e+01 +1.257229954e+01 +1.257229954e+01 -1.6072e+00 -1.5970e+00 -2.0981e+00 -3.0401e+00 -2.7244e-01 +5.6453e-01 -2.6145e+00 -2.7088e+00 -2.0856e+00 -2.4396e+00 +1.8220e+00 -2.9584e+00 +1.5075e+00 -3.0831e+00 +1.9728e+00 -2.3917e+00 -2.2881e+00 -3.7109e+00 -9.1811e-01 -7.8756e-01
975 +3.859187516e+01 +3.859187516e+01 -8.558124839e+00 -8.558124839e+00 -1.7228e+00 -1.6126e+00 -2.2968e+00 -3.1750e+00 -2.4216e-01 +8.6869e-01 -2.5284e+00 -2.6681e+00 -1.9637e+00 -2.7780e+00 +1.7609e+00 -2.9430e+00 +1.4942e+00 -3.0564e+00 +2.1165e+00 -2.3510e+00 -2.4307e+00 -3.6784e+00 -1.1495e+00 -8.3759e-01
1168 +2.489994592e+01 +2.489994592e+01 -2.225005408e+01 -2.225005408e+01 -1.7567e+00 -1.6149e+00 -2.1060e+00 -3.3987e+00 -3.6864e-01 +6.9206e-01 -2.5311e+00 -2.6345e+00 -1.8816e+00 -2.8055e+00 +1.7907e+00 -2.7870e+00 +1.5615e+00 -2.9504e+00 +2.0537e+00 -2.2142e+00 -2.3223e+00 -3.8829e+00 -1.1753e+00 -8.0017e-01
% function evaluation | noise-free fitness - Fopt (3.752000000000e+01) | best noise-free fitness - Fopt | measured fitness | best measured fitness | x1 | x2...
1 +2.167786661e+05 +2.167786661e+05 +2.168161861e+05 +2.168161861e+05 +2.7643e+00 -1.8006e+00 +3.4392e+00 -1.5535e+00 +2.1672e+00 +2.7586e+00 +3.9060e+00 -1.8290e+00 +6.9023e-01 -3.8521e+00 -3.6907e+00 +2.3169e+00 +3.3789e+00 +3.3988e+00 -1.5588e+00 -3.0960e+00 +3.4492e-01 +1.4870e+00 +2.2536e+00 -3.4179e+00
40 +1.578007175e+05 +1.578007175e+05 +1.578382375e+05 +1.578382375e+05 +2.6035e+00 -2.6450e+00 +1.2222e+00 -1.8538e+00 +4.5578e-01 +8.8108e-01 +3.5890e+00 -4.6729e-01 +1.5823e+00 -2.9316e+00 -2.9233e+00 -2.2449e+00 +5.4373e+00 +2.7995e+00 -7.3802e-01 -3.0841e+00 -2.2738e+00 -3.8129e+00 +1.6999e+00 -5.8019e+00
60 +9.022853433e+04 +9.022853433e+04 +9.026605433e+04 +9.026605433e+04 +2.8063e+00 -1.1526e+00 +1.7797e+00 -2.8694e+00 +2.5598e+00 +1.8030e+00 +3.5754e+00 -2.6578e-01 +1.5283e+00 +2.9249e+00 -1.0767e+00 -1.0797e+00 +4.4714e+00 +4.2360e+00 -1.6107e+00 -3.1813e+00 -4.5033e+00 -2.1603e+00 -9.0569e-01 -4.8577e+00
104 +5.419819420e+04 +5.419819420e+04 +5.423571420e+04 +5.423571420e+04 +9.1191e-01 -4.2388e+00 +2.9180e+00 -3.8995e+00 +1.0672e+00 +3.8138e+00 +2.8051e+00 -1.4961e+00 +6.1052e-01 -2.2986e+00 +3.9506e-01 -1.2993e+00 +4.8166e+00 +3.2398e+00 -1.8854e+00 -4.3239e+00 -3.5312e+00 -1.0939e+00 -1.6463e+00 -6.0796e+00
129 +2.866416227e+04 +2.866416227e+04 +2.870168227e+04 +2.870168227e+04 +3.9810e+00 -3.2530e+00 +3.3980e+00 -2.5867e+00 +8.2961e-01 +1.7679e+00 +2.2016e+00 +2.7872e+00 -3.0957e-01 -1.1906e+00 -6.7875e-01 +1.7529e+00 +2.0548e+00 +4.5300e+00 -2.5989e+00 -3.8895e+00 -1.7759e+00 -1.0427e+00 -2.4726e+00 -4.6009e+00
146 +2.091507841e+04 +2.091507841e+04 +2.095259841e+04 +2.095259841e+04 +2.5714e+00 -5.3637e-01 +3.2859e+00 -1.6264e+00 +1.8273e+00 +2.9675e+00 +1.3808e+00 +8.8623e-01 -2.7530e-01 +1.3956e-01 +7.7080e-01 -8.8115e-01 +2.0447e+00 +2.5505e+00 -1.6087e+00 -1.3514e+00 -2.7987e+00 -2.1300e+00 -3.8174e+00 -5.8890e+00
171 +1.391846022e+04 +1.391846022e+04 +1.395598022e+04 +1.395598022e+04 +7.6137e-01 -1.7033e+00 +3.0258e+00 -3.3969e-01 +2.9652e+00 +1.9741e+00 -6.3547e-01 +1.1634e+00 +1.3195e+00 -1.2565e+00 +1.8182e+00 -7.1586e-01 +5.7853e-02 +1.1131e+00 -1.6222e+00 -3.2677e+00 -1.5156e+00 -2.0625e+00 -1.0151e+00 -6.4729e+00
249 +7.585581496e+03 +7.585581496e+03 +7.623101496e+03 +7.623101496e+03 +1.2233e+00 -3.2109e+00 +3.1921e+00 -1.5665e+00 +2.3794e+00 -7.0493e-01 +2.9563e-01 +1.6949e+00 +1.4495e+00 -3.8976e-01 +2.0629e+00 +1.4110e-01 +2.1130e+00 +2.6207e+00 -1.0910e+00 -1.6785e+00 -2.8484e+00 -3.2320e+00 -2.4957e+00 -4.8873e+00
337 +5.802452158e+03 +5.802452158e+03 +5.839972158e+03 +5.839972158e+03 +2.4688e+00 -3.4766e+00 +3.0696e+00 -1.5482e+00 +1.1817e+00 +1.5371e+00 +2.4249e+00 +1.5150e+00 +1.1343e+00 -1.9763e+00 +2.0416e+00 -5.6061e-01 +2.3174e+00 +2.6864e+00 -3.2108e+00 -2.0079e+00 -2.0170e+00 -3.0455e+00 -2.6005e+00 -3.5571e+00
352 +3.422152174e+03 +3.422152174e+03 +3.459672174e+03 +3.459672174e+03 +1.7961e+00 -1.5140e+00 +2.6777e+00 -2.0057e+00 +3.5353e+00 +6.0421e-01 +1.6618e+00 +1.1670e+00 +1.2680e+00 -1.0992e+00 +2.1178e+00 +2.3847e-01 +2.6390e+00 +2.5210e+00 -2.5915e+00 -1.2593e+00 -2.2205e+00 -3.3453e+00 -2.0275e+00 -1.4268e+00
427 +1.855474721e+03 +1.855474721e+03 +1.892994721e+03 +1.892994721e+03 +9.4155e-01 -2.3597e+00 +2.5587e+00 -1.2340e+00 +3.2174e+00 +1.7011e+00 +2.1949e+00 +1.4983e+00 +1.5320e+00 -1.6328e+00 +3.1444e+00 -1.0485e-01 +1.1064e+00 +1.2032e+00 -2.5199e+00 -2.6503e+00 -1.8929e+00 -2.1530e+00 -2.0316e+00 -6.2645e-01
483 +1.561380812e+03 +1.561380812e+03 +1.598900812e+03 +1.598900812e+03 +1.1910e+00 -3.0575e+00 +2.3201e+00 -2.8328e+00 +2.9593e+00 +1.0119e+00 +1.7938e+00 +1.2629e+00 +1.3722e+00 -1.8670e+00 +2.8152e+00 -7.9897e-01 +1.1386e+00 +8.4613e-01 -2.5541e+00 -2.0385e+00 -2.0051e+00 -3.1254e+00 -2.3306e+00 -3.0399e-01
535 +8.406007796e+02 +8.406007796e+02 +8.781207796e+02 +8.781207796e+02 +1.2261e+00 -3.0018e+00 +1.9286e+00 -2.0139e+00 +2.4839e+00 +8.8589e-01 +2.1093e+00 +8.4476e-01 +1.8568e+00 -9.5994e-01 +1.8393e+00 +4.9627e-01 +1.2462e+00 +1.0550e+00 -2.3704e+00 -1.7108e+00 -1.5383e+00 -2.8110e+00 -1.9138e+00 +2.4654e-01
570 +4.181120444e+02 +4.181120444e+02 +4.556320444e+02 +4.556320444e+02 +1.4335e+00 -3.3013e+00 +1.6720e+00 -2.0359e+00 +2.7340e+00 +1.2153e+00 +1.1574e+00 +1.1326e+00 +1.5197e+00 -1.7889e+00 +1.7699e+00 +8.0162e-01 +1.1693e+00 +1.8045e+00 -1.5897e+00 -1.6859e+00 -2.1295e+00 -3.0604e+00 -1.8668e+00 +9.1862e-01
623 +3.964932310e+02 +3.964932310e+02 +4.340132310e+02 +4.340132310e+02 +1.3396e+00 -2.7747e+00 +1.8394e+00 -2.2452e+00 +2.5184e+00 +1.2844e+00 +1.1021e+00 +1.3686e+00 +1.8259e+00 -1.2554e+00 +2.6316e+00 +9.5283e-01 +1.0393e+00 +1.1039e+00 -1.5391e+00 -2.3067e+00 -1.7896e+00 -2.7546e+00 -1.6387e+00 +9.6681e-01
640 +1.764387152e+02 +1.764387152e+02 +2.139587152e+02 +2.139587152e+02 +1.7567e+00 -3.0159e+00 +2.2423e+00 -2.0718e+00 +2.0400e+00 +1.3858e+00 +1.7762e+00 +1.6623e+00 +1.7788e+00 -7.9523e-01 +2.5858e+00 +8.7625e-01 +1.8027e+00 +1.8353e+00 -1.9379e+00 -1.8405e+00 -2.1095e+00 -3.0837e+00 -1.9233e+00 +1.6283e+00
697 +1.565043730e+02 +1.565043730e+02 +1.940243730e+02 +1.940243730e+02 +1.4868e+00 -3.2620e+00 +2.1772e+00 -2.5416e+00 +2.1373e+00 +1.5262e+00 +1.9960e+00 +2.6640e+00 +2.1055e+00 -8.8079e-01 +2.5629e+00 +8.0332e-01 +1.3802e+00 +1.4261e+00 -1.4881e+00 -2.1152e+00 -2.1387e+00 -2.9993e+00 -2.2933e+00 +1.7789e+00
774 +9.599430956e+01 +9.599430956e+01 +1.335143096e+02 +1.335143096e+02 +1.4317e+00 -3.0592e+00 +2.0618e+00 -2.5518e+00 +1.9418e+00 +1.1293e+00 +1.2712e+00 +1.9296e+00 +1.1811e+00 -1.1258e+00 +2.2552e+00 +5.4761e-01 +1.5700e+00 +1.9678e+00 -1.7407e+00 -2.0491e+00 -2.0038e+00 -3.1629e+00 -1.6012e+00 +1.7820e+00
892 +5.844500026e+01 +5.844500026e+01 +9.596500026e+01 +9.596500026e+01 +1.6958e+00 -2.9505e+00 +1.6245e+00 -2.4445e+00 +1.7516e+00 +8.6768e-01 +1.3690e+00 +1.8622e+00 +1.3945e+00 -1.0960e+00 +1.8236e+00 +1.0263e-01 +1.2135e+00 +1.4823e+00 -1.6823e+00 -2.0882e+00 -2.1529e+00 -3.0747e+00 -1.7003e+00 +2.0320e+00
914 +3.884195425e+01 +3.884195425e+01 +7.636195425e+01 +7.636195425e+01 +1.7476e+00 -2.8065e+00 +1.9565e+00 -2.4072e+00 +2.0697e+00 +1.0553e+00 +1.5603e+00 +1.9509e+00 +1.4514e+00 -1.3366e+00 +2.0322e+00 +1.6883e-01 +1.1712e+00 +1.6879e+00 -1.7922e+00 -2.1364e+00 -1.9245e+00 -3.2014e+00 -2.0362e+00 +2.0705e+00
1162 +2.427332195e+01 +2.427332195e+01 +6.179332195e+01 +6.179332195e+01 +1.4954e+00 -2.9512e+00 +1.8595e+00 -2.4755e+00 +2.0202e+00 +1.0554e+00 +1.3814e+00 +1.7744e+00 +1.2408e+00 -1.3468e+00 +1.9073e+00 +1.5716e-01 +1.0720e+00 +1.5468e+00 -1.8218e+00 -2.1654e+00 -2.0686e+00 -3.2149e+00 -1.9272e+00 +1.9529e+00
3410 +1.581734936e+01 +1.581734936e+01 +5.333734936e+01 +5.333734936e+01 +2.3391e+00 -2.2483e+00 +2.4019e+00 -2.2049e+00 +2.0799e+00 +9.3578e-01 +1.2805e+00 +1.8516e+00 +1.2646e+00 -1.4019e+00 +1.9011e+00 +9.7859e-02 +1.1036e+00 +1.5467e+00 -1.7241e+00 -2.2291e+00 -2.0357e+00 -3.1559e+00 -1.9694e+00 +1.9595e+00
% function evaluation | noise-free fitness - Fopt (-4.257500000000e+02) | best noise-free fitness - Fopt | measured fitness | best measured fitness | x1 | x2...
1 +7.561111617e+05 +7.561111617e+05 +7.556854117e+05 +7.556854117e+05 +8.8917e-01 +1.8943e+00 +4.4361e-01 +1.1158e+00 -3.9695e+00 +2.6092e+00 -3.3036e+00 +3.9263e+00 -9.3359e-01 +2.6859e+00 +4.1135e-01 -2.0134e+00 -2.9100e+00 -1.5821e+00 -1.0026e+00 +2.0844e+00 -9.6494e-01 +2.2447e+00 +7.1207e-01 -6.2461e-03
5 +5.901957810e+05 +5.901957810e+05 +5.897700310e+05 +5.897700310e+05 +2.4807e+00 +3.8969e+00 +1.3481e+00 +1.9498e+00 -1.3543e+00 +8.2626e-01 -4.0597e+00 +2.3600e+00 -6.0454e-01 +4.1103e+00 +2.8560e-01 -1.8765e+00 -4.8492e+00 +3.4123e-01 +9.6563e-01 +4.6207e+00 -4.2302e+00 -7.6299e-01 +4.3512e-01 +2.7268e+00
17 +2.525654350e+05 +2.525654350e+05 +2.521396850e+05 +2.521396850e+05 +2.7783e+00 +4.4133e+00 -5.7305e-01 +1.0871e+00 -9.2237e-02 -1.8031e-01 -2.5565e+00 -1.2329e+00 +8.3546e-01 +3.0033e+00 -1.2912e+00 -4.1882e+00 -1.3828e+00 -1.4172e+00 -1.7593e+00 +3.4491e+00 +7.0966e-01 +1.9169e+00 +1.0587e+00 +1.4549e+00
18 +2.446789523e+05 +2.446789523e+05 +2.442532023e+05 +2.442532023e+05 -1.7524e+00 +2.5723e+00 +6.0599e-01 +1.9697e+00 -1.5992e+00 -8.7130e-01 -3.5289e+00 +1.0611e+00 -8.0052e-01 +2.3122e+00 +1.5669e+00 -2.0020e+00 -2.5527e+00 +1.6180e+00 -2.1356e+00 +4.5057e+00 -8.7407e-01 +1.5825e+00 -6.3318e-01 -3.1454e-01
27 +1.515663108e+05 +1.515663108e+05 +1.511405608e+05 +1.511405608e+05 +2.2234e+00 +2.9417e+00 +4.9193e-01 -3.3366e+00 -6.6687e-01 +3.5310e-01 -2.6127e+00 -2.9361e+00 -1.6888e+00 -6.9176e-01 -2.3759e+00 -3.1503e+00 -3.2542e+00 -6.6410e-02 -4.3713e-01 +4.1616e+00 -3.6604e+00 +6.7697e-01 +2.2170e+00 +5.4959e-01
66 +8.921689944e+04 +8.921689944e+04 +8.879114944e+04 +8.879114944e+04 -3.6172e-01 +4.6409e+00 -1.8862e+00 -2.2335e+00 +4.4781e-02 -1.1952e-01 -3.8950e+00 -2.5013e+00 -3.7824e+00 -7.0428e-02 -1.4900e+00 -4.5944e+00 +4.0668e-01 -8.5355e-01 -1.7906e+00 +1.3874e+00 -6.3091e-02 +1.2097e+00 +1.2698e+00 -1.0391e+00
87 +5.119871632e+04 +5.119871632e+04 +5.077296632e+04 +5.077296632e+04 +1.7382e+00 +8.3241e-01 -4.0005e+00 -4.7652e+00 +2.5244e+00 -6.6136e-01 +5.1250e-01 -6.5426e+00 -1.0773e+00 -1.5301e+00 -1.6601e+00 -1.6095e+00 +1.9012e+00 -1.2985e+00 +4.2137e-02 +1.0755e+00 -6.1395e+00 -3.5566e+00 +3.7654e-01 +3.6895e-01
145 +3.708677480e+04 +3.708677480e+04 +3.666102480e+04 +3.666102480e+04 -8.9561e-01 +2.2796e+00 -4.0933e+00 -4.6356e+00 +1.5389e+00 -1.9965e+00 -2.9112e+00 -4.8375e+00 -5.6004e+00 -4.0029e-01 +1.8380e+00 -6.9645e-01 +2.8847e+00 +1.8550e+00 -8.7105e-01 +5.7415e-01 -6.0076e+00 -7.2053e-01 -1.5153e+00 +2.0214e+00
170 +1.860235263e+04 +1.860235263e+04 +1.817660263e+04 +1.817660263e+04 +4.0468e-01 +4.1983e+00 -2.7020e+00 -3.5221e+00 +7.4516e-01 -3.8891e+00 -4.1174e-01 -1.4159e+00 -2.1816e+00 -3.6703e-01 -1.4776e+00 -1.7898e+00 -5.3729e-01 +1.3930e+00 -2.1340e+00 +1.9195e+00 -5.3340e+00 -2.7751e+00 -2.6200e+00 +9.9801e-01
189 +6.731655986e+03 +6.731655986e+03 +6.305905986e+03 +6.305905986e+03 -8.0160e-02 +9.3541e-01 -3.2397e+00 -2.8728e+00 +1.8594e+00 -2.5673e+00 +5.1865e-01 -4.4042e+00 -2.5746e+00 -1.0940e-01 +1.7632e-01 -3.4573e+00 +6.4902e-01 -2.7188e-01 -1.7731e+00 +3.1481e-02 -2.5984e+00 -2.5913e+00 +9.0111e-01 +1.7845e+00
253 +5.651819874e+03 +5.651819874e+03 +5.226069874e+03 +5.226069874e+03 -3.0882e+00 +1.8856e+00 -4.2865e+00 -2.2249e+00 +1.9168e-01 -4.1872e+00 -5.8046e-01 -4.4060e+00 -2.2813e+00 -3.0347e+00 +3.2885e-01 -2.2810e+00 +1.7586e+00 -8.5861e-01 +1.4378e-01 +1.2244e+00 -5.5793e+00 -1.1613e+00 +5.2495e-01 -4.0568e-01
269 +2.872001000e+03 +2.872001000e+03 +2.446251000e+03 +2.446251000e+03 -3.2687e+00 +1.3036e+00 -3.9770e+00 -1.5662e+00 +7.4447e-01 -4.2803e+00 +7.0509e-01 -4.7480e+00 -1.6614e+00 -1.3093e+00 -1.0632e+00 -2.1533e+00 +1.8766e+00 +1.2633e+00 -8.3310e-01 +6.2955e-02 -3.6906e+00 -1.5068e+00 -9.5738e-02 +1.2092e+00
280 +2.443053661e+03 +2.443053661e+03 +2.017303661e+03 +2.017303661e+03 -2.5884e+00 +2.6459e+00 -2.8584e+00 -1.9077e+00 +3.5005e-01 -2.8429e+00 +8.0770e-01 -4.1636e+00 -1.2369e+00 -8.8490e-01 -7.0059e-02 -2.2466e+00 +9.5450e-01 -1.3568e+00 -1.7999e+00 +1.3229e+00 -4.5220e+00 -1.2430e+00 +1.0559e+00 +8.3148e-01
356 +9.832959026e+02 +9.832959026e+02 +5.575459026e+02 +5.575459026e+02 -2.5657e+00 +1.9924e+00 -3.1901e+00 -2.8934e+00 +6.3383e-01 -2.9605e+00 +5.1494e-01 -5.0159e+00 -2.7850e+00 -1.9186e+00 +1.0695e-01 -2.3071e+00 +6.9092e-01 -2.4234e-01 -5.3219e-01 +2.0722e-01 -4.3553e+00 -2.3715e+00 +2.3206e-01 +1.3979e+00
373 +6.221708874e+02 +6.221708874e+02 +1.964208874e+02 +1.964208874e+02 -2.0445e+00 +2.3996e+00 -2.9903e+00 -2.9369e+00 +2.0258e+00 -3.1220e+00 -2.9409e-01 -4.6500e+00 -3.0911e+00 -2.2500e+00 -1.4115e+00 -2.6850e+00 +1.1449e+00 -6.3617e-01 -1.1267e+00 +1.2640e+00 -3.6025e+00 -2.6940e+00 -7.7026e-01 +7.7247e-01
432 +2.934535759e+02 +2.934535759e+02 -1.322964241e+02 -1.322964241e+02 -1.6311e+00 +1.5879e+00 -2.8914e+00 -2.3966e+00 +9.7009e-01 -3.7256e+00 +5.6378e-01 -4.3419e+00 -2.5800e+00 -1.9667e+00 -4.8090e-01 -1.6926e+00 +6.0843e-01 -1.1494e-01 -8.9541e-01 +8.3133e-01 -3.6195e+00 -2.6104e+00 +1.3047e-01 +7.7716e-01
478 +2.360643431e+02 +2.360643431e+02 -1.896856569e+02 -1.896856569e+02 -1.5188e+00 +2.6654e+00 -1.8370e+00 -2.5068e+00 +1.2745e+00 -2.6449e+00 +5.9327e-01 -3.7865e+00 -2.8094e+00 -2.5180e+00 -6.7396e-01 -1.8625e+00 +6.8341e-01 -4.7358e-01 -1.1651e+00 +7.6509e-01 -2.7031e+00 -2.5982e+00 +1.2182e-01 +4.9517e-01
486 +1.455810254e+02 +1.455810254e+02 -2.801689746e+02 -2.801689746e+02 -1.7118e+00 +2.4043e+00 -2.4412e+00 -2.9950e+00 +1.0750e+00 -2.6890e+00 +9.6713e-02 -3.8287e+00 -2.7457e+00 -1.9311e+00 -6.1229e-01 -1.8741e+00 +5.2629e-01 -3.1902e-01 -8.7328e-01 +6.3202e-01 -3.0559e+00 -3.0638e+00 -4.1427e-01 +5.4932e-01
616 +9.885166729e+01 +9.885166729e+01 -3.268983327e+02 -3.268983327e+02 -2.1229e+00 +2.0991e+00 -2.4629e+00 -2.6136e+00 +1.2087e+00 -2.9501e+00 +1.2635e-01 -3.7345e+00 -2.5556e+00 -1.9616e+00 -1.2268e+00 -1.9264e+00 +1.1156e+00 -3.5507e-01 -5.7583e-01 +8.6814e-01 -2.8484e+00 -3.0451e+00 -7.8818e-01 +5.1812e-01
664 +5.990800608e+01 +5.990800608e+01 -3.658419939e+02 -3.658419939e+02 -2.2532e+00 +2.0873e+00 -2.3071e+00 -2.4046e+00 +1.0343e+00 -2.9598e+00 +2.2180e-01 -3.8829e+00 -2.5198e+00 -2.0146e+00 -8.2063e-01 -1.9576e+00 +9.3511e-01 -3.3512e-01 -8.7050e-01 +8.2530e-01 -3.3250e+00 -3.3065e+00 -4.8897e-01 +6.1837e-01
804 +3.343364782e+01 +3.343364782e+01 -3.923163522e+02 -3.923163522e+02 -2.4458e+00 +1.9939e+00 -2.6327e+00 -2.3056e+00 +1.4408e+00 -3.1976e+00 +2.0643e-01 -3.8927e+00 -2.6006e+00 -2.2630e+00 -7.2184e-01 -2.1812e+00 +8.5469e-01 -2.4886e-01 -1.0995e+00 +7.1850e-01 -3.2059e+00 -3.1620e+00 -6.1414e-01 +3.0833e-01
867 +2.496022153e+01 +2.496022153e+01 -4.007897785e+02 -4.007897785e+02 -2.3127e+00 +1.9551e+00 -2.6248e+00 -2.5038e+00 +1.2799e+00 -3.2215e+00 +7.4782e-02 -4.0094e+00 -2.5080e+00 -2.1847e+00 -7.0880e-01 -2.0353e+00 +1.0452e+00 -4.1372e-01 -1.0104e+00 +8.1343e-01 -3.2324e+00 -3.2183e+00 -6.5479e-01 +3.9031e-01
3026 +1.579888709e+01 +1.579888709e+01 -4.099511129e+02 -4.099511129e+02 -1.4743e+00 +2.5952e+00 -2.1808e+00 -2.2535e+00 +1.3223e+00 -3.1565e+00 +8.6330e-02 -3.9517e+00 -2.5371e+00 -2.1475e+00 -7.9429e-01 -2.1408e+00 +9.0981e-01 -3.7029e-01 -1.0081e+00 +7.0663e-01 -3.2228e+00 -3.1658e+00 -6.5657e-01 +3.6385e-01
% function evaluation | noise-free fitness - Fopt (-2.209000000000e+02) | best noise-free fitness - Fopt | measured fitness | best measured fitness | x1 | x2...
1 +2.139681531e+05 +2.139681531e+05 +2.137472531e+05 +2.137472531e+05 +5.7086e-02 -3.4253e+00 -3.6122e+00 -3.3107e-02 +2.2951e+00 -2.6237e+00 -3.0778e+00 +3.8914e-01 -1.9311e+00 -1.2025e-01 +9.4333e-01 -7.5490e-01 +2.8048e+00 -5.2292e-01 -1.7935e+00 -2.9103e+00 -3.2677e+00 +3.7644e+00 -1.6921e+00 +3.9151e+00
18 +8.607661024e+04 +8.607661024e+04 +8.585571024e+04 +8.585571024e+04 +5.4267e-01 -1.3928e+00 -1.5194e+00 -2.6584e+00 +1.3807e-01 -9.6954e-01 -6.9055e-01 +1.4935e+00 -8.0078e-02 +1.9155e+00 +8.3377e-01 -1.2320e+00 +3.8215e-01 +1.4193e+00 +2.9182e-01 -2.3991e+00 -1.9103e+00 +1.0187e+00 -8.4964e-01 +3.7458e+00
46 +5.715611077e+04 +5.715611077e+04 +5.693521077e+04 +5.693521077e+04 +4.4577e-01 -1.0813e+00 -2.2189e+00 -2.2738e+00 -1.0277e+00 +1.3206e+00 +5.7282e-01 -1.2934e-01 -5.8864e-01 -4.5110e+00 +9.8112e-01 -3.2622e-02 -1.0492e+00 +3.2143e+00 -1.0843e+00 -3.1978e+00 -6.0711e-01 +1.0303e+00 -4.4212e+00 +1.1426e+00
65 +3.803149600e+04 +3.803149600e+04 +3.781059600e+04 +3.781059600e+04 +8.1136e-01 -4.0290e+00 -1.6101e+00 -2.1957e+00 +5.8090e-01 -1.9011e+00 -1.5880e+00 +4.4681e-01 +1.5131e-01 -5.0171e-01 +1.2938e+00 -3.3452e-01 +3.5197e-01 +3.1650e+00 +5.2111e-02 -1.5696e+00 -4.7945e-01 -1.6527e+00 -4.1254e+00 +2.3429e+00
85 +2.505469592e+04 +2.505469592e+04 +2.483379592e+04 +2.483379592e+04 -2.2835e-03 -4.3925e-01 -1.6765e+00 +9.9705e-01 -4.5718e-01 -1.7857e+00 -1.6506e+00 +7.4249e-01 +2.5234e+00 -2.0298e+00 -2.1210e-01 -3.9349e+00 -7.8553e-01 +3.8225e+00 +2.4904e+00 -7.3596e-02 -1.1632e+00 -4.3416e-01 -4.1713e+00 +5.7995e+00
127 +1.387015710e+04 +1.387015710e+04 +1.364925710e+04 +1.364925710e+04 -1.9270e+00 -1.2997e+00 -1.3445e+00 -5.2613e-02 -2.6090e-01 -3.4928e-01 -2.0146e+00 +3.0539e+00 +9.7940e-01 -2.4254e+00 -1.1424e+00 -3.7494e+00 -2.6166e+00 +2.9308e-01 -4.2857e-01 -3.0723e+00 +1.1383e+00 -1.0905e+00 -4.7670e+00 +3.2050e+00
146 +6.992037640e+03 +6.992037640e+03 +6.771137640e+03 +6.771137640e+03 -1.9681e+00 -2.4086e+00 -1.5071e+00 +1.2078e+00 +1.0313e+00 -1.4228e+00 -1.3030e+00 +1.8528e+00 +3.0626e+00 -3.4936e+00 -2.3181e+00 -1.2300e+00 -3.0084e+00 +9.2326e-01 +4.3357e-01 -1.1011e+00 +1.3744e+00 -6.1704e-01 -3.8388e+00 +4.3510e+00
197 +5.375757535e+03 +5.375757535e+03 +5.154857535e+03 +5.154857535e+03 -2.2789e+00 -2.3958e+00 -1.4379e+00 +5.0186e-01 +4.0658e-01 +2.6109e-01 -9.4460e-01 +3.8953e+00 +3.1628e+00 -2.7929e+00 -1.0022e+00 -3.0274e+00 -1.9151e+00 -6.3268e-01 +9.5107e-01 +4.2077e-01 +1.5527e+00 +4.7103e-03 -3.0372e+00 +4.6700e+00
236 +3.979624737e+03 +3.979624737e+03 +3.758724737e+03 +3.758724737e+03 -2.8642e+00 -1.5605e+00 -3.2282e+00 +1.4494e+00 -2.5893e-01 +1.9315e-01 -3.2220e-01 +3.0259e+00 +3.7085e+00 -1.4478e+00 +1.1197e+00 -2.0140e+00 -2.1225e+00 -1.9011e-01 -1.8763e+00 +6.1692e-01 +1.2533e+00 -7.2486e-01 -3.8036e+00 +3.6388e+00
353 +2.095995156e+03 +2.095995156e+03 +1.875095156e+03 +1.875095156e+03 -2.2975e+00 -2.7599e-01 -2.1368e+00 +8.2300e-01 -2.0346e-01 +3.2751e-01 -1.0199e+00 +2.8134e+00 +3.1560e+00 -2.2373e+00 +1.3109e+00 -1.4734e+00 -1.5842e+00 -3.4601e-01 -6.5589e-01 -6.6073e-01 +2.0527e+00 -1.4305e+00 -2.9078e+00 +2.7179e+00
405 +1.376492314e+03 +1.376492314e+03 +1.155592314e+03 +1.155592314e+03 -2.0222e+00 -1.0118e+00 -2.0004e+00 +6.1140e-01 +1.1310e-02 -1.1449e-01 -8.4164e-01 +3.3702e+00 +3.1327e+00 -2.2849e+00 +4.8226e-01 -2.1534e+00 -2.4704e+00 +2.4362e-01 +2.6563e-02 -8.3472e-01 +1.8301e+00 -3.0129e-01 -2.9903e+00 +2.2421e+00
483 +8.058156443e+02 +8.058156443e+02 +5.849156443e+02 +5.849156443e+02 -1.6191e+00 -2.7261e-01 -2.4724e+00 +9.8071e-01 -1.5520e-01 +6.5722e-01 -1.6834e+00 +2.2291e+00 +2.2665e+00 -2.0359e+00 +6.7255e-01 -1.6980e+00 -2.0480e+00 -2.3322e-01 -2.1479e-01 -6.7428e-01 +1.1405e+00 -4.2345e-01 -2.0073e+00 +1.0763e+00
498 +5.756673788e+02 +5.756673788e+02 +3.547673788e+02 +3.547673788e+02 -1.9265e+00 -4.6146e-01 -1.9645e+00 +1.1879e+00 +8.3301e-01 +1.0711e+00 -1.9761e+00 +2.4513e+00 +2.3744e+00 -2.4486e+00 +6.1211e-01 -1.9409e+00 -2.6758e+00 +1.0954e-01 -3.7131e-02 -1.3261e+00 +1.0630e+00 -3.8752e-01 -1.9957e+00 +2.5219e-01
566 +3.637508220e+02 +3.637508220e+02 +1.428508220e+02 +1.428508220e+02 -2.1523e+00 -1.9637e-02 -1.6521e+00 +1.2013e+00 +3.2011e-01 +6.5932e-01 -1.9991e+00 +2.2209e+00 +1.8535e+00 -2.5429e+00 +2.0176e-01 -1.2368e+00 -2.1573e+00 -3.1448e-01 +1.2739e-01 -8.7203e-01 +1.8512e+00 -8.1246e-02 -9.0064e-01 -2.7608e-02
625 +2.498415403e+02 +2.498415403e+02 +2.894154033e+01 +2.894154033e+01 -2.0602e+00 -5.4630e-01 -2.1233e+00 +1.2776e+00 +4.4038e-01 +4.8552e-01 -1.6152e+00 +2.3593e+00 +2.4323e+00 -2.5658e+00 +3.7756e-01 -2.1012e+00 -2.4483e+00 +4.5491e-01 +2.1101e-03 -6.7815e-01 +1.6909e+00 -5.8585e-01 -1.1005e+00 -8.6697e-02
730 +1.479945668e+02 +1.479945668e+02 -7.290543316e+01 -7.290543316e+01 -1.8792e+00 -1.0315e+00 -2.6271e+00 +7.1863e-01 +4.7704e-01 +6.0258e-01 -1.4767e+00 +2.0213e+00 +1.9721e+00 -2.9491e+00 -7.0689e-02 -1.6729e+00 -2.6639e+00 +2.7395e-01 -2.7992e-01 -4.0392e-01 +1.4235e+00 -8.2356e-01 -1.1796e+00 -1.5032e-01
853 +9.618877239e+01 +9.618877239e+01 -1.247112276e+02 -1.247112276e+02 -1.4917e+00 -1.0584e+00 -2.3122e+00 +8.7440e-01 +3.0858e-01 +7.9697e-01 -1.7559e+00 +1.9112e+00 +1.4847e+00 -2.9522e+00 -1.0965e-01 -2.0110e+00 -2.4218e+00 +5.3130e-01 -5.8368e-01 -3.9156e-01 +1.4009e+00 -6.8851e-01 -1.5080e+00 -6.0699e-01
876 +5.789221925e+01 +5.789221925e+01 -1.630077808e+02 -1.630077808e+02 -1.2833e+00 -1.3229e+00 -2.5534e+00 +1.1744e+00 +5.8114e-01 +7.6712e-01 -2.0445e+00 +1.7378e+00 +1.7450e+00 -2.6834e+00 -1.9695e-01 -1.6822e+00 -2.0884e+00 +5.2083e-01 -3.7681e-01 -2.4194e-01 +1.2469e+00 -8.7215e-01 -1.5903e+00 -5.4206e-01
1065 +3.727739067e+01 +3.727739067e+01 -1.836226093e+02 -1.836226093e+02 -1.3325e+00 -1.4087e+00 -2.5063e+00 +9.2344e-01 +5.6529e-01 +9.7768e-01 -2.0054e+00 +1.8077e+00 +1.9409e+00 -2.8261e+00 -2.2866e-01 -1.8046e+00 -2.0856e+00 +6.5658e-01 -2.6491e-01 -4.0622e-01 +1.0543e+00 -1.2182e+00 -1.7348e+00 -6.4984e-01
1198 +2.474215700e+01 +2.474215700e+01 -1.961578430e+02 -1.961578430e+02 -1.4549e+00 -1.1600e+00 -2.6373e+00 +8.6735e-01 +4.9992e-01 +1.0137e+00 -1.9583e+00 +1.7174e+00 +1.9096e+00 -2.8819e+00 -1.6847e-01 -1.8076e+00 -2.2886e+00 +5.4307e-01 -4.6108e-01 -5.9295e-01 +1.0762e+00 -1.1434e+00 -1.7493e+00 -6.1224e-01
4348 +1.582046669e+01 +1.582046669e+01 -2.050795333e+02 -2.050795333e+02 -2.1044e-01 -5.8977e-01 -2.1219e+00 +1.0958e+00 +4.9913e-01 +9.6937e-01 -2.0452e+00 +1.7135e+00 +1.9033e+00 -2.8845e+00 -2.7690e-01 -1.8506e+00 -2.2826e+00 +4.4304e-01 -4.3282e-01 -4.8772e-01 +1.0282e+00 -1.0837e+00 -1.6968e+00 -6.5124e-01
% function evaluation | noise-free fitness - Fopt (-3.594800000000e+02) | best noise-free fitness - Fopt | measured fitness | best measured fitness | x1 | x2...
1 +5.046813189e+05 +5.046813189e+05 +5.043218389e+05 +5.043218389e+05 +3.6730e+00 +8.4591e-01 -6.5061e-01 +1.0862e+00 +2.5240e+00 +3.0953e+00 -1.1181e+00 +3.6755e+00 +1.1663e+00 +9.5620e-01 +5.8883e-01 +2.1389e+00 +6.4696e-02 +3.3468e+00 +6.0963e-01 -2.5239e+00 -8.2271e-02 -3.8604e+00 -3.3196e+00 +3.9387e+00
9 +3.529428137e+05 +3.529428137e+05 +3.525833337e+05 +3.525833337e+05 -8.2090e-01 +2.1851e+00 -2.9846e+00 +3.8073e+00 +2.7045e+00 +8.6742e-01 -9.4021e-01 +1.9148e+00 +1.2729e+00 +2.7635e+00 -7.5794e-01 +4.2992e+00 +3.0568e+00 -7.8301e-02 -1.9787e-01 -2.1737e+00 +1.9633e+00 -2.2368e+00 -5.2588e+00 +3.1280e+00
17 +1.071210035e+05 +1.071210035e+05 +1.067615235e+05 +1.067615235e+05 -1.3294e-01 +1.2024e+00 +4.8318e-01 -6.5008e-01 +2.0079e+00 +7.4966e-01 -4.1402e+00 -4.0679e-01 -5.9383e-01 +4.6139e-01 +9.5668e-01 +3.7781e+00 +5.8980e-01 +1.1277e+00 +1.2970e-02 -1.6100e-01 -9.3708e-01 -4.8426e-01 -4.7198e+00 +4.4131e+00
43 +3.935299211e+04 +3.935299211e+04 +3.899351211e+04 +3.899351211e+04 -1.2852e+00 -2.8299e-01 +1.7604e+00 -1.7895e-01 +1.8156e+00 -4.8351e-01 -4.6534e+00 +1.1399e+00 -8.0674e-01 +5.0255e-01 -8.5870e-02 +2.4019e+00 +1.1040e+00 -2.2087e+00 -7.5021e-01 -2.1320e+00 -8.9443e-01 +4.0630e-01 -7.2380e+00 +5.6906e+00
96 +1.755492668e+04 +1.755492668e+04 +1.719544668e+04 +1.719544668e+04 -4.0520e+00 -2.7543e+00 +2.0113e+00 -4.7047e-01 +7.2588e-02 -1.5336e+00 -1.9422e+00 +2.7592e+00 -9.2663e-01 -1.9912e+00 +9.0987e-01 +2.7078e+00 +3.9572e+00 +8.7140e-01 -1.3522e+00 -3.2346e+00 +5.4534e-01 +1.6553e+00 -5.2750e+00 +5.5029e+00
211 +1.245425577e+04 +1.245425577e+04 +1.209477577e+04 +1.209477577e+04 -3.8579e+00 -3.0408e+00 +2.7695e+00 -1.2403e+00 +5.5422e-01 +1.3936e-01 -3.3872e+00 +4.4310e-01 -6.9272e-02 +5.0918e-02 -1.1001e+00 +1.6550e+00 +1.4607e+00 +6.2553e-01 -2.8680e+00 -3.6635e+00 +5.0124e-01 +1.7694e+00 -1.4856e+00 +4.5787e+00
235 +6.779208017e+03 +6.779208017e+03 +6.419728017e+03 +6.419728017e+03 -4.7639e+00 -1.6621e+00 +2.0242e+00 +4.3764e-01 +1.4140e+00 -1.4513e+00 -3.4046e+00 +9.9259e-01 +1.1355e+00 -2.1493e+00 -2.1805e+00 +2.2721e+00 +7.7419e-01 +9.7329e-01 -3.0366e+00 -1.9852e+00 -1.5041e+00 +1.3843e+00 -1.7311e+00 +4.8050e+00
253 +5.678865649e+03 +5.678865649e+03 +5.319385649e+03 +5.319385649e+03 -5.9647e+00 -2.7330e+00 +2.9164e+00 -7.5713e-01 +1.5631e-01 -2.5926e+00 -2.1201e+00 +2.0798e+00 -4.1240e-01 -1.7256e+00 -2.7931e+00 +1.8437e-01 +1.0344e+00 -3.4960e-01 -4.5208e+00 -2.5397e+00 +1.4290e-01 +1.8305e+00 -2.5656e+00 +3.7343e+00
299 +2.980974045e+03 +2.980974045e+03 +2.621494045e+03 +2.621494045e+03 -5.0482e+00 -2.3665e+00 +3.2509e+00 -8.7946e-01 +3.3149e-01 -2.0357e+00 -1.6112e+00 +1.2204e+00 +1.8412e-01 -1.3955e+00 -8.0577e-01 +1.1870e-01 +2.0408e+00 +3.6036e-01 -1.9919e+00 -2.3729e+00 -7.2100e-01 +2.0926e+00 -2.1438e+00 +5.5079e+00
332 +2.510879152e+03 +2.510879152e+03 +2.151399152e+03 +2.151399152e+03 -3.7349e+00 -1.9432e+00 +1.2922e+00 -4.9052e-01 -1.9850e+00 -2.5872e+00 -3.0577e+00 +2.5445e+00 +1.2090e+00 -2.5728e+00 -1.0616e+00 +1.9196e+00 +1.9508e+00 -6.6753e-01 -2.8822e+00 -3.4296e+00 -8.2228e-01 +2.8835e+00 -1.7169e+00 +6.8471e+00
537 +1.321468418e+03 +1.321468418e+03 +9.619884175e+02 +9.619884175e+02 -4.0444e+00 -3.1027e+00 +2.5782e+00 -3.9979e-01 -3.1355e-01 -1.4264e+00 -3.0094e+00 +1.0938e+00 +3.1040e+00 -1.1689e+00 -1.0416e+00 +8.3019e-01 +9.8015e-01 -1.2235e+00 -4.0897e+00 -2.3722e+00 -1.6837e+00 +2.4609e+00 -1.4483e+00 +6.3000e+00
540 +9.375366532e+02 +9.375366532e+02 +5.780566532e+02 +5.780566532e+02 -3.3528e+00 -4.1066e+00 +1.7002e+00 -4.3956e-01 -7.4511e-01 -8.0837e-01 -2.5905e+00 +1.9539e+00 +1.8582e+00 -1.9577e+00 -1.5488e+00 +1.1104e+00 +2.1076e+00 -8.0985e-01 -3.5173e+00 -2.1175e+00 -1.5434e+00 +2.5477e+00 -1.2960e+00 +7.3248e+00
608 +6.224186681e+02 +6.224186681e+02 +2.629386681e+02 +2.629386681e+02 -4.3784e+00 -3.2085e+00 +1.8789e+00 -1.2708e+00 -4.7304e-01 -1.6452e+00 -2.1634e+00 +1.5487e+00 +1.7718e+00 -1.4487e+00 -1.4256e+00 +1.4297e+00 +1.3697e+00 -6.9422e-01 -4.4220e+00 -2.2580e+00 -1.0954e+00 +2.0191e+00 -1.4744e+00 +6.1906e+00
699 +3.835383600e+02 +3.835383600e+02 +2.405836002e+01 +2.405836002e+01 -4.0344e+00 -2.9796e+00 +8.2356e-01 -1.4768e+00 -7.5906e-01 -1.8702e+00 -1.9108e+00 +2.3097e+00 +1.5750e+00 -2.1401e+00 -1.8763e+00 +1.0220e+00 +1.1459e+00 -8.3926e-01 -3.6106e+00 -3.2679e+00 -1.1962e+00 +2.4375e+00 -1.7621e+00 +5.5547e+00
725 +2.231267177e+02 +2.231267177e+02 -1.363532823e+02 -1.363532823e+02 -4.5099e+00 -3.1219e+00 +1.3686e+00 -1.2505e+00 -1.0615e+00 -1.7558e+00 -2.2501e+00 +1.8402e+00 +1.6720e+00 -2.2243e+00 -2.2272e+00 +1.4373e+00 +1.5126e+00 -9.1491e-01 -3.4289e+00 -3.0511e+00 -1.2690e+00 +2.1030e+00 -1.7118e+00 +5.7326e+00
968 +1.528936159e+02 +1.528936159e+02 -2.065863841e+02 -2.065863841e+02 -3.5926e+00 -3.0814e+00 +1.3732e+00 -1.3275e+00 -1.2391e+00 -1.3561e+00 -1.9529e+00 +1.8093e+00 +1.5408e+00 -2.5832e+00 -1.9020e+00 +1.1332e+00 +1.1359e+00 -8.6472e-01 -3.1674e+00 -3.7602e+00 -7.7445e-01 +2.3437e+00 -1.7634e+00 +5.3497e+00
2237 +9.976198253e+01 +9.976198253e+01 -2.597180175e+02 -2.597180175e+02 -3.3197e+00 -3.1324e+00 +1.4529e+00 -1.1785e+00 -9.0693e-01 -1.8213e+00 -2.3568e+00 +1.6388e+00 +1.4601e+00 -2.5972e+00 -1.9923e+00 +1.1313e+00 +1.2914e+00 -1.0058e+00 -3.2807e+00 -3.8147e+00 -8.2515e-01 +2.2401e+00 -2.0607e+00 +4.3378e+00
2906 +6.196329900e+01 +6.196329900e+01 -2.975167010e+02 -2.975167010e+02 -3.0023e+00 -2.7882e+00 +1.8552e+00 -1.0426e+00 -7.7985e-01 -1.7563e+00 -2.3235e+00 +1.4628e+00 +1.4737e+00 -2.5577e+00 -1.9215e+00 +1.1657e+00 +1.1370e+00 -9.9243e-01 -3.2870e+00 -3.3357e+00 -1.2730e+00 +1.5353e+00 -3.3342e+00 +1.5200e+00
3103 +3.838056709e+01 +3.838056709e+01 -3.210994329e+02 -3.210994329e+02 -3.0683e+00 -2.7233e+00 +1.9030e+00 -9.1731e-01 -8.5837e-01 -1.8293e+00 -2.3053e+00 +1.6314e+00 +1.3994e+00 -2.4962e+00 -1.9235e+00 +1.3078e+00 +1.2219e+00 -1.0263e+00 -3.4681e+00 -3.1256e+00 -1.5305e+00 +1.3186e+00 -3.5718e+00 +1.4915e+00
3331 +2.499401787e+01 +2.499401787e+01 -3.344859821e+02 -3.344859821e+02 -2.9567e+00 -2.6838e+00 +1.9255e+00 -8.7216e-01 -8.5336e-01 -1.7987e+00 -2.4108e+00 +1.6616e+00 +1.5278e+00 -2.6642e+00 -1.9501e+00 +1.2146e+00 +1.2043e+00 -1.0609e+00 -3.3169e+00 -2.9396e+00 -1.7132e+00 +1.0357e+00 -3.6762e+00 +1.3966e+00
3946 +1.579880697e+01 +1.579880697e+01 -3.436811930e+02 -3.436811930e+02 -3.0401e+00 -2.7255e+00 +1.9265e+00 -8.7430e-01 -7.6483e-01 -1.7867e+00 -2.3461e+00 +1.6203e+00 +1.4748e+00 -2.5787e+00 -1.9684e+00 +1.1738e+00 +1.2664e+00 -1.0619e+00 -3.2597e+00 -3.1170e+00 -1.8168e+00 +9.6805e-01 -3.7073e+00 +1.5251e+00
% function evaluation | noise-free fitness - Fopt (2.748000000000e+01) | best noise-free fitness - Fopt | measured fitness | best measured fitness | x1 | x2...
1 +4.209798825e+05 +4.209798825e+05 +4.210073625e+05 +4.210073625e+05 +4.6707e-02 +1.7474e+00 -2.6744e-01 +2.1733e+00 +9.8249e-01 +3.7311e+00 -1.0917e+00 +2.2686e-01 +1.7385e+00 +3.2864e+00 -1.0308e+00 -2.8099e+00 -3.5434e+00 -8.4350e-01 -2.4862e+00 -2.2991e+00 -9.5712e-01 +3.1986e+00 -1.0142e+00 -2.7045e+00
5 +2.290370705e+05 +2.290370705e+05 +2.290645505e+05 +2.290645505e+05 +1.6382e+00 +3.7499e+00 +6.3705e-01 +3.0073e+00 +3.5978e+00 +1.9482e+00 -1.8479e+00 -1.3395e+00 +2.0675e+00 +4.7108e+00 -1.1565e+00 -2.6730e+00 -5.4826e+00 +1.0799e+00 -5.1799e-01 +2.3730e-01 -4.2224e+00 +1.9099e-01 -1.2912e+00 +2.8461e-02
39 +1.333691360e+05 +1.333691360e+05 +1.333966160e+05 +1.333966160e+05 +9.2462e-01 +2.6668e+00 +1.0798e+00 -2.7947e-01 -2.2930e+00 -2.3799e+00 +1.3445e+00 -3.6331e+00 +2.3144e+00 +4.1685e+00 -1.8175e+00 -2.6952e+00 -2.2778e+00 -2.9629e-01 -4.6990e+00 -3.9882e+00 -1.2604e+00 -2.5033e+00 -9.9738e-02 +7.1773e-01
63 +8.177359745e+04 +8.177359745e+04 +8.180107745e+04 +8.180107745e+04 +2.3791e+00 +4.0211e+00 +1.0515e+00 -7.1507e-01 +2.1315e+00 +7.5059e-01 +4.3352e+00 -2.3138e+00 +6.7051e-01 +1.4444e+00 -1.1161e+00 -2.1889e+00 -1.2094e+00 -3.6430e+00 -2.5522e+00 -2.5695e+00 +1.2653e+00 +7.8872e-01 +1.1837e+00 -6.1222e-01
66 +5.760818395e+04 +5.760818395e+04 +5.763566395e+04 +5.763566395e+04 +2.6937e+00 +2.4713e+00 +2.4462e+00 -8.7052e-01 +1.6947e+00 +5.5163e-01 +1.4245e+00 -3.2085e+00 +2.0563e+00 +2.5831e+00 -2.3964e+00 -1.6137e+00 -1.1317e+00 -1.3852e+00 -5.7219e+00 -8.2771e-01 -7.6488e-01 +5.4496e-01 +2.9536e+00 -1.8618e+00
117 +3.410154816e+04 +3.410154816e+04 +3.412902816e+04 +3.412902816e+04 +9.8385e-01 +2.0382e+00 +1.5060e+00 -1.0097e-01 +2.8172e+00 -1.7175e+00 +2.2525e+00 -1.0918e-01 -6.3939e-01 +3.2034e+00 -4.8064e-01 -4.1509e-01 -2.8390e+00 -1.7253e-01 -3.5205e+00 -2.6455e+00 -2.7990e+00 -2.4301e+00 +2.1238e-01 +1.5394e+00
157 +2.223290809e+04 +2.223290809e+04 +2.226038809e+04 +2.226038809e+04 +1.9277e+00 +2.2815e+00 +1.7905e-01 -2.1464e-01 +2.8842e+00 -8.6721e-01 +2.7152e+00 -2.0669e+00 -8.8111e-01 +3.5248e+00 -2.8998e+00 -7.1944e-01 -4.4129e+00 -2.1953e+00 -4.7119e+00 -3.8974e-01 -1.6897e+00 -7.9267e-01 +1.0168e+00 +3.9509e+00
166 +5.178865909e+03 +5.178865909e+03 +5.206345909e+03 +5.206345909e+03 +2.4542e+00 +1.1946e+00 +1.9662e+00 -6.3953e-01 +3.2729e+00 -8.4650e-01 +8.5914e-01 -7.6254e-01 -1.7716e+00 +1.0074e+00 -1.7809e+00 -2.1525e+00 -2.4406e+00 -3.3073e+00 -3.7834e+00 +1.7821e+00 -1.8625e+00 -2.3013e+00 +3.6428e+00 +3.3397e+00
275 +3.124116842e+03 +3.124116842e+03 +3.151596842e+03 +3.151596842e+03 +2.5054e+00 +2.9098e+00 +1.2878e+00 -1.6042e+00 +3.0487e+00 -1.1507e+00 +1.4674e+00 -1.5873e-01 -4.7010e-01 +1.5974e+00 -3.2907e+00 -2.0556e+00 -3.7934e+00 -2.7327e+00 -2.1887e+00 +3.4433e-01 -3.5026e+00 -1.9618e+00 +2.9760e+00 +8.5322e-01
359 +1.668678791e+03 +1.668678791e+03 +1.696158791e+03 +1.696158791e+03 +1.4299e+00 +1.9249e+00 +3.2900e-01 -1.3770e+00 +2.1494e+00 -1.7910e+00 +8.5276e-01 +7.8012e-01 -1.0275e+00 +9.3059e-01 -4.7418e+00 -1.9223e+00 -3.4682e+00 -2.6244e+00 -3.5195e+00 -3.6580e-01 -3.1479e+00 -1.4685e+00 +3.8245e+00 +1.0809e+00
363 +9.830890951e+02 +9.830890951e+02 +1.010569095e+03 +1.010569095e+03 +9.9386e-01 +1.4419e+00 +9.4655e-01 -2.0054e+00 +1.6243e+00 -1.8703e+00 +3.8184e-01 +4.6844e-01 -9.9231e-01 +1.0111e+00 -3.5464e+00 -2.4319e+00 -4.3397e+00 -1.9076e+00 -1.9829e+00 +9.7357e-01 -2.9614e+00 -1.9710e+00 +4.1122e+00 +1.4351e+00
514 +5.662798597e+02 +5.662798597e+02 +5.937598597e+02 +5.937598597e+02 +2.2056e+00 +1.0568e+00 +4.9924e-02 -2.3126e+00 +1.5448e+00 -2.6405e+00 +2.9179e-01 +5.9574e-02 -2.0250e+00 +7.6449e-01 -3.4222e+00 -2.1809e+00 -3.0819e+00 -2.6830e+00 -2.2594e+00 +9.1542e-01 -2.5738e+00 -1.2928e+00 +4.5845e+00 +3.6347e+00
591 +3.701945633e+02 +3.701945633e+02 +3.976745633e+02 +3.976745633e+02 +2.1113e+00 +1.0054e+00 -2.7519e-02 -2.0683e+00 +2.1240e+00 -1.9957e+00 +1.3680e+00 -1.9917e-01 -2.1985e+00 +8.1152e-01 -3.6648e+00 -2.7262e+00 -2.8976e+00 -1.8353e+00 -2.4838e+00 +8.5772e-01 -3.1340e+00 -1.5695e+00 +4.2869e+00 +2.8896e+00
741 +2.500871805e+02 +2.500871805e+02 +2.775671805e+02 +2.775671805e+02 +1.7331e+00 +8.4999e-01 +6.8980e-01 -2.4433e+00 +1.6785e+00 -2.7651e+00 +1.1621e+00 +2.0652e-01 -1.6194e+00 +8.5578e-01 -3.4230e+00 -2.0859e+00 -3.1273e+00 -1.8973e+00 -2.7107e+00 +1.0636e+00 -3.4948e+00 -1.5447e+00 +4.2422e+00 +2.3152e+00
1139 +1.575991065e+02 +1.575991065e+02 +1.850791065e+02 +1.850791065e+02 +1.8547e+00 +1.0512e+00 +5.4816e-01 -2.3969e+00 +1.6596e+00 -2.5627e+00 +1.3196e+00 -1.8762e-01 -1.9492e+00 +6.5387e-01 -3.6062e+00 -2.3118e+00 -3.0811e+00 -2.5164e+00 -2.9378e+00 +9.2318e-01 -3.7438e+00 -1.3797e+00 +4.3132e+00 +2.5545e+00
2654 +9.745402052e+01 +9.745402052e+01 +1.249340205e+02 +1.249340205e+02 +1.4756e+00 +9.4952e-01 +4.6063e-01 -2.4995e+00 +1.5224e+00 -2.5020e+00 +1.3450e+00 -4.0153e-01 -1.8916e+00 +6.2612e-01 -3.6594e+00 -2.1883e+00 -3.0877e+00 -2.4290e+00 -2.8574e+00 +8.6505e-01 -3.4024e+00 -1.9761e+00 +2.8362e+00 -2.5160e+00
2917 +5.947447743e+01 +5.947447743e+01 +8.695447743e+01 +8.695447743e+01 +1.7602e+00 +8.8476e-01 +5.6620e-01 -2.4103e+00 +1.5285e+00 -2.5717e+00 +1.2443e+00 -2.0122e-01 -1.8209e+00 +5.8666e-01 -3.5613e+00 -2.1576e+00 -3.1072e+00 -2.5490e+00 -2.7450e+00 +8.4840e-01 -3.0928e+00 -2.4160e+00 +2.1391e+00 -3.3514e+00
3118 +3.907654237e+01 +3.907654237e+01 +6.655654237e+01 +6.655654237e+01 +1.7323e+00 +1.0529e+00 +5.6180e-01 -2.4684e+00 +1.6007e+00 -2.4502e+00 +1.4637e+00 -1.1012e-01 -1.8669e+00 +6.4273e-01 -3.6710e+00 -2.1693e+00 -3.0783e+00 -2.3768e+00 -2.9603e+00 +8.4835e-01 -2.9342e+00 -2.5861e+00 +1.9374e+00 -3.5031e+00
3469 +2.509435021e+01 +2.509435021e+01 +5.257435021e+01 +5.257435021e+01 +1.7670e+00 +1.0539e+00 +5.4564e-01 -2.4762e+00 +1.6652e+00 -2.4900e+00 +1.2651e+00 -2.0048e-01 -1.9883e+00 +6.1454e-01 -3.7250e+00 -2.1977e+00 -3.0649e+00 -2.3883e+00 -2.8868e+00 +8.6078e-01 -2.7808e+00 -2.7788e+00 +2.0137e+00 -3.2989e+00
% function evaluation | noise-free fitness - Fopt (3.609000000000e+01) | best noise-free fitness - Fopt | measured fitness | best measured fitness | x1 | x2...
1 +2.514526932e+05 +2.514526932e+05 +2.514887832e+05 +2.514887832e+05 +3.9935e+00 -2.1705e+00 -1.7602e+00 -2.3387e+00 +1.0879e+00 +1.5069e+00 -3.8614e+00 -1.6353e+00 -7.9837e-02 +1.0672e+00 -2.0665e+00 -2.8428e+00 +1.3165e+00 -2.2892e-01 +1.8595e+00 +3.6704e+00 +1.4982e+00 -9.0511e-01 -3.2169e+00 -3.0837e+00
9 +2.478650367e+05 +2.478650367e+05 +2.479011267e+05 +2.479011267e+05 -5.0043e-01 -8.3138e-01 -4.0942e+00 +3.8239e-01 +1.2684e+00 -7.2097e-01 -3.6834e+00 -3.3960e+00 +2.6774e-02 +2.8746e+00 -3.4132e+00 -6.8245e-01 +4.3085e+00 -3.6540e+00 +1.0520e+00 +4.0205e+00 +3.5438e+00 +7.1851e-01 -5.1561e+00 -3.8943e+00
33 +1.573755862e+05 +1.573755862e+05 +1.574116762e+05 +1.574116762e+05 +2.0794e+00 +3.4854e+00 -3.6166e+00 -3.6519e+00 -7.8684e-01 -2.0168e+00 -3.3505e+00 -7.3685e+00 -3.6494e+00 -1.4636e-01 -3.7878e+00 -7.0908e-01 +2.8252e+00 +1.4781e+00 +1.6624e+00 +6.8399e-01 +4.7419e+00 -3.9685e-01 -1.5029e+00 -3.7800e+00
43 +8.288919254e+04 +8.288919254e+04 +8.292528254e+04 +8.292528254e+04 +2.1343e+00 +3.5840e+00 -4.0073e+00 -1.3083e+00 +6.3474e-01 -2.4913e+00 -9.0397e-01 -6.5725e+00 -4.9162e+00 +4.0521e-01 -4.3754e+00 +1.0782e+00 +1.6108e+00 -2.9038e+00 +2.0887e+00 +1.3342e-01 +3.0751e+00 -1.2777e+00 -3.0171e+00 -3.8082e+00
52 +4.132807643e+04 +4.132807643e+04 +4.136416643e+04 +4.136416643e+04 +1.3322e+00 +1.7948e+00 -3.3951e+00 -1.4830e+00 -2.3807e-01 -2.2664e-01 +5.4520e-01 -2.4052e+00 -2.1837e+00 +3.0034e+00 -8.7146e-01 -5.8735e-01 -1.0290e+00 -2.4560e+00 -1.2953e+00 -2.3673e+00 +2.9745e+00 -1.6693e+00 -3.9235e+00 -4.7821e+00
116 +3.866557353e+04 +3.866557353e+04 +3.870166353e+04 +3.870166353e+04 +3.1314e+00 -5.6337e-01 -2.3433e+00 +1.4941e+00 +2.6098e+00 +1.0245e+00 -2.2847e+00 -4.2720e+00 -3.9938e+00 +2.1209e+00 -3.0979e+00 -1.3953e-01 +1.4180e+00 -3.5023e-01 +2.9046e-01 -2.0529e+00 +3.2726e+00 -2.5692e+00 -5.5878e+00 -3.4731e+00
131 +2.087065822e+04 +2.087065822e+04 +2.090674822e+04 +2.090674822e+04 +1.4957e+00 +1.3170e+00 -3.1529e+00 +9.4087e-02 -1.3651e+00 +6.9393e-01 -3.2568e+00 -4.7078e+00 -4.2791e+00 +3.1304e+00 -1.1206e+00 -2.0485e+00 +3.8680e+00 +1.7942e+00 -3.2852e-01 +4.1784e-01 +2.8961e+00 -5.4833e+00 -4.0010e+00 -4.0056e+00
138 +1.373506455e+04 +1.373506455e+04 +1.377115455e+04 +1.377115455e+04 -1.5893e+00 +4.5562e-01 -3.6338e+00 +4.3068e+00 +7.5703e-02 +1.3359e+00 -2.7352e+00 -3.3060e+00 -4.1350e+00 +2.5671e+00 -4.2729e-01 -1.1016e-01 +2.2246e-01 +5.5064e-01 -1.6593e+00 -4.7573e-01 +1.6658e+00 -3.0685e+00 -3.3738e+00 -2.3499e+00
191 +9.262344622e+03 +9.262344622e+03 +9.298434622e+03 +9.298434622e+03 -1.3952e+00 +2.0704e+00 -3.5300e+00 +9.7890e-01 -1.8817e+00 +2.2701e+00 -1.7212e+00 -3.7207e+00 -3.3383e+00 +2.3378e+00 -3.8071e+00 -1.0989e+00 +2.6113e+00 +7.3264e-01 -1.6556e+00 -2.1774e+00 +2.7436e+00 -4.9179e+00 -2.7497e+00 -2.6943e+00
246 +5.410136024e+03 +5.410136024e+03 +5.446226024e+03 +5.446226024e+03 +5.5611e-01 +8.0197e-01 -3.5335e+00 +7.2573e-01 -6.3336e-01 +4.4871e-01 -1.8751e+00 -2.0056e+00 -2.7426e+00 +4.5079e-01 -2.8704e+00 -1.0336e+00 +2.8395e+00 +9.0734e-01 -2.4344e+00 -7.1399e-01 +2.5788e+00 -3.9232e+00 -3.3094e+00 -3.0711e+00
291 +2.536746048e+03 +2.536746048e+03 +2.572836048e+03 +2.572836048e+03 +3.5868e-01 +1.7047e+00 -2.1368e+00 -3.6590e-01 +1.2903e+00 +2.4731e+00 -2.9349e+00 -3.2155e+00 -3.4964e+00 +1.0701e+00 -1.5098e+00 +3.2595e-01 +2.9166e+00 +2.4132e-01 -1.0197e+00 -2.6385e+00 +2.6381e+00 -4.1079e+00 -3.3763e+00 -1.0533e+00
331 +2.130000461e+03 +2.130000461e+03 +2.166090461e+03 +2.166090461e+03 +6.0101e-01 +5.4820e-01 -1.8619e+00 +7.5216e-01 +1.3531e-01 +2.5560e+00 -2.3654e+00 -3.6804e+00 -3.1071e+00 +1.2063e+00 -2.0616e+00 +8.3458e-01 +2.8439e+00 -3.1997e-01 -2.2086e+00 -1.7324e+00 +2.2171e+00 -2.2374e+00 -3.8461e+00 +2.8678e-01
386 +9.988461634e+02 +9.988461634e+02 +1.034936163e+03 +1.034936163e+03 +1.4517e-01 -1.3391e-01 -1.9891e+00 +1.2131e+00 +1.5606e+00 +1.6277e+00 -3.9295e+00 -3.3753e+00 -3.5072e+00 +1.2435e+00 -2.5945e+00 +1.4976e-01 +2.4700e+00 +5.9913e-01 -1.6412e+00 -2.4357e+00 +3.2190e+00 -2.6523e+00 -3.4311e+00 +1.0281e-01
448 +6.096291362e+02 +6.096291362e+02 +6.457191362e+02 +6.457191362e+02 -3.8253e-01 +7.2692e-01 -2.6124e+00 +1.8815e-01 +1.4318e+00 +1.5626e+00 -2.8948e+00 -2.9422e+00 -2.8194e+00 +1.1927e+00 -2.3919e+00 +3.1790e-01 +2.0214e+00 +1.2143e-01 -2.5735e+00 -1.4643e+00 +2.3884e+00 -3.9461e+00 -3.4585e+00 +1.4311e+00
522 +3.876210573e+02 +3.876210573e+02 +4.237110573e+02 +4.237110573e+02 -1.0679e+00 +1.9465e-01 -2.7864e+00 +1.4019e+00 +1.5515e+00 +1.3691e+00 -3.0626e+00 -2.9976e+00 -2.6124e+00 +1.6688e+00 -2.6532e+00 -6.0773e-01 +2.0048e+00 +2.0000e-01 -1.8799e+00 -2.3999e+00 +2.0513e+00 -4.0118e+00 -2.3994e+00 +4.3091e-01
562 +1.623983002e+02 +1.623983002e+02 +1.984883002e+02 +1.984883002e+02 -1.0232e-01 +7.3168e-01 -2.6128e+00 +1.5172e+00 +1.1758e+00 +1.4278e+00 -2.7001e+00 -3.4992e+00 -3.3606e+00 +1.3104e+00 -2.6004e+00 -2.7351e-01 +2.0955e+00 -4.6078e-01 -1.5916e+00 -2.3526e+00 +2.7942e+00 -2.9677e+00 -2.7311e+00 +9.2138e-01
587 +1.400069013e+02 +1.400069013e+02 +1.760969013e+02 +1.760969013e+02 +1.4229e-02 +6.4284e-01 -2.3970e+00 +1.5713e+00 +1.1430e+00 +1.2077e+00 -2.7605e+00 -3.6193e+00 -3.0369e+00 +1.6354e+00 -2.4932e+00 -2.4140e-01 +2.1914e+00 +2.5468e-02 -1.4584e+00 -2.2675e+00 +2.2964e+00 -3.4321e+00 -2.3191e+00 +1.2278e+00
622 +9.913216511e+01 +9.913216511e+01 +1.352221651e+02 +1.352221651e+02 -1.6148e-01 +9.5408e-01 -2.3265e+00 +1.6702e+00 +1.0860e+00 +1.5373e+00 -3.1391e+00 -3.6046e+00 -3.3153e+00 +1.6733e+00 -2.3690e+00 -3.4391e-01 +1.8072e+00 -1.4683e-01 -2.0241e+00 -2.8895e+00 +2.1751e+00 -3.2375e+00 -2.8311e+00 +8.3622e-01
703 +5.779713930e+01 +5.779713930e+01 +9.388713930e+01 +9.388713930e+01 -2.8939e-01 +8.2227e-01 -2.3994e+00 +1.4965e+00 +7.0846e-01 +1.1693e+00 -2.8159e+00 -3.6123e+00 -3.0750e+00 +1.4555e+00 -2.4161e+00 -1.3412e-01 +1.9866e+00 -3.0789e-01 -1.7501e+00 -2.4320e+00 +2.0966e+00 -3.6600e+00 -2.8668e+00 +7.2832e-01
785 +3.583516466e+01 +3.583516466e+01 +7.192516466e+01 +7.192516466e+01 -5.8680e-02 +9.0234e-01 -2.2346e+00 +1.2183e+00 +9.1584e-01 +1.2205e+00 -2.9265e+00 -3.5144e+00 -3.3845e+00 +1.6049e+00 -2.3487e+00 -4.0082e-01 +1.6707e+00 -4.0845e-01 -1.8133e+00 -2.3613e+00 +1.9812e+00 -3.6143e+00 -2.7388e+00 +7.5467e-01
888 +2.442053678e+01 +2.442053678e+01 +6.051053678e+01 +6.051053678e+01 +2.2552e-03 +9.3881e-01 -2.2842e+00 +1.4707e+00 +7.8746e-01 +1.2450e+00 -2.8790e+00 -3.5118e+00 -3.4241e+00 +1.4983e+00 -2.3694e+00 -3.4391e-01 +1.7010e+00 -3.1352e-01 -1.9419e+00 -2.4006e+00 +2.0316e+00 -3.5124e+00 -2.9133e+00 +9.3590e-01
2537 +1.584694225e+01 +1.584694225e+01 +5.193694225e+01 +5.193694225e+01 +3.7734e-01 +1.2803e+00 -1.9823e+00 +1.6365e+00 +8.0089e-01 +1.2003e+00 -2.8871e+00 -3.5235e+00 -3.4046e+00 +1.5082e+00 -2.3343e+00 -3.1938e-01 +1.6292e+00 -3.2450e-01 -1.9128e+00 -2.4071e+00 +1.9850e+00 -3.5391e+00 -2.9272e+00 +7.4572e-01
% function evaluation | noise-free fitness - Fopt (-5.791000000000e+01) | best noise-free fitness - Fopt | measured fitness | best measured fitness | x1 | x2...
1 +5.853977611e+05 +5.853977611e+05 +5.853398511e+05 +5.853398511e+05 -8.2068e-01 -2.6672e-01 -8.8930e-01 -3.5655e+00 +8.5121e-01 +3.0098e+00 +6.0787e-01 +3.7421e+00 -1.4245e+00 -1.5521e-01 -2.2769e+00 +3.2016e+00 -1.4132e+00 +1.7972e-01 +3.3911e+00 -2.0807e+00 +1.0674e+00 -1.6269e+00 +3.0577e+00 -1.2867e+00
17 +3.341562679e+05 +3.341562679e+05 +3.340983579e+05 +3.340983579e+05 -1.4952e+00 +8.1657e-01 +1.8818e+00 -3.7751e+00 +1.9896e-01 +3.4137e-01 -2.5829e+00 +1.3000e+00 -1.6938e+00 +2.2385e-01 -4.7907e+00 +2.3614e+00 +3.7189e-01 +1.8526e+00 +4.3607e+00 -4.3724e+00 -2.6527e-01 -2.9226e+00 +2.8390e+00 +1.3300e+00
57 +2.374616143e+05 +2.374616143e+05 +2.374037043e+05 +2.374037043e+05 -7.2119e-01 +1.0718e+00 +8.4626e-01 -1.4952e-02 +2.2184e+00 +7.2442e-01 +2.5359e+00 -1.2535e+00 -3.5336e+00 -6.5048e-02 -8.8809e-01 +3.1031e+00 +8.7123e-01 -2.8662e+00 +4.4288e+00 -1.9903e-01 +1.4639e+00 -4.4655e+00 +3.1129e+00 +1.6477e+00
63 +1.265961394e+05 +1.265961394e+05 +1.265382294e+05 +1.265382294e+05 +1.6379e-01 -7.4886e-01 +3.9596e+00 -3.0536e-01 +1.0336e+00 +9.3064e-01 -7.0279e-01 -1.6111e+00 -2.4796e+00 -3.3786e-01 -2.4154e+00 +3.8346e+00 +1.4470e+00 -1.5102e+00 +3.0741e+00 -1.4578e+00 -1.0280e+00 -2.3279e+00 +4.9181e-01 +6.5658e-01
95 +9.854278175e+04 +9.854278175e+04 +9.848487175e+04 +9.848487175e+04 -5.4240e-01 +3.6444e-01 -8.5708e-01 +6.6775e-01 +2.4239e+00 -1.1243e+00 +2.6089e+00 -1.9940e+00 -1.2259e+00 +1.2325e+00 -2.1407e-01 +2.9859e+00 +2.9203e+00 -2.0019e-01 +4.7638e+00 -4.3818e+00 -1.6181e+00 -1.8970e+00 -7.2864e-01 -7.1369e-01
96 +5.520110882e+04 +5.520110882e+04 +5.514319882e+04 +5.514319882e+04 -9.4609e-01 +7.7360e-02 +6.9527e-01 -7.0486e-01 +7.9307e-01 -2.1712e+00 -1.9599e-01 -8.7264e-01 -2.9004e+00 -9.3906e-01 -2.0421e+00 +2.5305e+00 -1.7883e-01 -2.6421e+00 +1.8582e+00 +1.0220e+00 +1.6384e+00 -2.6544e+00 -4.9895e-01 -1.1081e+00
147 +3.143724395e+04 +3.143724395e+04 +3.137933395e+04 +3.137933395e+04 +9.6430e-01 +1.7948e+00 +4.5216e-01 +1.6561e+00 +1.8484e+00 -2.8467e+00 +1.4845e-01 -2.9596e+00 -1.0025e+00 -7.6170e-01 -2.3987e+00 +1.7136e-01 -9.1734e-01 +3.8987e-01 +5.0227e+00 -1.7506e+00 +2.0881e+00 -1.1556e+00 -9.2378e-02 +2.5153e+00
159 +1.686526524e+04 +1.686526524e+04 +1.680735524e+04 +1.680735524e+04 +1.1057e+00 +1.6479e+00 +1.0494e+00 -7.1775e-01 +2.5393e+00 -1.7781e+00 +1.0684e+00 -3.9200e+00 -3.7192e-01 -1.1778e+00 -2.5123e-01 -8.8320e-01 +8.4019e-01 -7.2655e-01 +4.4043e+00 -1.7459e+00 +1.6583e+00 -1.0685e+00 -2.1975e+00 +6.3685e-01
166 +1.246946600e+04 +1.246946600e+04 +1.241155600e+04 +1.241155600e+04 +3.4880e+00 +2.6926e+00 +3.6014e-01 -4.1116e-02 +3.1209e+00 -2.2604e+00 -2.2802e-01 -1.5177e+00 -1.8161e+00 -1.3353e-01 +6.3281e-01 -1.0222e+00 +1.5539e+00 -3.9736e-01 +1.8892e+00 -7.2395e-01 +1.1780e+00 +6.7801e-01 +2.2366e-01 +3.5170e+00
202 +9.041821615e+03 +9.041821615e+03 +8.983911615e+03 +8.983911615e+03 +2.9979e+00 +1.6963e+00 +1.2035e+00 +2.3340e+00 +2.4126e+00 -2.5679e+00 +2.3571e-01 -4.8088e+00 -1.1276e+00 -1.3768e+00 +1.0158e+00 +6.5749e-01 +2.2649e+00 -1.9389e+00 +2.6609e+00 -3.0455e+00 +2.1672e+00 -1.0046e+00 -3.6923e+00 +1.3469e-01
210 +5.575862071e+03 +5.575862071e+03 +5.517952071e+03 +5.517952071e+03 +9.8214e-01 +2.8017e+00 +7.3802e-01 +8.7045e-01 +3.6217e-01 -2.0850e+00 -2.7725e-02 -2.6856e+00 +3.6330e-01 -1.2284e+00 +5.4901e-01 -7.4653e-01 +2.3756e+00 -9.0412e-01 +3.1916e+00 -2.8585e+00 +9.0782e-01 -3.0545e-01 -4.0083e+00 +6.8396e-01
277 +3.774905375e+03 +3.774905375e+03 +3.716995375e+03 +3.716995375e+03 +6.1529e-01 +1.6190e+00 +1.5354e-01 +1.1448e+00 -4.6561e-01 -1.6109e+00 -1.9691e-01 -2.4053e+00 -1.3212e+00 -2.7311e-01 +6.9162e-01 -1.2243e+00 +1.2657e+00 -2.0358e+00 -4.7209e-01 -2.6611e+00 +7.1659e-02 +1.2627e+00 -2.3906e+00 +1.1630e+00
326 +2.076500393e+03 +2.076500393e+03 +2.018590393e+03 +2.018590393e+03 +2.7489e+00 +1.4237e+00 -1.2382e-01 +1.5565e+00 +1.8067e+00 -3.5970e+00 +6.5056e-01 -1.9648e+00 -1.4487e+00 -1.3065e+00 -1.5362e-01 -1.5929e+00 +2.0812e+00 -1.5312e+00 +2.3335e+00 -5.6834e-01 +4.7882e-01 +7.3629e-01 -3.6446e+00 +5.0414e-01
339 +1.273494373e+03 +1.273494373e+03 +1.215584373e+03 +1.215584373e+03 +2.3337e+00 +1.2206e+00 +5.8656e-01 +9.6042e-01 +1.4794e+00 -1.9076e+00 -9.3721e-01 -2.2870e+00 -7.1090e-01 -2.3869e+00 -1.2106e-01 -1.8535e-01 +7.0254e-01 -1.7243e+00 +1.5411e+00 -1.0462e+00 -6.2576e-01 +4.7010e-01 -2.4805e+00 +1.4899e+00
383 +8.954484081e+02 +8.954484081e+02 +8.375384081e+02 +8.375384081e+02 +9.0844e-01 +2.0052e+00 +1.7160e-01 +7.5464e-01 +1.2392e+00 -2.8993e+00 -1.6626e+00 -2.9397e+00 -1.2599e+00 -2.6305e+00 -3.3661e-01 -1.8784e+00 +6.7372e-01 -3.1314e+00 +1.2166e+00 -8.6872e-01 +8.5408e-02 +1.7187e+00 -3.3808e+00 +1.5748e+00
453 +4.507409364e+02 +4.507409364e+02 +3.928309364e+02 +3.928309364e+02 +1.6702e+00 +2.0601e+00 +7.6238e-02 +8.2656e-01 +1.5318e+00 -2.9315e+00 -7.3615e-01 -3.2414e+00 -1.2718e+00 -2.0138e+00 +1.8144e-01 -1.4032e+00 +1.3184e+00 -2.4492e+00 +1.0454e+00 -1.0521e+00 +3.3046e-01 +1.3591e+00 -2.0647e+00 +6.6233e-01
474 +3.903662806e+02 +3.903662806e+02 +3.324562806e+02 +3.324562806e+02 +1.6179e+00 +2.1906e+00 +2.0063e-01 +1.1582e+00 +7.2672e-01 -2.4972e+00 -1.3342e+00 -3.3874e+00 -1.1557e+00 -1.5574e+00 -9.2694e-02 -1.4233e+00 +1.4277e+00 -1.9707e+00 +9.1000e-01 -2.3468e+00 +1.0151e+00 +1.3699e+00 -3.0794e+00 +4.1713e-01
591 +2.391002876e+02 +2.391002876e+02 +1.811902876e+02 +1.811902876e+02 +8.9214e-01 +1.9879e+00 +3.0641e-01 +9.8901e-01 +1.4003e+00 -2.7883e+00 -1.1215e+00 -2.9955e+00 -9.9365e-01 -1.8614e+00 -5.1389e-01 -1.1005e+00 +1.7688e+00 -2.2368e+00 +1.2159e+00 -2.2021e+00 +7.6113e-01 +1.3900e+00 -2.3593e+00 +6.1042e-01
608 +1.178716812e+02 +1.178716812e+02 +5.996168122e+01 +5.996168122e+01 +1.1004e+00 +2.2155e+00 +1.3685e-01 +1.0125e+00 +1.0186e+00 -2.8139e+00 -1.0399e+00 -3.1710e+00 -1.2508e+00 -1.6418e+00 -4.3286e-02 -1.0184e+00 +1.3892e+00 -2.2561e+00 +1.3172e+00 -1.5440e+00 +6.8230e-01 +1.3465e+00 -2.4474e+00 +1.3093e+00
647 +9.153088399e+01 +9.153088399e+01 +3.362088399e+01 +3.362088399e+01 +1.2057e+00 +1.7591e+00 +4.5546e-01 +1.1820e+00 +1.3836e+00 -2.8284e+00 -8.3075e-01 -3.3814e+00 -1.4917e+00 -2.0820e+00 -5.3919e-01 -1.1523e+00 +1.2588e+00 -2.0768e+00 +1.3333e+00 -1.8966e+00 +5.3309e-01 +8.7223e-01 -2.9813e+00 +1.2515e+00
777 +5.979496177e+01 +5.979496177e+01 +1.884961774e+00 +1.884961774e+00 +1.5394e+00 +1.6592e+00 +4.8099e-01 +1.3085e+00 +1.3003e+00 -2.6204e+00 -1.0957e+00 -3.2026e+00 -1.2394e+00 -1.8264e+00 -4.0098e-01 -9.8008e-01 +1.1889e+00 -2.4254e+00 +1.4398e+00 -1.6037e+00 +4.1958e-01 +7.6290e-01 -2.5804e+00 +1.4052e+00
914 +3.863362178e+01 +3.863362178e+01 -1.927637822e+01 -1.927637822e+01 +1.6695e+00 +1.8724e+00 +9.2734e-02 +1.1220e+00 +1.0285e+00 -2.6147e+00 -1.1419e+00 -3.2924e+00 -1.4021e+00 -1.8324e+00 -4.4815e-01 -9.8787e-01 +1.3289e+00 -2.4727e+00 +1.2574e+00 -1.6890e+00 +2.9059e-01 +8.2014e-01 -2.6661e+00 +1.2303e+00
1051 +2.260073152e+01 +2.260073152e+01 -3.530926848e+01 -3.530926848e+01 +1.4443e+00 +1.7226e+00 +1.7449e-01 +1.1441e+00 +9.8954e-01 -2.7789e+00 -1.1656e+00 -3.1455e+00 -1.6911e+00 -2.0506e+00 -6.0742e-01 -1.0162e+00 +1.2691e+00 -2.5096e+00 +1.2753e+00 -1.6344e+00 +4.5307e-01 +8.3423e-01 -2.7469e+00 +1.1698e+00
3219 +1.578992509e+01 +1.578992509e+01 -4.212007491e+01 -4.212007491e+01 +2.2365e+00 +2.4835e+00 +7.0953e-01 +1.4354e+00 +1.0876e+00 -2.7308e+00 -1.1474e+00 -3.2283e+00 -1.6387e+00 -2.0759e+00 -5.4670e-01 -1.0494e+00 +1.1767e+00 -2.4430e+00 +1.3125e+00 -1.6519e+00 +4.7748e-01 +8.1846e-01 -2.7355e+00 +1.2262e+00
% function evaluation | noise-free fitness - Fopt (-3.349100000000e+02) | best noise-free fitness - Fopt | measured fitness | best measured fitness | x1 | x2...
1 +1.284626608e+05 +1.284626608e+05 +1.281277508e+05 +1.281277508e+05 +1.4182e+00 -1.1097e+00 +1.9262e+00 -1.5688e+00 -7.4153e-01 -3.0877e+00 +3.8655e+00 -6.8451e-01 -3.3488e+00 +1.9792e+00 -6.5946e-01 -1.1279e+00 -1.1471e+00 +1.1916e-01 +3.2254e+00 +3.2004e+00 +2.7029e-01 -1.1598e+00 -1.8105e+00 -3.9380e+00
40 +9.276494606e+04 +9.276494606e+04 +9.243003606e+04 +9.243003606e+04 +5.3548e-01 -1.3188e+00 +1.4180e+00 +2.1890e+00 +2.3420e+00 -1.3541e+00 +4.3957e+00 +1.0529e-01 -3.6062e+00 +2.5268e+00 -5.8726e-03 +1.4201e-01 -2.9083e+00 -2.1085e-01 +4.7491e-01 +2.7731e+00 +1.4506e+00 -3.0728e+00 +4.4501e-01 -5.4861e+00
55 +4.173384132e+04 +4.173384132e+04 +4.139893132e+04 +4.139893132e+04 -2.6634e-01 -2.7970e+00 +1.7565e+00 +2.5113e+00 -4.6569e-01 -4.1596e+00 +2.7749e+00 -4.3252e-01 -2.0579e+00 -1.2945e+00 -3.1292e-01 -1.0712e+00 -7.7838e-01 -1.1496e+00 -1.1440e+00 +1.4243e+00 +3.3391e-01 +5.2421e-01 +1.1856e+00 -4.4260e+00
82 +3.493531750e+04 +3.493531750e+04 +3.460040750e+04 +3.460040750e+04 -9.8694e-01 -1.4817e+00 +6.4322e-01 +2.0863e+00 -2.1437e+00 +1.9962e-01 +2.4430e+00 -2.0335e+00 -4.7320e+00 +1.0121e+00 +2.2501e+00 -1.2388e+00 -3.5411e+00 -2.6611e+00 +2.0427e+00 -3.4787e-02 -6.7659e-01 -8.5464e-02 +5.5182e-01 -4.8026e+00
118 +1.311601383e+04 +1.311601383e+04 +1.278110383e+04 +1.278110383e+04 -1.4242e+00 +1.0337e-01 +9.3428e-01 +3.3791e+00 -9.1206e-01 -2.1883e+00 +2.8976e+00 +2.5694e+00 -1.9356e+00 -2.8039e-01 +8.4266e-01 +1.2751e+00 -2.6079e+00 -2.0806e+00 +2.0199e+00 +1.1185e+00 +2.0950e-01 -1.3334e+00 +8.8046e-02 -4.5761e+00
230 +9.909010174e+03 +9.909010174e+03 +9.574100174e+03 +9.574100174e+03 -2.7007e+00 -3.5580e-02 +2.3959e+00 -7.0692e-02 +1.3581e+00 -1.1999e+00 +2.5368e-01 +5.0770e-01 -1.5276e+00 +1.6748e+00 +2.3902e+00 +1.1988e+00 -7.6632e-01 +5.4915e-01 +1.5362e+00 +8.7417e-01 +1.2323e+00 +4.6270e-01 +5.7992e-01 -4.2124e+00
242 +5.024372961e+03 +5.024372961e+03 +4.689462961e+03 +4.689462961e+03 -1.0323e+00 -7.8059e-01 +1.3782e+00 +1.0301e+00 +9.3775e-02 -2.1759e+00 +6.1293e-01 +7.9753e-01 -3.3898e+00 -1.2657e-01 -6.3820e-01 +1.5025e+00 -1.5092e+00 -1.2699e+00 +6.4476e-01 -1.0496e-01 +1.2672e+00 -2.0954e-01 +5.5788e-02 -4.0466e+00
256 +2.413719602e+03 +2.413719602e+03 +2.078809602e+03 +2.078809602e+03 -3.5413e+00 -4.7662e-01 +7.9488e-01 +9.3266e-01 -3.2290e-01 -1.4430e+00 +1.0618e+00 +1.1633e+00 -1.4661e+00 +1.1066e+00 +9.5921e-01 +1.8185e+00 -3.0577e+00 -2.4132e+00 +1.7325e-01 -4.3948e-01 +4.9020e-01 +1.1787e+00 +9.0067e-01 -1.8451e+00
401 +1.563824548e+03 +1.563824548e+03 +1.228914548e+03 +1.228914548e+03 -3.4914e+00 -1.3109e+00 +9.4257e-01 +2.2208e+00 -2.7734e-01 +1.0749e+00 +6.8304e-01 +8.7051e-01 -3.3277e+00 +5.5270e-01 +1.1750e+00 +1.2423e+00 -3.0626e+00 -1.0673e+00 +8.4421e-02 -5.9134e-01 -3.8727e-01 +1.1837e+00 +2.8092e+00 -2.0722e+00
447 +4.032902970e+02 +4.032902970e+02 +6.838029695e+01 +6.838029695e+01 -3.1909e+00 -4.6061e-01 +1.6789e-01 +1.6964e+00 -1.0175e+00 +3.5240e-01 +6.9162e-01 +8.4806e-01 -2.1775e+00 +5.1985e-01 +3.2870e-01 +1.7394e+00 -2.5995e+00 -6.1821e-01 +4.3308e-01 -1.0820e+00 +7.9336e-01 +8.7762e-01 +2.3881e+00 -2.6609e+00
483 +2.574475266e+02 +2.574475266e+02 -7.746247343e+01 -7.746247343e+01 -3.0621e+00 -7.8428e-01 +1.4939e-01 +1.5638e+00 -3.4766e-01 +3.9364e-02 +5.0757e-01 +6.0152e-01 -1.9580e+00 +1.3928e+00 +1.3829e+00 +1.5396e+00 -2.0604e+00 -1.2063e+00 +3.0883e-01 -6.3371e-01 +2.1138e-01 +6.9387e-01 +1.5802e+00 -3.4843e+00
574 +1.546448000e+02 +1.546448000e+02 -1.802652000e+02 -1.802652000e+02 -3.5006e+00 -7.5746e-01 +5.2053e-02 +1.9986e+00 -2.3600e-01 -5.7603e-01 -3.4480e-01 +7.6463e-01 -2.0798e+00 +7.1877e-02 +1.1215e+00 +1.5263e+00 -1.8367e+00 -1.0623e+00 +7.5267e-01 -6.3310e-01 +7.3828e-01 +2.5582e-01 +1.5806e+00 -3.2674e+00
701 +8.952978630e+01 +8.952978630e+01 -2.453802137e+02 -2.453802137e+02 -3.0864e+00 -8.6921e-01 +6.7268e-02 +1.5570e+00 -4.0035e-01 -6.4982e-01 +3.7455e-02 +3.6841e-01 -2.4571e+00 +5.4040e-01 +9.6392e-01 +1.3462e+00 -2.2568e+00 -1.1374e+00 +7.7283e-01 -9.7698e-01 +7.8822e-01 +1.6957e-01 +1.4140e+00 -2.8738e+00
762 +5.945416076e+01 +5.945416076e+01 -2.754558392e+02 -2.754558392e+02 -2.9834e+00 -1.0454e+00 +1.5708e-02 +1.7466e+00 -2.0778e-01 -2.9317e-01 +1.5282e-01 +3.9960e-01 -2.2442e+00 +6.1347e-01 +1.2076e+00 +1.3476e+00 -2.0849e+00 -1.1156e+00 +6.9926e-01 -9.3135e-01 +1.2546e+00 -2.6174e-01 +1.5372e+00 -3.2043e+00
843 +3.676588431e+01 +3.676588431e+01 -2.981441157e+02 -2.981441157e+02 -2.8783e+00 -1.2201e+00 -1.3338e-01 +1.6197e+00 -1.0182e-01 -3.3656e-01 +1.6236e-01 +4.2381e-01 -2.1910e+00 +6.1589e-01 +9.1116e-01 +1.5256e+00 -1.9745e+00 -1.0556e+00 +6.6979e-01 -8.8496e-01 +8.1767e-01 -1.5449e-01 +1.4532e+00 -3.3296e+00
1015 +2.441729820e+01 +2.441729820e+01 -3.104927018e+02 -3.104927018e+02 -2.7508e+00 -1.2480e+00 -3.7291e-02 +1.6547e+00 -2.4152e-01 -3.6260e-01 -6.6805e-02 +5.3080e-01 -2.2424e+00 +7.0751e-01 +9.1823e-01 +1.5745e+00 -2.1163e+00 -1.1658e+00 +8.1758e-01 -9.1812e-01 +1.0307e+00 -2.2297e-01 +1.4055e+00 -3.2892e+00
3077 +1.582226250e+01 +1.582226250e+01 -3.190877375e+02 -3.190877375e+02 -1.8509e+00 -5.5259e-01 +4.9828e-01 +1.9051e+00 -1.8191e-01 -3.5100e-01 -4.1457e-02 +3.7253e-01 -2.2278e+00 +7.1979e-01 +9.5531e-01 +1.5896e+00 -2.0952e+00 -1.1136e+00 +7.8897e-01 -9.5350e-01 +9.4728e-01 -1.8506e-01 +1.3494e+00 -3.2745e+00
% function evaluation | noise-free fitness - Fopt (-4.670000000000e+01) | best noise-free fitness - Fopt | measured fitness | best measured fitness | x1 | x2...
1 +3.185632564e+05 +3.185632564e+05 +3.185165564e+05 +3.185165564e+05 -3.7242e+00 -1.9823e+00 -4.4814e-01 +3.5027e+00 +2.9422e+00 -3.0603e+00 -2.5087e+00 -1.9629e+00 +2.8511e+00 +2.4724e+00 -1.2291e+00 -1.7251e+00 -1.4779e-01 -2.1009e+00 -3.6981e+00 +1.5555e+00 +3.8578e+00 -3.5927e+00 -3.0451e+00 -2.5222e-02
13 +2.447235813e+05 +2.447235813e+05 +2.446768813e+05 +2.446768813e+05 -3.4516e+00 -1.6263e+00 +2.2144e+00 +1.7739e+00 -1.2800e+00 -3.8390e+00 -3.7964e+00 -3.6435e+00 +2.6903e+00 +1.8601e+00 -2.1755e-01 -1.4314e+00 +1.2037e+00 -2.2962e+00 -2.2569e+00 +1.9794e+00 +4.8325e+00 -1.8956e+00 -4.6045e+00 +5.9521e-02
31 +7.590992539e+04 +7.590992539e+04 +7.586322539e+04 +7.586322539e+04 -3.7239e+00 -1.4769e+00 -1.9043e+00 -5.8647e-01 +1.7104e+00 -3.2216e+00 +3.0658e-01 -1.8383e+00 +4.7344e+00 +7.3021e-01 -1.4201e+00 -2.6091e+00 +2.8674e+00 -3.2526e+00 +1.9921e+00 +8.5552e-01 +3.6876e+00 -1.8866e+00 +4.5791e-01 -1.1391e+00
59 +2.661557771e+04 +2.661557771e+04 +2.656887771e+04 +2.656887771e+04 -2.2231e+00 +3.3309e-01 -4.3064e+00 -2.9768e+00 +8.5612e-01 -1.0256e+00 -2.3572e+00 -4.2758e+00 +2.9447e+00 +1.1228e+00 +7.4437e-02 -1.1098e+00 +1.2917e+00 -1.9725e+00 +1.6013e+00 -2.5277e-01 +1.1940e-01 -1.0359e+00 +9.2125e-01 +1.1532e+00
100 +2.466711080e+04 +2.466711080e+04 +2.462041080e+04 +2.462041080e+04 -2.1079e+00 -1.4782e+00 -4.1327e+00 -4.0881e+00 -4.2535e-02 -2.1576e+00 +4.2970e-01 -1.7468e+00 +1.2814e+00 +1.9561e+00 +7.8731e-01 -1.3249e+00 -3.3387e-01 -1.2910e+00 +6.5227e-01 -1.2176e+00 +2.2008e+00 -3.1199e+00 -2.3796e+00 -3.3259e+00
116 +1.566344656e+04 +1.566344656e+04 +1.561674656e+04 +1.561674656e+04 -2.6457e+00 +4.4753e-02 -1.7524e+00 -1.9469e-01 +3.3944e-01 -2.4471e+00 +7.1555e-02 +6.6256e-01 +4.1956e-01 +1.7516e+00 +5.1678e-01 -2.4514e+00 +2.9366e+00 -2.9511e+00 +4.0439e-01 -8.4127e-01 +2.4076e+00 -3.9716e+00 -2.1720e-02 -1.2674e+00
158 +9.925082420e+03 +9.925082420e+03 +9.878382420e+03 +9.878382420e+03 +1.3941e-01 -5.4663e-01 -3.3807e+00 -1.6180e+00 +4.6363e-01 -2.2368e+00 -4.3590e-01 -1.5678e+00 +1.5943e+00 +1.0121e+00 -7.9664e-01 -4.2016e+00 +5.1233e-01 -6.1644e+00 +2.5018e-01 -9.6431e-01 +3.1563e+00 -4.0870e+00 -1.5713e-01 -1.8298e+00
174 +4.935687949e+03 +4.935687949e+03 +4.888987949e+03 +4.888987949e+03 -1.5440e+00 +1.7675e+00 -3.9214e+00 -2.3634e+00 -1.3775e+00 -4.4499e+00 +3.3545e-01 -6.8049e-01 +1.9119e+00 +2.1821e+00 +1.5732e+00 -2.7804e+00 +2.8167e-01 -3.7056e+00 -8.4503e-02 -7.0834e-01 +1.9790e+00 -4.0032e+00 -8.2187e-01 -1.3141e+00
211 +3.224878578e+03 +3.224878578e+03 +3.178178578e+03 +3.178178578e+03 -6.0328e-01 +8.8787e-01 -2.5295e+00 -5.1212e+00 -3.5161e-01 -2.0867e+00 +1.3169e-01 -5.6567e-01 +1.5773e-01 -7.1224e-01 +7.4766e-01 -3.9003e+00 +1.3800e+00 -2.7384e+00 +7.1661e-01 -1.7932e+00 +1.8359e+00 -3.9580e+00 -1.7558e-01 -1.8562e+00
273 +1.925985799e+03 +1.925985799e+03 +1.879285799e+03 +1.879285799e+03 -7.3295e-01 +8.7250e-02 -3.9371e+00 -4.3322e+00 -2.3869e+00 -2.6601e+00 +6.7296e-01 -1.8934e+00 +2.2389e-01 +1.3975e+00 +1.0030e+00 -3.2491e+00 +1.3293e+00 -3.2444e+00 +8.8698e-01 -1.5557e+00 +2.2561e+00 -3.2483e+00 -1.4009e-01 -4.9786e-01
339 +1.240626324e+03 +1.240626324e+03 +1.193926324e+03 +1.193926324e+03 -1.1010e+00 -3.6372e-01 -3.2266e+00 -2.6089e+00 -1.1161e+00 -2.9865e+00 +1.1251e-01 -3.6526e-01 -7.4958e-02 +6.6283e-01 +3.1188e-01 -3.6393e+00 +1.0907e+00 -3.1603e+00 +1.0702e+00 -1.0228e+00 +2.2185e+00 -3.5195e+00 -1.1369e+00 +3.5854e-01
382 +9.011550647e+02 +9.011550647e+02 +8.544550647e+02 +8.544550647e+02 -6.6407e-01 +5.2911e-01 -3.2417e+00 -3.1200e+00 -6.6686e-01 -1.8958e+00 +3.4417e-01 -8.3612e-01 +2.7643e-02 -3.7579e-01 +6.8275e-01 -3.1299e+00 +1.5841e+00 -3.5255e+00 +1.2216e+00 -2.2242e+00 +1.9352e+00 -2.5373e+00 +4.8383e-01 +1.1234e+00
390 +3.231847426e+02 +3.231847426e+02 +2.764847426e+02 +2.764847426e+02 -3.2190e-01 +4.3379e-01 -3.2189e+00 -3.6874e+00 -1.3906e+00 -2.4579e+00 -8.0634e-02 -7.1663e-01 +6.1400e-01 +7.3578e-01 +1.2533e-01 -3.4456e+00 +9.5250e-01 -2.8504e+00 +1.2176e+00 -1.2942e+00 +1.6824e+00 -2.8956e+00 -2.3763e-01 +1.1663e+00
483 +1.571394227e+02 +1.571394227e+02 +1.104394227e+02 +1.104394227e+02 -1.3404e+00 +3.9328e-01 -3.3081e+00 -3.8082e+00 -1.6253e+00 -2.4932e+00 -7.7076e-01 -1.2434e+00 +7.6572e-01 +7.4259e-01 -9.5273e-02 -3.6513e+00 +1.9761e+00 -3.6116e+00 +5.0349e-01 -1.1056e+00 +2.1394e+00 -3.3516e+00 -2.7566e-02 +1.8368e+00
647 +9.287432744e+01 +9.287432744e+01 +4.617432744e+01 +4.617432744e+01 -1.3369e+00 +1.5354e-02 -3.4363e+00 -3.4761e+00 -1.3728e+00 -2.8655e+00 -1.1767e+00 -1.7382e+00 +3.1352e-01 +1.1700e+00 +5.5726e-03 -3.9250e+00 +1.7490e+00 -3.7001e+00 +8.5472e-01 -1.4913e+00 +1.8386e+00 -3.2156e+00 +6.5161e-02 +1.9361e+00
773 +5.397849774e+01 +5.397849774e+01 +7.278497739e+00 +7.278497739e+00 -9.6417e-01 +5.7108e-02 -3.4665e+00 -3.4980e+00 -1.5573e+00 -2.9301e+00 -7.7088e-01 -1.4431e+00 +3.4921e-01 +1.0253e+00 -3.5202e-01 -3.7568e+00 +1.5105e+00 -3.8178e+00 +6.1841e-01 -1.0834e+00 +1.8739e+00 -3.2453e+00 -3.8349e-01 +1.6712e+00
869 +3.140125810e+01 +3.140125810e+01 -1.529874190e+01 -1.529874190e+01 -8.6378e-01 +1.9304e-01 -3.4843e+00 -3.5802e+00 -1.5227e+00 -2.8872e+00 -7.5381e-01 -1.4404e+00 +2.8491e-01 +8.8653e-01 -1.0729e-01 -3.7266e+00 +1.7204e+00 -3.7612e+00 +7.0050e-01 -1.3417e+00 +1.8639e+00 -3.4082e+00 -2.4921e-01 +1.8490e+00
945 +2.422778854e+01 +2.422778854e+01 -2.247221146e+01 -2.247221146e+01 -7.0706e-01 +6.6913e-02 -3.3686e+00 -3.5593e+00 -1.5692e+00 -2.9015e+00 -8.4458e-01 -1.5889e+00 +1.9159e-01 +1.0513e+00 -8.5162e-02 -3.8243e+00 +1.6618e+00 -3.7905e+00 +7.9874e-01 -1.3087e+00 +1.8783e+00 -3.5317e+00 -2.6112e-01 +1.7480e+00
3181 +1.578450448e+01 +1.578450448e+01 -3.091549552e+01 -3.091549552e+01 +1.7032e-01 +7.6737e-01 -2.8632e+00 -3.2848e+00 -1.4450e+00 -2.9520e+00 -7.9533e-01 -1.5958e+00 +1.7503e-01 +9.7307e-01 -6.5657e-02 -3.8161e+00 +1.7105e+00 -3.8089e+00 +7.5388e-01 -1.3471e+00 +1.7542e+00 -3.4569e+00 -2.2776e-01 +1.6901e+00
% function evaluation | noise-free fitness - Fopt (-9.308000000000e+01) | best noise-free fitness - Fopt | measured fitness | best measured fitness | x1 | x2...
1 +2.829043841e+05 +2.829043841e+05 +2.828113041e+05 +2.828113041e+05 +1.4746e+00 +1.4929e+00 +1.6887e+00 -6.6754e-01 +2.7577e+00 -2.1776e+00 -2.2197e+00 -1.6618e+00 +3.6120e+00 -1.4520e+00 -3.2736e+00 +3.8135e+00 +1.3765e+00 -1.7313e+00 -1.8151e+00 -1.3031e+00 -2.3244e+00 +9.6252e-01 -3.0623e-01 +2.7734e+00
18 +2.108543446e+05 +2.108543446e+05 +2.107612646e+05 +2.107612646e+05 +3.0160e+00 +1.4768e+00 +3.3746e+00 -8.1499e-02 +3.8988e-01 -4.1494e+00 -9.9139e-01 -8.5364e-02 +3.2898e+00 -3.8515e-01 -1.8131e+00 +1.3577e+00 +6.1257e-01 -1.5866e+00 -1.6440e+00 +8.3191e-01 -2.6622e+00 -1.5165e+00 -3.8063e-01 +1.2537e+00
27 +9.883531970e+04 +9.883531970e+04 +9.874223970e+04 +9.874223970e+04 +2.0471e+00 -7.6896e-01 +8.5266e-01 -1.6860e+00 +6.2758e-01 -1.9914e+00 -5.3454e-01 +5.1075e-01 +4.6044e-01 -2.2651e+00 -2.1169e+00 +1.1938e+00 +9.7515e-01 -4.6751e+00 -4.8004e-01 +6.6121e-01 -7.3046e+00 +1.6991e+00 -5.6730e+00 +1.7772e+00
69 +5.234971423e+04 +5.234971423e+04 +5.225663423e+04 +5.225663423e+04 -1.8116e+00 +1.6141e+00 +3.3074e-02 +1.3629e+00 -1.3228e+00 -2.6336e+00 -1.8958e+00 +1.9716e+00 +8.8979e-01 -2.9200e-01 -6.5975e-01 -6.3921e-02 -7.2979e-01 -2.6709e+00 -1.1085e+00 -9.9484e-01 -2.2362e+00 -9.1790e-01 -5.2265e+00 +3.8463e+00
91 +3.170277379e+04 +3.170277379e+04 +3.160969379e+04 +3.160969379e+04 -3.4611e+00 -6.3160e-01 -3.2386e+00 +2.2965e+00 -4.0249e+00 -3.3372e+00 -2.7216e+00 +2.0455e+00 -1.6847e+00 +9.8175e-01 +2.9013e+00 -1.0886e+00 +6.0604e-01 -1.4790e+00 +1.7700e+00 -1.2363e+00 -3.8063e+00 -3.2187e-01 -4.1083e+00 +1.0315e+00
144 +2.253670839e+04 +2.253670839e+04 +2.244362839e+04 +2.244362839e+04 -2.3418e+00 -1.4138e+00 -2.9424e-01 +1.0075e+00 -2.5030e+00 -5.3174e+00 +2.3207e+00 +7.6995e-01 -2.7856e+00 -1.1626e+00 -4.8999e-01 -3.0669e+00 -2.7543e+00 -9.1731e-01 +9.7935e-01 +1.4103e-01 -2.0941e+00 -4.7841e-01 -3.1097e+00 +2.6801e-01
171 +1.126543371e+04 +1.126543371e+04 +1.117235371e+04 +1.117235371e+04 -3.2569e+00 -2.0910e+00 -2.2806e+00 -3.5218e-01 -3.8137e+00 -1.5762e+00 -1.8049e-01 +1.3812e-01 -1.6965e+00 -1.8172e+00 -8.1593e-03 -1.4196e+00 -1.9649e+00 -2.3744e+00 +3.3133e+00 -2.2865e+00 -5.5013e+00 -1.1763e+00 -1.1363e+00 +2.8610e+00
245 +9.920231845e+03 +9.920231845e+03 +9.827151845e+03 +9.827151845e+03 -2.9059e+00 -3.2512e+00 -3.3345e-01 -7.5973e-02 +4.6338e-01 -3.0507e+00 -2.2686e+00 +2.3026e-01 +4.1982e-01 -1.7614e+00 +8.6234e-01 -1.5579e+00 +1.6659e-02 -4.0502e+00 +1.0313e+00 -2.4468e+00 -2.5932e+00 -1.4975e+00 -1.0109e+00 +1.2344e+00
253 +5.650911573e+03 +5.650911573e+03 +5.557831573e+03 +5.557831573e+03 -3.4364e+00 -3.9370e+00 -1.2146e-01 +1.8718e+00 -1.3931e+00 -3.5746e+00 -2.4654e+00 +1.8129e-01 -2.9808e-01 -3.5866e+00 +8.1965e-01 -1.2908e+00 -4.7746e-01 -2.9439e-01 +2.3276e+00 -9.3512e-01 -4.6582e+00 -2.3100e+00 -5.4968e+00 -2.2817e-01
275 +3.603193705e+03 +3.603193705e+03 +3.510113705e+03 +3.510113705e+03 -2.0535e+00 -1.0265e+00 -6.9606e-01 +1.4933e-01 -9.8329e-01 -3.3717e+00 -9.0052e-01 +3.2989e-01 -9.6103e-01 -3.8219e+00 +4.7894e-01 -6.6685e-01 -1.0278e+00 -1.7825e+00 +4.0545e-01 -1.5592e+00 -4.2813e+00 -1.4529e+00 -1.9438e+00 +2.2726e-01
390 +2.227393456e+03 +2.227393456e+03 +2.134313456e+03 +2.134313456e+03 -2.5567e+00 -2.2464e+00 -1.5127e+00 +1.2661e+00 -1.2240e+00 -2.9221e+00 -1.5574e+00 -1.2958e+00 -1.7108e+00 -4.4127e+00 +2.9122e+00 -1.2128e+00 +2.4126e-01 -1.6505e+00 +1.1766e+00 -1.8622e+00 -2.6236e+00 -1.3422e+00 -2.3066e+00 +1.5103e-01
444 +1.541063138e+03 +1.541063138e+03 +1.447983138e+03 +1.447983138e+03 -2.3754e+00 -2.3481e+00 -6.3174e-01 +7.6879e-01 -1.0636e+00 -2.7756e+00 -1.2790e+00 -3.5197e-01 -6.9864e-01 -3.3637e+00 +1.8763e+00 -7.1789e-01 -2.9203e-01 -1.6206e+00 +5.0762e-01 -1.3537e+00 -3.2773e+00 -1.8251e+00 -2.3356e+00 +2.5002e-01
471 +8.635545882e+02 +8.635545882e+02 +7.704745882e+02 +7.704745882e+02 -2.5292e+00 -2.4376e+00 -1.4696e+00 +1.0599e+00 -1.1076e+00 -2.7467e+00 -1.4304e-01 +1.3593e-01 -1.1731e+00 -3.5155e+00 +2.5655e+00 -1.3741e+00 -9.5937e-03 -1.4357e+00 +8.6914e-01 -6.3579e-01 -4.0306e+00 -1.9131e+00 -1.7995e+00 +5.5854e-01
579 +5.200602534e+02 +5.200602534e+02 +4.269802534e+02 +4.269802534e+02 -3.1028e+00 -2.4682e+00 -1.2871e+00 +5.6064e-01 -1.3023e+00 -2.4051e+00 -4.4817e-01 -4.7511e-01 -1.2347e+00 -2.7155e+00 +2.0725e+00 -1.2646e+00 +5.8429e-01 -1.6727e+00 +1.5650e+00 -1.0776e+00 -3.4566e+00 -1.7278e+00 -1.3945e+00 +9.2128e-01
738 +3.968250480e+02 +3.968250480e+02 +3.037450480e+02 +3.037450480e+02 -2.8895e+00 -2.2130e+00 -1.2951e+00 +1.0254e+00 -1.2203e+00 -1.7627e+00 -2.2838e-01 +8.3996e-03 -1.1322e+00 -2.7688e+00 +2.3267e+00 -9.1561e-01 -7.5407e-02 -1.5374e+00 +1.6207e+00 -1.0392e+00 -3.5052e+00 -2.0142e+00 -1.5169e+00 +3.2423e-01
1104 +2.442469135e+02 +2.442469135e+02 +1.511669135e+02 +1.511669135e+02 -2.8596e+00 -2.4743e+00 -1.3830e+00 +8.2242e-01 -1.7666e+00 -2.4779e+00 -7.5295e-01 -3.6878e-01 -1.2607e+00 -2.6683e+00 +1.7532e+00 -1.6153e+00 -1.4830e-01 -1.5366e+00 +1.6434e+00 -1.1337e+00 -3.3612e+00 -2.0934e+00 -1.5387e+00 +6.5055e-01
2260 +1.528231216e+02 +1.528231216e+02 +5.974312155e+01 +5.974312155e+01 -2.7585e+00 -2.4769e+00 -1.5591e+00 +9.7220e-01 -1.8021e+00 -2.4806e+00 -8.7781e-01 -5.1363e-01 -1.2685e+00 -2.6383e+00 +1.5537e+00 -1.7986e+00 -3.5954e-01 -1.6544e+00 +1.3359e+00 -1.3717e+00 -3.4912e+00 -1.8650e+00 -2.1303e+00 -1.3990e+00
2416 +9.580327158e+01 +9.580327158e+01 +2.723271575e+00 +2.723271575e+00 -2.7569e+00 -2.5467e+00 -1.3971e+00 +9.0472e-01 -1.7116e+00 -2.6004e+00 -8.5740e-01 -7.1865e-01 -1.4350e+00 -2.5114e+00 +1.4220e+00 -1.8433e+00 -2.1061e-01 -1.9346e+00 +1.3542e+00 -1.4286e+00 -3.3400e+00 -1.4901e+00 -2.6962e+00 -2.8204e+00
2544 +6.047902378e+01 +6.047902378e+01 -3.260097622e+01 -3.260097622e+01 -2.7129e+00 -2.5648e+00 -1.4730e+00 +8.6747e-01 -1.7953e+00 -2.6448e+00 -7.7816e-01 -6.4444e-01 -1.3593e+00 -2.6248e+00 +1.5017e+00 -1.8072e+00 -1.5670e-01 -1.9773e+00 +1.4665e+00 -1.2699e+00 -3.6286e+00 -1.1437e+00 -3.1105e+00 -3.4191e+00
2606 +3.756896660e+01 +3.756896660e+01 -5.551103340e+01 -5.551103340e+01 -2.7623e+00 -2.4048e+00 -1.4174e+00 +1.0407e+00 -1.7556e+00 -2.7287e+00 -8.4254e-01 -6.2312e-01 -1.3403e+00 -2.6471e+00 +1.5690e+00 -1.7863e+00 -1.9246e-01 -1.8469e+00 +1.2990e+00 -1.4354e+00 -3.4729e+00 -9.2440e-01 -3.3654e+00 -3.6692e+00
2782 +2.394801165e+01 +2.394801165e+01 -6.913198835e+01 -6.913198835e+01 -2.7415e+00 -2.4922e+00 -1.3994e+00 +9.8303e-01 -1.7439e+00 -2.5385e+00 -8.6690e-01 -7.2447e-01 -1.3717e+00 -2.4263e+00 +1.4718e+00 -1.8319e+00 -3.4965e-01 -1.8095e+00 +1.4032e+00 -1.2623e+00 -3.4896e+00 -9.2326e-01 -3.5193e+00 -3.7263e+00
% function evaluation | noise-free fitness - Fopt (4.168000000000e+01) | best noise-free fitness - Fopt | measured fitness | best measured fitness | x1 | x2...
1 +1.425443997e+05 +1.425443997e+05 +1.425860797e+05 +1.425860797e+05 -3.3145e+00 -1.9855e+00 +1.0684e+00 +2.0273e+00 +3.6251e-02 -2.2795e+00 +3.6408e+00 +1.7368e+00 +3.8020e-01 +3.7437e+00 -1.2077e+00 -1.9453e-01 +1.9727e+00 -1.6952e+00 -2.0711e+00 -3.8855e+00 +4.1795e-01 -3.8197e+00 +2.9682e+00 +2.6961e+00
48 +3.507767334e+04 +3.507767334e+04 +3.511935334e+04 +3.511935334e+04 -1.1197e+00 -6.8138e-02 +9.9648e-01 +1.1620e+00 +4.9788e-01 -3.0649e+00 +2.9144e+00 +1.9770e+00 -1.4685e+00 +9.7983e-01 -1.9024e+00 -1.1736e+00 +8.5707e-01 -2.1939e+00 -5.9731e+00 -3.9337e+00 +3.0535e-02 -8.2790e-01 -3.1865e+00 +1.4958e+00
144 +8.451851580e+03 +8.451851580e+03 +8.493531580e+03 +8.493531580e+03 +1.7881e+00 -1.9360e+00 +1.1263e+00 +8.7123e-01 -3.1777e-02 -3.2156e+00 +1.2630e+00 -2.7047e+00 -2.9430e+00 +1.5654e+00 -2.6572e+00 -5.2131e+00 -2.5643e+00 -1.6586e+00 -5.1180e+00 -2.5902e+00 -3.3997e+00 +9.5487e-01 +6.6520e-02 +6.8683e-01
206 +5.908749270e+03 +5.908749270e+03 +5.950429270e+03 +5.950429270e+03 -2.1927e-01 -2.1155e+00 +1.0260e+00 +1.9749e+00 -7.9207e-01 -8.6625e-01 +1.2618e+00 +3.0853e-01 -1.6194e+00 +1.6826e+00 -1.7743e+00 -3.6231e+00 -1.1949e+00 -9.9940e-01 -1.7235e+00 -4.3140e+00 -1.9099e+00 +6.8509e-01 -4.6169e-02 +2.5610e+00
252 +3.747782528e+03 +3.747782528e+03 +3.789462528e+03 +3.789462528e+03 +1.7758e+00 -1.1032e+00 +2.3036e+00 +8.6600e-01 -1.1127e+00 -1.9514e+00 +1.7471e+00 -7.6572e-01 -4.0723e+00 +1.9527e+00 -1.0344e+00 -2.1180e+00 +6.6973e-01 -1.7221e+00 -2.5185e+00 -3.6269e+00 -3.8371e+00 +7.7239e-01 +7.3244e-01 +1.2278e+00
315 +2.141998564e+03 +2.141998564e+03 +2.183678564e+03 +2.183678564e+03 +8.3277e-01 -1.9251e+00 +4.0788e-01 +2.6039e-01 -7.8151e-01 -7.6435e-01 +6.2049e-01 -8.4736e-01 -4.6587e+00 +1.2076e+00 -2.7691e+00 -2.2347e+00 +2.0293e-01 -1.5855e+00 -4.1640e+00 -2.9271e+00 -2.9141e+00 -1.0623e+00 +7.9405e-02 +2.0357e-01
320 +1.366005428e+03 +1.366005428e+03 +1.407685428e+03 +1.407685428e+03 +2.2784e+00 -1.0004e+00 +1.4458e+00 -5.6606e-01 -9.5168e-01 -1.9948e+00 +6.5987e-01 -7.9261e-01 -3.6949e+00 +3.0992e-01 -3.2646e+00 -3.9205e+00 -6.0075e-01 -2.5103e+00 -4.5269e+00 -2.7106e+00 -1.6309e+00 +6.2417e-01 +5.9969e-02 -3.2325e-02
392 +9.270642738e+02 +9.270642738e+02 +9.687442738e+02 +9.687442738e+02 +3.6596e-01 -1.4628e+00 +1.5949e+00 +2.6160e-01 -1.9943e+00 -1.5021e+00 +8.8936e-01 -2.6936e+00 -3.7857e+00 -1.8590e-01 -2.8648e+00 -4.6535e+00 -7.8525e-01 -1.8814e+00 -3.2634e+00 -3.3213e+00 -3.3080e+00 +9.0205e-01 -1.8180e-01 +1.0631e-01
422 +5.650311496e+02 +5.650311496e+02 +6.067111496e+02 +6.067111496e+02 +4.7770e-01 -2.6060e+00 +3.4120e-01 +2.3754e-01 -1.1379e+00 -1.6860e+00 +1.4137e+00 -1.3173e+00 -3.3870e+00 +6.0894e-01 -2.5524e+00 -4.8891e+00 +8.5492e-02 -2.5359e+00 -3.9552e+00 -3.5792e+00 -2.7512e+00 +5.9370e-01 -8.8440e-01 -9.7762e-01
472 +3.312827943e+02 +3.312827943e+02 +3.729627943e+02 +3.729627943e+02 +4.7907e-01 -2.1650e+00 +1.2428e+00 +6.3435e-01 -7.9102e-01 -1.6903e+00 +1.0338e+00 -1.9332e+00 -3.7038e+00 -3.0549e-01 -2.6869e+00 -4.1784e+00 -4.5860e-01 -2.3355e+00 -3.7525e+00 -3.5186e+00 -2.9251e+00 +5.2587e-01 -7.0869e-01 -1.1125e+00
574 +2.467415868e+02 +2.467415868e+02 +2.884215868e+02 +2.884215868e+02 +9.1247e-01 -2.3319e+00 +9.0783e-01 +2.9229e-01 -1.1941e+00 -9.3345e-01 +1.0771e+00 -1.0299e+00 -3.3801e+00 +1.3942e-01 -2.6940e+00 -3.7444e+00 -4.0053e-01 -2.3096e+00 -3.5305e+00 -3.2998e+00 -2.8425e+00 +4.4099e-01 -4.7556e-01 -5.7561e-01
690 +1.390396425e+02 +1.390396425e+02 +1.807196425e+02 +1.807196425e+02 +8.6854e-01 -2.1198e+00 +9.5048e-01 +9.2180e-02 -1.3827e+00 -1.2225e+00 +7.7692e-01 -1.5151e+00 -3.4057e+00 +6.7097e-03 -2.8284e+00 -3.4957e+00 -4.2019e-01 -2.5854e+00 -3.6334e+00 -3.5322e+00 -2.4730e+00 +4.0678e-01 -9.9448e-01 -1.2997e+00
898 +9.944647569e+01 +9.944647569e+01 +1.411264757e+02 +1.411264757e+02 +1.0056e+00 -2.1432e+00 +7.9702e-01 +7.3351e-02 -1.5207e+00 -1.2735e+00 +9.6496e-01 -1.4026e+00 -3.2615e+00 -2.2027e-01 -2.5823e+00 -3.7634e+00 -9.9526e-01 -2.9695e+00 -3.7333e+00 -3.6870e+00 -2.3939e+00 +3.5833e-01 -1.1023e+00 -2.0171e+00
1016 +6.304535348e+01 +6.304535348e+01 +1.047253535e+02 +1.047253535e+02 +8.8482e-01 -2.2295e+00 +6.3414e-01 +6.9693e-02 -1.4562e+00 -1.1122e+00 +7.9040e-01 -1.5287e+00 -3.5469e+00 -1.8091e-01 -2.5952e+00 -3.5417e+00 -8.3302e-01 -2.7592e+00 -3.6274e+00 -3.8620e+00 -2.3328e+00 +2.8997e-01 -1.5466e+00 -2.5411e+00
1098 +3.661352667e+01 +3.661352667e+01 +7.829352667e+01 +7.829352667e+01 +1.1983e+00 -2.2596e+00 +8.7864e-01 +7.2879e-02 -1.3741e+00 -9.6620e-01 +8.1666e-01 -1.7164e+00 -3.6098e+00 -4.2481e-01 -2.5614e+00 -3.6338e+00 -6.7962e-01 -2.6909e+00 -3.6428e+00 -3.4654e+00 -2.6738e+00 -1.5859e-01 -1.8047e+00 -2.5756e+00
1286 +2.185026550e+01 +2.185026550e+01 +6.353026550e+01 +6.353026550e+01 +1.1327e+00 -2.2310e+00 +9.3116e-01 +1.0773e-01 -1.4611e+00 -1.1083e+00 +8.6308e-01 -1.6236e+00 -3.4937e+00 -2.7981e-01 -2.5855e+00 -3.6837e+00 -8.2468e-01 -2.6471e+00 -3.6514e+00 -3.5198e+00 -2.7684e+00 -2.4094e-01 -1.8516e+00 -2.5752e+00
3158 +1.583926202e+01 +1.583926202e+01 +5.751926202e+01 +5.751926202e+01 +1.4990e+00 -1.6907e+00 +1.3199e+00 +2.8286e-01 -1.4405e+00 -1.1827e+00 +8.3721e-01 -1.5841e+00 -3.5200e+00 -2.3501e-01 -2.5712e+00 -3.7134e+00 -7.6064e-01 -2.7440e+00 -3.6544e+00 -3.6076e+00 -2.7779e+00 -2.6993e-01 -1.9117e+00 -2.6154e+00
