% function evaluation | noise-free fitness - Fopt (7.627000000000e+01) | best noise-free fitness - Fopt | measured fitness | best measured fitness | x1 | x2...
1 +2.084375311e+06 +2.084375311e+06 +2.084451581e+06 +2.084451581e+06 -2.5973e+00 -1.0357e+00
2 +4.973948390e+05 +4.973948390e+05 +4.974711090e+05 +4.974711090e+05 -3.8987e+00 -1.4682e+00
7 +1.481100814e+02 +1.481100814e+02 +2.243800814e+02 +2.243800814e+02 -1.3619e+00 -3.0038e+00
47 +1.920627733e+01 +1.920627733e+01 +9.547627733e+01 +9.547627733e+01 -2.6321e+00 -2.6186e+00
79 +2.475333108e+00 +2.475333108e+00 +7.874533311e+01 +7.874533311e+01 -2.2633e+00 -2.7318e+00
85 +1.086639471e+00 +1.086639471e+00 +7.735663947e+01 +7.735663947e+01 -1.9193e+00 -2.8401e+00
148 +3.194493608e-01 +3.194493608e-01 +7.658944936e+01 +7.658944936e+01 -1.4959e+00 -2.9742e+00
383 +2.403550011e-01 +2.403550011e-01 +7.651035500e+01 +7.651035500e+01 -1.4048e+00 -3.0028e+00
417 +1.306448444e-01 +1.306448444e-01 +7.640064484e+01 +7.640064484e+01 -1.2323e+00 -3.0577e+00
423 +4.746677800e-02 +4.746677800e-02 +7.631746678e+01 +7.631746678e+01 -1.1435e+00 -3.0855e+00
441 +2.581280177e-02 +2.581280177e-02 +7.629581280e+01 +7.629581280e+01 -1.0798e+00 -3.1057e+00
446 +7.176517516e-03 +7.176517516e-03 +7.627717652e+01 +7.627717652e+01 -9.1660e-01 -3.1574e+00
447 +4.512571093e-03 +4.512571093e-03 +7.627451257e+01 +7.627451257e+01 -1.0065e+00 -3.1288e+00
480 +3.295543892e-03 +3.295543892e-03 +7.627329554e+01 +7.627329554e+01 -9.6460e-01 -3.1421e+00
495 +1.009887236e-03 +1.009887236e-03 +7.627100989e+01 +7.627100989e+01 -9.6668e-01 -3.1414e+00
506 +3.883029835e-04 +3.883029835e-04 +7.627038830e+01 +7.627038830e+01 -9.3369e-01 -3.1519e+00
519 +3.669781491e-05 +3.669781491e-05 +7.627003670e+01 +7.627003670e+01 -9.3239e-01 -3.1523e+00
537 +1.327755079e-05 +1.327755079e-05 +7.627001328e+01 +7.627001328e+01 -9.3979e-01 -3.1500e+00
570 +6.179104048e-06 +6.179104048e-06 +7.627000618e+01 +7.627000618e+01 -9.4070e-01 -3.1497e+00
575 +1.325431953e-06 +1.325431953e-06 +7.627000133e+01 +7.627000133e+01 -9.3909e-01 -3.1502e+00
603 +9.723107297e-07 +9.723107297e-07 +7.627000097e+01 +7.627000097e+01 -9.3895e-01 -3.1502e+00
606 +4.084861445e-07 +4.084861445e-07 +7.627000041e+01 +7.627000041e+01 -9.3899e-01 -3.1502e+00
608 +4.782577889e-08 +4.782577889e-08 +7.627000005e+01 +7.627000005e+01 -9.3863e-01 -3.1503e+00
646 +3.757671152e-08 +3.757671152e-08 +7.627000004e+01 +7.627000004e+01 -9.3847e-01 -3.1504e+00
666 +1.012588768e-08 +1.012588768e-08 +7.627000001e+01 +7.627000001e+01 -9.3838e-01 -3.1504e+00
670 +7.007059821e-09 +7.007059821e-09 +7.627000001e+01 +7.627000001e+01 -9.3833e-01 -3.1504e+00
671 +5.458389296e-11 +5.458389296e-11 +7.627000000e+01 +7.627000000e+01 -9.3840e-01 -3.1504e+00
720 +4.661160347e-12 +4.661160347e-12 +7.627000000e+01 +7.627000000e+01 -9.3840e-01 -3.1504e+00
774 +3.169020601e-12 +3.169020601e-12 +7.627000000e+01 +7.627000000e+01 -9.3840e-01 -3.1504e+00
779 +1.378452907e-12 +1.378452907e-12 +7.627000000e+01 +7.627000000e+01 -9.3840e-01 -3.1504e+00
788 +7.531752999e-13 +7.531752999e-13 +7.627000000e+01 +7.627000000e+01 -9.3840e-01 -3.1504e+00
798 +4.547473509e-13 +4.547473509e-13 +7.627000000e+01 +7.627000000e+01 -9.3840e-01 -3.1504e+00
809 +2.131628207e-13 +2.131628207e-13 +7.627000000e+01 +7.627000000e+01 -9.3840e-01 -3.1504e+00
812 +1.278976924e-13 +1.278976924e-13 +7.627000000e+01 +7.627000000e+01 -9.3840e-01 -3.1504e+00
831 +4.263256415e-14 +4.263256415e-14 +7.627000000e+01 +7.627000000e+01 -9.3840e-01 -3.1504e+00
839 +1.421085472e-14 +1.421085472e-14 +7.627000000e+01 +7.627000000e+01 -9.3840e-01 -3.1504e+00
854 +0.000000000e+00 +0.000000000e+00 +7.627000000e+01 +7.627000000e+01 -9.3840e-01 -3.1504e+00
% function evaluation | noise-free fitness - Fopt (-2.255000000000e+01) | best noise-free fitness - Fopt | measured fitness | best measured fitness | x1 | x2...
1 +5.185215376e+05 +5.185215376e+05 +5.184989876e+05 +5.184989876e+05 +3.9102e+00 -3.7952e+00
4 +4.667586022e+04 +4.667586022e+04 +4.665331022e+04 +4.665331022e+04 +4.4756e+00 -3.7303e+00
10 +4.219138292e+03 +4.219138292e+03 +4.196588292e+03 +4.196588292e+03 +5.6085e+00 -6.6236e+00
12 +1.315051740e+02 +1.315051740e+02 +1.089551740e+02 +1.089551740e+02 +5.0666e+00 -4.8310e+00
37 +4.770667089e+01 +4.770667089e+01 +2.515667089e+01 +2.515667089e+01 +4.8969e+00 -4.3014e+00
67 +3.577117644e+01 +3.577117644e+01 +1.322117644e+01 +1.322117644e+01 +4.4738e+00 -3.0479e+00
379 +2.130919308e+01 +2.130919308e+01 -1.240806924e+00 -1.240806924e+00 +4.0531e+00 -1.8133e+00
390 +5.267171076e+00 +5.267171076e+00 -1.728282892e+01 -1.728282892e+01 +3.3192e+00 +3.5535e-01
413 +3.932144503e+00 +3.932144503e+00 -1.861785550e+01 -1.861785550e+01 +3.1873e+00 +7.4470e-01
419 +1.856952725e+00 +1.856952725e+00 -2.069304727e+01 -2.069304727e+01 +2.8476e+00 +1.7509e+00
438 +6.163838376e-02 +6.163838376e-02 -2.248836162e+01 -2.248836162e+01 +2.4864e+00 +2.8141e+00
487 +1.263153738e-03 +1.263153738e-03 -2.254873685e+01 -2.254873685e+01 +2.5610e+00 +2.5936e+00
519 +6.379325659e-04 +6.379325659e-04 -2.254936207e+01 -2.254936207e+01 +2.5692e+00 +2.5694e+00
537 +7.444595330e-06 +7.444595330e-06 -2.254999256e+01 -2.254999256e+01 +2.5651e+00 +2.5816e+00
608 +6.064928861e-07 +6.064928861e-07 -2.254999939e+01 -2.254999939e+01 +2.5654e+00 +2.5807e+00
669 +3.404667233e-07 +3.404667233e-07 -2.254999966e+01 -2.254999966e+01 +2.5657e+00 +2.5796e+00
670 +5.124378788e-08 +5.124378788e-08 -2.254999995e+01 -2.254999995e+01 +2.5656e+00 +2.5800e+00
688 +7.512451106e-09 +7.512451106e-09 -2.254999999e+01 -2.254999999e+01 +2.5656e+00 +2.5801e+00
720 +4.115189967e-09 +4.115189967e-09 -2.255000000e+01 -2.255000000e+01 +2.5656e+00 +2.5800e+00
725 +1.179429887e-09 +1.179429887e-09 -2.255000000e+01 -2.255000000e+01 +2.5656e+00 +2.5800e+00
753 +6.541647224e-10 +6.541647224e-10 -2.255000000e+01 -2.255000000e+01 +2.5656e+00 +2.5800e+00
758 +2.814282141e-10 +2.814282141e-10 -2.255000000e+01 -2.255000000e+01 +2.5656e+00 +2.5800e+00
763 +8.244427363e-11 +8.244427363e-11 -2.255000000e+01 -2.255000000e+01 +2.5656e+00 +2.5800e+00
798 +1.123723337e-11 +1.123723337e-11 -2.255000000e+01 -2.255000000e+01 +2.5656e+00 +2.5800e+00
816 +6.917133533e-12 +6.917133533e-12 -2.255000000e+01 -2.255000000e+01 +2.5656e+00 +2.5800e+00
835 +4.675371201e-12 +4.675371201e-12 -2.255000000e+01 -2.255000000e+01 +2.5656e+00 +2.5800e+00
839 +2.792432952e-12 +2.792432952e-12 -2.255000000e+01 -2.255000000e+01 +2.5656e+00 +2.5800e+00
847 +1.314504061e-13 +1.314504061e-13 -2.255000000e+01 -2.255000000e+01 +2.5656e+00 +2.5800e+00
880 +9.947598301e-14 +9.947598301e-14 -2.255000000e+01 -2.255000000e+01 +2.5656e+00 +2.5800e+00
883 +5.684341886e-14 +5.684341886e-14 -2.255000000e+01 -2.255000000e+01 +2.5656e+00 +2.5800e+00
884 +7.105427358e-15 +7.105427358e-15 -2.255000000e+01 -2.255000000e+01 +2.5656e+00 +2.5800e+00
930 +0.000000000e+00 +0.000000000e+00 -2.255000000e+01 -2.255000000e+01 +2.5656e+00 +2.5800e+00
% function evaluation | noise-free fitness - Fopt (1.366000000000e+01) | best noise-free fitness - Fopt | measured fitness | best measured fitness | x1 | x2...
1 +2.093991070e+06 +2.093991070e+06 +2.094004730e+06 +2.094004730e+06 -7.5717e-01 -2.7030e+00
2 +4.617671314e+05 +4.617671314e+05 +4.617807914e+05 +4.617807914e+05 -2.0586e+00 -3.1355e+00
8 +2.000310718e+05 +2.000310718e+05 +2.000447318e+05 +2.000447318e+05 -2.7496e+00 -3.9563e+00
19 +8.585651705e+04 +8.585651705e+04 +8.587017705e+04 +8.587017705e+04 -3.8615e+00 -4.3397e+00
27 +4.100167145e+03 +4.100167145e+03 +4.113827145e+03 +4.113827145e+03 -4.6654e+00 -6.1063e+00
45 +3.775078302e+03 +3.775078302e+03 +3.788738302e+03 +3.788738302e+03 -4.7338e+00 -6.2275e+00
61 +5.210767497e+02 +5.210767497e+02 +5.347367497e+02 +5.347367497e+02 -5.1465e+00 -7.0013e+00
79 +2.463163389e+02 +2.463163389e+02 +2.599763389e+02 +2.599763389e+02 -4.7024e+00 -6.2783e+00
111 +1.123314437e+02 +1.123314437e+02 +1.259914437e+02 +1.259914437e+02 -4.7905e+00 -6.4480e+00
275 +9.661728544e+01 +9.661728544e+01 +1.102772854e+02 +1.102772854e+02 -4.4973e+00 -5.9587e+00
337 +6.222442856e+01 +6.222442856e+01 +7.588442856e+01 +7.588442856e+01 -3.6696e+00 -4.5810e+00
374 +3.332366782e+01 +3.332366782e+01 +4.698366782e+01 +4.698366782e+01 -2.6245e+00 -2.8506e+00
390 +1.630874088e+01 +1.630874088e+01 +2.996874088e+01 +2.996874088e+01 -1.6167e+00 -1.1743e+00
396 +1.157257542e+01 +1.157257542e+01 +2.523257542e+01 +2.523257542e+01 -1.0403e+00 -2.1091e-01
413 +1.595134424e+00 +1.595134424e+00 +1.525513442e+01 +1.525513442e+01 -1.8193e-01 +1.2114e+00
425 +4.076489470e-01 +4.076489470e-01 +1.406764895e+01 +1.406764895e+01 +4.9226e-01 +2.3309e+00
456 +1.633813751e-01 +1.633813751e-01 +1.382338138e+01 +1.382338138e+01 +3.7130e-01 +2.1304e+00
471 +1.556164217e-01 +1.556164217e-01 +1.381561642e+01 +1.381561642e+01 +2.7731e-01 +1.9743e+00
480 +3.702498581e-02 +3.702498581e-02 +1.369702499e+01 +1.369702499e+01 +3.3572e-01 +2.0719e+00
506 +1.790595860e-02 +1.790595860e-02 +1.367790596e+01 +1.367790596e+01 +3.8708e-01 +2.1571e+00
519 +1.883587622e-03 +1.883587622e-03 +1.366188359e+01 +1.366188359e+01 +4.0945e-01 +2.1946e+00
536 +4.844518146e-04 +4.844518146e-04 +1.366048445e+01 +1.366048445e+01 +4.1620e-01 +2.2057e+00
537 +3.222333848e-05 +3.222333848e-05 +1.366003222e+01 +1.366003222e+01 +4.2450e-01 +2.2195e+00
592 +7.261600219e-06 +7.261600219e-06 +1.366000726e+01 +1.366000726e+01 +4.2871e-01 +2.2265e+00
608 +2.869328307e-06 +2.869328307e-06 +1.366000287e+01 +1.366000287e+01 +4.2799e-01 +2.2253e+00
610 +1.570690575e-06 +1.570690575e-06 +1.366000157e+01 +1.366000157e+01 +4.2780e-01 +2.2250e+00
646 +2.239308277e-07 +2.239308277e-07 +1.366000022e+01 +1.366000022e+01 +4.2728e-01 +2.2241e+00
670 +7.351831677e-08 +7.351831677e-08 +1.366000007e+01 +1.366000007e+01 +4.2718e-01 +2.2240e+00
688 +1.131827787e-08 +1.131827787e-08 +1.366000001e+01 +1.366000001e+01 +4.2721e-01 +2.2240e+00
711 +9.485015440e-09 +9.485015440e-09 +1.366000001e+01 +1.366000001e+01 +4.2717e-01 +2.2239e+00
720 +2.041010916e-09 +2.041010916e-09 +1.366000000e+01 +1.366000000e+01 +4.2719e-01 +2.2240e+00
725 +1.095092017e-09 +1.095092017e-09 +1.366000000e+01 +1.366000000e+01 +4.2722e-01 +2.2240e+00
743 +7.562679372e-10 +7.562679372e-10 +1.366000000e+01 +1.366000000e+01 +4.2721e-01 +2.2240e+00
753 +4.047837621e-10 +4.047837621e-10 +1.366000000e+01 +1.366000000e+01 +4.2719e-01 +2.2240e+00
763 +2.074163064e-10 +2.074163064e-10 +1.366000000e+01 +1.366000000e+01 +4.2719e-01 +2.2240e+00
788 +1.234479186e-10 +1.234479186e-10 +1.366000000e+01 +1.366000000e+01 +4.2719e-01 +2.2240e+00
795 +7.269029823e-11 +7.269029823e-11 +1.366000000e+01 +1.366000000e+01 +4.2720e-01 +2.2240e+00
798 +4.417799460e-11 +4.417799460e-11 +1.366000000e+01 +1.366000000e+01 +4.2720e-01 +2.2240e+00
806 +2.531486132e-11 +2.531486132e-11 +1.366000000e+01 +1.366000000e+01 +4.2720e-01 +2.2240e+00
812 +1.707434194e-11 +1.707434194e-11 +1.366000000e+01 +1.366000000e+01 +4.2720e-01 +2.2240e+00
816 +1.009325956e-11 +1.009325956e-11 +1.366000000e+01 +1.366000000e+01 +4.2720e-01 +2.2240e+00
831 +6.854961043e-12 +6.854961043e-12 +1.366000000e+01 +1.366000000e+01 +4.2720e-01 +2.2240e+00
835 +4.719780122e-12 +4.719780122e-12 +1.366000000e+01 +1.366000000e+01 +4.2720e-01 +2.2240e+00
839 +9.929834732e-13 +9.929834732e-13 +1.366000000e+01 +1.366000000e+01 +4.2720e-01 +2.2240e+00
847 +4.245492846e-13 +4.245492846e-13 +1.366000000e+01 +1.366000000e+01 +4.2720e-01 +2.2240e+00
854 +1.332267630e-13 +1.332267630e-13 +1.366000000e+01 +1.366000000e+01 +4.2720e-01 +2.2240e+00
883 +4.085620731e-14 +4.085620731e-14 +1.366000000e+01 +1.366000000e+01 +4.2720e-01 +2.2240e+00
884 +5.329070518e-15 +5.329070518e-15 +1.366000000e+01 +1.366000000e+01 +4.2720e-01 +2.2240e+00
896 +1.776356839e-15 +1.776356839e-15 +1.366000000e+01 +1.366000000e+01 +4.2720e-01 +2.2240e+00
908 +0.000000000e+00 +0.000000000e+00 +1.366000000e+01 +1.366000000e+01 +4.2720e-01 +2.2240e+00
% function evaluation | noise-free fitness - Fopt (9.378400000000e+02) | best noise-free fitness - Fopt | measured fitness | best measured fitness | x1 | x2...
1 +5.388349194e+05 +5.388349194e+05 +5.397727594e+05 +5.397727594e+05 -1.7999e+00 +2.7039e+00
4 +1.255774455e+05 +1.255774455e+05 +1.265152855e+05 +1.265152855e+05 -1.2345e+00 +2.7688e+00
9 +8.969892999e+04 +8.969892999e+04 +9.063676999e+04 +9.063676999e+04 -1.0884e+00 +1.7764e+00
22 +8.000695119e+01 +8.000695119e+01 +1.017846951e+03 +1.017846951e+03 -1.8243e+00 +1.1529e+00
89 +2.575682278e+01 +2.575682278e+01 +9.635968228e+02 +9.635968228e+02 -1.0804e+00 +2.3512e+00
101 +3.824442191e+00 +3.824442191e+00 +9.416644422e+02 +9.416644422e+02 -1.0868e+00 +2.3307e+00
152 +2.348403525e+00 +2.348403525e+00 +9.401884035e+02 +9.401884035e+02 -1.0308e+00 +2.4217e+00
296 +1.580032952e+00 +1.580032952e+00 +9.394200330e+02 +9.394200330e+02 -9.1378e-01 +2.6062e+00
323 +4.582134109e-01 +4.582134109e-01 +9.382982134e+02 +9.382982134e+02 -6.4499e-01 +3.0288e+00
337 +4.544655706e-02 +4.544655706e-02 +9.378854466e+02 +9.378854466e+02 -3.1410e-01 +3.5515e+00
350 +2.328996828e-02 +2.328996828e-02 +9.378632900e+02 +9.378632900e+02 -2.4046e-01 +3.6674e+00
385 +1.132331324e-03 +1.132331324e-03 +9.378411323e+02 +9.378411323e+02 -2.8717e-01 +3.5936e+00
413 +9.685066211e-04 +9.685066211e-04 +9.378409685e+02 +9.378409685e+02 -2.7943e-01 +3.6058e+00
425 +5.802748798e-04 +5.802748798e-04 +9.378405803e+02 +9.378405803e+02 -2.9636e-01 +3.5790e+00
487 +7.593424289e-05 +7.593424289e-05 +9.378400759e+02 +9.378400759e+02 -3.0081e-01 +3.5721e+00
492 +5.879056357e-05 +5.879056357e-05 +9.378400588e+02 +9.378400588e+02 -3.0125e-01 +3.5714e+00
511 +1.326585573e-05 +1.326585573e-05 +9.378400133e+02 +9.378400133e+02 -2.9512e-01 +3.5811e+00
536 +4.145253570e-06 +4.145253570e-06 +9.378400041e+02 +9.378400041e+02 -2.9750e-01 +3.5773e+00
537 +6.985180789e-08 +6.985180789e-08 +9.378400001e+02 +9.378400001e+02 -2.9692e-01 +3.5782e+00
586 +5.473714282e-08 +5.473714282e-08 +9.378400001e+02 +9.378400001e+02 -2.9674e-01 +3.5785e+00
603 +3.823140560e-08 +3.823140560e-08 +9.378400000e+02 +9.378400000e+02 -2.9677e-01 +3.5785e+00
606 +9.326754480e-09 +9.326754480e-09 +9.378400000e+02 +9.378400000e+02 -2.9676e-01 +3.5785e+00
608 +5.660581337e-09 +5.660581337e-09 +9.378400000e+02 +9.378400000e+02 -2.9682e-01 +3.5784e+00
610 +3.555783223e-09 +3.555783223e-09 +9.378400000e+02 +9.378400000e+02 -2.9683e-01 +3.5784e+00
646 +1.057287591e-10 +1.057287591e-10 +9.378400000e+02 +9.378400000e+02 -2.9680e-01 +3.5784e+00
699 +7.378275768e-11 +7.378275768e-11 +9.378400000e+02 +9.378400000e+02 -2.9680e-01 +3.5784e+00
711 +4.854427971e-11 +4.854427971e-11 +9.378400000e+02 +9.378400000e+02 -2.9680e-01 +3.5784e+00
720 +2.410160960e-11 +2.410160960e-11 +9.378400000e+02 +9.378400000e+02 -2.9680e-01 +3.5784e+00
733 +1.091393642e-11 +1.091393642e-11 +9.378400000e+02 +9.378400000e+02 -2.9680e-01 +3.5784e+00
734 +5.684341886e-13 +5.684341886e-13 +9.378400000e+02 +9.378400000e+02 -2.9680e-01 +3.5784e+00
750 +0.000000000e+00 +0.000000000e+00 +9.378400000e+02 +9.378400000e+02 -2.9680e-01 +3.5784e+00
% function evaluation | noise-free fitness - Fopt (-7.872000000000e+01) | best noise-free fitness - Fopt | measured fitness | best measured fitness | x1 | x2...
1 +1.215760589e+07 +1.215760589e+07 +1.215752717e+07 +1.215752717e+07 +8.4426e-01 +1.1227e+00
3 +9.090898997e+06 +9.090898997e+06 +9.090820277e+06 +9.090820277e+06 -1.3333e+00 -1.0191e+00
7 +1.844496137e+06 +1.844496137e+06 +1.844417417e+06 +1.844417417e+06 +2.0797e+00 -8.4532e-01
10 +1.021074957e+05 +1.021074957e+05 +1.020287757e+05 +1.020287757e+05 -2.7635e-01 -3.6722e+00
11 +2.089656769e+03 +2.089656769e+03 +2.010936769e+03 +2.010936769e+03 +1.2142e+00 -3.0423e+00
53 +9.944418628e+01 +9.944418628e+01 +2.072418628e+01 +2.072418628e+01 -1.4686e-01 -3.9731e+00
89 +3.861213215e+01 +3.861213215e+01 -4.010786785e+01 -4.010786785e+01 +4.3407e-01 -3.5408e+00
153 +1.216582358e+01 +1.216582358e+01 -6.655417642e+01 -6.655417642e+01 +1.2962e+00 -2.9343e+00
189 +9.116390025e+00 +9.116390025e+00 -6.960360997e+01 -6.960360997e+01 +9.8331e-01 -3.1557e+00
355 +5.993468630e+00 +5.993468630e+00 -7.272653137e+01 -7.272653137e+01 +1.3577e+00 -2.8876e+00
398 +3.654360527e+00 +3.654360527e+00 -7.506563947e+01 -7.506563947e+01 +2.0207e+00 -2.4148e+00
423 +1.647037441e+00 +1.647037441e+00 -7.707296256e+01 -7.707296256e+01 +2.4375e+00 -2.1165e+00
431 +6.867069849e-01 +6.867069849e-01 -7.803329302e+01 -7.803329302e+01 +3.2075e+00 -1.5681e+00
434 +6.131540319e-01 +6.131540319e-01 -7.810684597e+01 -7.810684597e+01 +2.8086e+00 -1.8522e+00
445 +2.848717505e-01 +2.848717505e-01 -7.843512825e+01 -7.843512825e+01 +2.9604e+00 -1.7434e+00
471 +1.305249633e-01 +1.305249633e-01 -7.858947504e+01 -7.858947504e+01 +3.2069e+00 -1.5671e+00
480 +2.436096868e-02 +2.436096868e-02 -7.869563903e+01 -7.869563903e+01 +3.2933e+00 -1.5058e+00
484 +1.482412579e-02 +1.482412579e-02 -7.870517587e+01 -7.870517587e+01 +3.3821e+00 -1.4422e+00
485 +2.529024815e-03 +2.529024815e-03 -7.871747098e+01 -7.871747098e+01 +3.3787e+00 -1.4448e+00
519 +7.334066176e-04 +7.334066176e-04 -7.871926659e+01 -7.871926659e+01 +3.4314e+00 -1.4072e+00
537 +1.698251987e-04 +1.698251987e-04 -7.871983017e+01 -7.871983017e+01 +3.4178e+00 -1.4169e+00
551 +1.538105941e-04 +1.538105941e-04 -7.871984619e+01 -7.871984619e+01 +3.4044e+00 -1.4264e+00
556 +1.241034224e-05 +1.241034224e-05 -7.871998759e+01 -7.871998759e+01 +3.4121e+00 -1.4210e+00
575 +2.787295045e-06 +2.787295045e-06 -7.871999721e+01 -7.871999721e+01 +3.4126e+00 -1.4206e+00
603 +1.595329493e-06 +1.595329493e-06 -7.871999840e+01 -7.871999840e+01 +3.4107e+00 -1.4219e+00
646 +8.318643694e-07 +8.318643694e-07 -7.871999917e+01 -7.871999917e+01 +3.4117e+00 -1.4213e+00
653 +1.639383811e-07 +1.639383811e-07 -7.871999984e+01 -7.871999984e+01 +3.4111e+00 -1.4217e+00
688 +1.433394345e-07 +1.433394345e-07 -7.871999986e+01 -7.871999986e+01 +3.4114e+00 -1.4214e+00
690 +2.589406733e-08 +2.589406733e-08 -7.871999997e+01 -7.871999997e+01 +3.4112e+00 -1.4216e+00
699 +2.075488226e-08 +2.075488226e-08 -7.871999998e+01 -7.871999998e+01 +3.4113e+00 -1.4215e+00
706 +3.750997735e-09 +3.750997735e-09 -7.872000000e+01 -7.872000000e+01 +3.4112e+00 -1.4216e+00
711 +9.762857189e-11 +9.762857189e-11 -7.872000000e+01 -7.872000000e+01 +3.4112e+00 -1.4216e+00
791 +5.930189673e-11 +5.930189673e-11 -7.872000000e+01 -7.872000000e+01 +3.4112e+00 -1.4216e+00
812 +1.446665010e-11 +1.446665010e-11 -7.872000000e+01 -7.872000000e+01 +3.4112e+00 -1.4216e+00
831 +6.465938895e-12 +6.465938895e-12 -7.872000000e+01 -7.872000000e+01 +3.4112e+00 -1.4216e+00
839 +1.463718036e-12 +1.463718036e-12 -7.872000000e+01 -7.872000000e+01 +3.4112e+00 -1.4216e+00
858 +4.263256415e-14 +4.263256415e-14 -7.872000000e+01 -7.872000000e+01 +3.4112e+00 -1.4216e+00
878 +2.842170943e-14 +2.842170943e-14 -7.872000000e+01 -7.872000000e+01 +3.4112e+00 -1.4216e+00
930 +0.000000000e+00 +0.000000000e+00 -7.872000000e+01 -7.872000000e+01 +3.4112e+00 -1.4216e+00
% function evaluation | noise-free fitness - Fopt (-5.984300000000e+02) | best noise-free fitness - Fopt | measured fitness | best measured fitness | x1 | x2...
1 +3.057948838e+04 +3.057948838e+04 +2.998105838e+04 +2.998105838e+04 -2.8467e+00 +2.2916e+00
8 +3.841241789e+01 +3.841241789e+01 -5.600175821e+02 -5.600175821e+02 -2.6923e+00 +2.2426e+00
29 +1.283170356e+01 +1.283170356e+01 -5.855982964e+02 -5.855982964e+02 -2.6291e+00 +2.6926e+00
116 +4.070036006e+00 +4.070036006e+00 -5.943599640e+02 -5.943599640e+02 -2.6894e+00 +2.2035e+00
128 +3.663762973e+00 +3.663762973e+00 -5.947662370e+02 -5.947662370e+02 -2.5515e+00 +3.2469e+00
263 +2.429729492e+00 +2.429729492e+00 -5.960002705e+02 -5.960002705e+02 -2.5862e+00 +2.9884e+00
355 +1.348525916e+00 +1.348525916e+00 -5.970814741e+02 -5.970814741e+02 -2.6664e+00 +2.3897e+00
358 +6.923338490e-01 +6.923338490e-01 -5.977376662e+02 -5.977376662e+02 -2.6944e+00 +2.1783e+00
366 +5.875999655e-01 +5.875999655e-01 -5.978424000e+02 -5.978424000e+02 -2.7034e+00 +2.1109e+00
378 +3.772548788e-01 +3.772548788e-01 -5.980527451e+02 -5.980527451e+02 -2.8014e+00 +1.3755e+00
381 +1.124486547e-01 +1.124486547e-01 -5.983175513e+02 -5.983175513e+02 -2.7669e+00 +1.6376e+00
383 +9.663691264e-02 +9.663691264e-02 -5.983333631e+02 -5.983333631e+02 -2.8472e+00 +1.0369e+00
388 +6.080074860e-02 +6.080074860e-02 -5.983691993e+02 -5.983691993e+02 -2.7963e+00 +1.4165e+00
392 +6.936471192e-03 +6.936471192e-03 -5.984230635e+02 -5.984230635e+02 -2.8022e+00 +1.3735e+00
407 +2.402521104e-03 +2.402521104e-03 -5.984275975e+02 -5.984275975e+02 -2.8097e+00 +1.3180e+00
435 +1.212421858e-03 +1.212421858e-03 -5.984287876e+02 -5.984287876e+02 -2.8087e+00 +1.3256e+00
445 +5.085188088e-04 +5.085188088e-04 -5.984294915e+02 -5.984294915e+02 -2.8119e+00 +1.3014e+00
462 +2.028539640e-04 +2.028539640e-04 -5.984297971e+02 -5.984297971e+02 -2.8108e+00 +1.3101e+00
480 +1.123278574e-04 +1.123278574e-04 -5.984298877e+02 -5.984298877e+02 -2.8109e+00 +1.3094e+00
484 +4.271943408e-05 +4.271943408e-05 -5.984299573e+02 -5.984299573e+02 -2.8112e+00 +1.3069e+00
489 +1.312236691e-06 +1.312236691e-06 -5.984299987e+02 -5.984299987e+02 -2.8105e+00 +1.3120e+00
519 +3.078728241e-07 +3.078728241e-07 -5.984299997e+02 -5.984299997e+02 -2.8104e+00 +1.3126e+00
537 +6.677350939e-08 +6.677350939e-08 -5.984299999e+02 -5.984299999e+02 -2.8104e+00 +1.3129e+00
575 +4.935918696e-08 +4.935918696e-08 -5.984300000e+02 -5.984300000e+02 -2.8104e+00 +1.3130e+00
591 +4.136836651e-09 +4.136836651e-09 -5.984300000e+02 -5.984300000e+02 -2.8104e+00 +1.3129e+00
646 +7.775042832e-10 +7.775042832e-10 -5.984300000e+02 -5.984300000e+02 -2.8104e+00 +1.3128e+00
666 +9.526957001e-11 +9.526957001e-11 -5.984300000e+02 -5.984300000e+02 -2.8104e+00 +1.3128e+00
706 +3.376499080e-11 +3.376499080e-11 -5.984300000e+02 -5.984300000e+02 -2.8104e+00 +1.3128e+00
711 +5.570655048e-12 +5.570655048e-12 -5.984300000e+02 -5.984300000e+02 -2.8104e+00 +1.3128e+00
734 +7.958078641e-13 +7.958078641e-13 -5.984300000e+02 -5.984300000e+02 -2.8104e+00 +1.3128e+00
750 +3.410605132e-13 +3.410605132e-13 -5.984300000e+02 -5.984300000e+02 -2.8104e+00 +1.3128e+00
805 +2.273736754e-13 +2.273736754e-13 -5.984300000e+02 -5.984300000e+02 -2.8104e+00 +1.3128e+00
808 +1.136868377e-13 +1.136868377e-13 -5.984300000e+02 -5.984300000e+02 -2.8104e+00 +1.3128e+00
812 +0.000000000e+00 +0.000000000e+00 -5.984300000e+02 -5.984300000e+02 -2.8104e+00 +1.3128e+00
% function evaluation | noise-free fitness - Fopt (-8.542000000000e+01) | best noise-free fitness - Fopt | measured fitness | best measured fitness | x1 | x2...
1 +7.222517812e+05 +7.222517812e+05 +7.221663612e+05 +7.221663612e+05 +3.7423e+00 -5.2501e-01
2 +4.198764864e+03 +4.198764864e+03 +4.113344864e+03 +4.113344864e+03 +2.4409e+00 -9.5752e-01
29 +3.106894434e+03 +3.106894434e+03 +3.021474434e+03 +3.021474434e+03 +2.9770e+00 +4.4594e-02
41 +2.129638604e+02 +2.129638604e+02 +1.275438604e+02 +1.275438604e+02 +4.0294e+00 +2.0204e+00
67 +1.327346395e+02 +1.327346395e+02 +4.731463946e+01 +4.731463946e+01 +3.9107e+00 +1.7820e+00
96 +1.916447798e+00 +1.916447798e+00 -8.350355220e+01 -8.350355220e+01 +3.1854e+00 +3.4274e-01
152 +4.399422159e-01 +4.399422159e-01 -8.498005778e+01 -8.498005778e+01 +2.4764e+00 -1.0448e+00
189 +1.235820429e-01 +1.235820429e-01 -8.529641796e+01 -8.529641796e+01 +2.7225e+00 -5.6399e-01
216 +3.320361958e-02 +3.320361958e-02 -8.538679638e+01 -8.538679638e+01 +2.6466e+00 -7.1175e-01
255 +2.503038941e-02 +2.503038941e-02 -8.539496961e+01 -8.539496961e+01 +2.6563e+00 -6.9268e-01
287 +1.409387703e-02 +1.409387703e-02 -8.540590612e+01 -8.540590612e+01 +2.6635e+00 -6.7860e-01
308 +9.969291513e-03 +9.969291513e-03 -8.541003071e+01 -8.541003071e+01 +2.6710e+00 -6.6383e-01
337 +1.930821813e-03 +1.930821813e-03 -8.541806918e+01 -8.541806918e+01 +2.6973e+00 -6.1244e-01
357 +4.260352014e-04 +4.260352014e-04 -8.541957396e+01 -8.541957396e+01 +2.7253e+00 -5.5789e-01
366 +1.204147364e-04 +1.204147364e-04 -8.541987959e+01 -8.541987959e+01 +2.7123e+00 -5.8326e-01
392 +8.029277930e-05 +8.029277930e-05 -8.541991971e+01 -8.541991971e+01 +2.7200e+00 -5.6824e-01
394 +6.849105247e-06 +6.849105247e-06 -8.541999315e+01 -8.541999315e+01 +2.7167e+00 -5.7454e-01
425 +4.300809337e-06 +4.300809337e-06 -8.541999570e+01 -8.541999570e+01 +2.7165e+00 -5.7509e-01
462 +3.201900370e-06 +3.201900370e-06 -8.541999680e+01 -8.541999680e+01 +2.7152e+00 -5.7763e-01
471 +3.943346769e-07 +3.943346769e-07 -8.541999961e+01 -8.541999961e+01 +2.7159e+00 -5.7621e-01
472 +9.195200334e-08 +9.195200334e-08 -8.541999991e+01 -8.541999991e+01 +2.7161e+00 -5.7573e-01
506 +8.566132692e-09 +8.566132692e-09 -8.541999999e+01 -8.541999999e+01 +2.7160e+00 -5.7608e-01
547 +5.209130904e-10 +5.209130904e-10 -8.542000000e+01 -8.542000000e+01 +2.7160e+00 -5.7599e-01
551 +3.839062401e-10 +3.839062401e-10 -8.542000000e+01 -8.542000000e+01 +2.7160e+00 -5.7598e-01
595 +9.850964489e-11 +9.850964489e-11 -8.542000000e+01 -8.542000000e+01 +2.7160e+00 -5.7600e-01
603 +5.861977570e-11 +5.861977570e-11 -8.542000000e+01 -8.542000000e+01 +2.7160e+00 -5.7600e-01
666 +4.931166586e-12 +4.931166586e-12 -8.542000000e+01 -8.542000000e+01 +2.7160e+00 -5.7600e-01
698 +2.970068635e-12 +2.970068635e-12 -8.542000000e+01 -8.542000000e+01 +2.7160e+00 -5.7600e-01
711 +5.115907697e-13 +5.115907697e-13 -8.542000000e+01 -8.542000000e+01 +2.7160e+00 -5.7600e-01
748 +1.278976924e-13 +1.278976924e-13 -8.542000000e+01 -8.542000000e+01 +2.7160e+00 -5.7600e-01
756 +4.263256415e-14 +4.263256415e-14 -8.542000000e+01 -8.542000000e+01 +2.7160e+00 -5.7600e-01
791 +0.000000000e+00 +0.000000000e+00 -8.542000000e+01 -8.542000000e+01 +2.7160e+00 -5.7600e-01
% function evaluation | noise-free fitness - Fopt (1.932500000000e+02) | best noise-free fitness - Fopt | measured fitness | best measured fitness | x1 | x2...
1 +7.977177589e+06 +7.977177589e+06 +7.977370839e+06 +7.977370839e+06 +3.7821e+00 -2.7310e+00
2 +2.920020053e+06 +2.920020053e+06 +2.920213303e+06 +2.920213303e+06 +2.4807e+00 -3.1636e+00
3 +1.081695307e+04 +1.081695307e+04 +1.101020307e+04 +1.101020307e+04 +1.6045e+00 -4.8729e+00
20 +3.969687460e+03 +3.969687460e+03 +4.162937460e+03 +4.162937460e+03 -2.4379e+00 +1.2129e+00
74 +3.483539545e+01 +3.483539545e+01 +2.280853954e+02 +2.280853954e+02 -2.3029e+00 +1.1244e+00
287 +2.502321896e+01 +2.502321896e+01 +2.182732190e+02 +2.182732190e+02 -8.3456e-01 -1.0583e+00
337 +1.469326871e+01 +1.469326871e+01 +2.079432687e+02 +2.079432687e+02 -1.4971e+00 -6.8442e-02
338 +9.632953325e+00 +9.632953325e+00 +2.028829533e+02 +2.028829533e+02 -2.0918e+00 +8.1683e-01
352 +4.796207017e+00 +4.796207017e+00 +1.980462070e+02 +1.980462070e+02 -2.5533e+00 +1.5064e+00
385 +2.021871950e+00 +2.021871950e+00 +1.952718720e+02 +1.952718720e+02 -2.8973e+00 +2.0222e+00
413 +1.003519865e+00 +1.003519865e+00 +1.942535199e+02 +1.942535199e+02 -3.1384e+00 +2.3825e+00
416 +8.003888988e-01 +8.003888988e-01 +1.940503889e+02 +1.940503889e+02 -3.2467e+00 +2.5423e+00
425 +5.257865141e-01 +5.257865141e-01 +1.937757865e+02 +1.937757865e+02 -3.2566e+00 +2.5585e+00
438 +2.219957143e-01 +2.219957143e-01 +1.934719957e+02 +1.934719957e+02 -3.3983e+00 +2.7693e+00
471 +1.464770045e-01 +1.464770045e-01 +1.933964770e+02 +1.933964770e+02 -3.4274e+00 +2.8129e+00
476 +7.753633017e-02 +7.753633017e-02 +1.933275363e+02 +1.933275363e+02 -3.4931e+00 +2.9110e+00
487 +6.530872690e-04 +6.530872690e-04 +1.932506531e+02 +1.932506531e+02 -3.6323e+00 +3.1190e+00
523 +2.399634170e-04 +2.399634170e-04 +1.932502400e+02 +1.932502400e+02 -3.6362e+00 +3.1248e+00
559 +1.482159678e-04 +1.482159678e-04 +1.932501482e+02 +1.932501482e+02 -3.6423e+00 +3.1338e+00
575 +2.293887727e-05 +2.293887727e-05 +1.932500229e+02 +1.932500229e+02 -3.6460e+00 +3.1393e+00
592 +1.327334073e-05 +1.327334073e-05 +1.932500133e+02 +1.932500133e+02 -3.6467e+00 +3.1404e+00
608 +8.605878179e-07 +8.605878179e-07 +1.932500009e+02 +1.932500009e+02 -3.6450e+00 +3.1379e+00
610 +7.530488233e-08 +7.530488233e-08 +1.932500001e+02 +1.932500001e+02 -3.6448e+00 +3.1376e+00
699 +4.703974810e-08 +4.703974810e-08 +1.932500000e+02 +1.932500000e+02 -3.6448e+00 +3.1377e+00
703 +2.866670457e-08 +2.866670457e-08 +1.932500000e+02 +1.932500000e+02 -3.6448e+00 +3.1376e+00
711 +1.387456905e-08 +1.387456905e-08 +1.932500000e+02 +1.932500000e+02 -3.6448e+00 +3.1377e+00
722 +7.602380947e-09 +7.602380947e-09 +1.932500000e+02 +1.932500000e+02 -3.6448e+00 +3.1376e+00
734 +3.085602884e-09 +3.085602884e-09 +1.932500000e+02 +1.932500000e+02 -3.6448e+00 +3.1376e+00
737 +6.317293355e-10 +6.317293355e-10 +1.932500000e+02 +1.932500000e+02 -3.6448e+00 +3.1376e+00
750 +1.348894330e-10 +1.348894330e-10 +1.932500000e+02 +1.932500000e+02 -3.6448e+00 +3.1376e+00
782 +7.159428606e-11 +7.159428606e-11 +1.932500000e+02 +1.932500000e+02 -3.6448e+00 +3.1376e+00
785 +2.634692464e-11 +2.634692464e-11 +1.932500000e+02 +1.932500000e+02 -3.6448e+00 +3.1376e+00
806 +4.803268894e-12 +4.803268894e-12 +1.932500000e+02 +1.932500000e+02 -3.6448e+00 +3.1376e+00
812 +3.666400517e-12 +3.666400517e-12 +1.932500000e+02 +1.932500000e+02 -3.6448e+00 +3.1376e+00
835 +1.421085472e-12 +1.421085472e-12 +1.932500000e+02 +1.932500000e+02 -3.6448e+00 +3.1376e+00
851 +1.421085472e-13 +1.421085472e-13 +1.932500000e+02 +1.932500000e+02 -3.6448e+00 +3.1376e+00
856 +5.684341886e-14 +5.684341886e-14 +1.932500000e+02 +1.932500000e+02 -3.6448e+00 +3.1376e+00
884 +0.000000000e+00 +0.000000000e+00 +1.932500000e+02 +1.932500000e+02 -3.6448e+00 +3.1376e+00
% function evaluation | noise-free fitness - Fopt (-1.815000000000e+02) | best noise-free fitness - Fopt | measured fitness | best measured fitness | x1 | x2...
1 +5.165186320e+05 +5.165186320e+05 +5.163371320e+05 +5.163371320e+05 -1.5385e+00 -6.8050e-02
4 +4.126322687e+04 +4.126322687e+04 +4.108172687e+04 +4.108172687e+04 -9.7308e-01 -3.1260e-03
7 +2.060044828e+03 +2.060044828e+03 +1.878544828e+03 +1.878544828e+03 -3.0306e-01 -2.0361e+00
26 +8.925560831e+02 +8.925560831e+02 +7.110560831e+02 +7.110560831e+02 -6.7203e-01 -6.0815e-01
37 +4.170251607e+01 +4.170251607e+01 -1.397974839e+02 -1.397974839e+02 -5.5809e-01 -1.0380e+00
79 +1.944353089e+01 +1.944353089e+01 -1.620564691e+02 -1.620564691e+02 -8.4750e-01 +3.9747e-01
89 +1.153518201e+01 +1.153518201e+01 -1.699648180e+02 -1.699648180e+02 -6.8156e-01 -4.1904e-01
308 +9.258517853e+00 +9.258517853e+00 -1.722414821e+02 -1.722414821e+02 -7.5610e-01 -6.2726e-02
325 +5.980908804e+00 +5.980908804e+00 -1.755190912e+02 -1.755190912e+02 -8.7162e-01 +4.9495e-01
337 +1.068987713e+00 +1.068987713e+00 -1.804310123e+02 -1.804310123e+02 -1.1720e+00 +1.9460e+00
357 +3.082109696e-02 +3.082109696e-02 -1.814691789e+02 -1.814691789e+02 -1.4113e+00 +3.0980e+00
394 +3.207185770e-03 +3.207185770e-03 -1.814967928e+02 -1.814967928e+02 -1.3658e+00 +2.8792e+00
397 +1.814202285e-03 +1.814202285e-03 -1.814981858e+02 -1.814981858e+02 -1.3834e+00 +2.9638e+00
438 +1.579130319e-03 +1.579130319e-03 -1.814984209e+02 -1.814984209e+02 -1.3778e+00 +2.9365e+00
472 +7.716653488e-04 +7.716653488e-04 -1.814992283e+02 -1.814992283e+02 -1.3737e+00 +2.9169e+00
479 +5.063946475e-05 +5.063946475e-05 -1.814999494e+02 -1.814999494e+02 -1.3758e+00 +2.9273e+00
492 +3.589141559e-05 +3.589141559e-05 -1.814999641e+02 -1.814999641e+02 -1.3757e+00 +2.9269e+00
519 +1.107417577e-05 +1.107417577e-05 -1.814999889e+02 -1.814999889e+02 -1.3763e+00 +2.9294e+00
529 +2.870679168e-06 +2.870679168e-06 -1.814999971e+02 -1.814999971e+02 -1.3768e+00 +2.9322e+00
537 +4.417125865e-08 +4.417125865e-08 -1.815000000e+02 -1.815000000e+02 -1.3768e+00 +2.9319e+00
646 +3.181659736e-08 +3.181659736e-08 -1.815000000e+02 -1.815000000e+02 -1.3768e+00 +2.9318e+00
652 +5.898925792e-09 +5.898925792e-09 -1.815000000e+02 -1.815000000e+02 -1.3768e+00 +2.9321e+00
653 +3.097426315e-09 +3.097426315e-09 -1.815000000e+02 -1.815000000e+02 -1.3768e+00 +2.9320e+00
698 +1.187231646e-09 +1.187231646e-09 -1.815000000e+02 -1.815000000e+02 -1.3768e+00 +2.9320e+00
706 +7.133564850e-10 +7.133564850e-10 -1.815000000e+02 -1.815000000e+02 -1.3768e+00 +2.9320e+00
711 +2.317790404e-10 +2.317790404e-10 -1.815000000e+02 -1.815000000e+02 -1.3768e+00 +2.9320e+00
717 +1.582236564e-10 +1.582236564e-10 -1.815000000e+02 -1.815000000e+02 -1.3768e+00 +2.9320e+00
734 +8.472511581e-11 +8.472511581e-11 -1.815000000e+02 -1.815000000e+02 -1.3768e+00 +2.9320e+00
737 +5.019273885e-11 +5.019273885e-11 -1.815000000e+02 -1.815000000e+02 -1.3768e+00 +2.9320e+00
750 +1.048761078e-11 +1.048761078e-11 -1.815000000e+02 -1.815000000e+02 -1.3768e+00 +2.9320e+00
788 +7.219114195e-12 +7.219114195e-12 -1.815000000e+02 -1.815000000e+02 -1.3768e+00 +2.9320e+00
795 +4.121147867e-12 +4.121147867e-12 -1.815000000e+02 -1.815000000e+02 -1.3768e+00 +2.9320e+00
805 +3.211653166e-12 +3.211653166e-12 -1.815000000e+02 -1.815000000e+02 -1.3768e+00 +2.9320e+00
809 +1.222133506e-12 +1.222133506e-12 -1.815000000e+02 -1.815000000e+02 -1.3768e+00 +2.9320e+00
812 +5.400124792e-13 +5.400124792e-13 -1.815000000e+02 -1.815000000e+02 -1.3768e+00 +2.9320e+00
831 +5.684341886e-14 +5.684341886e-14 -1.815000000e+02 -1.815000000e+02 -1.3768e+00 +2.9320e+00
859 +2.842170943e-14 +2.842170943e-14 -1.815000000e+02 -1.815000000e+02 -1.3768e+00 +2.9320e+00
869 +0.000000000e+00 +0.000000000e+00 -1.815000000e+02 -1.815000000e+02 -1.3768e+00 +2.9320e+00
% function evaluation | noise-free fitness - Fopt (4.526200000000e+02) | best noise-free fitness - Fopt | measured fitness | best measured fitness | x1 | x2...
1 +5.292211205e+06 +5.292211205e+06 +5.292663825e+06 +5.292663825e+06 -3.4921e+00 +1.4371e+00
3 +1.721975345e+06 +1.721975345e+06 +1.722427965e+06 +1.722427965e+06 -5.6697e+00 -7.0481e-01
7 +1.194209761e+04 +1.194209761e+04 +1.239471761e+04 +1.239471761e+04 -2.2566e+00 -5.3099e-01
18 +4.906691260e+03 +4.906691260e+03 +5.359311260e+03 +5.359311260e+03 -3.9908e+00 -1.3146e+00
36 +3.190196804e+02 +3.190196804e+02 +7.716396804e+02 +7.716396804e+02 -4.8102e+00 -1.6356e+00
79 +2.551311727e+01 +2.551311727e+01 +4.781331173e+02 +4.781331173e+02 -5.7766e+00 -2.0728e+00
152 +1.980623013e+01 +1.980623013e+01 +4.724262301e+02 +4.724262301e+02 -5.2169e+00 -1.8089e+00
372 +1.434827323e+01 +1.434827323e+01 +4.669682732e+02 +4.669682732e+02 -4.5144e+00 -1.4756e+00
417 +9.073025113e+00 +9.073025113e+00 +4.616930251e+02 +4.616930251e+02 -3.8534e+00 -1.1652e+00
431 +2.808258887e+00 +2.808258887e+00 +4.554282589e+02 +4.554282589e+02 -2.7420e+00 -6.3945e-01
443 +4.465188347e-01 +4.465188347e-01 +4.530665188e+02 +4.530665188e+02 -1.4496e+00 -2.8470e-02
484 +1.466782638e-01 +1.466782638e-01 +4.527666783e+02 +4.527666783e+02 -1.5299e+00 -6.5947e-02
506 +6.637095050e-02 +6.637095050e-02 +4.526863710e+02 +4.526863710e+02 -1.3601e+00 +1.4669e-02
515 +1.123494832e-03 +1.123494832e-03 +4.526211235e+02 +4.526211235e+02 -1.2195e+00 +8.0964e-02
551 +6.181705949e-04 +6.181705949e-04 +4.526206182e+02 +4.526206182e+02 -1.2151e+00 +8.3000e-02
556 +3.624952827e-04 +3.624952827e-04 +4.526203625e+02 +4.526203625e+02 -1.1830e+00 +9.8157e-02
570 +2.038158461e-04 +2.038158461e-04 +4.526202038e+02 +4.526202038e+02 -1.2068e+00 +8.6911e-02
586 +1.436638961e-04 +1.436638961e-04 +4.526201437e+02 +4.526201437e+02 -1.2032e+00 +8.8617e-02
602 +9.661451173e-05 +9.661451173e-05 +4.526200966e+02 +4.526200966e+02 -1.1865e+00 +9.6541e-02
603 +2.264492946e-05 +2.264492946e-05 +4.526200226e+02 +4.526200226e+02 -1.1954e+00 +9.2336e-02
608 +1.219436996e-05 +1.219436996e-05 +4.526200122e+02 +4.526200122e+02 -1.1914e+00 +9.4209e-02
646 +8.794875725e-07 +8.794875725e-07 +4.526200009e+02 +4.526200009e+02 -1.1935e+00 +9.3210e-02
689 +4.479801987e-07 +4.479801987e-07 +4.526200004e+02 +4.526200004e+02 -1.1946e+00 +9.2716e-02
696 +2.941248454e-07 +2.941248454e-07 +4.526200003e+02 +4.526200003e+02 -1.1940e+00 +9.2999e-02
699 +2.162653345e-08 +2.162653345e-08 +4.526200000e+02 +4.526200000e+02 -1.1943e+00 +9.2860e-02
711 +1.380959702e-08 +1.380959702e-08 +4.526200000e+02 +4.526200000e+02 -1.1945e+00 +9.2757e-02
717 +7.475478014e-10 +7.475478014e-10 +4.526200000e+02 +4.526200000e+02 -1.1944e+00 +9.2789e-02
782 +5.905462785e-10 +5.905462785e-10 +4.526200000e+02 +4.526200000e+02 -1.1944e+00 +9.2811e-02
793 +3.581703822e-10 +3.581703822e-10 +4.526200000e+02 +4.526200000e+02 -1.1944e+00 +9.2796e-02
798 +1.134026206e-10 +1.134026206e-10 +4.526200000e+02 +4.526200000e+02 -1.1944e+00 +9.2804e-02
814 +6.093614502e-11 +6.093614502e-11 +4.526200000e+02 +4.526200000e+02 -1.1944e+00 +9.2797e-02
816 +2.506794772e-11 +2.506794772e-11 +4.526200000e+02 +4.526200000e+02 -1.1944e+00 +9.2798e-02
835 +1.296029950e-11 +1.296029950e-11 +4.526200000e+02 +4.526200000e+02 -1.1944e+00 +9.2799e-02
839 +6.707523426e-12 +6.707523426e-12 +4.526200000e+02 +4.526200000e+02 -1.1944e+00 +9.2800e-02
854 +2.842170943e-13 +2.842170943e-13 +4.526200000e+02 +4.526200000e+02 -1.1944e+00 +9.2800e-02
884 +1.705302566e-13 +1.705302566e-13 +4.526200000e+02 +4.526200000e+02 -1.1944e+00 +9.2800e-02
903 +0.000000000e+00 +0.000000000e+00 +4.526200000e+02 +4.526200000e+02 -1.1944e+00 +9.2800e-02
% function evaluation | noise-free fitness - Fopt (-1.184600000000e+02) | best noise-free fitness - Fopt | measured fitness | best measured fitness | x1 | x2...
1 +1.146432981e+06 +1.146432981e+06 +1.146314521e+06 +1.146314521e+06 -1.1683e+00 -3.2342e+00
2 +4.465335802e+04 +4.465335802e+04 +4.453489802e+04 +4.453489802e+04 -2.4696e+00 -3.6667e+00
25 +1.427829566e+04 +1.427829566e+04 +1.415983566e+04 +1.415983566e+04 -2.1890e+00 -3.4904e+00
27 +5.421793466e+02 +5.421793466e+02 +4.237193466e+02 +4.237193466e+02 -2.4073e+00 -3.4624e+00
75 +2.465947437e+02 +2.465947437e+02 +1.281347437e+02 +1.281347437e+02 -3.5715e+00 -2.2055e+00
86 +1.539909803e+02 +1.539909803e+02 +3.553098032e+01 +3.553098032e+01 -3.0132e+00 -2.7622e+00
133 +2.021008364e+01 +2.021008364e+01 -9.824991636e+01 -9.824991636e+01 -1.9092e+00 -3.9548e+00
146 +6.726113778e+00 +6.726113778e+00 -1.117338862e+02 -1.117338862e+02 -2.2978e+00 -3.5416e+00
152 +6.026151812e-01 +6.026151812e-01 -1.178573848e+02 -1.178573848e+02 -2.4384e+00 -3.3937e+00
194 +3.434567930e-01 +3.434567930e-01 -1.181165432e+02 -1.181165432e+02 -2.5712e+00 -3.2520e+00
216 +1.842104480e-01 +1.842104480e-01 -1.182757896e+02 -1.182757896e+02 -2.5923e+00 -3.2296e+00
217 +1.707152670e-02 +1.707152670e-02 -1.184429285e+02 -1.184429285e+02 -2.5714e+00 -3.2527e+00
224 +7.019852833e-03 +7.019852833e-03 -1.184529801e+02 -1.184529801e+02 -2.6049e+00 -3.2169e+00
255 +5.397277779e-03 +5.397277779e-03 -1.184546027e+02 -1.184546027e+02 -2.5989e+00 -3.2232e+00
312 +3.915251040e-03 +3.915251040e-03 -1.184560847e+02 -1.184560847e+02 -2.6057e+00 -3.2160e+00
338 +1.509046143e-03 +1.509046143e-03 -1.184584910e+02 -1.184584910e+02 -2.6244e+00 -3.1959e+00
381 +9.844880440e-04 +9.844880440e-04 -1.184590155e+02 -1.184590155e+02 -2.6291e+00 -3.1909e+00
386 +3.376920302e-04 +3.376920302e-04 -1.184596623e+02 -1.184596623e+02 -2.6413e+00 -3.1779e+00
414 +6.363621557e-05 +6.363621557e-05 -1.184599364e+02 -1.184599364e+02 -2.6467e+00 -3.1721e+00
425 +3.066454099e-05 +3.066454099e-05 -1.184599693e+02 -1.184599693e+02 -2.6485e+00 -3.1701e+00
438 +1.998654338e-05 +1.998654338e-05 -1.184599800e+02 -1.184599800e+02 -2.6514e+00 -3.1670e+00
456 +2.567415706e-06 +2.567415706e-06 -1.184599974e+02 -1.184599974e+02 -2.6510e+00 -3.1675e+00
487 +8.378833201e-07 +8.378833201e-07 -1.184599992e+02 -1.184599992e+02 -2.6523e+00 -3.1661e+00
492 +8.655219119e-08 +8.655219119e-08 -1.184599999e+02 -1.184599999e+02 -2.6522e+00 -3.1662e+00
520 +6.261305430e-08 +6.261305430e-08 -1.184599999e+02 -1.184599999e+02 -2.6521e+00 -3.1663e+00
537 +4.068780868e-09 +4.068780868e-09 -1.184600000e+02 -1.184600000e+02 -2.6520e+00 -3.1664e+00
556 +1.408864136e-09 +1.408864136e-09 -1.184600000e+02 -1.184600000e+02 -2.6520e+00 -3.1664e+00
591 +9.133316325e-11 +9.133316325e-11 -1.184600000e+02 -1.184600000e+02 -2.6520e+00 -3.1664e+00
632 +4.712319424e-11 +4.712319424e-11 -1.184600000e+02 -1.184600000e+02 -2.6520e+00 -3.1664e+00
646 +6.394884622e-12 +6.394884622e-12 -1.184600000e+02 -1.184600000e+02 -2.6520e+00 -3.1664e+00
671 +4.462208381e-12 +4.462208381e-12 -1.184600000e+02 -1.184600000e+02 -2.6520e+00 -3.1664e+00
688 +8.526512829e-14 +8.526512829e-14 -1.184600000e+02 -1.184600000e+02 -2.6520e+00 -3.1664e+00
743 +5.684341886e-14 +5.684341886e-14 -1.184600000e+02 -1.184600000e+02 -2.6520e+00 -3.1664e+00
757 +2.842170943e-14 +2.842170943e-14 -1.184600000e+02 -1.184600000e+02 -2.6520e+00 -3.1664e+00
768 +1.421085472e-14 +1.421085472e-14 -1.184600000e+02 -1.184600000e+02 -2.6520e+00 -3.1664e+00
779 +0.000000000e+00 +0.000000000e+00 -1.184600000e+02 -1.184600000e+02 -2.6520e+00 -3.1664e+00
% function evaluation | noise-free fitness - Fopt (9.973000000000e+01) | best noise-free fitness - Fopt | measured fitness | best measured fitness | x1 | x2...
1 +2.757161794e+07 +2.757161794e+07 +2.757171767e+07 +2.757171767e+07 +1.8972e+00 -2.8475e+00
2 +1.629269631e+07 +1.629269631e+07 +1.629279604e+07 +1.629279604e+07 +5.9582e-01 -3.2801e+00
3 +1.000701888e+07 +1.000701888e+07 +1.000711861e+07 +1.000711861e+07 -2.8039e-01 -4.9894e+00
8 +9.042685584e+06 +9.042685584e+06 +9.042785314e+06 +9.042785314e+06 -4.6366e-01 -4.9948e+00
14 +5.454098018e+05 +5.454098018e+05 +5.455095318e+05 +5.455095318e+05 -2.6031e+00 -2.5954e+00
33 +2.431305221e+04 +2.431305221e+04 +2.441278221e+04 +2.441278221e+04 -3.7811e+00 -6.7110e+00
37 +3.884574005e+02 +3.884574005e+02 +4.881874005e+02 +4.881874005e+02 -3.5825e+00 -5.4027e+00
122 +1.637261938e+02 +1.637261938e+02 +2.634561938e+02 +2.634561938e+02 -3.6383e+00 -6.5808e+00
146 +6.541057957e+01 +6.541057957e+01 +1.651405796e+02 +1.651405796e+02 -3.5711e+00 -5.6458e+00
153 +4.752487611e+01 +4.752487611e+01 +1.472548761e+02 +1.472548761e+02 -3.5726e+00 -5.5036e+00
158 +3.282480015e+01 +3.282480015e+01 +1.325548001e+02 +1.325548001e+02 -3.5600e+00 -5.3371e+00
362 +2.488889462e+01 +2.488889462e+01 +1.246188946e+02 +1.246188946e+02 -3.5101e+00 -4.4025e+00
385 +1.541590953e+01 +1.541590953e+01 +1.151459095e+02 +1.151459095e+02 -3.4457e+00 -3.2075e+00
413 +7.378894222e+00 +7.378894222e+00 +1.071088942e+02 +1.071088942e+02 -3.3854e+00 -2.0946e+00
419 +3.871689553e+00 +3.871689553e+00 +1.036016896e+02 +1.036016896e+02 -3.3337e+00 -1.1404e+00
438 +5.170032353e-01 +5.170032353e-01 +1.002470032e+02 +1.002470032e+02 -3.2769e+00 -7.5312e-02
456 +2.303607359e-02 +2.303607359e-02 +9.975303607e+01 +9.975303607e+01 -3.2362e+00 +6.7602e-01
480 +1.466711955e-02 +1.466711955e-02 +9.974466712e+01 +9.974466712e+01 -3.2394e+00 +6.2001e-01
489 +2.194525710e-03 +2.194525710e-03 +9.973219453e+01 +9.973219453e+01 -3.2376e+00 +6.5305e-01
523 +2.042038781e-04 +2.042038781e-04 +9.973020420e+01 +9.973020420e+01 -3.2354e+00 +6.9266e-01
556 +7.805567490e-05 +7.805567490e-05 +9.973007806e+01 +9.973007806e+01 -3.2350e+00 +7.0075e-01
570 +1.696181062e-05 +1.696181062e-05 +9.973001696e+01 +9.973001696e+01 -3.2351e+00 +6.9795e-01
586 +7.328323093e-06 +7.328323093e-06 +9.973000733e+01 +9.973000733e+01 -3.2352e+00 +6.9643e-01
591 +5.478039625e-06 +5.478039625e-06 +9.973000548e+01 +9.973000548e+01 -3.2351e+00 +6.9846e-01
595 +3.011916036e-06 +3.011916036e-06 +9.973000301e+01 +9.973000301e+01 -3.2351e+00 +6.9808e-01
603 +1.404126877e-06 +1.404126877e-06 +9.973000140e+01 +9.973000140e+01 -3.2353e+00 +6.9561e-01
664 +3.549313163e-07 +3.549313163e-07 +9.973000035e+01 +9.973000035e+01 -3.2352e+00 +6.9722e-01
689 +1.720156035e-07 +1.720156035e-07 +9.973000017e+01 +9.973000017e+01 -3.2352e+00 +6.9667e-01
706 +6.508835781e-08 +6.508835781e-08 +9.973000007e+01 +9.973000007e+01 -3.2352e+00 +6.9700e-01
711 +5.592838193e-08 +5.592838193e-08 +9.973000006e+01 +9.973000006e+01 -3.2352e+00 +6.9700e-01
717 +3.112191393e-09 +3.112191393e-09 +9.973000000e+01 +9.973000000e+01 -3.2352e+00 +6.9686e-01
750 +1.523147830e-09 +1.523147830e-09 +9.973000000e+01 +9.973000000e+01 -3.2352e+00 +6.9679e-01
763 +8.980691746e-10 +8.980691746e-10 +9.973000000e+01 +9.973000000e+01 -3.2352e+00 +6.9677e-01
795 +5.190230468e-10 +5.190230468e-10 +9.973000000e+01 +9.973000000e+01 -3.2352e+00 +6.9678e-01
812 +3.858815489e-10 +3.858815489e-10 +9.973000000e+01 +9.973000000e+01 -3.2352e+00 +6.9678e-01
821 +1.741398137e-10 +1.741398137e-10 +9.973000000e+01 +9.973000000e+01 -3.2352e+00 +6.9681e-01
829 +7.332801033e-12 +7.332801033e-12 +9.973000000e+01 +9.973000000e+01 -3.2352e+00 +6.9680e-01
854 +7.389644452e-13 +7.389644452e-13 +9.973000000e+01 +9.973000000e+01 -3.2352e+00 +6.9680e-01
878 +9.947598301e-14 +9.947598301e-14 +9.973000000e+01 +9.973000000e+01 -3.2352e+00 +6.9680e-01
908 +4.263256415e-14 +4.263256415e-14 +9.973000000e+01 +9.973000000e+01 -3.2352e+00 +6.9680e-01
930 +0.000000000e+00 +0.000000000e+00 +9.973000000e+01 +9.973000000e+01 -3.2352e+00 +6.9680e-01
% function evaluation | noise-free fitness - Fopt (4.044000000000e+01) | best noise-free fitness - Fopt | measured fitness | best measured fitness | x1 | x2...
1 +8.904540098e+06 +8.904540098e+06 +8.904580538e+06 +8.904580538e+06 +2.0297e-01 -5.4097e-01
4 +5.890955113e+06 +5.890955113e+06 +5.890995553e+06 +5.890995553e+06 +7.6838e-01 -4.7604e-01
5 +3.498327013e+06 +3.498327013e+06 +3.498367453e+06 +3.498367453e+06 +1.0920e+00 +5.9753e-01
6 +3.672417283e+05 +3.672417283e+05 +3.672821683e+05 +3.672821683e+05 +3.1281e+00 +1.8172e+00
14 +1.177965464e+05 +1.177965464e+05 +1.178369864e+05 +1.178369864e+05 +4.4376e+00 -1.8309e+00
27 +2.572895256e+03 +2.572895256e+03 +2.613335256e+03 +2.613335256e+03 +5.1877e+00 -4.3434e+00
77 +7.094421568e+02 +7.094421568e+02 +7.498821568e+02 +7.498821568e+02 +3.5907e+00 -7.7572e-01
89 +5.290706609e+01 +5.290706609e+01 +9.334706609e+01 +9.334706609e+01 +4.0456e+00 -1.7904e+00
165 +3.013900266e+01 +3.013900266e+01 +7.057900266e+01 +7.057900266e+01 +4.2374e+00 -2.2308e+00
308 +2.503128044e+01 +2.503128044e+01 +6.547128044e+01 +6.547128044e+01 +4.0706e+00 -1.8357e+00
338 +1.392414684e+01 +1.392414684e+01 +5.436414684e+01 +5.436414684e+01 +3.5293e+00 -5.6656e-01
352 +9.641972782e+00 +9.641972782e+00 +5.008197278e+01 +5.008197278e+01 +3.3348e+00 -1.0770e-01
419 +6.087896757e+00 +6.087896757e+00 +4.652789676e+01 +4.652789676e+01 +2.9582e+00 +7.8049e-01
438 +3.782646446e+00 +3.782646446e+00 +4.422264645e+01 +4.422264645e+01 +2.8645e+00 +9.9843e-01
456 +2.201415815e+00 +2.201415815e+00 +4.264141582e+01 +4.264141582e+01 +2.6906e+00 +1.4081e+00
488 +7.687730661e-01 +7.687730661e-01 +4.120877307e+01 +4.120877307e+01 +2.4554e+00 +1.9600e+00
511 +3.414671296e-02 +3.414671296e-02 +4.047414671e+01 +4.047414671e+01 +2.0770e+00 +2.8501e+00
541 +1.059375427e-02 +1.059375427e-02 +4.045059375e+01 +4.045059375e+01 +2.1120e+00 +2.7670e+00
557 +7.173342957e-03 +7.173342957e-03 +4.044717334e+01 +4.044717334e+01 +2.0984e+00 +2.7992e+00
558 +5.608315684e-03 +5.608315684e-03 +4.044560832e+01 +4.044560832e+01 +2.0599e+00 +2.8900e+00
570 +2.097312290e-03 +2.097312290e-03 +4.044209731e+01 +4.044209731e+01 +2.0752e+00 +2.8539e+00
592 +1.093284705e-03 +1.093284705e-03 +4.044109328e+01 +4.044109328e+01 +2.0796e+00 +2.8436e+00
608 +6.275737083e-04 +6.275737083e-04 +4.044062757e+01 +4.044062757e+01 +2.0929e+00 +2.8123e+00
610 +3.857931772e-04 +3.857931772e-04 +4.044038579e+01 +4.044038579e+01 +2.0939e+00 +2.8099e+00
616 +1.037088484e-04 +1.037088484e-04 +4.044010371e+01 +4.044010371e+01 +2.0926e+00 +2.8129e+00
667 +5.093189323e-05 +5.093189323e-05 +4.044005093e+01 +4.044005093e+01 +2.0898e+00 +2.8196e+00
671 +8.312770071e-06 +8.312770071e-06 +4.044000831e+01 +4.044000831e+01 +2.0926e+00 +2.8131e+00
699 +1.009638439e-06 +1.009638439e-06 +4.044000101e+01 +4.044000101e+01 +2.0924e+00 +2.8136e+00
711 +2.701303217e-07 +2.701303217e-07 +4.044000027e+01 +4.044000027e+01 +2.0919e+00 +2.8147e+00
737 +1.161095682e-07 +1.161095682e-07 +4.044000012e+01 +4.044000012e+01 +2.0919e+00 +2.8145e+00
738 +7.256527823e-08 +7.256527823e-08 +4.044000007e+01 +4.044000007e+01 +2.0919e+00 +2.8146e+00
749 +4.512544649e-08 +4.512544649e-08 +4.044000005e+01 +4.044000005e+01 +2.0920e+00 +2.8144e+00
750 +3.397411774e-08 +3.397411774e-08 +4.044000003e+01 +4.044000003e+01 +2.0919e+00 +2.8146e+00
764 +6.391971397e-10 +6.391971397e-10 +4.044000000e+01 +4.044000000e+01 +2.0920e+00 +2.8144e+00
798 +5.950511195e-10 +5.950511195e-10 +4.044000000e+01 +4.044000000e+01 +2.0920e+00 +2.8144e+00
803 +3.941025284e-10 +3.941025284e-10 +4.044000000e+01 +4.044000000e+01 +2.0920e+00 +2.8144e+00
809 +2.351541184e-10 +2.351541184e-10 +4.044000000e+01 +4.044000000e+01 +2.0920e+00 +2.8144e+00
829 +8.579092992e-11 +8.579092992e-11 +4.044000000e+01 +4.044000000e+01 +2.0920e+00 +2.8144e+00
835 +4.344258286e-11 +4.344258286e-11 +4.044000000e+01 +4.044000000e+01 +2.0920e+00 +2.8144e+00
839 +3.514344371e-11 +3.514344371e-11 +4.044000000e+01 +4.044000000e+01 +2.0920e+00 +2.8144e+00
847 +9.251266420e-12 +9.251266420e-12 +4.044000000e+01 +4.044000000e+01 +2.0920e+00 +2.8144e+00
854 +1.151079232e-12 +1.151079232e-12 +4.044000000e+01 +4.044000000e+01 +2.0920e+00 +2.8144e+00
883 +2.629008122e-13 +2.629008122e-13 +4.044000000e+01 +4.044000000e+01 +2.0920e+00 +2.8144e+00
896 +4.263256415e-14 +4.263256415e-14 +4.044000000e+01 +4.044000000e+01 +2.0920e+00 +2.8144e+00
930 +3.552713679e-14 +3.552713679e-14 +4.044000000e+01 +4.044000000e+01 +2.0920e+00 +2.8144e+00
934 +0.000000000e+00 +0.000000000e+00 +4.044000000e+01 +4.044000000e+01 +2.0920e+00 +2.8144e+00
% function evaluation | noise-free fitness - Fopt (-1.216000000000e+02) | best noise-free fitness - Fopt | measured fitness | best measured fitness | x1 | x2...
1 +1.375406623e+07 +1.375406623e+07 +1.375394463e+07 +1.375394463e+07 +3.7346e+00 -1.5196e+00
5 +9.508079515e+06 +9.508079515e+06 +9.507957915e+06 +9.507957915e+06 +4.6237e+00 -3.8110e-01
16 +1.103093566e+05 +1.103093566e+05 +1.101877566e+05 +1.101877566e+05 +4.5582e+00 +2.8013e+00
27 +3.284853854e+04 +3.284853854e+04 +3.272693854e+04 +3.272693854e+04 +6.8406e+00 +4.2373e+00
30 +1.241759816e+04 +1.241759816e+04 +1.229599816e+04 +1.229599816e+04 +3.4023e+00 +2.4065e+00
37 +9.534364768e+03 +9.534364768e+03 +9.412764768e+03 +9.412764768e+03 +4.0994e+00 +2.8036e+00
74 +4.213133944e+03 +4.213133944e+03 +4.091533944e+03 +4.091533944e+03 +2.2707e+00 +1.8274e+00
75 +2.539079599e+03 +2.539079599e+03 +2.417479599e+03 +2.417479599e+03 +1.9994e+00 +1.7033e+00
86 +9.332651047e+02 +9.332651047e+02 +8.116651047e+02 +8.116651047e+02 +3.6620e+00 +2.7102e+00
101 +5.401524190e+02 +5.401524190e+02 +4.185524190e+02 +4.185524190e+02 +6.0247e+00 +3.9599e+00
126 +3.345118127e+02 +3.345118127e+02 +2.129118127e+02 +2.129118127e+02 +6.2004e+00 +4.0964e+00
133 +1.839639966e+02 +1.839639966e+02 +6.236399656e+01 +6.236399656e+01 +7.1143e+00 +4.5900e+00
137 +1.576430494e+02 +1.576430494e+02 +3.604304937e+01 +3.604304937e+01 +5.6898e+00 +3.7902e+00
168 +8.914499245e+01 +8.914499245e+01 -3.245500755e+01 -3.245500755e+01 +4.9013e+00 +3.3630e+00
275 +5.983550975e+01 +5.983550975e+01 -6.176449025e+01 -6.176449025e+01 +3.7133e+00 +2.7070e+00
325 +3.889129295e+01 +3.889129295e+01 -8.270870705e+01 -8.270870705e+01 +2.5694e+00 +2.0733e+00
338 +2.429509945e+01 +2.429509945e+01 -9.730490055e+01 -9.730490055e+01 -2.1293e-01 +5.3159e-01
346 +1.805954749e+00 +1.805954749e+00 -1.197940453e+02 -1.197940453e+02 -2.1401e+00 -5.2980e-01
350 +1.121126779e-01 +1.121126779e-01 -1.214878873e+02 -1.214878873e+02 -2.9534e+00 -9.7944e-01
391 +8.075932346e-02 +8.075932346e-02 -1.215192407e+02 -1.215192407e+02 -3.4255e+00 -1.2405e+00
392 +1.486564451e-03 +1.486564451e-03 -1.215985134e+02 -1.215985134e+02 -3.2041e+00 -1.1179e+00
480 +6.148238106e-04 +6.148238106e-04 -1.215993852e+02 -1.215993852e+02 -3.2129e+00 -1.1228e+00
489 +5.178630884e-05 +5.178630884e-05 -1.215999482e+02 -1.215999482e+02 -3.2228e+00 -1.1282e+00
520 +1.680041585e-05 +1.680041585e-05 -1.215999832e+02 -1.215999832e+02 -3.2296e+00 -1.1320e+00
537 +9.685678961e-06 +9.685678961e-06 -1.215999903e+02 -1.215999903e+02 -3.2269e+00 -1.1305e+00
547 +6.051037488e-06 +6.051037488e-06 -1.215999939e+02 -1.215999939e+02 -3.2315e+00 -1.1331e+00
551 +2.965260251e-06 +2.965260251e-06 -1.215999970e+02 -1.215999970e+02 -3.2311e+00 -1.1328e+00
575 +7.144613932e-07 +7.144613932e-07 -1.215999993e+02 -1.215999993e+02 -3.2292e+00 -1.1318e+00
584 +2.108769621e-07 +2.108769621e-07 -1.215999998e+02 -1.215999998e+02 -3.2300e+00 -1.1322e+00
603 +1.163585068e-07 +1.163585068e-07 -1.215999999e+02 -1.215999999e+02 -3.2297e+00 -1.1321e+00
616 +6.224661320e-08 +6.224661320e-08 -1.215999999e+02 -1.215999999e+02 -3.2295e+00 -1.1319e+00
646 +3.194702458e-08 +3.194702458e-08 -1.216000000e+02 -1.216000000e+02 -3.2296e+00 -1.1320e+00
653 +2.269487709e-08 +2.269487709e-08 -1.216000000e+02 -1.216000000e+02 -3.2297e+00 -1.1321e+00
666 +4.841027135e-09 +4.841027135e-09 -1.216000000e+02 -1.216000000e+02 -3.2295e+00 -1.1320e+00
704 +1.003684247e-09 +1.003684247e-09 -1.216000000e+02 -1.216000000e+02 -3.2296e+00 -1.1320e+00
706 +2.944204880e-10 +2.944204880e-10 -1.216000000e+02 -1.216000000e+02 -3.2296e+00 -1.1320e+00
712 +5.449862783e-11 +5.449862783e-11 -1.216000000e+02 -1.216000000e+02 -3.2296e+00 -1.1320e+00
756 +1.563194019e-12 +1.563194019e-12 -1.216000000e+02 -1.216000000e+02 -3.2296e+00 -1.1320e+00
829 +1.421085472e-14 +1.421085472e-14 -1.216000000e+02 -1.216000000e+02 -3.2296e+00 -1.1320e+00
883 +0.000000000e+00 +0.000000000e+00 -1.216000000e+02 -1.216000000e+02 -3.2296e+00 -1.1320e+00
% function evaluation | noise-free fitness - Fopt (-3.811000000000e+01) | best noise-free fitness - Fopt | measured fitness | best measured fitness | x1 | x2...
1 +8.331473577e+06 +8.331473577e+06 +8.331435467e+06 +8.331435467e+06 +1.6187e+00 +3.7620e+00
2 +2.427936113e+06 +2.427936113e+06 +2.427898003e+06 +2.427898003e+06 +3.1734e-01 +3.3295e+00
3 +1.521449287e+06 +1.521449287e+06 +1.521411177e+06 +1.521411177e+06 -5.5886e-01 +1.6201e+00
8 +8.323279035e+05 +8.323279035e+05 +8.322897935e+05 +8.322897935e+05 -7.4214e-01 +1.6148e+00
19 +5.010033711e+04 +5.010033711e+04 +5.006222711e+04 +5.006222711e+04 -2.0636e+00 +8.9432e-01
32 +1.065461846e+03 +1.065461846e+03 +1.027351846e+03 +1.027351846e+03 -1.1437e+00 +4.9595e+00
79 +4.975215858e+01 +4.975215858e+01 +1.164215858e+01 +1.164215858e+01 -1.1251e+00 +4.8855e+00
366 +3.975756216e+01 +3.975756216e+01 +1.647562165e+00 +1.647562165e+00 -1.2500e+00 +4.1882e+00
431 +2.338107310e+01 +2.338107310e+01 -1.472892690e+01 -1.472892690e+01 -1.6331e+00 +2.0492e+00
436 +1.246494037e+01 +1.246494037e+01 -2.564505963e+01 -2.564505963e+01 -1.8081e+00 +1.0543e+00
446 +3.027377755e+00 +3.027377755e+00 -3.508262225e+01 -3.508262225e+01 -2.5942e+00 -3.3444e+00
473 +8.798863902e-01 +8.798863902e-01 -3.723011361e+01 -3.723011361e+01 -2.5869e+00 -3.3103e+00
484 +5.594439078e-01 +5.594439078e-01 -3.755055609e+01 -3.755055609e+01 -2.4830e+00 -2.7253e+00
492 +1.061030965e-01 +1.061030965e-01 -3.800389690e+01 -3.800389690e+01 -2.3745e+00 -2.1214e+00
495 +4.643007633e-02 +4.643007633e-02 -3.806356992e+01 -3.806356992e+01 -2.3943e+00 -2.2308e+00
520 +2.335298957e-03 +2.335298957e-03 -3.810766470e+01 -3.810766470e+01 -2.4233e+00 -2.3946e+00
551 +4.047937299e-04 +4.047937299e-04 -3.810959521e+01 -3.810959521e+01 -2.4257e+00 -2.4081e+00
590 +3.043836238e-04 +3.043836238e-04 -3.810969562e+01 -3.810969562e+01 -2.4286e+00 -2.4238e+00
603 +1.788145397e-04 +1.788145397e-04 -3.810982119e+01 -3.810982119e+01 -2.4271e+00 -2.4156e+00
608 +1.499786723e-04 +1.499786723e-04 -3.810985002e+01 -3.810985002e+01 -2.4274e+00 -2.4171e+00
641 +9.894614162e-05 +9.894614162e-05 -3.810990105e+01 -3.810990105e+01 -2.4254e+00 -2.4060e+00
646 +1.633864601e-05 +1.633864601e-05 -3.810998366e+01 -3.810998366e+01 -2.4261e+00 -2.4098e+00
666 +6.798195713e-07 +6.798195713e-07 -3.810999932e+01 -3.810999932e+01 -2.4256e+00 -2.4070e+00
690 +4.727777636e-07 +4.727777636e-07 -3.810999953e+01 -3.810999953e+01 -2.4255e+00 -2.4065e+00
706 +2.239647969e-07 +2.239647969e-07 -3.810999978e+01 -3.810999978e+01 -2.4255e+00 -2.4068e+00
717 +8.478762936e-08 +8.478762936e-08 -3.810999992e+01 -3.810999992e+01 -2.4256e+00 -2.4070e+00
722 +5.493775745e-08 +5.493775745e-08 -3.810999995e+01 -3.810999995e+01 -2.4256e+00 -2.4074e+00
739 +2.480961570e-08 +2.480961570e-08 -3.810999998e+01 -3.810999998e+01 -2.4256e+00 -2.4071e+00
750 +3.804814241e-10 +3.804814241e-10 -3.811000000e+01 -3.811000000e+01 -2.4256e+00 -2.4072e+00
831 +9.680434232e-11 +9.680434232e-11 -3.811000000e+01 -3.811000000e+01 -2.4256e+00 -2.4072e+00
839 +4.939693099e-11 +4.939693099e-11 -3.811000000e+01 -3.811000000e+01 -2.4256e+00 -2.4072e+00
854 +1.752198386e-11 +1.752198386e-11 -3.811000000e+01 -3.811000000e+01 -2.4256e+00 -2.4072e+00
863 +1.555378049e-11 +1.555378049e-11 -3.811000000e+01 -3.811000000e+01 -2.4256e+00 -2.4072e+00
869 +3.304023721e-12 +3.304023721e-12 -3.811000000e+01 -3.811000000e+01 -2.4256e+00 -2.4072e+00
884 +3.410605132e-13 +3.410605132e-13 -3.811000000e+01 -3.811000000e+01 -2.4256e+00 -2.4072e+00
896 +1.776356839e-13 +1.776356839e-13 -3.811000000e+01 -3.811000000e+01 -2.4256e+00 -2.4072e+00
908 +1.563194019e-13 +1.563194019e-13 -3.811000000e+01 -3.811000000e+01 -2.4256e+00 -2.4072e+00
932 +9.237055565e-14 +9.237055565e-14 -3.811000000e+01 -3.811000000e+01 -2.4256e+00 -2.4072e+00
934 +4.263256415e-14 +4.263256415e-14 -3.811000000e+01 -3.811000000e+01 -2.4256e+00 -2.4072e+00
941 +3.552713679e-14 +3.552713679e-14 -3.811000000e+01 -3.811000000e+01 -2.4256e+00 -2.4072e+00
943 +7.105427358e-15 +7.105427358e-15 -3.811000000e+01 -3.811000000e+01 -2.4256e+00 -2.4072e+00
966 +0.000000000e+00 +0.000000000e+00 -3.811000000e+01 -3.811000000e+01 -2.4256e+00 -2.4072e+00
