% function evaluation | noise-free fitness - Fopt (-2.098800000000e+02) | best noise-free fitness - Fopt | measured fitness | best measured fitness | x1 | x2...
1 +4.445698275e+06 +4.445698275e+06 +4.445488395e+06 +4.445488395e+06 -8.2058e-01 +4.2618e+00 +4.5542e-01 -4.3195e+00 +1.1425e-01
2 +2.967456034e+05 +2.967456034e+05 +2.965357234e+05 +2.965357234e+05 +3.4498e-01 -2.6562e+00 +2.2440e+00 +2.7026e+00 +1.2190e+00
11 +4.278853583e+03 +4.278853583e+03 +4.068973583e+03 +4.068973583e+03 +2.1729e+00 -3.2945e+00 +3.5781e+00 +2.2916e+00 +1.8430e+00
3082 +2.135331371e+03 +2.135331371e+03 +1.925451371e+03 +1.925451371e+03 +2.2950e+00 -1.4398e+00 +4.4126e+00 +2.1806e+00 +1.7901e+00
% function evaluation | noise-free fitness - Fopt (-9.209000000000e+01) | best noise-free fitness - Fopt | measured fitness | best measured fitness | x1 | x2...
1 +2.586155271e+06 +2.586155271e+06 +2.586063181e+06 +2.586063181e+06 +3.5358e+00 +4.2113e+00 +3.8179e+00 -3.1423e+00 -1.5687e+00
5 +1.210213687e+05 +1.210213687e+05 +1.209292787e+05 +1.209292787e+05 -2.6394e+00 -4.3411e+00 +2.4393e+00 -2.0800e+00 +2.0770e-01
16 +6.125302974e+04 +6.125302974e+04 +6.116093974e+04 +6.116093974e+04 -4.1002e+00 +1.7304e+00 +1.0679e-01 -5.3057e-01 -1.0388e-01
63 +1.580777179e+04 +1.580777179e+04 +1.571568179e+04 +1.571568179e+04 +2.3498e+00 -3.7731e+00 +1.2437e+00 -1.7743e+00 -2.3245e-01
2312 +7.458018372e+03 +7.458018372e+03 +7.365928372e+03 +7.365928372e+03 -1.1176e+00 -1.0157e+00 -2.2232e+00 -2.0519e+00 -1.0067e-01
3487 +6.114779326e+03 +6.114779326e+03 +6.022689326e+03 +6.022689326e+03 -4.2395e-01 +6.8794e-01 -1.9643e+00 -2.0383e+00 -1.3605e-01
% function evaluation | noise-free fitness - Fopt (-8.789000000000e+01) | best noise-free fitness - Fopt | measured fitness | best measured fitness | x1 | x2...
1 +2.730504460e+06 +2.730504460e+06 +2.730416570e+06 +2.730416570e+06 +1.4140e+00 -4.7460e+00 -1.9642e+00 -4.0007e+00 -4.5603e+00
5 +7.569609992e+05 +7.569609992e+05 +7.568731092e+05 +7.568731092e+05 -5.5649e-01 +8.6769e-01 +1.0514e+00 +1.3209e+00 -3.7769e+00
8 +5.409837836e+05 +5.409837836e+05 +5.408958936e+05 +5.408958936e+05 +3.5897e+00 +4.9619e+00 +2.9968e+00 +1.9493e+00 -3.2097e+00
14 +3.864449033e+05 +3.864449033e+05 +3.863570133e+05 +3.863570133e+05 +4.9071e+00 +3.7973e+00 -2.5337e+00 +5.5929e-01 -3.4361e+00
61 +1.364187770e+05 +1.364187770e+05 +1.363308870e+05 +1.363308870e+05 -1.7223e+00 +1.7532e+00 +2.2583e+00 -4.0802e+00 -2.9922e+00
168 +2.055321260e+04 +2.055321260e+04 +2.046532260e+04 +2.046532260e+04 -1.3603e+00 -3.9073e+00 +1.4152e+00 -2.1770e+00 -2.9392e+00
223 +1.313086823e+04 +1.313086823e+04 +1.304297823e+04 +1.304297823e+04 -3.6716e+00 +3.7145e+00 -1.0865e+00 -1.7891e+00 -3.1563e+00
645 +3.876316013e+03 +3.876316013e+03 +3.788426013e+03 +3.788426013e+03 -8.0954e-01 -2.1285e+00 +3.0550e+00 -2.1328e+00 -3.0898e+00
% function evaluation | noise-free fitness - Fopt (3.201900000000e+02) | best noise-free fitness - Fopt | measured fitness | best measured fitness | x1 | x2...
1 +5.779929977e+07 +5.779929977e+07 +5.779961996e+07 +5.779961996e+07 -1.5958e+00 +1.1280e-01 -4.8815e+00 +1.3133e+00 +3.8032e+00
2 +7.766984546e+06 +7.766984546e+06 +7.767304736e+06 +7.767304736e+06 +1.4833e+00 -4.1126e+00 +3.5644e+00 -4.4358e+00 -8.6086e-01
4 +5.763919979e+05 +5.763919979e+05 +5.767121879e+05 +5.767121879e+05 +2.6233e+00 +4.4762e+00 +1.7292e+00 -4.6255e+00 -3.8131e+00
36 +2.680428396e+05 +2.680428396e+05 +2.683630296e+05 +2.683630296e+05 -4.1999e+00 -1.5657e+00 -3.7056e-01 -4.1730e-01 -3.9904e+00
50 +2.579985553e+04 +2.579985553e+04 +2.612004553e+04 +2.612004553e+04 -3.2084e+00 -1.1106e+00 +1.0965e+00 -5.2642e-01 -3.3161e+00
1062 +1.552514043e+04 +1.552514043e+04 +1.584533043e+04 +1.584533043e+04 +2.0617e+00 +3.2554e+00 -2.3710e+00 -8.2592e-01 -3.4545e+00
3419 +1.754919719e+03 +1.754919719e+03 +2.075109719e+03 +2.075109719e+03 +3.8741e+00 +1.1803e+00 +1.4499e+00 -1.0508e+00 -3.4592e+00
% function evaluation | noise-free fitness - Fopt (-1.042400000000e+02) | best noise-free fitness - Fopt | measured fitness | best measured fitness | x1 | x2...
1 +2.487795104e+07 +2.487795104e+07 +2.487784680e+07 +2.487784680e+07 +6.1021e-01 -5.8513e-01 -6.0864e-01 +4.7273e-01 +4.9853e+00
2 +1.139968081e+06 +1.139968081e+06 +1.139863841e+06 +1.139863841e+06 +1.8895e+00 +4.0530e+00 -1.5235e-01 -1.5890e+00 +9.6603e-01
23 +7.822320336e+04 +7.822320336e+04 +7.811896336e+04 +7.811896336e+04 -1.9279e+00 +1.1481e+00 -4.9326e-02 +9.8620e-01 -1.6249e-01
31 +5.562639205e+04 +5.562639205e+04 +5.552215205e+04 +5.552215205e+04 +4.4053e+00 +3.6064e+00 +1.0051e+00 -1.0439e+00 -2.6720e-01
92 +3.213841873e+04 +3.213841873e+04 +3.203417873e+04 +3.203417873e+04 +4.8491e+00 -5.9896e-02 +4.6740e+00 -7.7138e-01 -1.8845e-01
281 +8.877163882e+03 +8.877163882e+03 +8.772923882e+03 +8.772923882e+03 -3.8260e+00 +3.3913e+00 -1.2406e+00 -3.2334e-01 -5.6864e-02
1201 +4.289007486e+03 +4.289007486e+03 +4.184767486e+03 +4.184767486e+03 +1.0023e+00 +2.0186e+00 +2.6764e+00 -5.0523e-01 -9.1013e-02
% function evaluation | noise-free fitness - Fopt (-3.570000000000e+01) | best noise-free fitness - Fopt | measured fitness | best measured fitness | x1 | x2...
1 +1.490025927e+06 +1.490025927e+06 +1.489990227e+06 +1.489990227e+06 +8.8153e-01 -6.3253e-01 -4.1119e+00 -2.5058e+00 -3.0584e+00
3 +1.749606499e+05 +1.749606499e+05 +1.749249499e+05 +1.749249499e+05 +1.2275e+00 +1.5585e-02 -4.5177e+00 +1.4967e+00 -3.6772e+00
20 +2.971692762e+04 +2.971692762e+04 +2.968122762e+04 +2.968122762e+04 -4.9534e+00 +2.6543e+00 +1.3471e-01 +3.5577e+00 -3.9516e+00
197 +2.241834713e+04 +2.241834713e+04 +2.238264713e+04 +2.238264713e+04 -1.3825e+00 -1.8970e-01 -5.1352e-01 +3.5833e+00 -3.8764e+00
356 +6.488555020e+03 +6.488555020e+03 +6.452855020e+03 +6.452855020e+03 -4.0060e+00 +4.8334e+00 +4.3993e+00 +3.0515e+00 -3.9044e+00
% function evaluation | noise-free fitness - Fopt (2.070000000000e+01) | best noise-free fitness - Fopt | measured fitness | best measured fitness | x1 | x2...
1 +4.444492579e+06 +4.444492579e+06 +4.444513279e+06 +4.444513279e+06 -7.4764e-01 -2.3211e-02 +1.2356e+00 -4.1170e+00 +4.8342e+00
4 +2.652782875e+06 +2.652782875e+06 +2.652803575e+06 +2.652803575e+06 +1.3076e+00 +1.7336e+00 -1.3779e+00 +6.2253e-01 +1.4087e+00
7 +1.187872127e+06 +1.187872127e+06 +1.187892827e+06 +1.187892827e+06 -5.6032e-01 -4.1048e+00 +2.5797e+00 -1.9208e+00 +1.9629e+00
8 +2.932106014e+05 +2.932106014e+05 +2.932313014e+05 +2.932313014e+05 -2.7073e+00 +5.2269e-01 -3.0801e+00 -1.4771e+00 +2.6821e+00
31 +1.537597080e+05 +1.537597080e+05 +1.537804080e+05 +1.537804080e+05 +4.6365e+00 -2.8458e+00 +6.1938e-01 +7.3625e-01 +2.5427e+00
61 +8.693044872e+04 +8.693044872e+04 +8.695114872e+04 +8.695114872e+04 -3.6806e+00 +4.6263e+00 -1.3960e+00 +3.0988e+00 +2.8121e+00
152 +3.112470362e+04 +3.112470362e+04 +3.114540362e+04 +3.114540362e+04 +6.9092e-01 +8.1736e-01 +5.5243e-01 +2.0407e+00 +2.9868e+00
389 +7.917525201e+03 +7.917525201e+03 +7.938225201e+03 +7.938225201e+03 +2.1421e+00 +1.1490e+00 -1.6008e+00 +9.0684e-01 +2.8989e+00
2035 +1.185866195e+03 +1.185866195e+03 +1.206566195e+03 +1.206566195e+03 -1.6066e+00 +3.5650e+00 -2.1442e+00 +1.3551e+00 +2.9114e+00
% function evaluation | noise-free fitness - Fopt (3.807000000000e+01) | best noise-free fitness - Fopt | measured fitness | best measured fitness | x1 | x2...
1 +1.177229939e+07 +1.177229939e+07 +1.177233746e+07 +1.177233746e+07 +3.3896e+00 +1.6800e+00 -1.9640e+00 +3.6758e-01 -3.0914e-01
4 +1.508420709e+06 +1.508420709e+06 +1.508458779e+06 +1.508458779e+06 -2.0417e+00 +6.6883e-01 +3.3614e+00 -3.9617e+00 +2.7285e+00
6 +1.990400352e+05 +1.990400352e+05 +1.990781052e+05 +1.990781052e+05 +2.4734e+00 -4.1989e+00 +1.7483e+00 +1.2289e+00 +2.8162e+00
203 +4.786637549e+04 +4.786637549e+04 +4.790444549e+04 +4.790444549e+04 -1.0919e+00 +3.4982e+00 +4.2751e+00 +2.2305e+00 +3.2810e+00
659 +1.505064693e+04 +1.505064693e+04 +1.508871693e+04 +1.508871693e+04 -2.2690e+00 -2.7853e+00 +3.6085e+00 +2.4173e+00 +3.1636e+00
1084 +2.437120155e+03 +2.437120155e+03 +2.475190155e+03 +2.475190155e+03 +1.5617e+00 -2.9019e+00 +2.0221e+00 +2.7333e+00 +3.1322e+00
% function evaluation | noise-free fitness - Fopt (-4.542000000000e+01) | best noise-free fitness - Fopt | measured fitness | best measured fitness | x1 | x2...
1 +3.996004669e+07 +3.996004669e+07 +3.996000127e+07 +3.996000127e+07 +2.7811e-01 +3.3615e+00 -2.9411e+00 +1.5326e+00 -4.4218e+00
2 +5.648903633e+06 +5.648903633e+06 +5.648858213e+06 +5.648858213e+06 +2.4085e-01 +1.3210e+00 -4.3100e+00 -4.0958e+00 +1.1848e-01
4 +1.588585499e+06 +1.588585499e+06 +1.588540079e+06 +1.588540079e+06 +4.4699e-01 -2.4801e+00 +3.2023e+00 -4.2580e+00 +2.9564e+00
5 +4.759511002e+05 +4.759511002e+05 +4.759056802e+05 +4.759056802e+05 -7.9869e-01 -1.3100e+00 +2.0479e+00 +4.3264e+00 +1.7979e+00
8 +2.099824722e+05 +2.099824722e+05 +2.099370522e+05 +2.099370522e+05 +3.2189e+00 +1.8358e+00 +4.0792e+00 +5.2042e-01 +2.0027e+00
56 +1.388782284e+05 +1.388782284e+05 +1.388328084e+05 +1.388328084e+05 -2.6619e+00 +7.9317e-03 +3.7581e-01 +3.0561e+00 +2.0166e+00
91 +9.742001205e+04 +9.742001205e+04 +9.737459205e+04 +9.737459205e+04 -2.6938e+00 +3.9546e+00 -2.0745e-01 +1.6397e+00 +2.0011e+00
431 +4.214255779e+04 +4.214255779e+04 +4.209713779e+04 +4.209713779e+04 +6.2603e-01 -4.3086e+00 +1.2878e+00 +1.9623e+00 +2.1475e+00
568 +1.658521011e+04 +1.658521011e+04 +1.653979011e+04 +1.653979011e+04 +1.2334e+00 -4.7510e-02 -4.6322e+00 +1.6610e+00 +2.3936e+00
1047 +3.247398973e+03 +3.247398973e+03 +3.201978973e+03 +3.201978973e+03 +2.8905e+00 +2.1346e+00 -1.0211e+00 +1.9649e+00 +2.3032e+00
% function evaluation | noise-free fitness - Fopt (6.695000000000e+01) | best noise-free fitness - Fopt | measured fitness | best measured fitness | x1 | x2...
1 +1.386010964e+05 +1.386010964e+05 +1.386680464e+05 +1.386680464e+05 +4.4131e+00 +4.2769e+00 -2.4660e+00 +9.2144e-01 +3.7297e+00
40 +9.773591183e+03 +9.773591183e+03 +9.840541183e+03 +9.840541183e+03 -2.4632e-01 -1.6171e+00 -3.5564e+00 +5.7850e-02 +3.4261e+00
1494 +5.876443621e+03 +5.876443621e+03 +5.943393621e+03 +5.943393621e+03 +3.2434e+00 +3.5883e+00 +8.4808e-01 -3.5011e-01 +3.4724e+00
% function evaluation | noise-free fitness - Fopt (5.832000000000e+01) | best noise-free fitness - Fopt | measured fitness | best measured fitness | x1 | x2...
1 +3.347962377e+07 +3.347962377e+07 +3.347968209e+07 +3.347968209e+07 -1.7415e+00 -7.2497e-01 -2.2620e+00 +4.4329e+00 +2.1407e+00
2 +1.327078923e+07 +1.327078923e+07 +1.327084755e+07 +1.327084755e+07 +2.6672e+00 -1.8577e+00 -9.3576e-01 -4.7902e+00 +1.6174e-02
4 +7.555903360e+05 +7.555903360e+05 +7.556486560e+05 +7.556486560e+05 +3.2668e-01 +4.0629e+00 -3.6986e+00 -4.8099e+00 -3.7952e+00
13 +5.817312702e+04 +5.817312702e+04 +5.823144702e+04 +5.823144702e+04 +3.3843e+00 +1.8462e+00 +3.0745e+00 -6.0761e-01 -3.8125e+00
68 +3.975326848e+04 +3.975326848e+04 +3.981158848e+04 +3.981158848e+04 +2.3053e+00 -4.7928e+00 -3.9376e+00 -4.9879e-02 -3.4879e+00
311 +2.448696645e+04 +2.448696645e+04 +2.454528645e+04 +2.454528645e+04 +2.1011e+00 -4.0356e+00 +4.7091e+00 +5.4191e-02 -3.4910e+00
538 +1.047667491e+04 +1.047667491e+04 +1.053499491e+04 +1.053499491e+04 -1.2794e+00 +2.6136e+00 +3.5128e+00 +2.6962e-01 -3.6094e+00
2151 +7.161184658e+03 +7.161184658e+03 +7.219504658e+03 +7.219504658e+03 +4.5889e+00 +5.9773e-02 +3.3139e+00 -1.6473e-01 -3.6513e+00
% function evaluation | noise-free fitness - Fopt (1.932700000000e+02) | best noise-free fitness - Fopt | measured fitness | best measured fitness | x1 | x2...
1 +3.669747020e+07 +3.669747020e+07 +3.669766347e+07 +3.669766347e+07 -2.4011e+00 +2.2238e+00 +1.2213e+00 -2.4022e-01 -2.9590e+00
2 +6.643342956e+06 +6.643342956e+06 +6.643536226e+06 +6.643536226e+06 -4.8191e+00 -8.8503e-01 +3.8792e+00 +2.5747e-01 +8.4435e-01
14 +1.399684273e+06 +1.399684273e+06 +1.399877543e+06 +1.399877543e+06 +2.2076e+00 +2.9599e+00 +3.7342e+00 -2.1238e+00 +3.9637e+00
18 +2.118616625e+05 +2.118616625e+05 +2.120549325e+05 +2.120549325e+05 -1.0046e-01 +2.4302e+00 -2.8185e-02 +1.6169e+00 +3.2325e+00
27 +2.548159713e+04 +2.548159713e+04 +2.567486713e+04 +2.567486713e+04 +3.0283e+00 +1.9141e+00 +3.3158e+00 +3.6315e+00 +3.5601e+00
626 +8.271143340e+03 +8.271143340e+03 +8.464413340e+03 +8.464413340e+03 -3.0082e+00 +2.7715e+00 +6.7570e-01 +4.3318e+00 +3.4423e+00
% function evaluation | noise-free fitness - Fopt (-4.190100000000e+02) | best noise-free fitness - Fopt | measured fitness | best measured fitness | x1 | x2...
1 +3.409854967e+06 +3.409854967e+06 +3.409435957e+06 +3.409435957e+06 +9.5783e-01 -3.1756e+00 -3.8599e+00 +2.8214e+00 -3.1549e+00
2 +2.253649228e+06 +2.253649228e+06 +2.253230218e+06 +2.253230218e+06 +2.0448e+00 -2.4462e+00 -2.5678e+00 +2.3484e-01 -4.7139e-01
15 +1.481989902e+06 +1.481989902e+06 +1.481570892e+06 +1.481570892e+06 +2.6055e+00 -3.4451e+00 +3.7121e+00 +2.3997e+00 -1.0068e+00
16 +7.905097307e+05 +7.905097307e+05 +7.900907207e+05 +7.900907207e+05 -7.7741e-01 -2.8968e+00 -6.6440e-01 -7.2853e-02 -1.0113e+00
30 +6.707047906e+04 +6.707047906e+04 +6.665146906e+04 +6.665146906e+04 -4.3191e+00 +2.2772e+00 +1.5293e+00 -2.7141e+00 -1.9783e+00
363 +3.287429683e+04 +3.287429683e+04 +3.245528683e+04 +3.245528683e+04 +2.2323e+00 +4.8264e+00 -1.8081e+00 -4.0164e+00 -1.8414e+00
570 +2.505490254e+04 +2.505490254e+04 +2.463589254e+04 +2.463589254e+04 -5.5169e-01 +2.1965e+00 +2.3865e+00 -2.9935e+00 -1.7698e+00
1012 +1.131739027e+04 +1.131739027e+04 +1.089838027e+04 +1.089838027e+04 -2.2000e-01 -2.0605e+00 -3.3870e+00 -3.6595e+00 -1.7807e+00
4527 +7.630739986e+03 +7.630739986e+03 +7.211729986e+03 +7.211729986e+03 -2.9849e+00 +3.0674e+00 -4.0045e+00 -3.3128e+00 -1.7115e+00
% function evaluation | noise-free fitness - Fopt (4.076100000000e+02) | best noise-free fitness - Fopt | measured fitness | best measured fitness | x1 | x2...
1 +3.296410409e+06 +3.296410409e+06 +3.296818019e+06 +3.296818019e+06 +1.1620e+00 +2.7422e+00 -1.8819e+00 +1.6002e+00 +4.3592e+00
6 +1.360119426e+06 +1.360119426e+06 +1.360527036e+06 +1.360527036e+06 +7.0313e-01 -3.7792e+00 -3.1831e+00 -8.6220e-01 +3.4493e+00
29 +4.349115117e+05 +4.349115117e+05 +4.353191217e+05 +4.353191217e+05 -4.7265e+00 -3.9482e+00 +2.8288e+00 +6.2237e-01 +1.9274e+00
36 +4.030451099e+04 +4.030451099e+04 +4.071212099e+04 +4.071212099e+04 +3.6675e+00 -2.4015e+00 +6.8248e-01 +2.7571e+00 +2.3172e+00
334 +4.797083423e+03 +4.797083423e+03 +5.204693423e+03 +5.204693423e+03 -2.7489e+00 +4.3141e-01 +3.0425e+00 +2.5138e+00 +2.4965e+00
% function evaluation | noise-free fitness - Fopt (2.872000000000e+01) | best noise-free fitness - Fopt | measured fitness | best measured fitness | x1 | x2...
1 +7.300208613e+06 +7.300208613e+06 +7.300237333e+06 +7.300237333e+06 +3.5855e+00 +4.1030e+00 -4.0842e+00 +1.6001e+00 -4.5411e+00
2 +3.808448901e+06 +3.808448901e+06 +3.808477621e+06 +3.808477621e+06 +2.4825e+00 -7.1816e-01 +5.5470e-01 -4.3298e+00 +8.3192e-02
5 +3.657466227e+05 +3.657466227e+05 +3.657753427e+05 +3.657753427e+05 +4.7643e+00 -4.2512e+00 -1.0859e+00 +2.5093e+00 -2.2952e+00
7 +3.391652784e+04 +3.391652784e+04 +3.394524784e+04 +3.394524784e+04 +1.8746e+00 -4.2306e+00 -3.0989e+00 +1.3934e+00 -1.8868e+00
378 +8.777423058e+03 +8.777423058e+03 +8.806143058e+03 +8.806143058e+03 +1.1167e+00 +2.9701e+00 -1.2810e+00 +8.8213e-01 -1.7322e+00
554 +4.131764462e+03 +4.131764462e+03 +4.160484462e+03 +4.160484462e+03 -4.3879e+00 +1.0896e+00 -4.7126e+00 +4.7786e-01 -1.7381e+00
