% function evaluation | noise-free fitness - Fopt (9.294000000000e+01) | best noise-free fitness - Fopt | measured fitness | best measured fitness | x1 | x2...
1 +2.043422594e+03 +2.043422594e+03 +2.136362594e+03 +2.136362594e+03 -1.9372e+00 +2.4838e+00 +2.5989e+00 -5.4163e-01 -3.0394e+00 -2.0816e+00 -1.3555e+00 +2.2330e+00 -3.4406e-01 +2.5373e+00
3 +1.245054773e+03 +1.245054773e+03 +1.337994773e+03 +1.337994773e+03 -7.0178e-01 +5.1575e-01 +2.6799e+00 +2.7581e-01 -1.6541e+00 -5.2207e-01 +5.4837e-01 -5.2389e-01 -2.1742e-01 +2.3205e-01
9 +9.651923171e+02 +9.651923171e+02 +1.058132317e+03 +1.058132317e+03 -2.0630e+00 +2.6207e+00 +6.5966e-01 +1.3817e+00 -1.0712e+00 +4.5480e-01 -4.6208e+00 -7.7467e-01 -6.2100e-01 +5.2703e+00
12 +5.044831258e+02 +5.044831258e+02 +5.974231258e+02 +5.974231258e+02 -3.4028e+00 -1.2959e+00 +1.2368e+00 +3.8444e+00 +1.5206e+00 +8.5473e-01 -5.8211e+00 -1.6349e+00 -8.9562e-01 +2.8474e+00
26 +3.023599875e+02 +3.023599875e+02 +3.952999875e+02 +3.952999875e+02 -2.0290e+00 +1.4601e+00 -3.6347e-01 +4.8988e+00 -1.5461e+00 -3.8924e-01 -3.7904e+00 -1.8086e-01 +5.9359e+00 -6.6990e-01
29 +2.086375688e+02 +2.086375688e+02 +3.015775688e+02 +3.015775688e+02 -3.0684e+00 -2.2071e-01 +4.0401e+00 +6.2912e+00 +2.2332e+00 +1.2101e-01 -5.2179e+00 +3.8478e+00 +9.5450e-01 +3.1372e+00
73 +1.201646877e+02 +1.201646877e+02 +2.131046877e+02 +2.131046877e+02 +9.7448e-01 +1.6306e+00 +2.3229e+00 +6.2080e+00 +7.7653e-01 -3.2883e-01 -7.7988e-01 +2.7555e+00 +2.2582e+00 +2.5977e+00
141 +7.517951687e+01 +7.517951687e+01 +1.681195169e+02 +1.681195169e+02 +4.6672e-01 +2.5354e+00 +3.3284e+00 +4.6292e+00 +2.7085e+00 +5.6504e-01 +1.1700e+00 +1.5953e+00 +2.8344e+00 +6.5015e-01
153 +4.242574903e+01 +4.242574903e+01 +1.353657490e+02 +1.353657490e+02 +1.1120e+00 +2.1279e+00 +1.6682e+00 +5.4466e+00 +2.0611e+00 +8.9423e-01 +7.3544e-01 +1.3157e+00 +4.6574e+00 +1.4759e+00
191 +3.838493921e+01 +3.838493921e+01 +1.313249392e+02 +1.313249392e+02 +2.2902e+00 +3.2931e+00 +2.6391e+00 +6.1398e+00 +2.5938e+00 -9.7911e-01 +4.8257e-01 +9.8385e-01 +3.2216e+00 +2.1565e-01
262 +2.386804744e+01 +2.386804744e+01 +1.168080474e+02 +1.168080474e+02 +2.7602e+00 +2.9536e+00 +1.3387e+00 +4.8291e+00 +1.7522e+00 -4.1581e-01 -1.8219e-01 +3.5931e-01 +2.4076e+00 -1.3509e+00
393 +1.534659165e+01 +1.534659165e+01 +1.082865917e+02 +1.082865917e+02 +2.0499e+00 +2.6335e+00 +7.3353e-01 +4.6599e+00 +1.6481e+00 +8.5340e-01 +2.4164e-01 -5.0340e-01 +3.2406e+00 -2.7429e-01
1955 +9.126205498e+00 +9.126205498e+00 +1.020662055e+02 +1.020662055e+02 +9.7606e-01 +3.2289e-01 -4.2248e-01 +3.3035e+00 +2.8892e+00 +3.8856e+00 +2.6485e+00 -2.9220e+00 +1.6862e+00 +2.2085e+00
1957 +4.522204753e+00 +4.522204753e+00 +9.746220475e+01 +9.746220475e+01 +1.2606e+00 +2.5044e-01 -4.8764e-01 +3.6452e+00 +3.1542e+00 +3.2803e+00 +2.3447e+00 -2.7848e+00 +2.4397e+00 +1.5370e+00
2040 +3.976443429e+00 +3.976443429e+00 +9.691644343e+01 +9.691644343e+01 +1.0956e+00 +9.9427e-02 -7.9902e-01 +3.3405e+00 +3.2842e+00 +3.4437e+00 +2.5511e+00 -2.7177e+00 +2.2892e+00 +1.7798e+00
2102 +2.024889994e+00 +2.024889994e+00 +9.496488999e+01 +9.496488999e+01 +1.4649e-01 +6.5887e-01 +5.7543e-02 +2.6140e+00 +3.1195e+00 +3.6014e+00 +2.3131e+00 -2.3269e+00 +3.0236e+00 +2.0380e+00
2217 +1.464498384e+00 +1.464498384e+00 +9.440449838e+01 +9.440449838e+01 +1.9108e-01 +3.0879e-01 +2.1341e-01 +3.0870e+00 +3.1571e+00 +3.2271e+00 +2.0480e+00 -2.1210e+00 +3.1702e+00 +2.1224e+00
2420 +9.039497497e-01 +9.039497497e-01 +9.384394975e+01 +9.384394975e+01 +2.6116e-01 +1.0179e+00 +4.7647e-02 +2.9831e+00 +2.8833e+00 +3.3555e+00 +2.1017e+00 -2.0678e+00 +3.7188e+00 +2.0155e+00
2479 +6.220438025e-01 +6.220438025e-01 +9.356204380e+01 +9.356204380e+01 +1.9427e-01 +6.2085e-01 +8.7074e-03 +3.0106e+00 +2.8772e+00 +3.6218e+00 +2.1954e+00 -2.3264e+00 +3.5092e+00 +2.1351e+00
2582 +3.381164580e-01 +3.381164580e-01 +9.327811646e+01 +9.327811646e+01 -8.0019e-02 +9.1461e-01 +3.7590e-01 +3.0455e+00 +2.5784e+00 +3.6381e+00 +1.9455e+00 -2.2363e+00 +3.9026e+00 +2.0485e+00
2628 +1.849366731e-01 +1.849366731e-01 +9.312493667e+01 +9.312493667e+01 +2.7026e-02 +7.7073e-01 +2.6660e-01 +3.1258e+00 +2.5632e+00 +3.6504e+00 +1.8432e+00 -2.2444e+00 +3.7333e+00 +1.9844e+00
2778 +1.521307514e-01 +1.521307514e-01 +9.309213075e+01 +9.309213075e+01 -2.2483e-02 +9.1874e-01 +1.7929e-01 +3.0052e+00 +2.5750e+00 +3.7572e+00 +1.9032e+00 -2.3779e+00 +3.8283e+00 +2.1670e+00
2838 +7.781970121e-02 +7.781970121e-02 +9.301781970e+01 +9.301781970e+01 -4.7831e-02 +8.0312e-01 +2.6059e-01 +3.1818e+00 +2.4330e+00 +3.8333e+00 +1.8180e+00 -2.4336e+00 +3.7998e+00 +2.1254e+00
2931 +5.206942010e-02 +5.206942010e-02 +9.299206942e+01 +9.299206942e+01 -8.2352e-02 +9.2697e-01 +3.2785e-01 +3.0704e+00 +2.4636e+00 +3.8328e+00 +1.8118e+00 -2.3742e+00 +3.8612e+00 +2.0944e+00
3010 +3.791887154e-02 +3.791887154e-02 +9.297791887e+01 +9.297791887e+01 -1.8900e-01 +6.7899e-01 +2.9458e-01 +3.1269e+00 +2.4286e+00 +3.9024e+00 +1.7849e+00 -2.4994e+00 +3.7144e+00 +2.1196e+00
3128 +2.488011429e-02 +2.488011429e-02 +9.296488011e+01 +9.296488011e+01 -1.4038e-01 +7.7436e-01 +2.6055e-01 +3.0838e+00 +2.4464e+00 +3.8430e+00 +1.7961e+00 -2.4331e+00 +3.7487e+00 +2.1041e+00
3194 +6.759357518e-08 +6.759357518e-08 +9.294000007e+01 +9.294000007e+01 -2.2620e-01 +7.4215e-01 +2.6464e-01 +3.0889e+00 +2.3844e+00 +3.9426e+00 +1.7449e+00 -2.4985e+00 +3.8296e+00 +2.1445e+00
3439 +2.688395284e-08 +2.688395284e-08 +9.294000003e+01 +9.294000003e+01 -2.4331e-01 +7.0957e-01 +2.6917e-01 +3.1105e+00 +2.4074e+00 +3.9302e+00 +1.7472e+00 -2.4639e+00 +3.8107e+00 +2.1538e+00
3513 +1.360804447e-08 +1.360804447e-08 +9.294000001e+01 +9.294000001e+01 -2.0908e-01 +7.5367e-01 +2.6193e-01 +3.1224e+00 +2.3945e+00 +3.9003e+00 +1.7304e+00 -2.4541e+00 +3.8232e+00 +2.1519e+00
3709 +4.810615906e-09 +4.810615906e-09 +9.294000000e+01 +9.294000000e+01 -2.0134e-01 +7.5691e-01 +2.8941e-01 +3.1162e+00 +2.3798e+00 +3.9303e+00 +1.7650e+00 -2.4939e+00 +3.8200e+00 +2.1408e+00
3717 +3.836007068e-09 +3.836007068e-09 +9.294000000e+01 +9.294000000e+01 -2.1603e-01 +7.4734e-01 +2.9285e-01 +3.1167e+00 +2.4095e+00 +3.9078e+00 +1.7519e+00 -2.4556e+00 +3.8212e+00 +2.1649e+00
3720 +6.059650559e-10 +6.059650559e-10 +9.294000000e+01 +9.294000000e+01 -2.0178e-01 +7.5991e-01 +2.8455e-01 +3.1143e+00 +2.3920e+00 +3.9281e+00 +1.7547e+00 -2.4833e+00 +3.8142e+00 +2.1546e+00
4127 +3.967244311e-10 +3.967244311e-10 +9.294000000e+01 +9.294000000e+01 -2.0677e-01 +7.6396e-01 +2.9412e-01 +3.1169e+00 +2.3892e+00 +3.9158e+00 +1.7598e+00 -2.4642e+00 +3.8249e+00 +2.1486e+00
4152 +7.328537777e-11 +7.328537777e-11 +9.294000000e+01 +9.294000000e+01 -2.1216e-01 +7.6314e-01 +2.9696e-01 +3.1102e+00 +2.3893e+00 +3.9170e+00 +1.7608e+00 -2.4686e+00 +3.8238e+00 +2.1447e+00
4604 +4.155253919e-11 +4.155253919e-11 +9.294000000e+01 +9.294000000e+01 -2.0667e-01 +7.7364e-01 +2.8965e-01 +3.1157e+00 +2.3830e+00 +3.9067e+00 +1.7543e+00 -2.4631e+00 +3.8283e+00 +2.1428e+00
5012 +1.594457899e-11 +1.594457899e-11 +9.294000000e+01 +9.294000000e+01 -2.0626e-01 +7.7123e-01 +2.8827e-01 +3.1161e+00 +2.3829e+00 +3.9066e+00 +1.7531e+00 -2.4619e+00 +3.8279e+00 +2.1434e+00
% function evaluation | noise-free fitness - Fopt (3.535000000000e+01) | best noise-free fitness - Fopt | measured fitness | best measured fitness | x1 | x2...
1 +2.126795765e+02 +2.126795765e+02 +2.480295765e+02 +2.480295765e+02 -9.8779e-01 -6.7618e-01 +2.8351e+00 +3.6933e+00 +1.3669e+00 -3.8591e-01 +3.0385e+00 +2.2105e+00 -5.9432e-02 +2.9127e+00
5 +1.550565417e+02 +1.550565417e+02 +1.904065417e+02 +1.904065417e+02 +2.8419e-01 -8.8264e-01 +3.5773e+00 +2.9308e+00 +6.5273e-01 +7.0283e-01 +5.0097e+00 +5.6275e+00 -3.2740e+00 -7.7531e-01
37 +5.750291203e+01 +5.750291203e+01 +9.285291203e+01 +9.285291203e+01 +5.8557e-02 -4.3860e-01 +1.7470e+00 +3.1572e+00 -4.2441e-01 -9.5381e-01 -2.6426e-02 +2.8428e+00 -1.7984e+00 +2.9661e-01
205 +3.955088904e+01 +3.955088904e+01 +7.490088904e+01 +7.490088904e+01 +6.3623e-01 +1.6572e+00 +3.3133e-01 +3.9060e+00 -1.4701e+00 -5.1495e-01 -8.0633e-01 +7.7718e-01 +1.4459e+00 +1.3180e-01
235 +2.410740811e+01 +2.410740811e+01 +5.945740811e+01 +5.945740811e+01 +1.1174e+00 +1.9295e+00 +5.9131e-01 +2.4994e+00 -7.3017e-01 -9.2567e-01 -1.5187e+00 +1.0950e+00 +1.4601e+00 -2.4644e-01
259 +1.251119202e+01 +1.251119202e+01 +4.786119202e+01 +4.786119202e+01 +1.1907e+00 +2.4607e+00 +1.8557e+00 +2.1970e+00 -1.5663e+00 -6.5642e-01 -9.7892e-01 +2.3636e+00 +1.5439e+00 -9.8984e-01
374 +7.893336672e+00 +7.893336672e+00 +4.324333667e+01 +4.324333667e+01 +1.4511e+00 +1.8647e+00 +3.2997e+00 +1.8744e+00 -2.1344e+00 -1.0319e+00 +9.8871e-01 +2.0910e+00 +1.1180e+00 -1.2705e+00
378 +6.212353389e+00 +6.212353389e+00 +4.156235339e+01 +4.156235339e+01 +9.4887e-01 +1.2415e+00 +2.3485e+00 +2.6235e+00 -2.1608e+00 -1.3170e+00 +4.1229e-01 +1.4208e+00 +1.3636e+00 -8.2382e-01
408 +3.267495880e+00 +3.267495880e+00 +3.861749588e+01 +3.861749588e+01 +1.3608e+00 +1.6425e+00 +3.3226e+00 +1.4604e+00 -2.3376e+00 -1.2514e+00 +1.1624e+00 +1.3519e+00 +1.6601e+00 -1.2214e+00
547 +2.347319265e+00 +2.347319265e+00 +3.769731927e+01 +3.769731927e+01 +1.4146e+00 +2.1443e+00 +3.5392e+00 +1.5085e+00 -2.6331e+00 -1.1804e+00 +1.3902e+00 +1.4476e+00 +1.0951e+00 -1.5277e+00
616 +1.345621980e+00 +1.345621980e+00 +3.669562198e+01 +3.669562198e+01 +1.6949e+00 +1.9920e+00 +3.1699e+00 +1.8057e+00 -1.9214e+00 -1.0674e+00 +1.4609e+00 +1.5588e+00 +1.0781e+00 -1.5249e+00
731 +9.620202369e-01 +9.620202369e-01 +3.631202024e+01 +3.631202024e+01 +1.8009e+00 +2.0764e+00 +3.2310e+00 +1.8773e+00 -2.0890e+00 -9.8174e-01 +1.7538e+00 +1.3346e+00 +1.1729e+00 -1.5116e+00
2435 +5.208890528e-01 +5.208890528e-01 +3.587088905e+01 +3.587088905e+01 +1.5139e+00 +1.5990e+00 +3.7743e+00 +1.4476e+00 -2.0627e+00 -1.6771e+00 +1.8993e+00 +1.0357e+00 +9.4808e-01 -1.3780e+00
2646 +2.812247732e-01 +2.812247732e-01 +3.563122477e+01 +3.563122477e+01 +1.7673e+00 +1.6254e+00 +3.9652e+00 +1.4022e+00 -2.0380e+00 -1.5911e+00 +2.3005e+00 +9.4440e-01 +1.2115e+00 -1.7073e+00
2724 +2.432832287e-01 +2.432832287e-01 +3.559328323e+01 +3.559328323e+01 +1.7662e+00 +1.5598e+00 +3.6618e+00 +1.6022e+00 -1.8669e+00 -1.4484e+00 +2.1610e+00 +8.4872e-01 +1.1349e+00 -1.4022e+00
2737 +1.341149765e-01 +1.341149765e-01 +3.548411498e+01 +3.548411498e+01 +1.6244e+00 +1.1465e+00 +4.0892e+00 +1.3600e+00 -1.8162e+00 -1.7518e+00 +2.1601e+00 +9.4807e-01 +1.2963e+00 -1.5037e+00
2871 +6.679670295e-02 +6.679670295e-02 +3.541679670e+01 +3.541679670e+01 +1.7219e+00 +1.4713e+00 +4.0930e+00 +1.4684e+00 -1.9089e+00 -1.7371e+00 +2.4491e+00 +7.6068e-01 +1.1184e+00 -1.4628e+00
2977 +5.815444066e-02 +5.815444066e-02 +3.540815444e+01 +3.540815444e+01 +1.7503e+00 +1.4456e+00 +4.0635e+00 +1.4552e+00 -1.8335e+00 -1.6500e+00 +2.3877e+00 +7.8320e-01 +1.0922e+00 -1.4808e+00
2990 +3.773154384e-02 +3.773154384e-02 +3.538773154e+01 +3.538773154e+01 +1.7930e+00 +1.4300e+00 +4.1074e+00 +1.4555e+00 -1.8655e+00 -1.7022e+00 +2.4929e+00 +7.8775e-01 +1.0833e+00 -1.4960e+00
3051 +2.486203372e-02 +2.486203372e-02 +3.537486203e+01 +3.537486203e+01 +1.8470e+00 +1.5566e+00 +3.9533e+00 +1.4598e+00 -1.8359e+00 -1.6070e+00 +2.3631e+00 +8.3598e-01 +1.1689e+00 -1.5174e+00
3088 +1.576138968e-02 +1.576138968e-02 +3.536576139e+01 +3.536576139e+01 +1.7984e+00 +1.4731e+00 +4.0350e+00 +1.4314e+00 -1.8181e+00 -1.6341e+00 +2.3673e+00 +8.6617e-01 +1.1211e+00 -1.4950e+00
3195 +2.219671273e-07 +2.219671273e-07 +3.535000022e+01 +3.535000022e+01 +1.7580e+00 +1.4618e+00 +3.9947e+00 +1.4636e+00 -1.8833e+00 -1.6404e+00 +2.3452e+00 +8.4511e-01 +1.1113e+00 -1.4905e+00
% function evaluation | noise-free fitness - Fopt (3.820000000000e+00) | best noise-free fitness - Fopt | measured fitness | best measured fitness | x1 | x2...
1 +1.064515258e+03 +1.064515258e+03 +1.068335258e+03 +1.068335258e+03 -1.7301e+00 +1.0955e+00 -1.7123e+00 -4.9312e-02 -1.0268e+00 -1.8007e+00 +3.1890e+00 +3.3190e+00 +8.2908e-01 -2.2970e+00
3 +8.187300784e+02 +8.187300784e+02 +8.225500784e+02 +8.225500784e+02 -4.9465e-01 -8.7259e-01 -1.6313e+00 +7.6812e-01 +3.5855e-01 -2.4118e-01 +5.0928e+00 +5.6211e-01 +9.5572e-01 -4.6022e+00
9 +6.036281300e+02 +6.036281300e+02 +6.074481300e+02 +6.074481300e+02 -1.8558e+00 +1.2324e+00 -3.6516e+00 +1.8741e+00 +9.4141e-01 +7.3570e-01 -7.6310e-02 +3.1133e-01 +5.5214e-01 +4.3598e-01
15 +3.458244729e+02 +3.458244729e+02 +3.496444729e+02 +3.496444729e+02 -6.0851e-01 +1.6799e+00 -2.7161e+00 +5.7993e-01 -1.0424e+00 +1.8822e+00 +1.9759e+00 +7.1011e-01 -2.0805e+00 +1.1356e+00
22 +1.980161109e+02 +1.980161109e+02 +2.018361109e+02 +2.018361109e+02 -1.0557e+00 +1.7421e+00 -4.7058e+00 -3.2612e+00 +4.8628e-01 +7.2124e-01 +4.0006e+00 -4.4893e+00 +2.7192e+00 -1.9558e+00
55 +1.538158297e+02 +1.538158297e+02 +1.576358297e+02 +1.576358297e+02 -1.6575e+00 -3.8726e-01 +2.6300e-01 -8.2026e-01 +4.1449e+00 -1.4466e-01 +4.3317e+00 -3.0642e+00 +3.2665e-01 +2.5741e+00
146 +9.965832815e+01 +9.965832815e+01 +1.034783281e+02 +1.034783281e+02 +1.2987e+00 +2.1472e+00 +4.8633e-01 +7.8685e-02 +3.7643e+00 +2.3014e+00 +4.7147e+00 -3.2961e+00 +3.4866e+00 +2.3533e+00
188 +5.941443363e+01 +5.941443363e+01 +6.323443363e+01 +6.323443363e+01 +8.0777e-01 +1.9582e+00 -1.7903e+00 -1.1217e+00 +2.4349e+00 +2.2417e+00 +4.5386e+00 -2.5236e+00 +2.0136e+00 -9.3343e-02
225 +3.915537616e+01 +3.915537616e+01 +4.297537616e+01 +4.297537616e+01 +9.5571e-01 +3.0296e+00 +1.3781e-01 -1.4955e+00 +1.9787e+00 +2.3150e+00 +4.5672e+00 -3.0026e+00 +1.1655e+00 +6.4059e-01
287 +2.355059040e+01 +2.355059040e+01 +2.737059040e+01 +2.737059040e+01 +3.2850e+00 +2.6772e+00 -1.1136e+00 -2.1921e+00 +2.2580e+00 +4.8550e-01 +4.4810e+00 -3.0955e+00 +9.3864e-01 -1.3383e-01
341 +1.541175378e+01 +1.541175378e+01 +1.923175378e+01 +1.923175378e+01 +2.7086e+00 +2.6986e+00 +6.7339e-01 -3.4730e+00 +1.8272e+00 +1.2089e+00 +4.2292e+00 -3.3510e+00 +2.4340e-01 -4.1435e-01
479 +9.432047860e+00 +9.432047860e+00 +1.325204786e+01 +1.325204786e+01 +3.5866e+00 +2.6851e+00 +4.0783e-01 -4.3931e+00 +2.0169e+00 +1.0067e+00 +4.1128e+00 -3.8742e+00 +5.8695e-01 -1.5800e+00
1923 +4.590946667e+00 +4.590946667e+00 +8.410946667e+00 +8.410946667e+00 +2.6194e+00 +5.9687e-02 +2.9657e+00 -1.7759e+00 +4.6766e-01 +9.7668e-02 -6.4321e-01 -3.2720e+00 +1.3417e+00 +4.3613e-01
2030 +3.044006021e+00 +3.044006021e+00 +6.864006021e+00 +6.864006021e+00 +2.2910e+00 +4.3381e-01 +3.0017e+00 -1.8718e+00 +6.3741e-01 +5.7057e-01 -4.2667e-02 -3.1906e+00 +1.3834e+00 +5.1456e-01
2060 +2.139526081e+00 +2.139526081e+00 +5.959526081e+00 +5.959526081e+00 +2.9962e+00 +8.0404e-01 +2.1122e+00 -1.9459e+00 +7.5752e-01 +1.2547e-01 +6.2353e-01 -3.4276e+00 +1.4790e+00 -1.5774e-01
2300 +1.053524265e+00 +1.053524265e+00 +4.873524265e+00 +4.873524265e+00 +3.5131e+00 +6.0627e-01 +2.0593e+00 -1.4939e+00 +1.1617e+00 -1.7461e-01 +5.5389e-01 -2.9679e+00 +1.2539e+00 +1.3555e-01
2301 +9.917294417e-01 +9.917294417e-01 +4.811729442e+00 +4.811729442e+00 +3.5765e+00 +3.7907e-01 +2.4812e+00 -1.5617e+00 +9.0334e-01 -5.6133e-02 -6.5657e-03 -3.1373e+00 +1.2123e+00 +6.2194e-02
2477 +5.587816912e-01 +5.587816912e-01 +4.378781691e+00 +4.378781691e+00 +3.3463e+00 +9.0925e-01 +2.2294e+00 -1.9810e+00 +6.4419e-01 +4.4360e-01 +3.5322e-01 -3.0292e+00 +8.9670e-01 +9.3238e-02
% function evaluation | noise-free fitness - Fopt (2.175000000000e+01) | best noise-free fitness - Fopt | measured fitness | best measured fitness | x1 | x2...
1 +3.264666393e+02 +3.264666393e+02 +3.482166393e+02 +3.482166393e+02 +1.4194e+00 -7.4771e-01 -1.3462e+00 +1.8098e+00 +3.6002e+00 +2.6733e+00 -1.4881e+00 -1.5380e+00 +2.9873e+00 +1.6251e+00
14 +2.476326581e+02 +2.476326581e+02 +2.693826581e+02 +2.693826581e+02 +3.7352e+00 -1.3110e-01 -3.1651e+00 +3.6850e+00 +3.9800e+00 -2.3500e+00 +5.4682e-01 +1.1875e+00 +1.5982e+00 +1.9251e+00
28 +1.289519436e+02 +1.289519436e+02 +1.507019436e+02 +1.507019436e+02 +3.1484e+00 +1.8230e+00 -3.6799e+00 +1.1224e+00 +1.8732e+00 +1.4541e+00 +2.7249e+00 +1.6164e+00 +2.4236e+00 +4.3162e+00
37 +5.545378269e+01 +5.545378269e+01 +7.720378269e+01 +7.720378269e+01 +5.2587e+00 +2.1319e-01 -3.0327e+00 +1.5146e+00 +1.3002e+00 -2.7711e+00 +2.7183e+00 +3.2414e+00 +3.0395e+00 +5.2358e+00
228 +3.154410725e+01 +3.154410725e+01 +5.329410725e+01 +5.329410725e+01 +5.2240e+00 -9.4792e-01 +5.1199e-01 +2.5836e+00 +2.0839e+00 -2.5534e+00 +2.7436e+00 +3.3153e+00 +3.4201e+00 +4.1818e+00
248 +2.320068046e+01 +2.320068046e+01 +4.495068046e+01 +4.495068046e+01 +6.0230e+00 +8.0680e-01 +5.4285e-01 +3.2385e+00 +1.1707e+00 -1.4738e+00 +2.9027e+00 +4.6680e+00 +2.2498e+00 +5.2106e+00
285 +1.572434104e+01 +1.572434104e+01 +3.747434104e+01 +3.747434104e+01 +6.1138e+00 +1.7943e+00 -2.0289e-01 +2.7599e+00 +9.6967e-01 -2.0842e+00 +2.3802e+00 +3.0338e+00 +2.8670e+00 +4.8265e+00
356 +6.886480732e+00 +6.886480732e+00 +2.863648073e+01 +2.863648073e+01 +4.6051e+00 +1.5514e+00 -7.2079e-01 +2.8833e+00 +5.9647e-01 -2.0673e+00 +2.3019e+00 +3.1371e+00 +2.5637e+00 +4.9835e+00
386 +5.439602898e+00 +5.439602898e+00 +2.718960290e+01 +2.718960290e+01 +4.6868e+00 +1.1793e+00 -1.6346e+00 +3.5185e+00 +1.7496e-01 -1.6903e+00 +3.0198e+00 +2.6895e+00 +2.2939e+00 +4.3568e+00
511 +2.608808585e+00 +2.608808585e+00 +2.435880858e+01 +2.435880858e+01 +4.2341e+00 +1.2713e+00 -1.8364e+00 +3.4254e+00 -6.7997e-01 -1.8380e+00 +3.1614e+00 +1.9368e+00 +2.2068e+00 +3.9559e+00
595 +2.337852042e+00 +2.337852042e+00 +2.408785204e+01 +2.408785204e+01 +3.9512e+00 +9.3046e-01 -1.9726e+00 +3.4365e+00 -9.2868e-01 -1.7306e+00 +3.4384e+00 +2.2065e+00 +1.8637e+00 +3.8400e+00
664 +1.339266508e+00 +1.339266508e+00 +2.308926651e+01 +2.308926651e+01 +3.9249e+00 +9.4477e-01 -1.2824e+00 +3.0362e+00 -1.1391e+00 -2.1733e+00 +3.3389e+00 +2.3130e+00 +1.7559e+00 +4.1223e+00
2332 +6.964877455e-01 +6.964877455e-01 +2.244648775e+01 +2.244648775e+01 +3.0519e+00 +1.0560e+00 -1.2815e+00 +2.7362e+00 -9.4123e-01 -2.6870e+00 +3.3294e+00 +2.4577e+00 +1.9929e+00 +4.0209e+00
% function evaluation | noise-free fitness - Fopt (6.479000000000e+01) | best noise-free fitness - Fopt | measured fitness | best measured fitness | x1 | x2...
1 +1.151184930e+03 +1.151184930e+03 +1.215974930e+03 +1.215974930e+03 -8.0803e-01 +2.8566e+00 -2.5798e+00 +1.0839e+00 -1.3617e+00 +2.5211e+00 +3.0119e+00 -9.0723e-01 -7.3200e-01 +1.6457e+00
6 +5.661199107e+02 +5.661199107e+02 +6.309099107e+02 +6.309099107e+02 +2.1679e-01 +6.3605e+00 +6.7646e-01 +6.8426e-01 +2.0897e-01 +2.8243e+00 +2.6762e+00 -2.2094e+00 -1.8921e+00 +4.8828e+00
32 +3.921210542e+02 +3.921210542e+02 +4.569110542e+02 +4.569110542e+02 -2.8931e+00 +3.2040e+00 -1.4469e+00 +1.6592e+00 +6.6107e-01 +5.7993e-02 +7.9189e-01 -1.5818e+00 -7.8767e-01 +2.7564e+00
37 +1.963073952e+02 +1.963073952e+02 +2.610973952e+02 +2.610973952e+02 +1.3839e+00 +5.4701e+00 -3.4228e+00 -9.3073e-01 +1.7041e+00 -1.0320e+00 -9.7712e-01 +2.6005e-01 -3.9043e+00 +4.7682e+00
91 +7.051771273e+01 +7.051771273e+01 +1.353077127e+02 +1.353077127e+02 +2.2895e+00 +1.5978e-01 -5.9105e-01 +1.1703e+00 -1.1263e+00 -4.0940e+00 -2.1256e+00 +1.9589e+00 -5.1433e+00 +2.2766e+00
139 +6.291879518e+01 +6.291879518e+01 +1.277087952e+02 +1.277087952e+02 +2.1734e+00 -9.4394e-01 +1.0264e+00 +4.5705e+00 -7.5410e-01 -2.6491e+00 -1.5598e+00 -1.8170e+00 -3.9699e+00 +3.6538e+00
229 +3.942636060e+01 +3.942636060e+01 +1.042163606e+02 +1.042163606e+02 +8.7101e-02 -3.9518e+00 +1.3640e+00 +2.0652e+00 -9.6133e-01 -4.3614e+00 -4.3411e+00 +4.8945e-01 -5.2494e+00 +3.2685e+00
253 +2.063970005e+01 +2.063970005e+01 +8.542970005e+01 +8.542970005e+01 -1.3585e+00 -3.4274e+00 +1.5250e+00 +3.8385e+00 -2.1482e+00 -4.0348e+00 -3.5839e+00 -1.3933e+00 -3.4984e+00 +2.9024e+00
304 +1.545303062e+01 +1.545303062e+01 +8.024303062e+01 +8.024303062e+01 -1.7852e+00 -1.6839e+00 +1.5010e+00 +3.3312e+00 -7.7935e-01 -3.3930e+00 -3.6078e+00 -1.0251e+00 -2.2905e+00 +3.1471e+00
312 +8.382708622e+00 +8.382708622e+00 +7.317270862e+01 +7.317270862e+01 -1.0535e+00 -1.9551e+00 +1.7747e+00 +3.1085e+00 -1.0187e+00 -3.7185e+00 -3.2318e+00 -1.0506e+00 -2.7738e+00 +3.4738e+00
368 +3.699015133e+00 +3.699015133e+00 +6.848901513e+01 +6.848901513e+01 -1.1707e+00 -1.7785e+00 +1.1009e+00 +2.8369e+00 -9.1073e-01 -3.4597e+00 -3.0876e+00 -5.9062e-01 -4.1721e+00 +2.9657e+00
2382 +2.081694889e+00 +2.081694889e+00 +6.687169489e+01 +6.687169489e+01 -2.1687e+00 -1.7639e+00 -8.3645e-01 +6.1002e-01 +6.3611e-02 -2.5500e+00 -4.2044e+00 +9.8705e-02 -3.1151e+00 +2.1882e+00
2484 +1.274833419e+00 +1.274833419e+00 +6.606483342e+01 +6.606483342e+01 -2.3932e+00 -1.8828e+00 -6.2369e-01 +7.8849e-01 -1.5138e-02 -2.5993e+00 -4.3228e+00 +1.8196e-01 -3.4940e+00 +2.3403e+00
2540 +9.148644592e-01 +9.148644592e-01 +6.570486446e+01 +6.570486446e+01 -2.1496e+00 -2.2623e+00 -8.6662e-01 +8.5736e-01 +7.4544e-02 -2.3940e+00 -4.3744e+00 -4.5810e-03 -2.9045e+00 +2.1422e+00
2903 +6.211022649e-01 +6.211022649e-01 +6.541110226e+01 +6.541110226e+01 -2.3364e+00 -2.3708e+00 -8.2847e-01 +7.2814e-01 +8.6633e-02 -2.4760e+00 -4.4807e+00 +1.1898e-01 -2.7994e+00 +2.2374e+00
% function evaluation | noise-free fitness - Fopt (5.407000000000e+01) | best noise-free fitness - Fopt | measured fitness | best measured fitness | x1 | x2...
1 +7.548569969e+02 +7.548569969e+02 +8.089269969e+02 +8.089269969e+02 -1.8725e+00 -1.0387e-01 -2.5226e+00 -3.0699e+00 +1.2713e+00 +2.7029e+00 +3.9551e+00 +3.2935e+00 -3.6942e+00 +7.0981e-01
4 +6.209785636e+02 +6.209785636e+02 +6.750485636e+02 +6.750485636e+02 -1.5029e+00 -9.5084e-01 -2.0954e+00 -1.9134e+00 +5.3939e+00 +3.1900e+00 +5.4279e+00 +4.6953e+00 -6.5313e+00 +1.5701e+00
10 +3.335907805e+02 +3.335907805e+02 +3.876607805e+02 +3.876607805e+02 -2.7878e+00 -3.8755e+00 -2.2386e+00 -3.0153e+00 +4.7025e+00 -1.5081e-01 +3.5504e+00 +3.5940e+00 -3.3904e+00 +8.5753e-01
34 +1.023650171e+02 +1.023650171e+02 +1.564350171e+02 +1.564350171e+02 -4.1192e-01 -3.8859e+00 +1.5920e+00 -7.4782e-01 +3.3973e+00 -2.7174e-01 +3.7216e+00 +3.9644e+00 -9.2582e+00 -1.5323e+00
44 +6.653406761e+01 +6.653406761e+01 +1.206040676e+02 +1.206040676e+02 +5.9126e-01 -4.3446e+00 +3.1555e+00 -1.6539e+00 +2.0510e+00 +1.6723e+00 +3.8548e+00 +4.3141e+00 -4.5656e+00 -4.2119e+00
190 +5.640315333e+01 +5.640315333e+01 +1.104731533e+02 +1.104731533e+02 -2.3328e+00 -5.3829e+00 +2.0658e+00 +1.9476e+00 +3.6963e+00 +2.1661e-01 +1.7090e+00 +1.8248e+00 -6.1675e+00 -1.3007e+00
215 +2.961402545e+01 +2.961402545e+01 +8.368402545e+01 +8.368402545e+01 -2.1488e+00 -4.3209e+00 +2.2382e+00 +2.3305e+00 +2.3787e+00 +1.4597e+00 +1.9489e+00 +2.6638e+00 -4.8190e+00 -1.0231e+00
262 +2.370606717e+01 +2.370606717e+01 +7.777606717e+01 +7.777606717e+01 -1.0956e+00 -3.5623e+00 +2.1651e+00 +1.7152e+00 +1.9712e+00 +6.0247e-01 +2.9463e+00 +4.2819e+00 -4.8619e+00 -1.8875e+00
312 +1.214225085e+01 +1.214225085e+01 +6.621225085e+01 +6.621225085e+01 -3.0158e-01 -3.1964e+00 +2.4783e+00 +2.4222e+00 +1.1066e+00 +1.5163e+00 +2.9711e+00 +3.0942e+00 -5.1570e+00 -2.2758e+00
401 +9.115554408e+00 +9.115554408e+00 +6.318555441e+01 +6.318555441e+01 +8.2302e-02 -2.9522e+00 +2.5832e+00 +2.8422e+00 +4.7832e-01 +1.3709e+00 +2.4998e+00 +3.1395e+00 -4.8825e+00 -2.1074e+00
407 +5.694931869e+00 +5.694931869e+00 +5.976493187e+01 +5.976493187e+01 +6.8516e-01 -2.6595e+00 +2.6128e+00 +2.9558e+00 -4.2461e-01 +1.4228e+00 +2.2022e+00 +2.8640e+00 -4.1379e+00 -1.8237e+00
563 +3.878037629e+00 +3.878037629e+00 +5.794803763e+01 +5.794803763e+01 +8.6267e-01 -2.6752e+00 +2.3015e+00 +2.8899e+00 -1.3515e+00 +1.5214e+00 +1.8007e+00 +2.8436e+00 -4.4453e+00 -1.5913e+00
577 +2.233358584e+00 +2.233358584e+00 +5.630335858e+01 +5.630335858e+01 +1.1450e+00 -2.6648e+00 +2.3633e+00 +3.0602e+00 -1.4041e+00 +1.3650e+00 +1.4657e+00 +2.8921e+00 -4.3156e+00 -1.3779e+00
4229 +1.558728448e+00 +1.558728448e+00 +5.562872845e+01 +5.562872845e+01 +1.0919e+00 -3.1413e+00 +2.8681e+00 +2.5272e+00 -2.6344e+00 +1.4675e+00 +1.3416e+00 +3.1035e+00 -3.5622e+00 -1.8946e+00
4316 +5.839919035e-01 +5.839919035e-01 +5.465399190e+01 +5.465399190e+01 +8.6634e-01 -3.4220e+00 +3.0413e+00 +2.5004e+00 -2.4815e+00 +1.4870e+00 +1.1864e+00 +2.7001e+00 -3.9586e+00 -2.1594e+00
% function evaluation | noise-free fitness - Fopt (-9.152000000000e+01) | best noise-free fitness - Fopt | measured fitness | best measured fitness | x1 | x2...
1 +1.136133420e+03 +1.136133420e+03 +1.044613420e+03 +1.044613420e+03 +2.0976e+00 +1.0533e+00 -3.4635e+00 -2.9508e+00 +3.9927e+00 +2.0729e+00 +2.8303e+00 -3.7040e+00 -1.4073e+00 +2.2982e+00
4 +7.832905320e+02 +7.832905320e+02 +6.917705320e+02 +6.917705320e+02 +2.4672e+00 +2.0634e-01 -3.0363e+00 -1.7942e+00 +8.1153e+00 +2.5600e+00 +4.3031e+00 -2.3022e+00 -4.2444e+00 +3.1585e+00
20 +2.508021578e+02 +2.508021578e+02 +1.592821578e+02 +1.592821578e+02 +1.3845e+00 +3.9295e+00 +6.2350e-01 +5.6795e-01 +5.7998e+00 +7.4702e-01 +1.8956e+00 +2.1857e+00 -7.0339e+00 +2.7767e+00
65 +1.060447096e+02 +1.060447096e+02 +1.452470959e+01 +1.452470959e+01 -9.8320e-01 +2.0484e+00 -5.5725e+00 +6.2786e-01 +5.6755e+00 +1.5953e+00 +5.7536e+00 +2.5942e+00 -6.7398e+00 +6.3863e+00
188 +8.715905490e+01 +8.715905490e+01 -4.360945098e+00 -4.360945098e+00 -2.5856e+00 +2.2310e+00 -5.0815e+00 +6.3548e+00 +4.4664e+00 +7.2395e-01 +2.8589e+00 +5.8069e+00 -4.8660e+00 +5.9654e+00
258 +5.610464047e+01 +5.610464047e+01 -3.541535953e+01 -3.541535953e+01 -1.3885e+00 +4.0262e+00 -3.6919e+00 +4.7274e+00 +4.7565e+00 +1.3221e+00 +2.9798e+00 +4.8508e+00 -4.1454e+00 +4.7104e+00
268 +2.982593306e+01 +2.982593306e+01 -6.169406694e+01 -6.169406694e+01 -4.0207e-01 +2.4130e+00 -2.7966e+00 +4.8700e+00 +4.1369e+00 +6.5536e-01 +3.7578e+00 +4.5815e+00 -2.6065e+00 +4.2695e+00
279 +2.158593105e+01 +2.158593105e+01 -6.993406895e+01 -6.993406895e+01 -9.4685e-01 +3.1074e+00 -2.4000e+00 +4.2275e+00 +3.8146e+00 +1.3129e+00 +3.4388e+00 +3.4345e+00 -2.6680e+00 +3.9068e+00
344 +1.321636530e+01 +1.321636530e+01 -7.830363470e+01 -7.830363470e+01 -2.1378e+00 +1.8857e+00 -1.3860e+00 +4.4660e+00 +2.7653e+00 +2.1963e+00 +3.2692e+00 +2.2571e+00 -2.3323e+00 +2.4955e+00
352 +8.234232943e+00 +8.234232943e+00 -8.328576706e+01 -8.328576706e+01 -2.2114e+00 +1.7770e+00 -3.8842e-01 +4.3264e+00 +2.8260e+00 +2.2082e+00 +3.9474e+00 +2.0371e+00 -1.4373e+00 +2.1266e+00
401 +5.230387207e+00 +5.230387207e+00 -8.628961279e+01 -8.628961279e+01 -2.4467e+00 +2.2867e+00 -2.6750e-01 +3.1331e+00 +2.4691e+00 +2.2146e+00 +4.4756e+00 +1.7946e+00 -1.4668e+00 +2.6524e+00
503 +3.082528242e+00 +3.082528242e+00 -8.843747176e+01 -8.843747176e+01 -1.9981e+00 +2.1317e+00 -1.3926e+00 +3.5374e+00 +2.1439e+00 +1.7824e+00 +4.4606e+00 +2.0309e+00 -1.7848e+00 +2.5422e+00
599 +2.106490250e+00 +2.106490250e+00 -8.941350975e+01 -8.941350975e+01 -2.5259e+00 +2.2400e+00 -1.2224e+00 +3.1322e+00 +2.1907e+00 +2.1450e+00 +4.0488e+00 +2.0046e+00 -1.4622e+00 +2.8192e+00
722 +1.562853654e+00 +1.562853654e+00 -8.995714635e+01 -8.995714635e+01 -2.3454e+00 +2.2399e+00 -1.4135e+00 +3.3484e+00 +2.3573e+00 +1.7290e+00 +3.4608e+00 +2.5891e+00 -2.0538e+00 +3.1894e+00
795 +5.806806169e-01 +5.806806169e-01 -9.093931938e+01 -9.093931938e+01 -2.1561e+00 +2.6956e+00 -1.5412e+00 +3.0903e+00 +2.2857e+00 +1.4401e+00 +3.3499e+00 +2.7381e+00 -2.3255e+00 +3.1956e+00
% function evaluation | noise-free fitness - Fopt (2.263000000000e+01) | best noise-free fitness - Fopt | measured fitness | best measured fitness | x1 | x2...
1 +3.637574872e+02 +3.637574872e+02 +3.863874872e+02 +3.863874872e+02 +1.5236e+00 +3.8475e+00 -2.4017e+00 +3.7474e+00 +1.9431e+00 -1.4564e+00 +1.6398e+00 -2.7662e+00 +1.4360e+00 -4.2244e-01
24 +2.239274481e+02 +2.239274481e+02 +2.465574481e+02 +2.465574481e+02 +2.0707e+00 -7.9227e-01 -2.7001e+00 +5.2380e+00 +3.8968e+00 -6.1199e-01 -8.9045e-01 -5.5216e+00 +1.5927e+00 +1.5216e+00
68 +1.570005308e+02 +1.570005308e+02 +1.796305308e+02 +1.796305308e+02 +2.5458e+00 +8.9997e-01 +2.8083e+00 +1.5227e+00 +2.1070e+00 -3.2380e-01 +1.3369e+00 -1.6249e+00 +1.6926e+00 +5.3068e+00
86 +6.357856958e+01 +6.357856958e+01 +8.620856958e+01 +8.620856958e+01 +2.8920e+00 +1.3548e-01 +1.3030e+00 +4.6720e+00 +1.8926e+00 -3.3104e-02 +2.8530e+00 -1.8936e+00 +3.1434e+00 +2.6379e+00
96 +3.149744431e+01 +3.149744431e+01 +5.412744431e+01 +5.412744431e+01 +3.6464e+00 -1.2461e+00 +2.4278e+00 +3.4317e+00 +3.2599e+00 +9.4232e-01 +3.1494e+00 -1.0052e+00 +4.1791e+00 +3.4270e+00
294 +1.531819299e+01 +1.531819299e+01 +3.794819299e+01 +3.794819299e+01 +3.0689e+00 -1.4471e+00 +3.1842e+00 +2.4772e+00 +2.9760e+00 +1.6337e+00 +4.0211e+00 +7.5623e-01 +3.9421e+00 +2.4761e+00
317 +8.217317075e+00 +8.217317075e+00 +3.084731707e+01 +3.084731707e+01 +3.9650e+00 -3.0483e+00 +3.3186e+00 +2.7585e+00 +2.5067e+00 +2.2510e+00 +4.9331e+00 -8.2773e-01 +4.2800e+00 +2.9136e+00
361 +5.787722215e+00 +5.787722215e+00 +2.841772221e+01 +2.841772221e+01 +3.4751e+00 -3.0825e+00 +2.7515e+00 +3.0693e+00 +3.5891e+00 +3.0458e+00 +4.1096e+00 -4.6628e-01 +3.7032e+00 +2.4262e+00
365 +3.513690835e+00 +3.513690835e+00 +2.614369084e+01 +2.614369084e+01 +3.7892e+00 -3.3759e+00 +3.0280e+00 +2.6153e+00 +3.2057e+00 +2.7483e+00 +3.4132e+00 -2.7492e-01 +3.9068e+00 +2.7905e+00
443 +2.349130152e+00 +2.349130152e+00 +2.497913015e+01 +2.497913015e+01 +3.5686e+00 -3.6525e+00 +2.9710e+00 +2.3217e+00 +3.1003e+00 +2.5446e+00 +4.4102e+00 -3.8413e-01 +4.1664e+00 +2.1428e+00
559 +1.488185217e+00 +1.488185217e+00 +2.411818522e+01 +2.411818522e+01 +3.4796e+00 -3.6959e+00 +3.1731e+00 +2.7615e+00 +3.1838e+00 +3.0762e+00 +4.2839e+00 -3.6213e-01 +4.0283e+00 +2.5409e+00
695 +9.835800034e-01 +9.835800034e-01 +2.361358000e+01 +2.361358000e+01 +3.3093e+00 -3.5781e+00 +3.2690e+00 +2.8051e+00 +3.2986e+00 +3.1989e+00 +3.9440e+00 -4.2936e-01 +3.9978e+00 +2.3870e+00
864 +4.929417202e-01 +4.929417202e-01 +2.312294172e+01 +2.312294172e+01 +3.1621e+00 -3.6904e+00 +3.2775e+00 +2.8487e+00 +3.2169e+00 +3.3235e+00 +3.9274e+00 -6.0219e-01 +4.0414e+00 +2.3424e+00
890 +3.143701617e-01 +3.143701617e-01 +2.294437016e+01 +2.294437016e+01 +3.1283e+00 -3.6567e+00 +3.2641e+00 +2.8661e+00 +3.2036e+00 +3.4120e+00 +3.8914e+00 -6.1543e-01 +4.0007e+00 +2.3416e+00
912 +2.265789126e-01 +2.265789126e-01 +2.285657891e+01 +2.285657891e+01 +3.0464e+00 -3.7506e+00 +3.2774e+00 +2.8704e+00 +3.2310e+00 +3.5547e+00 +3.8943e+00 -6.1489e-01 +3.8816e+00 +2.3099e+00
932 +1.354889789e-01 +1.354889789e-01 +2.276548898e+01 +2.276548898e+01 +2.9837e+00 -3.6652e+00 +3.3355e+00 +2.8553e+00 +3.0540e+00 +3.4318e+00 +3.9568e+00 -4.3099e-01 +3.9786e+00 +2.2650e+00
1122 +7.521767263e-02 +7.521767263e-02 +2.270521767e+01 +2.270521767e+01 +2.9460e+00 -3.7045e+00 +3.3014e+00 +2.8827e+00 +3.1566e+00 +3.4619e+00 +3.9511e+00 -4.6370e-01 +3.9487e+00 +2.2771e+00
1203 +4.760915561e-02 +4.760915561e-02 +2.267760916e+01 +2.267760916e+01 +2.9907e+00 -3.6959e+00 +3.3213e+00 +2.8969e+00 +3.1614e+00 +3.5160e+00 +3.9394e+00 -4.5626e-01 +3.9806e+00 +2.2481e+00
% function evaluation | noise-free fitness - Fopt (1.554000000000e+01) | best noise-free fitness - Fopt | measured fitness | best measured fitness | x1 | x2...
1 +7.608137254e+02 +7.608137254e+02 +7.763537254e+02 +7.763537254e+02 +3.3069e-02 -5.7015e-01 +1.7712e-01 +1.4523e+00 +3.8648e+00 +5.7017e-02 -4.3296e-01 -3.4936e+00 -1.0039e+00 -3.2228e+00
2 +6.027594596e+02 +6.027594596e+02 +6.182994596e+02 +6.182994596e+02 -1.2683e+00 -1.0027e+00 -2.0005e+00 -6.8957e-01 +4.4302e+00 +1.2194e-01 +4.5607e-01 -2.3551e+00 +1.9212e+00 -8.6456e-01
29 +2.765953003e+02 +2.765953003e+02 +2.921353003e+02 +2.921353003e+02 +3.3735e+00 -2.8204e+00 -3.5205e-01 +1.1334e+00 +3.6222e+00 +2.7092e+00 -1.2584e+00 -9.3468e-01 +3.1663e+00 +1.0009e-01
44 +2.393423479e+02 +2.393423479e+02 +2.548823479e+02 +2.548823479e+02 +2.5722e+00 -3.9445e+00 +2.8700e+00 -9.3988e-01 +2.6627e+00 +2.1587e+00 -8.8220e-01 -1.7389e+00 +3.0554e+00 -3.1307e+00
59 +1.207167214e+02 +1.207167214e+02 +1.362567214e+02 +1.362567214e+02 +2.0792e+00 -2.8031e+00 +3.5712e+00 -1.0480e+00 -8.7895e-01 +1.3999e+00 -2.2276e+00 -1.3758e+00 +1.7615e+00 -1.7267e+00
117 +9.567912426e+01 +9.567912426e+01 +1.112191243e+02 +1.112191243e+02 -8.4736e-01 -3.6160e-01 +4.1731e+00 +3.7939e-01 -1.6488e+00 +5.7359e+00 -7.2565e-01 +8.2201e-02 +1.6368e+00 -3.7182e+00
190 +5.717661208e+01 +5.717661208e+01 +7.271661208e+01 +7.271661208e+01 +3.1699e-01 -2.3706e+00 +4.5830e+00 +9.0892e-02 -1.6789e+00 +1.8760e+00 -1.5420e+00 +2.6170e+00 +3.0437e+00 -3.6943e+00
214 +3.439792354e+01 +3.439792354e+01 +4.993792354e+01 +4.993792354e+01 +1.5244e-01 -1.2756e+00 +2.3368e+00 +1.8858e+00 -1.8224e+00 +1.6647e+00 -6.0141e-01 +2.5599e+00 +3.9543e+00 -4.0829e+00
279 +1.347074437e+01 +1.347074437e+01 +2.901074437e+01 +2.901074437e+01 -1.2473e+00 -1.8649e+00 +1.5151e+00 +1.4111e+00 -1.9506e+00 +1.0842e-01 -1.3131e-01 +3.9275e+00 +3.2454e+00 -3.6389e+00
334 +8.743649034e+00 +8.743649034e+00 +2.428364903e+01 +2.428364903e+01 -7.7839e-01 -2.2761e+00 +1.0505e+00 +1.4480e+00 -2.8213e+00 -1.7571e-01 -3.2890e-01 +4.7557e+00 +3.2111e+00 -3.0806e+00
393 +3.954539982e+00 +3.954539982e+00 +1.949453998e+01 +1.949453998e+01 -7.9920e-01 -2.4913e+00 +1.6392e+00 +6.9022e-01 -1.7105e+00 +4.8084e-01 +8.5238e-01 +4.5126e+00 +3.6539e+00 -3.7540e+00
401 +2.451714769e+00 +2.451714769e+00 +1.799171477e+01 +1.799171477e+01 -1.3938e+00 -2.3297e+00 +1.0333e+00 +1.0958e+00 -2.1280e+00 -1.0868e-01 +3.9805e-01 +4.4267e+00 +3.1439e+00 -3.7619e+00
2587 +1.493901645e+00 +1.493901645e+00 +1.703390164e+01 +1.703390164e+01 -2.2236e+00 -1.0506e+00 +8.9885e-01 +1.7777e+00 -4.5994e+00 -3.5913e+00 -5.7843e-01 +2.4100e+00 +2.9698e+00 -3.0156e+00
4846 +9.403760427e-01 +9.403760427e-01 +1.648037604e+01 +1.648037604e+01 -1.6778e+00 -1.8882e+00 +1.2518e+00 +1.0359e+00 -3.1257e+00 -1.9885e+00 +3.3810e-01 +3.5994e+00 +3.2439e+00 -3.3596e+00
5026 +1.188155196e-01 +1.188155196e-01 +1.565881552e+01 +1.565881552e+01 -1.5899e+00 -1.9942e+00 +8.0959e-01 +1.2654e+00 -3.3177e+00 -2.2066e+00 +6.3001e-02 +3.3731e+00 +3.2091e+00 -3.0008e+00
% function evaluation | noise-free fitness - Fopt (-3.765100000000e+02) | best noise-free fitness - Fopt | measured fitness | best measured fitness | x1 | x2...
1 +2.497693070e+03 +2.497693070e+03 +2.121183070e+03 +2.121183070e+03 +2.8988e+00 +2.9026e+00 +1.2138e+00 +3.3339e+00 -2.7143e+00 -2.8079e+00 -3.6031e-01 +2.8494e+00 -3.0111e-01 -2.1814e+00
2 +1.489227163e+03 +1.489227163e+03 +1.112717163e+03 +1.112717163e+03 +1.5974e+00 +2.4701e+00 -9.6374e-01 +1.1920e+00 -2.1488e+00 -2.7430e+00 +5.2871e-01 +3.9879e+00 +2.6241e+00 +1.7682e-01
9 +8.179700065e+02 +8.179700065e+02 +4.414600065e+02 +4.414600065e+02 +2.7730e+00 +3.0395e+00 -7.2542e-01 +5.2572e+00 -7.4607e-01 -2.7158e-01 -3.6256e+00 -1.5830e-01 -5.7805e-01 +5.5163e-01
12 +5.339638294e+02 +5.339638294e+02 +1.574538294e+02 +1.574538294e+02 +4.6822e-01 +5.2615e-01 -3.1037e+00 +4.3275e+00 +1.3930e+00 -2.6580e+00 -3.0109e+00 -2.1525e+00 -2.4764e+00 +1.4888e+00
25 +3.915368045e+02 +3.915368045e+02 +1.502680447e+01 +1.502680447e+01 +2.9637e+00 +8.1314e-01 -1.8379e+00 +4.6089e+00 +2.4109e+00 +1.7325e-01 -1.5608e+00 +7.3829e-01 +5.6163e-01 +1.1930e-02
89 +2.431580124e+02 +2.431580124e+02 -1.333519876e+02 -1.333519876e+02 -1.3489e+00 -5.3870e-01 -3.1022e+00 +3.6065e+00 +3.3712e+00 +2.5534e+00 +4.3946e+00 +1.9497e+00 -1.6144e+00 +1.3441e+00
106 +1.542641918e+02 +1.542641918e+02 -2.222458082e+02 -2.222458082e+02 -1.2749e+00 +1.6803e+00 +1.0342e+00 +5.2685e+00 +3.6763e+00 -2.1550e-01 +3.0041e+00 +2.1683e-02 +2.0376e-01 +8.5670e-01
118 +2.463017480e+01 +2.463017480e+01 -3.518798252e+02 -3.518798252e+02 -4.6568e-01 +2.4744e+00 -2.3405e-01 +1.4660e+00 +4.2457e+00 +5.2735e-01 +2.5726e+00 -2.1860e+00 +4.3779e-01 +6.0328e-01
194 +1.170322154e+01 +1.170322154e+01 -3.648067785e+02 -3.648067785e+02 -2.3878e+00 +5.9127e-01 +4.2327e-01 +2.3514e+00 +5.5306e+00 -8.7864e-01 +3.6663e+00 -8.2973e-01 -3.9954e+00 +1.0958e+00
320 +4.340919901e+00 +4.340919901e+00 -3.721690801e+02 -3.721690801e+02 -2.4939e+00 +2.0339e+00 +5.0174e-01 +2.0091e+00 +4.5282e+00 +3.0944e-01 +3.5034e+00 -2.3779e+00 -2.5641e+00 +3.4939e-01
510 +3.823254356e+00 +3.823254356e+00 -3.726867456e+02 -3.726867456e+02 -2.3168e+00 +2.4021e+00 +1.0967e+00 +1.8592e+00 +4.4294e+00 -3.9966e-02 +2.7370e+00 -2.7297e+00 -2.4960e+00 +4.9610e-01
2526 +1.656928173e+00 +1.656928173e+00 -3.748530718e+02 -3.748530718e+02 -2.7561e+00 +1.2913e+00 +8.7293e-01 +1.9476e+00 +3.3116e+00 -2.0699e+00 +2.6643e+00 -2.7020e+00 -1.7548e+00 -7.5750e-02
2634 +1.339944935e+00 +1.339944935e+00 -3.751700551e+02 -3.751700551e+02 -2.8667e+00 +1.7081e+00 +8.2319e-01 +1.7240e+00 +3.1210e+00 -1.9566e+00 +2.8055e+00 -2.6075e+00 -1.8595e+00 +5.1065e-02
2693 +9.330639533e-01 +9.330639533e-01 -3.755769360e+02 -3.755769360e+02 -2.9768e+00 +1.8501e+00 +7.9485e-01 +1.7692e+00 +3.1479e+00 -1.7637e+00 +2.7047e+00 -2.7927e+00 -1.9353e+00 -2.1483e-01
2748 +5.602440236e-01 +5.602440236e-01 -3.759497560e+02 -3.759497560e+02 -3.1440e+00 +1.7567e+00 +6.6468e-01 +1.5203e+00 +3.2901e+00 -1.3278e+00 +2.9600e+00 -2.7644e+00 -2.2736e+00 -1.7217e-01
2811 +3.470802182e-01 +3.470802182e-01 -3.761629198e+02 -3.761629198e+02 -2.8810e+00 +1.5949e+00 +9.1451e-01 +1.6541e+00 +3.3004e+00 -1.1048e+00 +2.8606e+00 -2.9378e+00 -1.8864e+00 -2.5488e-01
2896 +2.132418272e-01 +2.132418272e-01 -3.762967582e+02 -3.762967582e+02 -2.7960e+00 +1.7486e+00 +1.0985e+00 +1.6669e+00 +3.0348e+00 -1.2968e+00 +2.8916e+00 -3.0839e+00 -1.4618e+00 -2.6913e-01
2958 +1.305821381e-01 +1.305821381e-01 -3.763794179e+02 -3.763794179e+02 -2.7837e+00 +1.8245e+00 +9.5784e-01 +1.6728e+00 +2.9820e+00 -1.0891e+00 +2.8225e+00 -3.1403e+00 -1.6362e+00 -3.3437e-01
3018 +8.093577923e-02 +8.093577923e-02 -3.764290642e+02 -3.764290642e+02 -2.8516e+00 +1.7983e+00 +1.0238e+00 +1.6193e+00 +3.1405e+00 -1.0739e+00 +2.8025e+00 -3.1759e+00 -1.7358e+00 -3.0488e-01
3121 +5.052748205e-02 +5.052748205e-02 -3.764594725e+02 -3.764594725e+02 -2.8689e+00 +1.7427e+00 +1.0559e+00 +1.5669e+00 +3.0926e+00 -1.1602e+00 +2.8038e+00 -3.0889e+00 -1.7162e+00 -2.5521e-01
3127 +3.770577675e-02 +3.770577675e-02 -3.764722942e+02 -3.764722942e+02 -2.8821e+00 +1.7852e+00 +1.0318e+00 +1.6115e+00 +3.0861e+00 -1.0602e+00 +2.8932e+00 -3.1138e+00 -1.7939e+00 -3.0791e-01
3287 +2.025824888e-02 +2.025824888e-02 -3.764897418e+02 -3.764897418e+02 -2.8383e+00 +1.7983e+00 +1.0959e+00 +1.5810e+00 +3.0374e+00 -1.1298e+00 +2.7629e+00 -3.1863e+00 -1.6512e+00 -3.0156e-01
% function evaluation | noise-free fitness - Fopt (3.960400000000e+02) | best noise-free fitness - Fopt | measured fitness | best measured fitness | x1 | x2...
1 +2.324337528e+03 +2.324337528e+03 +2.720377528e+03 +2.720377528e+03 -8.4130e-01 +3.4622e+00 -2.9128e+00 -1.9849e+00 +2.3563e+00 +3.0768e+00 +6.6965e-01 +6.4481e-01 -3.0608e+00 +1.2015e+00
3 +1.495513300e+03 +1.495513300e+03 +1.891553300e+03 +1.891553300e+03 +3.9414e-01 +1.4942e+00 -2.8319e+00 -1.1674e+00 +3.7417e+00 +4.6363e+00 +2.5735e+00 -2.1121e+00 -2.9342e+00 -1.1037e+00
12 +6.978910641e+02 +6.978910641e+02 +1.093931064e+03 +1.093931064e+03 +1.2544e+00 +3.7510e+00 -6.4194e+00 +4.8246e+00 +5.5429e+00 +6.3132e+00 -1.6375e+00 -2.1192e+00 -2.7845e+00 +2.8596e+00
22 +5.104061768e+02 +5.104061768e+02 +9.064461768e+02 +9.064461768e+02 -7.7743e-01 +3.3673e+00 -6.2516e+00 +3.4635e+00 +3.5424e+00 +5.3132e+00 -5.6464e+00 +1.5698e+00 +3.1668e-01 +1.0291e+00
35 +2.893490030e+02 +2.893490030e+02 +6.853890030e+02 +6.853890030e+02 -3.0066e+00 +1.9238e+00 -4.2788e+00 +3.2345e+00 +3.9270e+00 +7.6645e+00 -2.1425e-01 +1.7070e+00 -1.1665e+00 +3.1762e+00
73 +2.387504065e+02 +2.387504065e+02 +6.347904065e+02 +6.347904065e+02 +2.2000e+00 +5.2338e-01 -5.9907e+00 +1.9615e+00 +6.3617e+00 +8.1606e+00 -1.1231e+00 +2.8978e+00 +1.7646e+00 -1.2484e+00
209 +1.468924082e+02 +1.468924082e+02 +5.429324082e+02 +5.429324082e+02 +7.9524e-01 +2.0336e+00 -4.2070e+00 +3.3452e+00 +3.6230e+00 +7.8878e+00 -6.8656e+00 +7.0230e+00 +1.5052e-01 -3.6553e+00
237 +9.092762638e+01 +9.092762638e+01 +4.869676264e+02 +4.869676264e+02 -1.6277e-01 +1.3496e+00 -6.0574e+00 +3.2062e+00 +2.6064e+00 +8.4484e+00 -4.2406e+00 +4.6211e+00 +1.2337e+00 -2.4453e+00
242 +5.412060731e+01 +5.412060731e+01 +4.501606073e+02 +4.501606073e+02 +9.8413e-01 +6.4060e-01 -3.7958e+00 +4.1028e+00 +2.0309e+00 +6.8362e+00 -2.7323e+00 +3.4721e+00 +1.8754e+00 -2.3359e+00
342 +3.634634338e+01 +3.634634338e+01 +4.323863434e+02 +4.323863434e+02 -4.3334e-01 +4.6078e-02 -1.5970e+00 +3.2542e+00 +3.4615e-01 +5.9713e+00 -2.6859e+00 +3.2365e+00 +1.5982e+00 -1.4253e+00
395 +2.322565643e+01 +2.322565643e+01 +4.192656564e+02 +4.192656564e+02 +1.7648e-01 -1.8471e+00 -2.4950e+00 +3.2475e+00 -6.4183e-02 +4.3968e+00 -3.9868e+00 +3.5496e+00 +1.1495e+00 -2.0164e+00
492 +1.357277458e+01 +1.357277458e+01 +4.096127746e+02 +4.096127746e+02 +7.2477e-01 -2.3655e+00 -2.5902e+00 +3.1102e+00 -6.1319e-01 +4.6272e+00 -5.2982e+00 +4.2549e+00 +1.0912e+00 -1.4787e+00
640 +9.732401485e+00 +9.732401485e+00 +4.057724015e+02 +4.057724015e+02 -4.2345e-02 -2.3872e+00 -1.3423e+00 +2.9287e+00 -1.2955e+00 +4.3140e+00 -4.4393e+00 +2.7120e+00 +8.4064e-01 -2.3198e-02
715 +5.700582854e+00 +5.700582854e+00 +4.017405829e+02 +4.017405829e+02 -1.7043e+00 -2.7285e+00 -4.7794e-01 +2.7018e+00 -2.3348e+00 +3.1048e+00 -4.7114e+00 +3.5241e+00 +1.4713e+00 +3.2120e-01
793 +2.269496620e+00 +2.269496620e+00 +3.983094966e+02 +3.983094966e+02 -1.9364e+00 -3.5965e+00 -8.1457e-01 +2.5187e+00 -2.5713e+00 +2.8139e+00 -4.7078e+00 +3.6581e+00 +1.3465e+00 +1.1668e+00
853 +1.572719445e+00 +1.572719445e+00 +3.976127194e+02 +3.976127194e+02 -1.7246e+00 -3.1725e+00 -7.6388e-01 +2.6761e+00 -2.6755e+00 +3.0545e+00 -4.4006e+00 +3.6385e+00 +1.7646e+00 +1.2802e+00
904 +5.944337457e-01 +5.944337457e-01 +3.966344337e+02 +3.966344337e+02 -2.0319e+00 -3.5518e+00 -2.8728e-01 +2.7770e+00 -3.1738e+00 +2.5653e+00 -4.1725e+00 +3.4277e+00 +1.7362e+00 +1.4920e+00
3255 +3.419078885e-01 +3.419078885e-01 +3.963819079e+02 +3.963819079e+02 -2.5780e+00 -3.4501e+00 -1.3550e-01 +2.7909e+00 -3.8062e+00 +2.3853e+00 -3.9080e+00 +3.2844e+00 +1.8435e+00 +1.5633e+00
3309 +1.125846537e-01 +1.125846537e-01 +3.961525847e+02 +3.961525847e+02 -2.7305e+00 -3.5986e+00 -2.5269e-01 +2.7552e+00 -3.9763e+00 +2.3142e+00 -4.1468e+00 +3.6177e+00 +1.9703e+00 +1.7461e+00
3476 +7.013241660e-02 +7.013241660e-02 +3.961101324e+02 +3.961101324e+02 -2.6852e+00 -3.3510e+00 -5.1860e-01 +2.8565e+00 -3.8134e+00 +2.5975e+00 -3.8266e+00 +3.6365e+00 +2.1135e+00 +1.7665e+00
3536 +5.352883058e-02 +5.352883058e-02 +3.960935288e+02 +3.960935288e+02 -2.7642e+00 -3.5878e+00 -2.7558e-01 +2.8161e+00 -3.9954e+00 +2.3809e+00 -3.8719e+00 +3.5200e+00 +2.0878e+00 +1.8867e+00
3548 +1.981726677e-02 +1.981726677e-02 +3.960598173e+02 +3.960598173e+02 -2.8353e+00 -3.5244e+00 -4.2614e-01 +2.8588e+00 -4.0171e+00 +2.4761e+00 -3.9102e+00 +3.7149e+00 +2.1486e+00 +1.9149e+00
3679 +8.257552508e-08 +8.257552508e-08 +3.960400001e+02 +3.960400001e+02 -2.7519e+00 -3.4912e+00 -4.0376e-01 +2.8470e+00 -3.9668e+00 +2.4773e+00 -3.9366e+00 +3.6695e+00 +2.0860e+00 +1.8421e+00
% function evaluation | noise-free fitness - Fopt (1.281100000000e+02) | best noise-free fitness - Fopt | measured fitness | best measured fitness | x1 | x2...
1 +2.608605673e+02 +2.608605673e+02 +3.889705673e+02 +3.889705673e+02 +6.4487e-01 +1.6223e+00 -3.4681e+00 -8.9832e-01 +3.2159e+00 -5.6916e-01 +2.0811e+00 -2.5234e-01 -2.5612e+00 +3.5288e+00
9 +1.646103972e+02 +1.646103972e+02 +2.927203972e+02 +2.927203972e+02 +5.1912e-01 +1.7592e+00 -5.4073e+00 +1.0250e+00 +5.1841e+00 +1.9672e+00 -1.1841e+00 -3.2600e+00 -2.8382e+00 +6.2618e+00
24 +9.749361581e+01 +9.749361581e+01 +2.256036158e+02 +2.256036158e+02 -3.2433e+00 +9.7074e-01 -1.9941e+00 -1.2827e+00 +5.2022e+00 -1.7539e+00 -9.9841e-01 -2.2717e-01 -5.2206e+00 +3.8432e+00
85 +6.184535213e+01 +6.184535213e+01 +1.899553521e+02 +1.899553521e+02 -1.3306e+00 -3.2273e-01 -3.1522e+00 -3.1450e-02 +5.7221e+00 +1.3848e-01 -9.8306e-01 -1.7007e+00 -5.4312e+00 +3.9762e+00
124 +2.712098310e+01 +2.712098310e+01 +1.552309831e+02 +1.552309831e+02 -2.6833e-01 -8.8475e-01 -3.4404e+00 +4.8469e-01 +4.0375e+00 -6.2825e-02 -2.2606e+00 -2.0960e+00 -5.5842e+00 +2.6721e+00
179 +2.333396141e+01 +2.333396141e+01 +1.514439614e+02 +1.514439614e+02 -1.5827e+00 -1.1279e-01 -3.6994e+00 +6.8589e-01 +4.1653e+00 -3.9389e-01 -2.8558e+00 -1.3497e+00 -3.8254e+00 +2.1747e+00
250 +1.425603756e+01 +1.425603756e+01 +1.423660376e+02 +1.423660376e+02 -2.0032e+00 +2.6780e-01 -4.5838e+00 +2.1951e+00 +3.5746e+00 -1.2762e-01 -3.6975e+00 -1.5819e+00 -1.7036e+00 +2.1142e+00
346 +8.508010135e+00 +8.508010135e+00 +1.366180101e+02 +1.366180101e+02 -2.1713e+00 -2.6450e-01 -3.4215e+00 +1.7346e+00 +3.1429e+00 +1.0723e+00 -2.6925e+00 -2.2401e+00 -2.2388e+00 +2.6226e+00
380 +5.673937524e+00 +5.673937524e+00 +1.337839375e+02 +1.337839375e+02 -2.3897e+00 -5.0791e-01 -3.2193e+00 +1.4712e+00 +3.5515e+00 +8.9113e-01 -2.5863e+00 -2.2094e+00 -2.2424e+00 +2.3974e+00
388 +3.659775232e+00 +3.659775232e+00 +1.317697752e+02 +1.317697752e+02 -2.2454e+00 -6.9128e-01 -3.1807e+00 +1.6992e+00 +3.3345e+00 +8.3850e-01 -2.2370e+00 -2.0276e+00 -2.1087e+00 +2.4196e+00
2181 +2.134216582e+00 +2.134216582e+00 +1.302442166e+02 +1.302442166e+02 -3.3480e+00 -7.2661e-01 -1.0914e+00 +2.0879e+00 +2.1744e+00 +1.2985e+00 -1.1654e+00 -2.6625e+00 -8.5200e-01 +2.8609e+00
2348 +1.414997456e+00 +1.414997456e+00 +1.295249975e+02 +1.295249975e+02 -3.8398e+00 +2.0717e-01 -1.3197e+00 +1.5083e+00 +2.1671e+00 +9.3663e-01 -2.0391e+00 -2.2288e+00 -1.1267e+00 +2.7116e+00
2468 +9.898366127e-01 +9.898366127e-01 +1.290998366e+02 +1.290998366e+02 -3.5069e+00 -1.0703e-01 -1.2846e+00 +1.5765e+00 +1.9873e+00 +1.1906e+00 -1.9908e+00 -2.3933e+00 -9.4788e-01 +2.7956e+00
2504 +5.983042689e-01 +5.983042689e-01 +1.287083043e+02 +1.287083043e+02 -3.6071e+00 -8.7012e-02 -1.2860e+00 +1.8829e+00 +2.1260e+00 +1.0342e+00 -1.9119e+00 -2.3927e+00 -9.3956e-01 +2.6868e+00
2567 +3.083098995e-01 +3.083098995e-01 +1.284183099e+02 +1.284183099e+02 -3.5231e+00 +2.4643e-01 -1.3596e+00 +2.2105e+00 +2.0562e+00 +8.2419e-01 -1.9784e+00 -2.4513e+00 -1.1001e+00 +2.7022e+00
2636 +8.882984705e-02 +8.882984705e-02 +1.281988298e+02 +1.281988298e+02 -3.6360e+00 +3.9873e-01 -1.3281e+00 +2.3191e+00 +1.8875e+00 +8.6365e-01 -2.0518e+00 -2.4245e+00 -7.6698e-01 +2.7739e+00
2921 +5.647768860e-02 +5.647768860e-02 +1.281664777e+02 +1.281664777e+02 -3.3962e+00 +4.7574e-01 -1.3507e+00 +2.2454e+00 +1.7988e+00 +9.7746e-01 -2.0899e+00 -2.4225e+00 -8.2710e-01 +2.8607e+00
2988 +3.404613741e-02 +3.404613741e-02 +1.281440461e+02 +1.281440461e+02 -3.4216e+00 +5.2480e-01 -1.4527e+00 +2.2611e+00 +1.8229e+00 +9.7411e-01 -2.1096e+00 -2.4039e+00 -8.0173e-01 +2.7979e+00
3051 +8.445418221e-03 +8.445418221e-03 +1.281184454e+02 +1.281184454e+02 -3.4211e+00 +4.1178e-01 -1.4153e+00 +2.2571e+00 +1.8755e+00 +9.7455e-01 -2.0543e+00 -2.4533e+00 -8.3342e-01 +2.8168e+00
3071 +2.050050512e-07 +2.050050512e-07 +1.281100002e+02 +1.281100002e+02 -3.3679e+00 +4.4629e-01 -1.4482e+00 +2.2321e+00 +1.8472e+00 +1.0232e+00 -2.1066e+00 -2.4316e+00 -8.1926e-01 +2.8319e+00
3225 +1.309030893e-07 +1.309030893e-07 +1.281100001e+02 +1.281100001e+02 -3.4196e+00 +3.9783e-01 -1.4212e+00 +2.2309e+00 +1.8678e+00 +1.0176e+00 -2.0667e+00 -2.4248e+00 -8.1120e-01 +2.8030e+00
3344 +6.772032179e-08 +6.772032179e-08 +1.281100001e+02 +1.281100001e+02 -3.4083e+00 +4.0616e-01 -1.4340e+00 +2.2582e+00 +1.8573e+00 +9.7669e-01 -2.0599e+00 -2.4184e+00 -8.3715e-01 +2.8208e+00
3439 +3.256263881e-08 +3.256263881e-08 +1.281100000e+02 +1.281100000e+02 -3.4195e+00 +4.4822e-01 -1.4520e+00 +2.2636e+00 +1.8545e+00 +9.7300e-01 -2.0948e+00 -2.4219e+00 -8.2542e-01 +2.8318e+00
3452 +1.889199552e-08 +1.889199552e-08 +1.281100000e+02 +1.281100000e+02 -3.4154e+00 +4.5222e-01 -1.4391e+00 +2.2626e+00 +1.8573e+00 +9.6421e-01 -2.0923e+00 -2.4213e+00 -8.4461e-01 +2.8382e+00
3504 +1.545106443e-08 +1.545106443e-08 +1.281100000e+02 +1.281100000e+02 -3.4279e+00 +4.3268e-01 -1.4365e+00 +2.2620e+00 +1.8498e+00 +9.8084e-01 -2.0793e+00 -2.4347e+00 -8.5676e-01 +2.8273e+00
3530 +4.176001767e-10 +4.176001767e-10 +1.281100000e+02 +1.281100000e+02 -3.4187e+00 +4.1318e-01 -1.4306e+00 +2.2548e+00 +1.8550e+00 +9.9237e-01 -2.0844e+00 -2.4308e+00 -8.4322e-01 +2.8365e+00
3826 +2.047499947e-10 +2.047499947e-10 +1.281100000e+02 +1.281100000e+02 -3.4232e+00 +4.0681e-01 -1.4420e+00 +2.2464e+00 +1.8541e+00 +1.0061e+00 -2.0956e+00 -2.4301e+00 -8.3671e-01 +2.8350e+00
4001 +3.234390533e-11 +3.234390533e-11 +1.281100000e+02 +1.281100000e+02 -3.4315e+00 +4.0862e-01 -1.4383e+00 +2.2540e+00 +1.8614e+00 +1.0023e+00 -2.0976e+00 -2.4398e+00 -8.4258e-01 +2.8441e+00
4963 +1.745092959e-11 +1.745092959e-11 +1.281100000e+02 +1.281100000e+02 -3.4400e+00 +4.0578e-01 -1.4356e+00 +2.2413e+00 +1.8689e+00 +1.0046e+00 -2.1001e+00 -2.4498e+00 -8.5709e-01 +2.8398e+00
% function evaluation | noise-free fitness - Fopt (-2.923500000000e+02) | best noise-free fitness - Fopt | measured fitness | best measured fitness | x1 | x2...
1 +3.531192885e+02 +3.531192885e+02 +6.076928846e+01 +6.076928846e+01 -4.8371e-01 -3.9387e+00 -3.9827e+00 -2.6213e+00 +3.9230e+00 -3.5221e-01 -3.0556e+00 +3.2974e+00 +3.7086e+00 -1.0104e+00
4 +1.264058641e+02 +1.264058641e+02 -1.659441359e+02 -1.659441359e+02 -1.1409e-01 -4.7856e+00 -3.5555e+00 -1.4647e+00 +8.0456e+00 +1.3489e-01 -1.5828e+00 +4.6992e+00 +8.7151e-01 -1.5015e-01
73 +6.411924994e+01 +6.411924994e+01 -2.282307501e+02 -2.282307501e+02 +2.0007e+00 -3.7845e+00 -1.0478e+00 -2.4842e-01 +6.3104e+00 -1.7790e+00 -4.4411e-01 +2.8740e+00 +4.1839e+00 +1.3707e+00
139 +5.839289414e+01 +5.839289414e+01 -2.339571059e+02 -2.339571059e+02 -8.1752e-01 -3.3724e+00 -1.4162e+00 +1.2215e+00 +2.9951e+00 +7.3696e-01 -1.8836e+00 +8.7941e-01 +4.6469e+00 +7.0873e-01
151 +3.473147335e+01 +3.473147335e+01 -2.576185266e+02 -2.576185266e+02 -9.0059e-01 -4.2065e+00 -1.3632e+00 +1.3180e+00 +3.7685e+00 +5.6425e-01 -7.2844e-01 -6.1044e-01 +2.6558e+00 -1.2426e-01
169 +2.280883505e+01 +2.280883505e+01 -2.695411650e+02 -2.695411650e+02 -6.5644e-01 -2.7307e+00 +5.9178e-01 +1.7445e-01 +2.1899e+00 +2.4771e-01 -2.3100e+00 -6.6392e-01 +4.2062e+00 -5.4568e-01
209 +1.428681721e+01 +1.428681721e+01 -2.780631828e+02 -2.780631828e+02 -1.7409e+00 -2.3104e+00 +1.1389e+00 +1.2752e+00 +2.9018e+00 -1.1751e-01 -2.0026e+00 -9.1503e-01 +5.0782e-01 -1.1431e+00
353 +8.623608616e+00 +8.623608616e+00 -2.837263914e+02 -2.837263914e+02 -1.4574e+00 -3.3465e+00 +3.4799e-01 +5.1526e-01 +5.0628e+00 +6.3957e-01 -1.4278e+00 +1.2847e+00 +1.3421e+00 -1.0219e+00
369 +5.864510757e+00 +5.864510757e+00 -2.864854892e+02 -2.864854892e+02 -1.3161e+00 -3.4131e+00 +6.0916e-02 +5.6769e-01 +4.6948e+00 +2.7460e-01 -1.3595e+00 +1.3743e+00 +1.2321e+00 -1.0653e+00
656 +3.231250351e+00 +3.231250351e+00 -2.891187496e+02 -2.891187496e+02 -1.4891e+00 -3.5572e+00 -1.0654e-01 +1.1552e+00 +4.7178e+00 +1.2567e-01 -1.4969e+00 +1.4663e+00 +1.2896e-01 -1.5224e+00
2268 +2.078342138e+00 +2.078342138e+00 -2.902716579e+02 -2.902716579e+02 -2.1015e+00 -3.1607e+00 +1.5132e+00 +1.9533e+00 +1.7997e+00 +8.8695e-01 -3.3787e+00 -1.4202e+00 -3.7138e-01 -3.0209e+00
2401 +1.222388423e+00 +1.222388423e+00 -2.911276116e+02 -2.911276116e+02 -2.3907e+00 -3.0700e+00 +1.4663e+00 +1.8811e+00 +2.0555e+00 +1.0487e+00 -3.0817e+00 -1.2969e+00 -7.8189e-01 -3.5965e+00
2518 +9.849888852e-01 +9.849888852e-01 -2.913650111e+02 -2.913650111e+02 -2.3457e+00 -3.1825e+00 +1.4419e+00 +1.8130e+00 +1.7744e+00 +1.0519e+00 -3.0259e+00 -1.0896e+00 +4.4715e-03 -3.1982e+00
2643 +6.233263211e-01 +6.233263211e-01 -2.917266737e+02 -2.917266737e+02 -2.3615e+00 -3.1924e+00 +1.2594e+00 +1.9512e+00 +1.7557e+00 +1.0693e+00 -3.0285e+00 -1.2104e+00 -3.2039e-01 -3.4784e+00
2764 +3.595352716e-01 +3.595352716e-01 -2.919904647e+02 -2.919904647e+02 -2.3431e+00 -3.1584e+00 +1.4633e+00 +1.9122e+00 +1.7024e+00 +1.1171e+00 -3.0888e+00 -1.2594e+00 -4.7281e-01 -3.6340e+00
3246 +2.456995147e-01 +2.456995147e-01 -2.921043005e+02 -2.921043005e+02 -2.2254e+00 -3.2366e+00 +1.4997e+00 +1.9615e+00 +1.7356e+00 +1.1378e+00 -3.3459e+00 -1.1841e+00 -4.8641e-01 -3.6572e+00
% function evaluation | noise-free fitness - Fopt (3.110100000000e+02) | best noise-free fitness - Fopt | measured fitness | best measured fitness | x1 | x2...
1 +3.056116545e+03 +3.056116545e+03 +3.367126545e+03 +3.367126545e+03 -4.3883e-01 +2.8463e+00 +3.5573e+00 +3.6241e+00 -2.3134e+00 +3.2051e+00 +3.7758e+00 -3.3199e+00 +3.7222e-01 +3.3464e+00
2 +1.866803443e+03 +1.866803443e+03 +2.177813443e+03 +2.177813443e+03 -1.7402e+00 +2.4138e+00 +1.3797e+00 +1.4823e+00 -1.7480e+00 +3.2700e+00 +4.6648e+00 -2.1814e+00 +3.2974e+00 +5.7046e+00
10 +1.105638784e+03 +1.105638784e+03 +1.416648784e+03 +1.416648784e+03 -1.3542e+00 -9.2530e-01 +3.8413e+00 +3.6787e+00 +1.1177e+00 +3.5133e-01 +3.3712e+00 -3.0194e+00 +6.7609e-01 +3.4941e+00
12 +5.342118469e+02 +5.342118469e+02 +8.452218469e+02 +8.452218469e+02 -3.2897e+00 -4.2107e+00 +9.6518e-01 +6.2710e+00 +5.0149e-01 +6.3898e-01 +4.9723e+00 -2.5944e+00 +1.0744e+00 +3.5892e+00
24 +3.309778840e+02 +3.309778840e+02 +6.419878840e+02 +6.419878840e+02 -9.0002e-01 -3.3583e-01 -1.9307e+00 +7.6359e+00 +1.1295e+00 +5.3730e-01 +2.4604e+00 -1.9349e+00 -5.4142e-01 +2.1758e+00
41 +2.426051348e+02 +2.426051348e+02 +5.536151348e+02 +5.536151348e+02 +1.4591e+00 +1.9077e-01 -1.8039e+00 +5.0191e+00 +2.0483e+00 -2.3324e+00 +2.3276e+00 -2.0930e+00 +4.0233e+00 +4.7213e+00
65 +1.381598892e+02 +1.381598892e+02 +4.491698892e+02 +4.491698892e+02 +1.1541e+00 -4.1115e+00 +2.1907e+00 +3.8379e+00 +5.8947e+00 -4.4983e+00 +3.9160e+00 -3.0268e+00 +4.6197e+00 +2.3726e+00
196 +8.327017255e+01 +8.327017255e+01 +3.942801726e+02 +3.942801726e+02 +7.7753e-02 -3.9370e+00 +2.7926e-01 +4.7237e+00 +2.3104e+00 -4.3653e+00 +2.7540e+00 +4.3101e-01 +3.7562e+00 +1.4865e+00
228 +3.756143391e+01 +3.756143391e+01 +3.485714339e+02 +3.485714339e+02 -6.2299e-01 -4.9425e+00 +3.9868e-01 +3.4718e+00 +2.9161e+00 -3.6345e+00 +2.3993e+00 +5.2292e-01 +1.7436e+00 +2.4339e-01
331 +2.428046859e+01 +2.428046859e+01 +3.352904686e+02 +3.352904686e+02 -3.0872e-02 -3.3767e+00 -1.3501e+00 +3.0729e+00 +4.0898e+00 -2.1165e+00 +1.4927e+00 +8.0416e-01 +7.4416e-01 -1.0247e-01
396 +1.088671557e+01 +1.088671557e+01 +3.218967156e+02 +3.218967156e+02 -4.6420e-01 -4.3160e+00 -9.5703e-01 +1.9554e+00 +4.0785e+00 -2.4057e+00 +2.5042e+00 +1.1277e+00 +5.5163e-01 -8.5778e-01
419 +8.189812886e+00 +8.189812886e+00 +3.191998129e+02 +3.191998129e+02 -6.7150e-01 -4.1822e+00 -1.3532e+00 +1.6253e+00 +4.9322e+00 -1.5710e+00 +2.5780e+00 +1.5286e+00 +6.1256e-01 -1.4920e+00
554 +6.234094790e+00 +6.234094790e+00 +3.172440948e+02 +3.172440948e+02 -1.3790e+00 -3.1561e+00 -2.5910e+00 +1.7386e+00 +3.6065e+00 -5.7475e-01 +3.0213e+00 +1.9362e+00 +8.5467e-01 -1.2501e+00
607 +3.075682307e+00 +3.075682307e+00 +3.140856823e+02 +3.140856823e+02 -1.4310e+00 -3.4202e+00 -2.2431e+00 +1.1902e+00 +4.7264e+00 -1.5566e-01 +2.6594e+00 +2.3563e+00 +7.7115e-01 -1.4385e+00
634 +2.412843318e+00 +2.412843318e+00 +3.134228433e+02 +3.134228433e+02 -1.7843e+00 -3.6600e+00 -2.3480e+00 +9.8008e-01 +4.1942e+00 -8.7630e-02 +2.7551e+00 +3.0011e+00 +9.0676e-01 -1.7339e+00
725 +1.580087431e+00 +1.580087431e+00 +3.125900874e+02 +3.125900874e+02 -1.5839e+00 -3.4217e+00 -2.3354e+00 +1.0467e+00 +4.1542e+00 -3.4493e-01 +2.5730e+00 +2.8558e+00 +3.5551e-01 -1.4274e+00
3114 +8.113964134e-01 +8.113964134e-01 +3.118213964e+02 +3.118213964e+02 -2.3114e+00 -3.5060e+00 -2.5278e+00 +6.9964e-01 +3.6880e+00 +3.7115e-01 +2.3595e+00 +3.5302e+00 +2.2252e-01 -1.7385e+00
3251 +5.563937717e-01 +5.563937717e-01 +3.115663938e+02 +3.115663938e+02 -2.3284e+00 -3.4579e+00 -2.6431e+00 +7.0872e-01 +3.8503e+00 +6.6573e-01 +2.6435e+00 +3.3098e+00 +2.5755e-01 -1.7722e+00
3281 +3.238726741e-01 +3.238726741e-01 +3.113338727e+02 +3.113338727e+02 -2.2251e+00 -3.4663e+00 -2.7607e+00 +8.2965e-01 +3.8009e+00 +7.0730e-01 +2.7828e+00 +3.6212e+00 +3.9346e-01 -1.8456e+00
3426 +1.793463949e-01 +1.793463949e-01 +3.111893464e+02 +3.111893464e+02 -2.0951e+00 -3.4388e+00 -2.6773e+00 +9.1732e-01 +3.7107e+00 +5.0842e-01 +2.6890e+00 +3.5907e+00 +3.6900e-01 -1.6429e+00
3521 +1.068118721e-01 +1.068118721e-01 +3.111168119e+02 +3.111168119e+02 -2.2260e+00 -3.4503e+00 -2.6295e+00 +8.5132e-01 +3.7111e+00 +5.7823e-01 +2.6000e+00 +3.6446e+00 +2.1291e-01 -1.7311e+00
3543 +9.801948963e-02 +9.801948963e-02 +3.111080195e+02 +3.111080195e+02 -2.2172e+00 -3.3887e+00 -2.7519e+00 +8.8253e-01 +3.7173e+00 +5.5329e-01 +2.6504e+00 +3.6540e+00 +1.9032e-01 -1.7742e+00
3556 +6.185662748e-02 +6.185662748e-02 +3.110718566e+02 +3.110718566e+02 -2.0903e+00 -3.4173e+00 -2.7578e+00 +1.0021e+00 +3.5721e+00 +4.6574e-01 +2.8531e+00 +3.7446e+00 +3.2680e-01 -1.8001e+00
3758 +3.362296250e-02 +3.362296250e-02 +3.110436230e+02 +3.110436230e+02 -2.1390e+00 -3.4443e+00 -2.7313e+00 +9.3422e-01 +3.6404e+00 +4.7149e-01 +2.7130e+00 +3.7511e+00 +1.8195e-01 -1.7475e+00
3907 +7.608781337e-03 +7.608781337e-03 +3.110176088e+02 +3.110176088e+02 -2.0693e+00 -3.4941e+00 -2.6791e+00 +9.1783e-01 +3.6409e+00 +4.6223e-01 +2.7714e+00 +3.7601e+00 +2.1927e-01 -1.7300e+00
4225 +4.250848633e-07 +4.250848633e-07 +3.110100004e+02 +3.110100004e+02 -1.9990e+00 -3.4942e+00 -2.6536e+00 +9.5638e-01 +3.6321e+00 +4.0177e-01 +2.8258e+00 +3.7340e+00 +2.5121e-01 -1.7570e+00
4296 +1.778489604e-07 +1.778489604e-07 +3.110100002e+02 +3.110100002e+02 -1.9492e+00 -3.5153e+00 -2.6203e+00 +9.5936e-01 +3.6640e+00 +3.9716e-01 +2.8377e+00 +3.7164e+00 +2.7339e-01 -1.7584e+00
4551 +2.091911711e-08 +2.091911711e-08 +3.110100000e+02 +3.110100000e+02 -2.0013e+00 -3.5018e+00 -2.6237e+00 +9.1540e-01 +3.6427e+00 +4.0809e-01 +2.8242e+00 +3.7567e+00 +2.5241e-01 -1.7377e+00
4635 +9.150483038e-09 +9.150483038e-09 +3.110100000e+02 +3.110100000e+02 -1.9994e+00 -3.5183e+00 -2.6363e+00 +9.3914e-01 +3.6762e+00 +3.8136e-01 +2.8179e+00 +3.7309e+00 +2.7189e-01 -1.7613e+00
4669 +4.808384801e-10 +4.808384801e-10 +3.110100000e+02 +3.110100000e+02 -1.9932e+00 -3.5127e+00 -2.6188e+00 +9.3917e-01 +3.6772e+00 +3.7937e-01 +2.7911e+00 +3.7149e+00 +2.6665e-01 -1.7484e+00
4756 +2.912088348e-10 +2.912088348e-10 +3.110100000e+02 +3.110100000e+02 -2.0002e+00 -3.5118e+00 -2.6183e+00 +9.2772e-01 +3.6832e+00 +4.0015e-01 +2.7951e+00 +3.7162e+00 +2.5722e-01 -1.7480e+00
% function evaluation | noise-free fitness - Fopt (-8.051800000000e+02) | best noise-free fitness - Fopt | measured fitness | best measured fitness | x1 | x2...
1 +1.357987958e+03 +1.357987958e+03 +5.528079581e+02 +5.528079581e+02 -3.8716e+00 +3.1492e+00 +2.4566e+00 +7.0771e-01 +1.0727e+00 +1.6554e+00 -1.8047e+00 -1.8888e+00 -2.8782e+00 +6.3864e-01
3 +7.867454641e+02 +7.867454641e+02 -1.843453587e+01 -1.843453587e+01 -2.6361e+00 +1.1811e+00 +2.5376e+00 +1.5251e+00 +2.4580e+00 +3.2149e+00 +9.9155e-02 -4.6456e+00 -2.7516e+00 -1.6666e+00
7 +5.303818042e+02 +5.303818042e+02 -2.747981958e+02 -2.747981958e+02 -4.4156e+00 +2.3963e+00 -5.9021e-01 +2.8199e+00 +7.9980e-01 +2.7290e+00 -3.4442e+00 +7.5460e-02 -1.8654e+00 -4.8243e-01
10 +3.094445077e+02 +3.094445077e+02 -4.957354923e+02 -4.957354923e+02 -4.7869e+00 -6.2243e-01 +2.7406e+00 +7.6233e-01 +4.5039e+00 -1.1983e+00 -2.2093e+00 -1.5883e+00 -2.5744e+00 +7.8636e-01
13 +1.985514517e+02 +1.985514517e+02 -6.066285483e+02 -6.066285483e+02 -4.8136e+00 -1.8037e+00 -1.4596e-01 +1.2757e+00 +4.8164e+00 +2.5638e+00 -5.2228e-01 -1.6839e+00 -3.0786e+00 -2.3957e-01
41 +1.373922083e+02 +1.373922083e+02 -6.677877917e+02 -6.677877917e+02 -5.7494e+00 -5.3747e+00 -9.4143e-01 +2.7543e+00 +6.5336e-01 -1.4059e+00 -2.5579e+00 -2.2150e+00 -2.2137e-01 +1.6330e+00
124 +8.620724112e+01 +8.620724112e+01 -7.189727589e+02 -7.189727589e+02 -6.8182e-01 -1.2305e+00 +2.9729e-01 +1.2684e+00 +8.0802e-01 +2.1208e+00 -1.6191e+00 -1.4708e+00 +3.2680e+00 +1.8978e-01
130 +4.510224258e+01 +4.510224258e+01 -7.600777574e+02 -7.600777574e+02 +1.5909e-01 -1.3159e+00 +1.0759e+00 +1.9106e+00 +2.1198e+00 +1.8558e+00 -1.5901e+00 -2.1138e+00 +1.6027e+00 +6.4754e-01
204 +2.093283914e+01 +2.093283914e+01 -7.842471609e+02 -7.842471609e+02 +9.6468e-01 -2.7211e+00 +5.0914e-01 +2.3500e+00 +4.0066e+00 +6.8072e-01 -1.3676e+00 -2.3387e+00 +1.8272e-01 +1.9732e+00
225 +1.256916336e+01 +1.256916336e+01 -7.926108366e+02 -7.926108366e+02 +3.7340e-01 -2.0708e+00 -9.7813e-01 +1.2710e+00 +4.4622e+00 -1.3269e+00 -1.0988e+00 -1.7834e+00 +7.0695e-01 +1.4279e+00
322 +9.234865740e+00 +9.234865740e+00 -7.959451343e+02 -7.959451343e+02 +2.1151e+00 -2.4813e+00 -6.9847e-01 +2.1315e+00 +2.2395e+00 -5.7731e-01 -1.4136e+00 -1.1170e+00 +2.0657e+00 +2.3101e+00
368 +5.807426949e+00 +5.807426949e+00 -7.993725731e+02 -7.993725731e+02 +1.9495e+00 -2.6535e+00 +1.5229e-01 +1.8877e+00 +3.0397e+00 -1.4395e+00 -1.2774e+00 -1.2442e+00 +7.5518e-01 +2.4709e+00
412 +3.473757899e+00 +3.473757899e+00 -8.017062421e+02 -8.017062421e+02 +2.1242e+00 -2.5716e+00 -5.1889e-01 +1.5924e+00 +3.3827e+00 -1.3399e+00 -1.2287e+00 -1.2476e+00 +1.1807e+00 +2.6992e+00
585 +2.322208418e+00 +2.322208418e+00 -8.028577916e+02 -8.028577916e+02 +2.3857e+00 -2.9463e+00 +3.4848e-01 +1.5231e+00 +3.0122e+00 -9.9366e-01 -1.3846e+00 -9.6570e-01 +9.8039e-01 +2.0609e+00
2170 +1.287387183e+00 +1.287387183e+00 -8.038926128e+02 -8.038926128e+02 +2.9504e+00 -2.7630e+00 +1.8583e-02 +9.0044e-01 +3.1496e+00 -1.5156e+00 -9.6046e-01 -2.7938e-01 +1.2533e+00 +2.1578e+00
2247 +9.429343793e-01 +9.429343793e-01 -8.042370656e+02 -8.042370656e+02 +2.7894e+00 -3.0876e+00 +1.4867e-01 +9.1015e-01 +2.9995e+00 -1.2407e+00 -9.6699e-01 -4.9629e-01 +8.0475e-01 +2.2436e+00
2256 +5.261473558e-01 +5.261473558e-01 -8.046538526e+02 -8.046538526e+02 +2.8737e+00 -2.9928e+00 +1.7129e-01 +8.6429e-01 +3.1584e+00 -1.3040e+00 -1.0690e+00 -3.8309e-01 +7.7143e-01 +2.2383e+00
5036 +2.291538814e-01 +2.291538814e-01 -8.049508461e+02 -8.049508461e+02 +2.6611e+00 -3.4949e+00 +4.9553e-01 +8.1789e-01 +2.7728e+00 -8.0560e-01 -9.2961e-01 -5.9578e-01 +9.1675e-01 +2.3167e+00
