% function evaluation | noise-free fitness - Fopt (7.627000000000e+01) | best noise-free fitness - Fopt | measured fitness | best measured fitness | x1 | x2...
1 +2.584537169e+05 +2.584537169e+05 +2.585299869e+05 +2.585299869e+05 -2.6304e+00 -2.8814e+00 -2.4569e-01 +1.7026e-01 -2.8634e+00
7 +1.338112091e+05 +1.338112091e+05 +1.338874791e+05 +1.338874791e+05 +9.9854e-01 -2.6704e+00 +3.2808e+00 +2.8789e+00 +5.0837e-01
25 +2.839155587e+04 +2.839155587e+04 +2.846782587e+04 +2.846782587e+04 +2.5247e+00 -3.0020e+00 -1.0088e-01 -6.2694e-01 +1.2549e+00
34 +1.991740733e+04 +1.991740733e+04 +1.999367733e+04 +1.999367733e+04 +2.0835e+00 +1.2923e-01 +1.7245e+00 -3.8772e+00 -2.3444e+00
41 +8.166052474e+03 +8.166052474e+03 +8.242322474e+03 +8.242322474e+03 +9.9678e-01 +1.0553e-02 +2.7039e+00 -3.9015e+00 +4.1941e+00
231 +2.175577507e+03 +2.175577507e+03 +2.251847507e+03 +2.251847507e+03 +2.5419e-01 -2.1940e+00 -2.6180e-02 -4.5341e-01 -3.7824e+00
378 +2.728372099e+02 +2.728372099e+02 +3.491072099e+02 +3.491072099e+02 -9.6758e-01 -2.1000e+00 -3.4750e+00 -3.3816e+00 +1.9844e-01
756 +1.241603092e+02 +1.241603092e+02 +2.004303092e+02 +2.004303092e+02 +2.1628e+00 -1.1525e+00 +2.8562e+00 -9.5606e-01 -2.6826e+00
1505 +6.038377746e+01 +6.038377746e+01 +1.366537775e+02 +1.366537775e+02 +2.6449e+00 -2.3045e+00 +3.5291e+00 +1.4544e+00 -1.6320e+00
1972 +5.918623954e+00 +5.918623954e+00 +8.218862395e+01 +8.218862395e+01 -1.7211e+00 -2.0847e+00 +3.4930e-01 -2.6629e-01 -1.0029e+00
% function evaluation | noise-free fitness - Fopt (-2.255000000000e+01) | best noise-free fitness - Fopt | measured fitness | best measured fitness | x1 | x2...
1 +4.424740665e+06 +4.424740665e+06 +4.424718115e+06 +4.424718115e+06 +4.9053e+00 -3.7685e+00 -3.8360e+00 -1.3793e+00 +3.5639e+00
5 +6.651735758e+05 +6.651735758e+05 +6.651510258e+05 +6.651510258e+05 -1.7371e+00 -3.4338e+00 +4.9662e+00 -3.8174e+00 -3.8814e+00
14 +1.255566078e+05 +1.255566078e+05 +1.255340578e+05 +1.255340578e+05 +1.0356e+00 -1.0253e+00 -9.3156e-01 -3.4852e+00 -3.7515e+00
19 +4.931396207e+04 +4.931396207e+04 +4.929141207e+04 +4.929141207e+04 +1.9474e+00 +4.1349e+00 +2.6849e+00 -4.1516e+00 +1.3360e+00
20 +8.572881931e+02 +8.572881931e+02 +8.347381931e+02 +8.347381931e+02 +3.1447e+00 +2.6099e+00 +6.2923e-01 +4.7231e+00 +3.4475e+00
26 +2.417981358e+01 +2.417981358e+01 +1.629813582e+00 +1.629813582e+00 +3.0352e+00 +3.0796e+00 +1.1998e+00 +5.5927e-01 +2.5329e+00
1075 +1.115672063e+01 +1.115672063e+01 -1.139327937e+01 -1.139327937e+01 +1.0081e+00 +7.9658e-01 +3.3621e+00 -3.2586e+00 +3.2898e-01
% function evaluation | noise-free fitness - Fopt (1.366000000000e+01) | best noise-free fitness - Fopt | measured fitness | best measured fitness | x1 | x2...
1 +1.631097445e+05 +1.631097445e+05 +1.631234045e+05 +1.631234045e+05 +4.9625e+00 +3.8383e+00 +3.2693e+00 -4.2058e+00 -3.5941e+00
8 +5.006055891e+04 +5.006055891e+04 +5.007421891e+04 +5.007421891e+04 -2.1073e+00 +4.1117e+00 -2.8598e+00 +1.4385e+00 +4.3267e+00
17 +5.034897891e+03 +5.034897891e+03 +5.048557891e+03 +5.048557891e+03 +2.7720e+00 +3.7986e+00 +1.5144e+00 +3.3866e+00 +2.9976e+00
57 +1.217979258e+03 +1.217979258e+03 +1.231639258e+03 +1.231639258e+03 +1.1133e-01 +3.9243e+00 +3.5825e+00 +1.0830e+00 +2.1816e+00
154 +1.061781609e+02 +1.061781609e+02 +1.198381609e+02 +1.198381609e+02 -4.3791e+00 +2.5851e+00 -1.0367e+00 -5.8642e-02 +8.8667e-01
350 +5.394158348e+01 +5.394158348e+01 +6.760158348e+01 +6.760158348e+01 +2.2772e+00 +1.3257e-01 +2.3753e+00 +2.8268e+00 -3.7799e+00
2387 +2.513301863e+01 +2.513301863e+01 +3.879301863e+01 +3.879301863e+01 -3.0757e+00 +1.5446e+00 +2.5301e+00 -8.1601e-01 -2.0970e+00
% function evaluation | noise-free fitness - Fopt (9.378400000000e+02) | best noise-free fitness - Fopt | measured fitness | best measured fitness | x1 | x2...
1 +8.375330297e+05 +8.375330297e+05 +8.384708697e+05 +8.384708697e+05 -2.6737e+00 +1.6462e+00 -4.7055e+00 -4.8359e+00 -1.0570e+00
7 +1.395067550e+05 +1.395067550e+05 +1.404445950e+05 +1.404445950e+05 -5.7719e-01 +4.9259e+00 -1.0076e+00 +1.9481e+00 +3.5860e+00
16 +6.537537021e+04 +6.537537021e+04 +6.631321021e+04 +6.631321021e+04 -6.4672e-01 -2.1655e-01 +2.6929e+00 -4.7298e+00 -4.2112e+00
51 +2.347308483e+03 +2.347308483e+03 +3.285148483e+03 +3.285148483e+03 -5.2427e-01 -5.1181e-01 -1.6628e+00 -2.2751e+00 -3.3794e+00
61 +8.433940154e+02 +8.433940154e+02 +1.781234015e+03 +1.781234015e+03 -3.0819e+00 -5.2518e-01 +1.6150e+00 -4.8920e+00 +1.0867e+00
120 +2.927944826e+02 +2.927944826e+02 +1.230634483e+03 +1.230634483e+03 -1.7720e+00 +4.5996e+00 -4.2902e+00 -9.7008e-01 -1.4493e+00
577 +5.459246688e+01 +5.459246688e+01 +9.924324669e+02 +9.924324669e+02 -1.4124e+00 +2.3202e+00 +9.6020e-02 -8.7073e-01 +1.4129e+00
% function evaluation | noise-free fitness - Fopt (-7.872000000000e+01) | best noise-free fitness - Fopt | measured fitness | best measured fitness | x1 | x2...
1 +5.268027272e+06 +5.268027272e+06 +5.267948552e+06 +5.267948552e+06 +1.3686e-01 +2.1236e+00 -3.2419e+00 +2.8011e+00 -4.0667e+00
2 +2.918063511e+06 +2.918063511e+06 +2.917984791e+06 +2.917984791e+06 -4.3289e-01 -4.9534e+00 -1.6453e+00 -1.3787e+00 -1.7379e-01
4 +2.061941782e+06 +2.061941782e+06 +2.061863062e+06 +2.061863062e+06 +4.2144e+00 +2.8950e-01 -1.5493e+00 -2.7040e+00 +2.5070e+00
6 +5.338841628e+05 +5.338841628e+05 +5.338054428e+05 +5.338054428e+05 +4.6393e+00 -2.0877e+00 -2.5699e+00 -6.1808e-02 -3.5014e+00
8 +3.531002288e+05 +3.531002288e+05 +3.530215088e+05 +3.530215088e+05 -4.3360e+00 -5.5944e-01 -3.8762e+00 -2.9990e-01 +8.2212e-01
22 +3.552137058e+03 +3.552137058e+03 +3.473417058e+03 +3.473417058e+03 +2.8671e+00 +1.7583e+00 +1.8667e-01 +6.5226e-01 -1.6663e+00
251 +3.047619333e+02 +3.047619333e+02 +2.260419333e+02 +2.260419333e+02 +4.3239e+00 +1.1879e-01 -1.5122e+00 -1.6536e+00 +4.5221e+00
435 +1.283263687e+02 +1.283263687e+02 +4.960636873e+01 +4.960636873e+01 +1.2899e+00 -4.1208e+00 +4.9514e+00 +1.2306e+00 +4.3338e+00
555 +7.856373252e+01 +7.856373252e+01 -1.562674816e-01 -1.562674816e-01 +3.2048e+00 +1.9751e+00 -2.4009e+00 -1.8412e+00 +3.3935e+00
1446 +3.497736561e+01 +3.497736561e+01 -4.374263439e+01 -4.374263439e+01 +2.9788e-01 -2.5367e+00 +2.0153e-01 +1.2607e+00 -1.5171e+00
4292 +1.271096556e+01 +1.271096556e+01 -6.600903444e+01 -6.600903444e+01 +2.1955e+00 +7.5879e-01 -3.6651e-01 +2.3747e-01 -5.7392e-01
% function evaluation | noise-free fitness - Fopt (-5.984300000000e+02) | best noise-free fitness - Fopt | measured fitness | best measured fitness | x1 | x2...
1 +2.403563546e+06 +2.403563546e+06 +2.402965116e+06 +2.402965116e+06 +2.9156e-01 +4.1709e+00 +2.6516e+00 -4.7067e+00 +3.6420e+00
4 +6.176377131e+05 +6.176377131e+05 +6.170392831e+05 +6.170392831e+05 +1.3215e+00 +3.7506e-01 +2.8719e+00 -2.5207e+00 +1.9080e+00
5 +9.359660413e+02 +9.359660413e+02 +3.375360413e+02 +3.375360413e+02 +9.5693e-02 +4.2853e-01 -4.1866e+00 +8.1574e-01 -5.1716e-01
249 +5.841205546e+02 +5.841205546e+02 -1.430944537e+01 -1.430944537e+01 +2.0359e+00 +4.2205e+00 +1.3862e+00 -7.1178e-01 +1.0092e+00
354 +1.104333351e+02 +1.104333351e+02 -4.879966649e+02 -4.879966649e+02 +1.2077e+00 +3.5714e+00 -2.2906e+00 -1.7410e+00 +1.6338e+00
628 +4.317423504e+01 +4.317423504e+01 -5.552557650e+02 -5.552557650e+02 -2.3246e+00 +2.2290e+00 +6.6126e-01 +6.4898e-01 -3.9926e+00
2474 +9.837469843e+00 +9.837469843e+00 -5.885925302e+02 -5.885925302e+02 -3.6264e+00 +3.1746e+00 -2.4390e+00 -2.2975e+00 -2.8818e+00
% function evaluation | noise-free fitness - Fopt (-8.542000000000e+01) | best noise-free fitness - Fopt | measured fitness | best measured fitness | x1 | x2...
1 +5.264372135e+07 +5.264372135e+07 +5.264363593e+07 +5.264363593e+07 -2.7332e+00 +3.8537e+00 +4.6681e-01 -2.5544e+00 -4.3069e+00
2 +8.024719906e+04 +8.024719906e+04 +8.016177906e+04 +8.016177906e+04 +2.0992e+00 -1.1267e+00 -2.4785e+00 +1.6447e+00 +4.9438e+00
28 +1.208722581e+04 +1.208722581e+04 +1.200180581e+04 +1.200180581e+04 +3.6763e-01 -1.7858e+00 +4.0754e+00 +1.3686e+00 -9.0523e-01
38 +1.673128226e+03 +1.673128226e+03 +1.587708226e+03 +1.587708226e+03 +4.4040e+00 +6.3398e-02 -2.8393e+00 +7.6919e-01 +4.4719e+00
322 +3.341140832e+02 +3.341140832e+02 +2.486940832e+02 +2.486940832e+02 +4.8267e+00 -5.2744e-01 -2.1175e+00 +4.7593e+00 -4.0299e+00
466 +6.368329913e+00 +6.368329913e+00 -7.905167009e+01 -7.905167009e+01 +3.3135e+00 -1.0839e+00 +7.2373e-01 +2.0307e+00 -1.4404e+00
% function evaluation | noise-free fitness - Fopt (1.932500000000e+02) | best noise-free fitness - Fopt | measured fitness | best measured fitness | x1 | x2...
1 +5.462500253e+05 +5.462500253e+05 +5.464432753e+05 +5.464432753e+05 -2.3785e+00 -3.9910e+00 +3.9740e+00 +3.1600e+00 -3.4556e+00
21 +2.128965848e+05 +2.128965848e+05 +2.130898348e+05 +2.130898348e+05 +2.2164e+00 -4.4457e-01 -3.4783e+00 +3.7392e+00 -2.7989e+00
33 +4.362489772e+04 +4.362489772e+04 +4.381814772e+04 +4.381814772e+04 +1.0954e+00 -3.6943e+00 -4.5747e+00 +1.5844e-01 +4.2816e+00
44 +1.694699823e+03 +1.694699823e+03 +1.887949823e+03 +1.887949823e+03 -2.5566e-01 -1.1334e+00 -1.6270e+00 +1.9028e+00 -1.6945e+00
79 +2.864083743e+02 +2.864083743e+02 +4.796583743e+02 +4.796583743e+02 +3.7238e-01 -9.3373e-01 +1.1074e+00 +3.5576e+00 +4.1371e+00
127 +1.621612416e+02 +1.621612416e+02 +3.554112416e+02 +3.554112416e+02 +1.1656e+00 -4.0354e+00 -2.2887e-01 +3.4403e+00 +8.0400e-01
287 +8.395550376e+01 +8.395550376e+01 +2.772055038e+02 +2.772055038e+02 -4.6060e+00 +3.8406e+00 +4.0726e+00 +3.9263e-01 +1.3958e+00
1705 +5.131495213e+01 +5.131495213e+01 +2.445649521e+02 +2.445649521e+02 -3.4858e+00 +5.9727e-02 -1.8449e+00 -2.4106e+00 +8.4735e-01
% function evaluation | noise-free fitness - Fopt (-1.815000000000e+02) | best noise-free fitness - Fopt | measured fitness | best measured fitness | x1 | x2...
1 +1.239504017e+07 +1.239504017e+07 +1.239485867e+07 +1.239485867e+07 +1.6115e-01 -2.2744e-01 -2.8952e+00 +2.7890e+00 +3.7629e+00
2 +2.599688248e+04 +2.599688248e+04 +2.581538248e+04 +2.581538248e+04 +2.3319e+00 +2.4485e-01 +1.3747e+00 -3.0439e+00 +9.2804e-01
5 +1.609546853e+04 +1.609546853e+04 +1.591396853e+04 +1.591396853e+04 -1.1388e+00 +2.8151e+00 +1.7120e+00 +2.2619e+00 +3.3181e+00
8 +2.227102448e+02 +2.227102448e+02 +4.121024482e+01 +4.121024482e+01 +1.9506e+00 -3.4192e+00 +3.6654e+00 -2.8754e+00 -2.6404e+00
112 +1.214167826e+02 +1.214167826e+02 -6.008321740e+01 -6.008321740e+01 -2.6261e+00 +1.8471e+00 -8.1114e-01 -1.9659e+00 -2.5314e+00
950 +6.562227767e+01 +6.562227767e+01 -1.158777223e+02 -1.158777223e+02 +1.7670e+00 +2.6703e+00 -1.8962e-02 -2.3004e+00 +3.4401e+00
1165 +6.301895569e+01 +6.301895569e+01 -1.184810443e+02 -1.184810443e+02 +1.7282e+00 +1.1293e+00 -4.5171e+00 -8.5385e-01 -3.2449e+00
4133 +2.147793995e+01 +2.147793995e+01 -1.600220601e+02 -1.600220601e+02 +2.5606e-01 +4.0666e+00 -3.3609e+00 +1.1356e+00 +1.6718e+00
% function evaluation | noise-free fitness - Fopt (4.526200000000e+02) | best noise-free fitness - Fopt | measured fitness | best measured fitness | x1 | x2...
1 +5.299851899e+06 +5.299851899e+06 +5.300304519e+06 +5.300304519e+06 +1.7579e+00 +1.6546e+00 +2.7824e+00 +1.3538e+00 -1.4388e+00
2 +6.502434938e+05 +6.502434938e+05 +6.506961138e+05 +6.506961138e+05 +1.1697e+00 -3.1227e+00 -2.7978e+00 -2.5893e+00 -3.9430e+00
9 +9.848374656e+04 +9.848374656e+04 +9.893636656e+04 +9.893636656e+04 +2.2668e+00 -1.1364e+00 +2.0816e+00 +2.9402e+00 -2.2968e+00
84 +3.928262435e+04 +3.928262435e+04 +3.973524435e+04 +3.973524435e+04 -4.2614e+00 +1.1071e+00 +4.8333e+00 +7.6174e-01 -1.4276e+00
257 +4.007389485e+02 +4.007389485e+02 +8.533589485e+02 +8.533589485e+02 -2.5119e+00 -3.2716e+00 +1.3000e+00 +3.1827e+00 +4.9556e+00
304 +2.806179297e+02 +2.806179297e+02 +7.332379297e+02 +7.332379297e+02 -2.3181e+00 -1.4371e+00 -3.4401e+00 +1.6243e+00 -4.9038e+00
436 +2.410907632e+02 +2.410907632e+02 +6.937107632e+02 +6.937107632e+02 -9.8688e-01 -2.3803e+00 +4.1272e+00 -3.4059e+00 -8.2513e-03
574 +1.140682283e+02 +1.140682283e+02 +5.666882283e+02 +5.666882283e+02 -4.9975e+00 +6.3819e-01 -3.1713e+00 +4.6708e+00 -4.7176e+00
2654 +9.264076634e+01 +9.264076634e+01 +5.452607663e+02 +5.452607663e+02 -2.5133e+00 -1.9326e+00 -3.6825e+00 +2.7826e+00 -3.1163e+00
3099 +6.202965134e+01 +6.202965134e+01 +5.146496513e+02 +5.146496513e+02 +1.1965e+00 -4.6712e+00 -6.4684e-01 -2.5419e+00 -9.6875e-01
% function evaluation | noise-free fitness - Fopt (-1.184600000000e+02) | best noise-free fitness - Fopt | measured fitness | best measured fitness | x1 | x2...
1 +8.040060837e+06 +8.040060837e+06 +8.039942377e+06 +8.039942377e+06 -3.9192e+00 -3.7412e+00 +4.8538e+00 +3.9209e+00 -2.3206e-01
8 +3.370585028e+02 +3.370585028e+02 +2.185985028e+02 +2.185985028e+02 -3.3243e+00 -1.3257e+00 +2.7654e+00 +3.7814e+00 -3.7978e+00
974 +1.201409373e+02 +1.201409373e+02 +1.680937252e+00 +1.680937252e+00 -4.1857e+00 +4.5083e-02 +4.8870e+00 -2.3618e+00 -2.7624e+00
1750 +8.417645613e+01 +8.417645613e+01 -3.428354387e+01 -3.428354387e+01 -4.9330e+00 +2.8488e+00 +2.4501e+00 +3.9459e+00 -1.6087e+00
2370 +3.128085347e+01 +3.128085347e+01 -8.717914653e+01 -8.717914653e+01 -2.1526e+00 -4.8187e+00 -2.9757e+00 -2.9357e+00 -3.9554e+00
3764 +2.060904634e+01 +2.060904634e+01 -9.785095366e+01 -9.785095366e+01 -9.0295e-01 +4.3640e-01 -4.0923e+00 +1.9879e+00 -4.3270e+00
% function evaluation | noise-free fitness - Fopt (9.973000000000e+01) | best noise-free fitness - Fopt | measured fitness | best measured fitness | x1 | x2...
1 +1.820755649e+06 +1.820755649e+06 +1.820855379e+06 +1.820855379e+06 -3.9575e+00 +2.3590e+00 -2.7464e+00 -2.9983e+00 -8.1220e-01
7 +1.060041703e+06 +1.060041703e+06 +1.060141433e+06 +1.060141433e+06 +2.7175e-01 +1.8089e+00 +2.1961e+00 -2.5526e+00 +2.3647e+00
25 +9.012052655e+02 +9.012052655e+02 +1.000935266e+03 +1.000935266e+03 -3.1448e+00 +4.0325e-01 +5.9915e-01 -1.2458e+00 +4.1245e+00
246 +7.965211898e+01 +7.965211898e+01 +1.793821190e+02 +1.793821190e+02 -3.8724e+00 +6.1131e-02 +4.6613e+00 -1.9029e+00 +1.4610e+00
2592 +6.224788755e+01 +6.224788755e+01 +1.619778875e+02 +1.619778875e+02 -6.7346e-02 +3.6621e+00 +1.3308e+00 +9.6761e-01 +2.6592e+00
% function evaluation | noise-free fitness - Fopt (4.044000000000e+01) | best noise-free fitness - Fopt | measured fitness | best measured fitness | x1 | x2...
1 +2.549807053e+07 +2.549807053e+07 +2.549811097e+07 +2.549811097e+07 -2.6043e+00 +2.9622e+00 -3.4228e+00 +2.3831e+00 +4.6063e+00
2 +5.242181480e+05 +5.242181480e+05 +5.242585880e+05 +5.242585880e+05 +2.9196e+00 -4.7074e+00 +4.5875e+00 -4.1093e+00 -6.8047e-01
6 +4.249168179e+03 +4.249168179e+03 +4.289608179e+03 +4.289608179e+03 +4.4623e+00 +4.4048e+00 +2.9105e+00 +3.2028e-01 +3.6690e+00
58 +1.443292382e+03 +1.443292382e+03 +1.483732382e+03 +1.483732382e+03 +4.9023e+00 +2.7205e+00 +4.2373e+00 -1.0488e+00 -2.8004e+00
193 +3.803745880e+01 +3.803745880e+01 +7.847745880e+01 +7.847745880e+01 +2.2728e+00 +1.5236e+00 -3.1709e+00 -1.5923e+00 -1.4467e+00
1237 +1.926068204e+01 +1.926068204e+01 +5.970068204e+01 +5.970068204e+01 +2.7785e+00 -7.7179e-01 +5.4123e-01 -1.7017e+00 +3.3056e-01
% function evaluation | noise-free fitness - Fopt (-1.216000000000e+02) | best noise-free fitness - Fopt | measured fitness | best measured fitness | x1 | x2...
1 +5.709196738e+06 +5.709196738e+06 +5.709075138e+06 +5.709075138e+06 -3.3760e-01 +4.3846e+00 -4.6040e-01 -6.4105e-01 -4.5088e+00
2 +1.567876544e+06 +1.567876544e+06 +1.567754944e+06 +1.567754944e+06 +4.9782e+00 -3.1724e+00 +1.0783e+00 -3.5199e+00 +2.7848e+00
4 +3.233969263e+05 +3.233969263e+05 +3.232753263e+05 +3.232753263e+05 +1.6238e+00 +8.3765e-01 +6.6245e-02 -2.9694e+00 +1.0871e+00
8 +1.179634263e+05 +1.179634263e+05 +1.178418263e+05 +1.178418263e+05 -3.5263e+00 +2.9969e+00 -1.2565e+00 +3.3563e+00 +1.8456e+00
27 +9.258333403e+04 +9.258333403e+04 +9.246173403e+04 +9.246173403e+04 +4.6255e+00 -1.1408e+00 +1.3475e+00 +2.0608e+00 -1.8041e+00
62 +1.261037558e+03 +1.261037558e+03 +1.139437558e+03 +1.139437558e+03 -2.1611e+00 +4.4343e+00 -3.7138e+00 -2.2806e-01 -4.4966e+00
255 +1.128073314e+02 +1.128073314e+02 -8.792668563e+00 -8.792668563e+00 +4.2918e-01 -3.2838e+00 +2.1471e+00 +4.7330e+00 -3.7513e+00
729 +3.192478238e+01 +3.192478238e+01 -8.967521762e+01 -8.967521762e+01 +2.0705e+00 -1.2402e+00 +9.4380e-01 +3.5744e-01 -9.5258e-01
4861 +2.418049616e+01 +2.418049616e+01 -9.741950384e+01 -9.741950384e+01 -2.3453e+00 -2.1696e+00 -4.7433e-01 -2.9633e+00 -2.5492e+00
% function evaluation | noise-free fitness - Fopt (-3.811000000000e+01) | best noise-free fitness - Fopt | measured fitness | best measured fitness | x1 | x2...
1 +2.075686110e+07 +2.075686110e+07 +2.075682299e+07 +2.075682299e+07 -2.0503e+00 +3.3634e+00 +1.2670e+00 +1.7946e+00 +4.7722e+00
2 +1.329714726e+07 +1.329714726e+07 +1.329710915e+07 +1.329710915e+07 +3.4623e+00 -2.3333e+00 -1.1314e+00 -4.9754e+00 -3.5324e+00
3 +4.697636665e+03 +4.697636665e+03 +4.659526665e+03 +4.659526665e+03 -2.1075e+00 -1.9316e+00 -9.2420e-01 -2.1709e+00 -2.5316e+00
123 +3.814116220e+03 +3.814116220e+03 +3.776006220e+03 +3.776006220e+03 -1.0777e+00 +1.9570e+00 +7.7049e-01 +4.1960e+00 -1.1852e+00
285 +9.971089501e+02 +9.971089501e+02 +9.589989501e+02 +9.589989501e+02 -2.7029e+00 -3.6404e+00 +2.4147e+00 +4.6823e+00 +1.6745e+00
525 +3.177815275e+01 +3.177815275e+01 -6.331847249e+00 -6.331847249e+00 -2.7075e+00 +7.8420e-01 +2.2013e+00 -2.1721e+00 -2.6606e+00
2096 +1.664751726e+01 +1.664751726e+01 -2.146248274e+01 -2.146248274e+01 -4.3005e+00 -3.1560e+00 +9.2418e-01 +2.4886e-01 +6.8488e-01
