% function evaluation | noise-free fitness - Fopt (-5.235000000000e+01) | best noise-free fitness - Fopt | measured fitness | best measured fitness | x1 | x2...
1 +2.311963112e+01 +2.311963112e+01 -2.923036888e+01 -2.923036888e+01 +6.6254e-01 +2.1169e+00
2 +5.613630168e+00 +5.613630168e+00 -4.673636983e+01 -4.673636983e+01 +4.4254e+00 +6.6641e-01
7 +2.779764296e+00 +2.779764296e+00 -4.957023570e+01 -4.957023570e+01 -3.0553e+00 -5.2850e-01
25 +2.153430662e+00 +2.153430662e+00 -5.019656934e+01 -5.019656934e+01 +1.2746e+00 -9.3350e-01
46 +3.483933856e-01 +3.483933856e-01 -5.200160661e+01 -5.200160661e+01 -1.3142e+00 -8.9822e-01
112 +1.826811543e-01 +1.826811543e-01 -5.216731885e+01 -5.216731885e+01 -6.7602e-01 -1.2696e+00
209 +1.177933476e-01 +1.177933476e-01 -5.223220665e+01 -5.223220665e+01 -8.0192e-01 -1.0532e+00
327 +7.227344067e-02 +7.227344067e-02 -5.227772656e+01 -5.227772656e+01 -9.5298e-01 -8.4524e-01
772 +2.999508220e-02 +2.999508220e-02 -5.232000492e+01 -5.232000492e+01 -8.6022e-01 -1.4022e+00
792 +1.357953901e-02 +1.357953901e-02 -5.233642046e+01 -5.233642046e+01 -9.0189e-01 -1.0851e+00
1347 +9.248992932e-03 +9.248992932e-03 -5.234075101e+01 -5.234075101e+01 -8.5567e-01 -1.3403e+00
1547 +2.717442977e-03 +2.717442977e-03 -5.234728256e+01 -5.234728256e+01 -8.5574e-01 -1.3152e+00
1627 +5.091405658e-04 +5.091405658e-04 -5.234949086e+01 -5.234949086e+01 -8.5211e-01 -1.3172e+00
1903 +2.910878941e-04 +2.910878941e-04 -5.234970891e+01 -5.234970891e+01 -8.6316e-01 -1.2764e+00
2287 +7.987455164e-05 +7.987455164e-05 -5.234992013e+01 -5.234992013e+01 -8.7023e-01 -1.2517e+00
2617 +4.475467974e-05 +4.475467974e-05 -5.234995525e+01 -5.234995525e+01 -8.6867e-01 -1.2573e+00
3036 +1.828441613e-05 +1.828441613e-05 -5.234998172e+01 -5.234998172e+01 -8.6839e-01 -1.2581e+00
3487 +8.325524114e-06 +8.325524114e-06 -5.234999167e+01 -5.234999167e+01 -8.7012e-01 -1.2517e+00
3848 +3.661334915e-06 +3.661334915e-06 -5.234999634e+01 -5.234999634e+01 -8.7030e-01 -1.2511e+00
4491 +2.245727856e-06 +2.245727856e-06 -5.234999775e+01 -5.234999775e+01 -8.7021e-01 -1.2514e+00
4514 +1.007476868e-06 +1.007476868e-06 -5.234999899e+01 -5.234999899e+01 -8.7019e-01 -1.2515e+00
4628 +4.423500712e-07 +4.423500712e-07 -5.234999956e+01 -5.234999956e+01 -8.7020e-01 -1.2515e+00
% function evaluation | noise-free fitness - Fopt (-1.795400000000e+02) | best noise-free fitness - Fopt | measured fitness | best measured fitness | x1 | x2...
1 +4.430840701e+01 +4.430840701e+01 -1.352315930e+02 -1.352315930e+02 +2.1897e+00 -4.1886e+00
2 +4.948979712e+00 +4.948979712e+00 -1.745910203e+02 -1.745910203e+02 +1.3246e-01 -1.0628e+00
5 +3.836040856e+00 +3.836040856e+00 -1.757039591e+02 -1.757039591e+02 +1.0535e+00 +2.1363e+00
15 +2.365977678e+00 +2.365977678e+00 -1.771740223e+02 -1.771740223e+02 -1.3454e+00 +3.2567e-01
18 +2.556986818e-01 +2.556986818e-01 -1.792843013e+02 -1.792843013e+02 +7.2347e-01 +9.2838e-01
105 +1.041685633e-01 +1.041685633e-01 -1.794358314e+02 -1.794358314e+02 +7.7560e-01 +7.0534e-01
246 +1.668194906e-02 +1.668194906e-02 -1.795233181e+02 -1.795233181e+02 +8.4254e-01 +6.4407e-01
752 +1.341518460e-02 +1.341518460e-02 -1.795265848e+02 -1.795265848e+02 +9.0416e-01 +7.1446e-01
911 +4.903954318e-03 +4.903954318e-03 -1.795350960e+02 -1.795350960e+02 +8.6416e-01 +6.4179e-01
1426 +3.518776471e-03 +3.518776471e-03 -1.795364812e+02 -1.795364812e+02 +8.6026e-01 +6.3783e-01
1796 +1.883690969e-03 +1.883690969e-03 -1.795381163e+02 -1.795381163e+02 +7.8460e-01 +4.9211e-01
1825 +7.404353396e-04 +7.404353396e-04 -1.795392596e+02 -1.795392596e+02 +8.1785e-01 +5.5890e-01
2310 +4.808696946e-04 +4.808696946e-04 -1.795395191e+02 -1.795395191e+02 +8.1362e-01 +5.5127e-01
2481 +3.797135939e-04 +3.797135939e-04 -1.795396203e+02 -1.795396203e+02 +8.1050e-01 +5.4708e-01
2561 +1.531626470e-04 +1.531626470e-04 -1.795398468e+02 -1.795398468e+02 +8.1045e-01 +5.4649e-01
2681 +6.903911927e-05 +6.903911927e-05 -1.795399310e+02 -1.795399310e+02 +8.1056e-01 +5.4629e-01
2721 +5.144772425e-05 +5.144772425e-05 -1.795399486e+02 -1.795399486e+02 +8.1050e-01 +5.4623e-01
3806 +3.933071497e-05 +3.933071497e-05 -1.795399607e+02 -1.795399607e+02 +8.0922e-01 +5.4380e-01
% function evaluation | noise-free fitness - Fopt (7.731000000000e+01) | best noise-free fitness - Fopt | measured fitness | best measured fitness | x1 | x2...
1 +7.492742569e+01 +7.492742569e+01 +1.522374257e+02 +1.522374257e+02 -1.1781e+00 -4.7155e+00
2 +5.195874395e+01 +5.195874395e+01 +1.292687440e+02 +1.292687440e+02 -4.1186e+00 -4.0634e+00
3 +1.349094914e+01 +1.349094914e+01 +9.080094914e+01 +9.080094914e+01 -3.5505e+00 +1.9731e+00
5 +2.937756759e+00 +2.937756759e+00 +8.024775676e+01 +8.024775676e+01 -1.9735e+00 +2.7582e-01
7 +1.955287622e+00 +1.955287622e+00 +7.926528762e+01 +7.926528762e+01 +7.1310e-01 +6.5093e-01
19 +8.799557656e-01 +8.799557656e-01 +7.818995577e+01 +7.818995577e+01 +5.6017e-02 -4.3516e-02
25 +4.192652631e-01 +4.192652631e-01 +7.772926526e+01 +7.772926526e+01 +1.3307e+00 -2.9118e-01
54 +2.581590095e-01 +2.581590095e-01 +7.756815901e+01 +7.756815901e+01 +1.0011e+00 -1.2160e+00
289 +2.267496727e-01 +2.267496727e-01 +7.753674967e+01 +7.753674967e+01 +9.3997e-01 +0.0000e+00
396 +5.320470563e-02 +5.320470563e-02 +7.736320471e+01 +7.736320471e+01 +8.3106e-01 -8.7718e-01
880 +3.924479487e-02 +3.924479487e-02 +7.734924479e+01 +7.734924479e+01 +9.3846e-01 -5.3625e-01
1035 +1.723364887e-02 +1.723364887e-02 +7.732723365e+01 +7.732723365e+01 +8.7830e-01 -6.0153e-01
1116 +3.070555685e-03 +3.070555685e-03 +7.731307056e+01 +7.731307056e+01 +9.0419e-01 -4.6701e-01
1629 +2.817824655e-04 +2.817824655e-04 +7.731028178e+01 +7.731028178e+01 +8.9340e-01 -6.3559e-01
2165 +4.276967074e-05 +4.276967074e-05 +7.731004277e+01 +7.731004277e+01 +8.9330e-01 -6.4230e-01
2720 +3.216339805e-05 +3.216339805e-05 +7.731003216e+01 +7.731003216e+01 +8.9451e-01 -6.2114e-01
3187 +1.916666264e-05 +1.916666264e-05 +7.731001917e+01 +7.731001917e+01 +8.9454e-01 -6.1970e-01
3200 +3.158079920e-06 +3.158079920e-06 +7.731000316e+01 +7.731000316e+01 +8.9440e-01 -6.2250e-01
3415 +2.371710309e-06 +2.371710309e-06 +7.731000237e+01 +7.731000237e+01 +8.9452e-01 -6.2038e-01
% function evaluation | noise-free fitness - Fopt (3.992000000000e+01) | best noise-free fitness - Fopt | measured fitness | best measured fitness | x1 | x2...
1 +1.065000631e+02 +1.065000631e+02 +1.464200631e+02 +1.464200631e+02 +5.1654e-01 +2.8937e+00
2 +3.513323428e+01 +3.513323428e+01 +7.505323428e+01 +7.505323428e+01 +4.4327e+00 +2.4640e+00
3 +7.720336829e+00 +7.720336829e+00 +4.764033683e+01 +4.764033683e+01 -3.1388e+00 -4.1092e+00
4 +8.318677031e-01 +8.318677031e-01 +4.075186770e+01 +4.075186770e+01 +4.7564e+00 -8.6286e-01
47 +4.702767755e-01 +4.702767755e-01 +4.039027678e+01 +4.039027678e+01 +3.4917e+00 -1.1755e+00
48 +3.068735798e-01 +3.068735798e-01 +4.022687358e+01 +4.022687358e+01 +3.6246e+00 -1.0436e+00
53 +3.887614850e-02 +3.887614850e-02 +3.995887615e+01 +3.995887615e+01 +3.9033e+00 -1.0456e+00
493 +2.115675622e-02 +2.115675622e-02 +3.994115676e+01 +3.994115676e+01 +3.8785e+00 -8.8516e-01
893 +1.035493605e-02 +1.035493605e-02 +3.993035494e+01 +3.993035494e+01 +3.8900e+00 -8.7559e-01
958 +8.990201968e-03 +8.990201968e-03 +3.992899020e+01 +3.992899020e+01 +3.9153e+00 -9.7696e-01
961 +6.149034365e-03 +6.149034365e-03 +3.992614903e+01 +3.992614903e+01 +3.9485e+00 -1.0397e+00
1081 +3.197217074e-04 +3.197217074e-04 +3.992031972e+01 +3.992031972e+01 +3.9382e+00 -1.0270e+00
1773 +1.679603550e-04 +1.679603550e-04 +3.992016796e+01 +3.992016796e+01 +3.9382e+00 -1.0254e+00
2293 +9.193725359e-05 +9.193725359e-05 +3.992009194e+01 +3.992009194e+01 +3.9383e+00 -1.0262e+00
2953 +2.420157604e-05 +2.420157604e-05 +3.992002420e+01 +3.992002420e+01 +3.9502e+00 -1.0691e+00
3664 +1.163380740e-05 +1.163380740e-05 +3.992001163e+01 +3.992001163e+01 +3.9500e+00 -1.0683e+00
3869 +5.903836630e-06 +5.903836630e-06 +3.992000590e+01 +3.992000590e+01 +3.9500e+00 -1.0681e+00
4384 +1.555855285e-06 +1.555855285e-06 +3.992000156e+01 +3.992000156e+01 +3.9500e+00 -1.0681e+00
4664 +9.436537169e-07 +9.436537169e-07 +3.992000094e+01 +3.992000094e+01 +3.9500e+00 -1.0681e+00
4709 +5.063373223e-07 +5.063373223e-07 +3.992000051e+01 +3.992000051e+01 +3.9500e+00 -1.0681e+00
4984 +3.936170359e-07 +3.936170359e-07 +3.992000039e+01 +3.992000039e+01 +3.9500e+00 -1.0681e+00
% function evaluation | noise-free fitness - Fopt (-5.661000000000e+01) | best noise-free fitness - Fopt | measured fitness | best measured fitness | x1 | x2...
1 +5.935313221e+00 +5.935313221e+00 -5.067468678e+01 -5.067468678e+01 -4.2066e-01 +4.5117e+00
3 +3.198230355e+00 +3.198230355e+00 -5.341176964e+01 -5.341176964e+01 +8.9590e-01 +1.4858e+00
16 +9.584922791e-01 +9.584922791e-01 -5.565150772e+01 -5.565150772e+01 +9.1357e-01 +3.3528e+00
54 +1.086834698e-01 +1.086834698e-01 -5.650131653e+01 -5.650131653e+01 +1.9992e+00 +3.0517e+00
577 +6.112081736e-02 +6.112081736e-02 -5.654887918e+01 -5.654887918e+01 +2.2984e+00 +2.9895e+00
781 +3.216728488e-02 +3.216728488e-02 -5.657783272e+01 -5.657783272e+01 +1.7114e+00 +2.8157e+00
1012 +1.631196526e-02 +1.631196526e-02 -5.659368803e+01 -5.659368803e+01 +2.0202e+00 +2.9614e+00
1084 +8.260774781e-03 +8.260774781e-03 -5.660173923e+01 -5.660173923e+01 +1.9417e+00 +2.9275e+00
1292 +9.662148964e-04 +9.662148964e-04 -5.660903379e+01 -5.660903379e+01 +1.9531e+00 +2.9235e+00
1372 +4.054474296e-04 +4.054474296e-04 -5.660959455e+01 -5.660959455e+01 +1.9542e+00 +2.9233e+00
2052 +3.855801896e-04 +3.855801896e-04 -5.660961442e+01 -5.660961442e+01 +1.9543e+00 +2.9233e+00
2210 +4.806469710e-05 +4.806469710e-05 -5.660995194e+01 -5.660995194e+01 +1.9208e+00 +2.9119e+00
3270 +3.798253221e-05 +3.798253221e-05 -5.660996202e+01 -5.660996202e+01 +1.9205e+00 +2.9119e+00
3324 +1.415016958e-05 +1.415016958e-05 -5.660998585e+01 -5.660998585e+01 +1.9284e+00 +2.9145e+00
% function evaluation | noise-free fitness - Fopt (5.134000000000e+01) | best noise-free fitness - Fopt | measured fitness | best measured fitness | x1 | x2...
1 +1.133116239e+01 +1.133116239e+01 +6.267116239e+01 +6.267116239e+01 +8.7272e-01 -3.5427e+00
4 +1.114141111e+00 +1.114141111e+00 +5.245414111e+01 +5.245414111e+01 -3.7309e+00 -1.7677e+00
6 +2.469881297e-01 +2.469881297e-01 +5.158698813e+01 +5.158698813e+01 -2.4640e+00 -1.9082e+00
132 +1.239224453e-01 +1.239224453e-01 +5.146392245e+01 +5.146392245e+01 -2.9250e+00 -2.5583e+00
208 +3.739825139e-02 +3.739825139e-02 +5.137739825e+01 +5.137739825e+01 -2.3826e+00 -2.1915e+00
831 +2.093495318e-02 +2.093495318e-02 +5.136093495e+01 +5.136093495e+01 -2.4523e+00 -2.2162e+00
941 +1.505459036e-02 +1.505459036e-02 +5.135505459e+01 +5.135505459e+01 -2.6855e+00 -2.3543e+00
1209 +3.442730193e-03 +3.442730193e-03 +5.134344273e+01 +5.134344273e+01 -2.6768e+00 -2.3301e+00
1581 +1.313744487e-04 +1.313744487e-04 +5.134013137e+01 +5.134013137e+01 -2.5845e+00 -2.2741e+00
2339 +8.814594351e-05 +8.814594351e-05 +5.134008815e+01 +5.134008815e+01 -2.5815e+00 -2.2725e+00
2402 +6.141681392e-05 +6.141681392e-05 +5.134006142e+01 +5.134006142e+01 -2.5817e+00 -2.2725e+00
3185 +3.670405120e-05 +3.670405120e-05 +5.134003670e+01 +5.134003670e+01 -2.5810e+00 -2.2720e+00
3612 +1.050749726e-05 +1.050749726e-05 +5.134001051e+01 +5.134001051e+01 -2.5709e+00 -2.2657e+00
4212 +9.785065679e-06 +9.785065679e-06 +5.134000979e+01 +5.134000979e+01 -2.5709e+00 -2.2657e+00
% function evaluation | noise-free fitness - Fopt (-1.244000000000e+02) | best noise-free fitness - Fopt | measured fitness | best measured fitness | x1 | x2...
1 +5.681394968e+01 +5.681394968e+01 -6.758605032e+01 -6.758605032e+01 -7.0276e-01 -3.4527e+00
2 +1.319427552e+01 +1.319427552e+01 -1.112057245e+02 -1.112057245e+02 +1.9442e-01 -1.6122e+00
6 +1.621984599e+00 +1.621984599e+00 -1.227780154e+02 -1.227780154e+02 +1.9728e+00 +6.4014e-01
41 +7.429507952e-01 +7.429507952e-01 -1.236570492e+02 -1.236570492e+02 +8.1565e-01 +1.5473e+00
45 +2.741920516e-02 +2.741920516e-02 -1.243725808e+02 -1.243725808e+02 +1.5344e-01 +1.1377e+00
595 +2.437629469e-02 +2.437629469e-02 -1.243756237e+02 -1.243756237e+02 +3.4359e-01 +6.0962e-01
703 +8.406052051e-03 +8.406052051e-03 -1.243915939e+02 -1.243915939e+02 +2.6678e-01 +8.7109e-01
1382 +2.273511876e-03 +2.273511876e-03 -1.243977265e+02 -1.243977265e+02 +2.6154e-01 +8.5236e-01
1716 +7.261131861e-04 +7.261131861e-04 -1.243992739e+02 -1.243992739e+02 +2.6975e-01 +8.3639e-01
2027 +2.731151017e-04 +2.731151017e-04 -1.243997269e+02 -1.243997269e+02 +2.6762e-01 +8.3992e-01
2467 +2.352274378e-04 +2.352274378e-04 -1.243997648e+02 -1.243997648e+02 +2.6767e-01 +8.3988e-01
2532 +1.187420653e-04 +1.187420653e-04 -1.243998813e+02 -1.243998813e+02 +2.4676e-01 +9.0592e-01
2879 +9.718795344e-05 +9.718795344e-05 -1.243999028e+02 -1.243999028e+02 +2.5337e-01 +8.8583e-01
3008 +3.072176594e-05 +3.072176594e-05 -1.243999693e+02 -1.243999693e+02 +2.5324e-01 +8.8602e-01
3247 +1.755370440e-05 +1.755370440e-05 -1.243999824e+02 -1.243999824e+02 +2.5398e-01 +8.8354e-01
3337 +9.421486780e-06 +9.421486780e-06 -1.243999906e+02 -1.243999906e+02 +2.5311e-01 +8.8631e-01
3417 +8.813857164e-07 +8.813857164e-07 -1.243999991e+02 -1.243999991e+02 +2.5312e-01 +8.8632e-01
3897 +2.621440842e-08 +2.621440842e-08 -1.244000000e+02 -1.244000000e+02 +2.5312e-01 +8.8632e-01
4537 +9.199396800e-09 +9.199396800e-09 -1.244000000e+02 -1.244000000e+02 +2.5312e-01 +8.8632e-01
4737 +5.123851565e-09 +5.123851565e-09 -1.244000000e+02 -1.244000000e+02 +2.5312e-01 +8.8632e-01
% function evaluation | noise-free fitness - Fopt (6.000000000000e-01) | best noise-free fitness - Fopt | measured fitness | best measured fitness | x1 | x2...
1 +1.145456090e+00 +1.145456090e+00 +1.745456090e+00 +1.745456090e+00 +1.8779e+00 -9.6988e-01
14 +3.087120710e-01 +3.087120710e-01 +9.087120710e-01 +9.087120710e-01 +3.2016e+00 -1.6911e+00
137 +2.203493337e-01 +2.203493337e-01 +8.203493337e-01 +8.203493337e-01 +2.7993e+00 -1.7102e+00
278 +1.486626227e-01 +1.486626227e-01 +7.486626227e-01 +7.486626227e-01 +2.3687e+00 -2.1795e+00
350 +1.842380281e-02 +1.842380281e-02 +6.184238028e-01 +6.184238028e-01 +2.6690e+00 -1.9823e+00
942 +6.844414171e-03 +6.844414171e-03 +6.068444142e-01 +6.068444142e-01 +2.4185e+00 -2.0178e+00
1459 +4.717779735e-03 +4.717779735e-03 +6.047177797e-01 +6.047177797e-01 +2.5070e+00 -1.9940e+00
1597 +1.533678209e-03 +1.533678209e-03 +6.015336782e-01 +6.015336782e-01 +2.5600e+00 -1.9856e+00
1717 +8.387262700e-04 +8.387262700e-04 +6.008387263e-01 +6.008387263e-01 +2.6046e+00 -1.9783e+00
1957 +4.835287075e-04 +4.835287075e-04 +6.004835287e-01 +6.004835287e-01 +2.5825e+00 -1.9818e+00
2243 +7.884386975e-05 +7.884386975e-05 +6.000788439e-01 +6.000788439e-01 +2.5832e+00 -1.9820e+00
2395 +5.910449999e-05 +5.910449999e-05 +6.000591045e-01 +6.000591045e-01 +2.6081e+00 -1.9766e+00
2675 +3.362024344e-05 +3.362024344e-05 +6.000336202e-01 +6.000336202e-01 +2.6067e+00 -1.9770e+00
3235 +3.865259453e-06 +3.865259453e-06 +6.000038653e-01 +6.000038653e-01 +2.6065e+00 -1.9771e+00
3315 +2.393711010e-06 +2.393711010e-06 +6.000023937e-01 +6.000023937e-01 +2.6064e+00 -1.9771e+00
3435 +1.405469227e-06 +1.405469227e-06 +6.000014055e-01 +6.000014055e-01 +2.6064e+00 -1.9771e+00
3515 +5.494502510e-07 +5.494502510e-07 +6.000005495e-01 +6.000005495e-01 +2.6064e+00 -1.9771e+00
3755 +3.758779730e-07 +3.758779730e-07 +6.000003759e-01 +6.000003759e-01 +2.6064e+00 -1.9771e+00
3991 +1.652155021e-07 +1.652155021e-07 +6.000001652e-01 +6.000001652e-01 +2.6064e+00 -1.9771e+00
4075 +9.410795154e-08 +9.410795154e-08 +6.000000941e-01 +6.000000941e-01 +2.6064e+00 -1.9771e+00
4155 +6.204721348e-08 +6.204721348e-08 +6.000000620e-01 +6.000000620e-01 +2.6064e+00 -1.9771e+00
4315 +2.982533764e-08 +2.982533764e-08 +6.000000298e-01 +6.000000298e-01 +2.6064e+00 -1.9771e+00
4435 +1.875895517e-08 +1.875895517e-08 +6.000000188e-01 +6.000000188e-01 +2.6064e+00 -1.9771e+00
4635 +1.485268097e-08 +1.485268097e-08 +6.000000149e-01 +6.000000149e-01 +2.6064e+00 -1.9771e+00
% function evaluation | noise-free fitness - Fopt (-4.071000000000e+01) | best noise-free fitness - Fopt | measured fitness | best measured fitness | x1 | x2...
1 +2.539705023e+01 +2.539705023e+01 -1.531294977e+01 -1.531294977e+01 +3.7762e+00 +2.2000e+00
2 +1.691573821e-01 +1.691573821e-01 -4.054084262e+01 -4.054084262e+01 +9.8889e-01 -3.0273e+00
6 +9.611503480e-02 +9.611503480e-02 -4.061388497e+01 -4.061388497e+01 +7.1380e-01 -3.0314e+00
117 +4.659341156e-02 +4.659341156e-02 -4.066340659e+01 -4.066340659e+01 +5.0316e-01 -2.5233e+00
399 +2.802000303e-02 +2.802000303e-02 -4.068198000e+01 -4.068198000e+01 +6.5708e-01 -2.6628e+00
744 +1.688568365e-02 +1.688568365e-02 -4.069311432e+01 -4.069311432e+01 +6.1234e-01 -2.6018e+00
1133 +2.596447975e-03 +2.596447975e-03 -4.070740355e+01 -4.070740355e+01 +6.6462e-01 -2.7432e+00
1644 +4.194032299e-04 +4.194032299e-04 -4.070958060e+01 -4.070958060e+01 +6.6619e-01 -2.7415e+00
1744 +2.525665821e-04 +2.525665821e-04 -4.070974743e+01 -4.070974743e+01 +6.8717e-01 -2.7810e+00
2414 +2.394652716e-04 +2.394652716e-04 -4.070976053e+01 -4.070976053e+01 +6.8406e-01 -2.7751e+00
2427 +1.186304847e-04 +1.186304847e-04 -4.070988137e+01 -4.070988137e+01 +6.3832e-01 -2.6873e+00
2475 +6.753229502e-05 +6.753229502e-05 -4.070993247e+01 -4.070993247e+01 +6.7474e-01 -2.7568e+00
2887 +5.233233286e-05 +5.233233286e-05 -4.070994767e+01 -4.070994767e+01 +6.7483e-01 -2.7572e+00
3217 +1.003592132e-06 +1.003592132e-06 -4.070999900e+01 -4.070999900e+01 +6.6249e-01 -2.7336e+00
4641 +3.615703079e-07 +3.615703079e-07 -4.070999964e+01 -4.070999964e+01 +6.6249e-01 -2.7336e+00
4681 +2.076596957e-07 +2.076596957e-07 -4.070999979e+01 -4.070999979e+01 +6.6249e-01 -2.7336e+00
4961 +1.583086799e-07 +1.583086799e-07 -4.070999984e+01 -4.070999984e+01 +6.6249e-01 -2.7336e+00
% function evaluation | noise-free fitness - Fopt (8.143200000000e+02) | best noise-free fitness - Fopt | measured fitness | best measured fitness | x1 | x2...
1 +5.578564719e+01 +5.578564719e+01 +8.701056472e+02 +8.701056472e+02 +4.2581e+00 +2.1799e+00
5 +4.443141580e+00 +4.443141580e+00 +8.187631416e+02 +8.187631416e+02 +1.2369e+00 -1.8891e+00
11 +3.770965178e+00 +3.770965178e+00 +8.180909652e+02 +8.180909652e+02 +7.6420e-01 -2.5922e+00
18 +2.271966184e+00 +2.271966184e+00 +8.165919662e+02 +8.165919662e+02 -3.0528e+00 -2.5640e+00
45 +1.236914291e+00 +1.236914291e+00 +8.155569143e+02 +8.155569143e+02 -2.9923e+00 -5.0000e+00
78 +3.656584180e-01 +3.656584180e-01 +8.146856584e+02 +8.146856584e+02 -2.7409e+00 -3.1676e+00
84 +4.181206558e-02 +4.181206558e-02 +8.143618121e+02 +8.143618121e+02 -2.8308e+00 -3.8821e+00
208 +5.494520109e-03 +5.494520109e-03 +8.143254945e+02 +8.143254945e+02 -2.8094e+00 -3.7870e+00
1251 +2.240487702e-03 +2.240487702e-03 +8.143222405e+02 +8.143222405e+02 -2.7635e+00 -3.9685e+00
1265 +3.732040342e-04 +3.732040342e-04 +8.143203732e+02 +8.143203732e+02 -2.8135e+00 -3.7919e+00
2487 +5.899021869e-05 +5.899021869e-05 +8.143200590e+02 +8.143200590e+02 -2.7839e+00 -3.8934e+00
2504 +2.708964200e-05 +2.708964200e-05 +8.143200271e+02 +8.143200271e+02 -2.7958e+00 -3.8529e+00
3282 +2.103253007e-05 +2.103253007e-05 +8.143200210e+02 +8.143200210e+02 -2.7959e+00 -3.8527e+00
3334 +1.257438430e-05 +1.257438430e-05 +8.143200126e+02 +8.143200126e+02 -2.7957e+00 -3.8531e+00
3428 +4.924554446e-06 +4.924554446e-06 +8.143200049e+02 +8.143200049e+02 -2.7969e+00 -3.8491e+00
4070 +1.978065370e-06 +1.978065370e-06 +8.143200020e+02 +8.143200020e+02 -2.7969e+00 -3.8489e+00
4119 +7.961788242e-07 +7.961788242e-07 +8.143200008e+02 +8.143200008e+02 -2.7970e+00 -3.8489e+00
% function evaluation | noise-free fitness - Fopt (-6.205000000000e+01) | best noise-free fitness - Fopt | measured fitness | best measured fitness | x1 | x2...
1 +5.963218305e+00 +5.963218305e+00 -5.608678170e+01 -5.608678170e+01 -1.7630e+00 +4.1378e+00
3 +3.165547102e+00 +3.165547102e+00 -5.888445290e+01 -5.888445290e+01 +1.4114e+00 +1.9604e+00
8 +4.442527963e-01 +4.442527963e-01 -6.160574720e+01 -6.160574720e+01 +2.6182e+00 -5.2999e-01
100 +1.364729684e-01 +1.364729684e-01 -6.191352703e+01 -6.191352703e+01 +2.4171e+00 -1.9128e-01
162 +6.788731077e-02 +6.788731077e-02 -6.198211269e+01 -6.198211269e+01 +2.2840e+00 -2.0305e-01
258 +1.133610392e-02 +1.133610392e-02 -6.203866390e+01 -6.203866390e+01 +1.9003e+00 -6.4388e-01
1374 +9.700041237e-03 +9.700041237e-03 -6.204029996e+01 -6.204029996e+01 +1.8755e+00 -6.5550e-01
1537 +2.460423068e-03 +2.460423068e-03 -6.204753958e+01 -6.204753958e+01 +1.9718e+00 -5.6185e-01
1846 +6.566441674e-04 +6.566441674e-04 -6.204934336e+01 -6.204934336e+01 +1.9728e+00 -5.5813e-01
2209 +3.083238109e-04 +3.083238109e-04 -6.204969168e+01 -6.204969168e+01 +1.9831e+00 -5.4668e-01
2253 +2.112962235e-04 +2.112962235e-04 -6.204978870e+01 -6.204978870e+01 +1.9881e+00 -5.4219e-01
2831 +6.545394853e-05 +6.545394853e-05 -6.204993455e+01 -6.204993455e+01 +2.0363e+00 -4.9304e-01
3532 +4.496881445e-06 +4.496881445e-06 -6.204999550e+01 -6.204999550e+01 +2.0364e+00 -4.9310e-01
3772 +3.786978063e-06 +3.786978063e-06 -6.204999621e+01 -6.204999621e+01 +2.0364e+00 -4.9308e-01
% function evaluation | noise-free fitness - Fopt (-4.328000000000e+01) | best noise-free fitness - Fopt | measured fitness | best measured fitness | x1 | x2...
1 +7.584700824e+00 +7.584700824e+00 -3.569529918e+01 -3.569529918e+01 -1.6690e+00 -4.8679e+00
9 +1.909533706e+00 +1.909533706e+00 -4.137046629e+01 -4.137046629e+01 -1.2574e+00 +4.2117e+00
11 +1.057590535e+00 +1.057590535e+00 -4.222240947e+01 -4.222240947e+01 -6.5535e-01 +1.5956e+00
112 +7.310471456e-01 +7.310471456e-01 -4.254895285e+01 -4.254895285e+01 -5.2144e-01 +1.8997e+00
166 +3.086430508e-01 +3.086430508e-01 -4.297135695e+01 -4.297135695e+01 +2.7682e-02 +2.8232e+00
291 +1.535987006e-02 +1.535987006e-02 -4.326464013e+01 -4.326464013e+01 -6.3207e-01 +2.6603e+00
1308 +1.171831410e-03 +1.171831410e-03 -4.327882817e+01 -4.327882817e+01 -5.8403e-01 +2.6654e+00
2223 +3.485497653e-04 +3.485497653e-04 -4.327965145e+01 -4.327965145e+01 -5.0015e-01 +2.6449e+00
2356 +1.534463383e-04 +1.534463383e-04 -4.327984655e+01 -4.327984655e+01 -5.0248e-01 +2.6456e+00
3010 +5.408057897e-05 +5.408057897e-05 -4.327994592e+01 -4.327994592e+01 -5.0140e-01 +2.6456e+00
3130 +2.154272650e-05 +2.154272650e-05 -4.327997846e+01 -4.327997846e+01 -5.0162e-01 +2.6455e+00
3209 +8.153217486e-06 +8.153217486e-06 -4.327999185e+01 -4.327999185e+01 -4.9939e-01 +2.6450e+00
3237 +3.989850740e-06 +3.989850740e-06 -4.327999601e+01 -4.327999601e+01 -5.0340e-01 +2.6460e+00
3477 +3.944499980e-06 +3.944499980e-06 -4.327999606e+01 -4.327999606e+01 -5.0338e-01 +2.6460e+00
% function evaluation | noise-free fitness - Fopt (-3.916000000000e+01) | best noise-free fitness - Fopt | measured fitness | best measured fitness | x1 | x2...
1 +3.201121180e+01 +3.201121180e+01 -7.148788198e+00 -7.148788198e+00 +6.8262e-01 -2.2518e+00
3 +3.059589784e+00 +3.059589784e+00 -3.610041022e+01 -3.610041022e+01 -3.6725e+00 -1.2435e+00
12 +2.157873770e+00 +2.157873770e+00 -3.700212623e+01 -3.700212623e+01 -3.4690e+00 +4.1144e+00
47 +1.324651605e+00 +1.324651605e+00 -3.783534840e+01 -3.783534840e+01 -2.4854e+00 +1.0680e+00
48 +9.059601405e-01 +9.059601405e-01 -3.825403986e+01 -3.825403986e+01 -2.9330e+00 +2.6646e+00
83 +3.529004380e-01 +3.529004380e-01 -3.880709956e+01 -3.880709956e+01 -4.0354e+00 +2.1389e+00
163 +2.307318967e-01 +2.307318967e-01 -3.892926810e+01 -3.892926810e+01 -3.0453e+00 +1.9234e+00
283 +9.688042833e-02 +9.688042833e-02 -3.906311957e+01 -3.906311957e+01 -3.6179e+00 +1.9833e+00
360 +6.152867919e-02 +6.152867919e-02 -3.909847132e+01 -3.909847132e+01 -3.9990e+00 +1.7529e+00
731 +3.326561461e-02 +3.326561461e-02 -3.912673439e+01 -3.912673439e+01 -3.7282e+00 +1.8206e+00
846 +1.312823723e-02 +1.312823723e-02 -3.914687176e+01 -3.914687176e+01 -3.4147e+00 +1.9349e+00
1079 +9.364024764e-03 +9.364024764e-03 -3.915063598e+01 -3.915063598e+01 -3.4392e+00 +1.9282e+00
1495 +4.722892331e-03 +4.722892331e-03 -3.915527711e+01 -3.915527711e+01 -3.6663e+00 +1.8757e+00
1599 +5.959436144e-04 +5.959436144e-04 -3.915940406e+01 -3.915940406e+01 -3.6561e+00 +1.8729e+00
1915 +8.461392216e-05 +8.461392216e-05 -3.915991539e+01 -3.915991539e+01 -3.6188e+00 +1.8832e+00
2655 +6.181344158e-05 +6.181344158e-05 -3.915993819e+01 -3.915993819e+01 -3.6049e+00 +1.8866e+00
3422 +1.471922666e-05 +1.471922666e-05 -3.915998528e+01 -3.915998528e+01 -3.6527e+00 +1.8744e+00
3495 +4.557610573e-06 +4.557610573e-06 -3.915999544e+01 -3.915999544e+01 -3.6511e+00 +1.8748e+00
3899 +1.345405735e-06 +1.345405735e-06 -3.915999865e+01 -3.915999865e+01 -3.6459e+00 +1.8761e+00
4565 +5.618818335e-07 +5.618818335e-07 -3.915999944e+01 -3.915999944e+01 -3.6459e+00 +1.8761e+00
% function evaluation | noise-free fitness - Fopt (-1.732800000000e+02) | best noise-free fitness - Fopt | measured fitness | best measured fitness | x1 | x2...
1 +7.905921862e+01 +7.905921862e+01 -9.422078138e+01 -9.422078138e+01 -3.7373e+00 +3.4163e+00
2 +4.697666210e+00 +4.697666210e+00 -1.685823338e+02 -1.685823338e+02 -2.2414e+00 +1.1817e+00
3 +3.918746501e+00 +3.918746501e+00 -1.693612535e+02 -1.693612535e+02 -2.7706e+00 -2.5537e+00
10 +1.593975152e+00 +1.593975152e+00 -1.716860248e+02 -1.716860248e+02 -4.3591e+00 -1.5874e+00
24 +1.303929576e+00 +1.303929576e+00 -1.719760704e+02 -1.719760704e+02 -3.5467e+00 +7.9920e-03
36 +1.672428110e-01 +1.672428110e-01 -1.731127572e+02 -1.731127572e+02 -3.2203e+00 -5.8765e-01
160 +1.379333807e-01 +1.379333807e-01 -1.731420666e+02 -1.731420666e+02 -2.6677e+00 -1.3434e+00
368 +5.666398834e-02 +5.666398834e-02 -1.732233360e+02 -1.732233360e+02 -2.9151e+00 -1.0534e+00
545 +3.331321038e-02 +3.331321038e-02 -1.732466868e+02 -1.732466868e+02 -2.8542e+00 -1.1295e+00
634 +9.193767632e-03 +9.193767632e-03 -1.732708062e+02 -1.732708062e+02 -2.8431e+00 -1.0577e+00
1235 +6.115433431e-03 +6.115433431e-03 -1.732738846e+02 -1.732738846e+02 -2.9157e+00 -8.9380e-01
1955 +2.662579419e-03 +2.662579419e-03 -1.732773374e+02 -1.732773374e+02 -2.8807e+00 -9.8363e-01
2118 +2.345825101e-03 +2.345825101e-03 -1.732776542e+02 -1.732776542e+02 -2.8681e+00 -1.0221e+00
2120 +1.380743776e-03 +1.380743776e-03 -1.732786193e+02 -1.732786193e+02 -2.8775e+00 -9.9965e-01
2271 +3.023835854e-04 +3.023835854e-04 -1.732796976e+02 -1.732796976e+02 -2.9364e+00 -8.6068e-01
2440 +1.993658269e-04 +1.993658269e-04 -1.732798006e+02 -1.732798006e+02 -2.9152e+00 -9.1097e-01
2729 +1.197528009e-04 +1.197528009e-04 -1.732798802e+02 -1.732798802e+02 -2.9146e+00 -9.1144e-01
3193 +9.771412562e-05 +9.771412562e-05 -1.732799023e+02 -1.732799023e+02 -2.9163e+00 -9.0754e-01
3210 +5.848768546e-05 +5.848768546e-05 -1.732799415e+02 -1.732799415e+02 -2.9154e+00 -9.0978e-01
3433 +1.081287652e-05 +1.081287652e-05 -1.732799892e+02 -1.732799892e+02 -2.9182e+00 -9.0337e-01
3673 +2.046351852e-06 +2.046351852e-06 -1.732799980e+02 -1.732799980e+02 -2.9182e+00 -9.0335e-01
3833 +1.547609486e-06 +1.547609486e-06 -1.732799985e+02 -1.732799985e+02 -2.9182e+00 -9.0337e-01
4147 +3.518593985e-07 +3.518593985e-07 -1.732799996e+02 -1.732799996e+02 -2.9182e+00 -9.0337e-01
4273 +6.501960570e-08 +6.501960570e-08 -1.732799999e+02 -1.732799999e+02 -2.9182e+00 -9.0337e-01
4404 +5.509434686e-08 +5.509434686e-08 -1.732799999e+02 -1.732799999e+02 -2.9182e+00 -9.0337e-01
4524 +3.627619094e-08 +3.627619094e-08 -1.732800000e+02 -1.732800000e+02 -2.9182e+00 -9.0337e-01
4604 +2.194644821e-08 +2.194644821e-08 -1.732800000e+02 -1.732800000e+02 -2.9182e+00 -9.0337e-01
% function evaluation | noise-free fitness - Fopt (-1.017000000000e+01) | best noise-free fitness - Fopt | measured fitness | best measured fitness | x1 | x2...
1 +2.748560116e-01 +2.748560116e-01 -9.895143988e+00 -9.895143988e+00 +1.0777e+00 +1.4334e+00
141 +1.161753328e-01 +1.161753328e-01 -1.005382467e+01 -1.005382467e+01 +1.3595e+00 +1.2575e+00
229 +3.751207814e-02 +3.751207814e-02 -1.013248792e+01 -1.013248792e+01 +1.5553e+00 +2.0002e+00
793 +1.534514207e-02 +1.534514207e-02 -1.015465486e+01 -1.015465486e+01 +1.3710e+00 +1.4885e+00
1209 +3.311099771e-03 +3.311099771e-03 -1.016668890e+01 -1.016668890e+01 +1.4817e+00 +1.8373e+00
1734 +1.139570375e-03 +1.139570375e-03 -1.016886043e+01 -1.016886043e+01 +1.4164e+00 +1.6261e+00
1833 +6.846460646e-04 +6.846460646e-04 -1.016931535e+01 -1.016931535e+01 +1.4676e+00 +1.8014e+00
1843 +3.286088420e-04 +3.286088420e-04 -1.016967139e+01 -1.016967139e+01 +1.4510e+00 +1.7453e+00
2552 +1.731003950e-04 +1.731003950e-04 -1.016982690e+01 -1.016982690e+01 +1.4519e+00 +1.7477e+00
2659 +1.336041918e-04 +1.336041918e-04 -1.016986640e+01 -1.016986640e+01 +1.4514e+00 +1.7460e+00
2752 +8.382350067e-05 +8.382350067e-05 -1.016991618e+01 -1.016991618e+01 +1.4511e+00 +1.7448e+00
2792 +4.525454652e-05 +4.525454652e-05 -1.016995475e+01 -1.016995475e+01 +1.4510e+00 +1.7442e+00
2832 +2.826960478e-05 +2.826960478e-05 -1.016997173e+01 -1.016997173e+01 +1.4509e+00 +1.7439e+00
2872 +2.104926667e-05 +2.104926667e-05 -1.016997895e+01 -1.016997895e+01 +1.4509e+00 +1.7438e+00
2917 +1.223852253e-05 +1.223852253e-05 -1.016998776e+01 -1.016998776e+01 +1.4512e+00 +1.7446e+00
4752 +9.881369495e-06 +9.881369495e-06 -1.016999012e+01 -1.016999012e+01 +1.4509e+00 +1.7438e+00
