% function evaluation | noise-free fitness - Fopt (-4.620900000000e+02) | best noise-free fitness - Fopt | measured fitness | best measured fitness | x1 | x2...
1 +2.239897804e+04 +2.239897804e+04 +2.193688804e+04 +2.193688804e+04 +4.1856e+00 +3.4619e+00 +4.3318e+00 -7.5502e-01 -4.8581e+00 -1.2372e+00 +2.2512e+00 -1.2998e+00 -6.6861e-01 -8.9280e-01 +9.3262e-01 +4.4153e-01 +4.3162e+00 +5.9048e-01 -9.7973e-02 -4.7825e+00 +4.7093e+00 +1.2206e-01 +1.4689e+00 +3.2854e+00
2 +1.516427295e+03 +1.516427295e+03 +1.054337295e+03 +1.054337295e+03 +3.6442e+00 +4.8855e-01 +4.0415e+00 -1.1368e+00 +1.2748e+00 -1.6305e+00 +1.7264e+00 -2.4203e-01 +1.9470e-01 +4.6217e+00 -1.0724e+00 +2.3024e+00 -3.7470e+00 -2.8320e+00 -1.9391e+00 -4.4716e+00 -4.5669e+00 +1.9087e+00 +2.4839e+00 -2.4740e+00
90 +9.937676873e+02 +9.937676873e+02 +5.316776873e+02 +5.316776873e+02 -1.5499e+00 +4.5100e-01 +1.3288e+00 +2.1265e+00 -4.3750e-01 +4.7316e+00 -1.6188e+00 +3.5308e-01 -5.9361e-01 -3.2640e-01 -4.9826e-01 -5.0452e-01 -1.0691e+00 -2.2558e+00 -5.6681e+00 -2.4999e+00 +7.7023e-02 +3.1142e+00 +3.3554e+00 +1.3064e+00
246 +6.048685386e+02 +6.048685386e+02 +1.427785386e+02 +1.427785386e+02 -2.5909e+00 +2.2616e+00 +2.0980e+00 +1.2412e-01 -5.8654e-02 -2.3377e+00 -1.5976e-01 -2.4915e+00 -4.0805e+00 -1.4682e+00 -4.1112e+00 -1.6654e+00 -1.6565e+00 -1.6121e+00 +5.7354e-01 -1.4425e+00 -9.3352e-01 +3.7266e+00 +2.8279e+00 +2.4252e+00
708 +3.885972798e+02 +3.885972798e+02 -7.349272022e+01 -7.349272022e+01 -1.8951e+00 -2.7686e+00 +2.5155e+00 +3.1069e-01 +1.2790e+00 +3.1644e-02 -3.0730e-02 +9.9590e-01 +6.5196e-01 -2.3488e+00 -4.9179e-01 -2.1629e+00 -8.1960e-01 -2.6029e+00 +3.5063e-01 -3.5116e+00 -1.9784e+00 +2.5655e+00 +1.4539e+00 +1.4981e+00
% function evaluation | noise-free fitness - Fopt (7.766000000000e+01) | best noise-free fitness - Fopt | measured fitness | best measured fitness | x1 | x2...
1 +7.125698126e+03 +7.125698126e+03 +7.203358126e+03 +7.203358126e+03 +3.9784e-01 -2.6809e+00 +3.9738e+00 -1.9104e+00 +3.4235e+00 +1.8388e-01 +4.8130e+00 +1.4345e+00 -4.0575e+00 -2.5799e+00 -4.4531e+00 -3.0405e+00 +2.0462e+00 -2.2651e+00 +1.0586e+00 -2.9973e+00 -2.8712e+00 +5.8234e-01 +1.9800e+00 +3.0628e+00
5 +2.609552288e+03 +2.609552288e+03 +2.687212288e+03 +2.687212288e+03 -2.2837e+00 -4.5824e+00 -2.3785e+00 +2.8571e+00 +1.6353e+00 -1.6420e+00 -4.4363e+00 -1.4693e+00 +1.9541e+00 +4.8609e+00 -3.0504e+00 -4.8262e+00 +1.2774e+00 -1.9285e+00 -4.3405e+00 -4.7915e-01 -2.0286e+00 +3.1250e-01 +7.8114e-01 +2.5025e+00
6 +1.143497053e+03 +1.143497053e+03 +1.221157053e+03 +1.221157053e+03 +2.4977e+00 +1.4265e+00 -4.4853e+00 -2.8363e+00 +3.7166e-01 +1.7553e+00 -8.7051e-01 +2.3760e+00 -3.6286e+00 -1.1356e+00 -3.4934e-01 +2.9748e+00 -1.6036e+00 +2.8492e+00 +3.4709e+00 +3.7705e+00 -4.9131e+00 -1.1078e+00 -2.5539e-01 -2.6060e+00
112 +7.313986312e+02 +7.313986312e+02 +8.090586312e+02 +8.090586312e+02 -1.1073e-01 -2.6994e+00 -4.8180e+00 -4.2770e-01 -4.6215e-01 +1.2744e+00 +7.4865e-01 +1.8079e-01 -4.4228e+00 -3.2944e+00 +2.3466e+00 -3.1291e+00 -1.0970e+00 +1.9711e+00 +3.9902e-01 +2.0831e+00 -4.1416e+00 -1.5649e+00 +7.2305e-01 -1.8609e+00
205 +5.980655681e+02 +5.980655681e+02 +6.757255681e+02 +6.757255681e+02 -1.4069e-01 -1.5876e+00 -2.5198e+00 +9.4454e-01 -6.1956e-01 +1.4500e+00 -3.5446e+00 +1.3507e+00 -2.5228e+00 +8.6640e-01 -1.4143e+00 -1.2119e+00 -1.2793e-01 -1.4129e-01 -3.9857e-01 +2.0632e+00 -3.1703e+00 -2.4307e+00 +7.4371e-01 -1.5067e+00
442 +3.612251748e+02 +3.612251748e+02 +4.388851748e+02 +4.388851748e+02 -7.5213e-01 -1.7271e+00 -2.9762e+00 +6.5516e-01 +2.3154e+00 +2.4145e+00 -2.2705e+00 +2.4440e+00 -3.1865e-01 -2.8344e+00 +1.5597e+00 -2.6199e+00 -7.3196e-01 +1.7226e-01 +1.4458e+00 +1.7389e+00 -2.6243e+00 -2.8429e+00 +2.4913e+00 -2.4856e+00
% function evaluation | noise-free fitness - Fopt (1.156800000000e+02) | best noise-free fitness - Fopt | measured fitness | best measured fitness | x1 | x2...
1 +1.126435006e+03 +1.126435006e+03 +1.242115006e+03 +1.242115006e+03 +6.4755e-01 -3.3436e+00 +5.6659e-01 +2.4909e+00 +3.8087e+00 -1.4092e+00 +2.0212e+00 +3.6884e+00 +7.0139e-01 -8.3827e-01 +1.1954e+00 -3.7837e+00 -3.0489e+00 -4.5207e+00 -4.7728e+00 -7.8221e-01 +7.2260e-01 +8.8835e-01 -1.1752e+00 -7.3481e-01
22 +9.396622980e+02 +9.396622980e+02 +1.055342298e+03 +1.055342298e+03 -4.0997e-01 -2.6532e+00 +2.5380e-02 +8.6898e-01 +2.8504e+00 -2.9799e+00 +2.3515e-01 +1.8899e+00 +1.3416e-01 -1.4391e+00 +1.0146e+00 +2.0902e+00 -1.2837e+00 -4.6679e+00 -1.3171e+00 -1.4949e+00 -2.3243e+00 +3.4141e+00 +5.6854e-01 +3.0656e+00
195 +6.186603324e+02 +6.186603324e+02 +7.343403324e+02 +7.343403324e+02 -1.9559e+00 -6.4570e-01 -1.0295e+00 +1.2786e+00 +3.5217e+00 -3.9821e+00 +2.2327e+00 +2.5777e+00 +1.7164e+00 -2.1174e+00 +1.4780e+00 +2.5287e+00 -1.3603e+00 -1.5876e+00 -1.7052e+00 +2.1309e+00 -1.7719e+00 +3.4574e+00 +2.7194e+00 -2.7098e-01
1257 +3.686528861e+02 +3.686528861e+02 +4.843328861e+02 +4.843328861e+02 -3.7045e+00 -1.0627e+00 +2.5420e-01 +2.9147e+00 +1.7453e+00 -2.2538e+00 +2.7112e+00 -2.0204e-01 +3.5727e-01 -2.4811e+00 +4.1903e-01 -1.3868e+00 +2.0567e+00 -3.1138e-01 -6.1469e-01 +1.4231e+00 -1.8396e+00 +5.1545e+00 +2.4522e+00 -1.6588e+00
4435 +2.511018092e+02 +2.511018092e+02 +3.667818092e+02 +3.667818092e+02 -4.0708e+00 -1.1144e+00 +1.2539e-01 +3.1295e+00 +1.1781e+00 -2.5986e+00 +2.8232e+00 +3.6062e-01 +2.0616e-01 -2.6168e+00 +4.4646e-01 -1.2882e+00 +2.0612e+00 -2.8225e-01 -5.6974e-01 +1.3959e+00 -1.8941e+00 +4.6203e+00 +2.4409e+00 -1.2216e+00
% function evaluation | noise-free fitness - Fopt (-3.710000000000e+00) | best noise-free fitness - Fopt | measured fitness | best measured fitness | x1 | x2...
1 +5.238721364e+03 +5.238721364e+03 +5.235011364e+03 +5.235011364e+03 -4.7082e+00 -8.7420e-01 +1.2644e+00 +2.2919e+00 +4.3351e+00 -2.2623e+00 -3.9050e+00 -1.1438e+00 +1.7475e+00 +8.8500e-01 +4.5589e+00 -4.6542e-01 +3.5864e+00 -4.6267e+00 +2.9262e+00 +4.9869e+00 -3.7938e+00 +6.0335e-01 -4.2040e-01 -2.3703e+00
2 +1.820148455e+03 +1.820148455e+03 +1.816438455e+03 +1.816438455e+03 -2.7369e+00 -4.3299e+00 +3.4910e+00 -4.5000e+00 -4.1741e+00 -8.8984e-01 -3.2165e+00 +3.4880e+00 +2.8285e+00 +2.8971e+00 -2.1039e+00 +3.0675e+00 +4.9989e-01 -4.7958e+00 -2.8999e-01 +2.5293e+00 -3.1983e+00 -8.9423e-01 +1.5176e+00 +1.9887e+00
16 +1.308073541e+03 +1.308073541e+03 +1.304363541e+03 +1.304363541e+03 +1.9950e+00 -5.7011e-01 +6.1366e-01 -2.0529e+00 +1.6176e+00 +2.9921e+00 +1.1261e+00 -5.5869e-02 +2.0412e+00 +1.2588e+00 +2.5487e+00 -1.6288e+00 +8.5260e-01 +3.2360e+00 -4.8346e+00 +4.9844e+00 +1.6131e+00 -1.7121e+00 +2.4260e+00 -3.4077e+00
26 +9.533280028e+02 +9.533280028e+02 +9.496180028e+02 +9.496180028e+02 +7.7741e-01 +9.8376e-01 +1.8024e-01 -1.1399e+00 +2.1842e+00 +1.7617e+00 -1.0127e+00 -4.8296e+00 -2.9867e+00 -1.2254e+00 +2.7871e+00 -4.8169e-01 +1.5689e+00 +1.3955e+00 -3.9721e+00 +7.8098e-01 +7.0239e-01 +2.0373e+00 -2.3114e+00 -4.0065e+00
264 +5.849931188e+02 +5.849931188e+02 +5.812831188e+02 +5.812831188e+02 +3.3942e+00 -1.3638e+00 +9.3797e-02 +3.0749e+00 +1.1404e+00 +1.6455e+00 +3.2738e-01 -3.2180e+00 -2.0861e+00 +9.3745e-01 +3.1123e+00 +2.2167e-01 +1.3088e+00 +1.6696e+00 -5.6447e-01 +5.9099e-01 +7.9608e-01 +2.3156e+00 +4.4578e-01 -1.1705e+00
901 +3.790559107e+02 +3.790559107e+02 +3.753459107e+02 +3.753459107e+02 +1.0378e+00 -3.3311e+00 -5.4541e-01 +2.5137e+00 -8.2125e-01 +3.0198e+00 -1.0388e+00 -2.6634e+00 -1.3271e-01 -6.9375e-01 +2.1338e+00 +9.9417e-01 +1.9389e+00 +1.9372e+00 +4.2923e-01 +3.2333e-01 +1.1059e+00 +1.1411e+00 +1.9377e+00 -2.5838e+00
% function evaluation | noise-free fitness - Fopt (1.321800000000e+02) | best noise-free fitness - Fopt | measured fitness | best measured fitness | x1 | x2...
1 +9.031316176e+03 +9.031316176e+03 +9.163496176e+03 +9.163496176e+03 +3.0412e+00 -2.5767e+00 -3.2293e-02 -3.7034e+00 -1.2516e+00 -1.8564e+00 -8.2397e-01 +4.7602e+00 +4.8248e+00 -2.4355e+00 +3.1860e+00 +2.8187e+00 +2.0966e+00 -3.5261e+00 +4.4445e+00 -4.8676e+00 +2.8217e+00 +3.0086e+00 +6.0884e-01 +1.8463e+00
3 +5.173254244e+03 +5.173254244e+03 +5.305434244e+03 +5.305434244e+03 -2.3212e+00 -4.4207e+00 -4.8799e-01 +3.0925e-01 -2.7657e+00 -2.9463e+00 +2.3817e+00 +3.2493e+00 -2.0969e+00 +1.2541e+00 +3.2005e+00 +1.3600e+00 +2.9766e+00 +1.5079e+00 -4.4669e+00 +4.0335e+00 +2.1657e+00 +1.3102e-01 -4.0986e+00 +2.9011e+00
4 +1.581629371e+03 +1.581629371e+03 +1.713809371e+03 +1.713809371e+03 -1.3110e+00 -2.7489e+00 +4.1337e+00 -4.6723e+00 +3.6343e+00 -4.0862e+00 +2.0345e+00 +4.4208e+00 -3.5792e-02 -1.3312e+00 -1.3025e+00 +1.5132e+00 -2.2185e+00 +1.5332e+00 +6.4197e-01 +1.5443e+00 +2.3423e+00 -7.2690e-01 -4.9322e+00 +2.6566e+00
162 +6.894425851e+02 +6.894425851e+02 +8.216225851e+02 +8.216225851e+02 +2.9361e-01 -2.7676e+00 +2.0085e+00 -1.2478e+00 +2.3213e+00 +9.4117e-03 +9.3607e-01 -1.5618e+00 -1.3881e-01 +5.9298e-02 -2.5954e+00 -1.7008e+00 -5.8421e-01 +8.1351e-01 +1.7979e+00 +1.9203e+00 +1.3780e+00 +4.3420e-01 -2.5586e+00 -2.5256e-01
282 +5.778119850e+02 +5.778119850e+02 +7.099919850e+02 +7.099919850e+02 +1.3618e+00 -2.2460e+00 +5.0197e-01 -1.3324e+00 +2.2275e+00 -3.0125e-01 +5.0200e-01 -2.4749e+00 +5.7425e-01 +1.2445e+00 -7.7508e-01 -1.7317e+00 -1.2875e+00 +7.8714e-02 +2.5569e+00 +3.1919e+00 +8.1153e-01 +1.3826e+00 -2.3010e+00 -2.9658e-01
601 +3.793292951e+02 +3.793292951e+02 +5.115092951e+02 +5.115092951e+02 +1.4776e+00 -2.2085e+00 +1.4540e+00 -3.3979e+00 +1.9562e+00 +4.8609e-01 +1.5179e+00 -2.0399e+00 -3.1166e-01 +3.0602e+00 +6.7640e-01 +8.1707e-01 -1.0535e+00 -1.0971e+00 +2.6638e+00 +1.6414e+00 +1.2770e+00 +3.3719e+00 +6.8348e-01 +2.1314e-03
2627 +2.321616886e+02 +2.321616886e+02 +3.643416886e+02 +3.643416886e+02 -1.9594e-01 -3.3939e+00 +9.5061e-01 -3.7287e+00 +1.6479e+00 +6.2457e-01 +1.0805e+00 -5.2676e-01 +1.0464e+00 +1.5361e+00 +2.6883e-01 +1.6780e+00 -3.6367e-01 +1.5013e+00 +2.3076e+00 +7.7121e-01 +1.5709e+00 +2.5449e+00 +1.0998e+00 +1.0453e+00
% function evaluation | noise-free fitness - Fopt (-5.847300000000e+02) | best noise-free fitness - Fopt | measured fitness | best measured fitness | x1 | x2...
1 +1.247574500e+04 +1.247574500e+04 +1.189101500e+04 +1.189101500e+04 -1.9124e+00 +1.5581e+00 -1.1426e+00 -8.3344e-01 +3.4789e+00 +4.2070e+00 +1.3773e+00 +4.1690e+00 -2.7009e+00 +2.2594e+00 +4.6872e+00 -1.0713e+00 -3.2591e+00 +3.0112e+00 +2.0347e+00 -3.6728e+00 -3.2257e+00 +2.9786e+00 +3.3305e+00 -2.6790e+00
4 +5.995044409e+03 +5.995044409e+03 +5.410314409e+03 +5.410314409e+03 -2.7207e+00 -5.1421e-01 -2.8285e-01 +3.3789e+00 +1.8388e+00 +1.0734e-01 +4.4671e+00 +4.0880e+00 +2.2959e+00 +2.5312e+00 -2.6121e+00 +6.1747e-01 +2.8979e+00 -1.7664e+00 +2.1108e+00 -3.0279e+00 +1.2326e+00 -3.1434e+00 +2.5573e+00 +4.3283e+00
8 +2.742612616e+03 +2.742612616e+03 +2.157882616e+03 +2.157882616e+03 -1.4781e+00 +4.1367e+00 +1.8645e+00 -2.5011e+00 -1.1400e+00 +4.0084e+00 +2.3951e+00 +4.6835e+00 -4.9130e+00 +3.8705e+00 -1.4959e+00 -3.1577e+00 -3.3099e+00 +4.4736e+00 -7.7495e-01 +4.8555e+00 +3.7960e+00 -2.6427e+00 -3.1579e+00 -1.7060e+00
12 +2.407116892e+03 +2.407116892e+03 +1.822386892e+03 +1.822386892e+03 -3.1956e+00 -1.6962e+00 -1.8072e+00 +1.7268e+00 -3.5335e+00 +4.7320e+00 +4.3468e+00 +4.9066e+00 +2.5813e+00 -4.0220e+00 -1.1350e+00 +2.2904e+00 -4.5303e+00 -1.8323e+00 +1.5045e+00 -4.2823e+00 -1.0206e+00 +2.6958e-01 +1.3080e+00 +2.3197e+00
29 +1.462221457e+03 +1.462221457e+03 +8.774914574e+02 +8.774914574e+02 +1.7112e+00 +5.9912e-01 +2.3491e-01 -2.5647e+00 -2.1681e-01 -1.4316e+00 +7.0443e-01 -1.2350e+00 -1.4451e+00 -1.0699e+00 +1.6416e+00 +1.0970e+00 -2.2809e+00 -7.2702e-02 +3.4881e+00 +6.3678e-01 +2.5893e+00 +2.7943e+00 -4.4797e-01 +3.1469e+00
82 +7.839449023e+02 +7.839449023e+02 +1.992149023e+02 +1.992149023e+02 +2.1788e-01 +3.0352e+00 -4.6566e-01 -1.0228e-01 -1.1450e+00 +1.9151e-01 +1.9425e+00 -4.8125e-02 -2.2438e+00 -1.1154e+00 +1.4324e+00 +2.5414e+00 -1.2022e+00 -1.0427e+00 +1.2449e+00 -1.2948e+00 +1.3711e+00 +2.6576e+00 +1.0115e-02 -4.1001e-01
261 +5.592654585e+02 +5.592654585e+02 -2.546454145e+01 -2.546454145e+01 +3.3487e+00 -2.5532e-01 +4.4561e-01 -1.5687e+00 +1.3344e-01 -3.0925e+00 +1.3224e+00 -3.3647e+00 +1.0164e+00 -2.0681e+00 +1.8193e-02 -1.1377e+00 -5.8979e-04 -6.0876e-02 +2.6332e+00 -8.5707e-01 +2.0435e+00 +1.4103e+00 -1.1712e-01 -1.1963e-01
455 +3.865604988e+02 +3.865604988e+02 -1.981695012e+02 -1.981695012e+02 +1.9102e+00 +2.7490e+00 +1.7414e-01 -2.3899e+00 -1.1096e+00 -1.8630e+00 +1.0549e+00 -2.2649e+00 -6.5916e-01 -1.8793e+00 -2.2287e-02 -1.3469e+00 -2.5234e-01 +2.6407e-01 +1.7052e+00 +4.4909e-02 +1.3114e+00 +3.2615e+00 +7.9308e-01 -2.7048e+00
4599 +2.461707938e+02 +2.461707938e+02 -3.385592062e+02 -3.385592062e+02 +1.8206e+00 +1.7186e+00 +6.3739e-01 -1.2456e+00 -2.4854e+00 -2.5030e+00 +1.0858e+00 -2.3960e+00 +4.1932e-01 -2.8162e+00 +2.9176e-01 -2.7795e+00 -4.3614e-01 +1.0460e+00 +1.6155e+00 +3.7864e-01 +1.4892e+00 +3.7153e+00 +7.1820e-01 -3.5108e+00
% function evaluation | noise-free fitness - Fopt (-3.654000000000e+01) | best noise-free fitness - Fopt | measured fitness | best measured fitness | x1 | x2...
1 +4.052856973e+03 +4.052856973e+03 +4.016316973e+03 +4.016316973e+03 -1.4570e+00 +4.1851e+00 +2.0181e+00 -2.6535e+00 -6.8791e-01 -2.3161e+00 +3.0525e+00 +2.4728e+00 -2.4659e+00 -4.4812e+00 +3.3273e-02 +2.1119e+00 -4.5385e+00 -2.4302e+00 +3.2056e+00 +2.3680e+00 +3.1964e+00 +4.5484e+00 -4.1781e+00 +1.9030e+00
4 +3.558679613e+03 +3.558679613e+03 +3.522139613e+03 +3.522139613e+03 +3.8548e+00 -3.3800e+00 +2.6434e+00 +2.9293e+00 +5.2647e-02 +3.8127e+00 -1.2455e+00 -1.6895e+00 -9.1696e-01 -2.5926e+00 +8.3419e-01 -1.7403e+00 -2.0394e+00 -1.5206e+00 -3.4717e+00 +4.3580e+00 -3.0171e+00 +4.2115e+00 +2.7211e+00 -1.0226e+00
13 +1.847766679e+03 +1.847766679e+03 +1.811226679e+03 +1.811226679e+03 -2.3097e+00 +3.9497e+00 -1.3845e+00 -1.1260e+00 +1.4348e+00 -2.4024e+00 -4.6869e+00 -1.2415e-01 +1.5058e+00 -2.9733e+00 +3.3402e-02 -1.7841e-01 -2.6390e+00 -4.0452e+00 +1.8973e+00 -3.0789e+00 +4.1279e+00 +2.4588e-01 -3.4841e+00 -4.6672e+00
17 +1.451820524e+03 +1.451820524e+03 +1.415280524e+03 +1.415280524e+03 -4.8342e+00 -4.3510e+00 +7.9173e-01 +1.7299e-02 -4.4032e+00 +2.7452e+00 +1.9956e+00 +4.4090e-02 +2.6500e+00 -3.8340e+00 -1.3165e+00 -2.7965e+00 +1.6712e-01 +3.8272e+00 -4.9506e+00 -4.2079e-01 -3.8730e+00 -4.0071e+00 +1.5453e+00 -2.6117e+00
170 +9.829956192e+02 +9.829956192e+02 +9.464556192e+02 +9.464556192e+02 -2.8408e+00 -1.9606e+00 +1.0846e+00 +6.5046e-01 -1.2676e+00 -1.9204e-01 +3.0627e+00 +3.9007e-01 +2.6263e-01 -1.8553e+00 -2.4086e+00 -1.1485e-01 -4.1498e-01 -1.2062e+00 -3.6551e+00 -9.7238e-01 -9.4553e-01 -2.4850e+00 -2.7434e-01 -2.6096e+00
361 +6.097415665e+02 +6.097415665e+02 +5.732015665e+02 +5.732015665e+02 +2.6869e-01 -8.2362e-01 -4.1413e-01 +8.8586e-01 -1.9862e+00 +8.3445e-01 +1.1796e-01 -5.2690e-01 -5.9983e-01 +4.0570e-01 +1.1595e+00 -4.4845e-01 -9.3307e-01 +4.5531e-01 -1.8007e+00 -1.1484e+00 +7.8939e-01 -2.7909e+00 -5.9689e-02 -1.8007e+00
1293 +3.943699789e+02 +3.943699789e+02 +3.578299789e+02 +3.578299789e+02 +2.0127e-01 +5.0356e-01 -3.1696e-02 +9.7476e-01 -1.8759e+00 -2.0758e-01 +5.7034e-01 +4.4308e-01 +5.4115e-01 -3.3913e-01 +7.0660e-01 -1.5314e+00 -4.6928e-01 +1.3692e+00 -1.9703e+00 -8.0869e-01 +1.9117e+00 -6.1765e-01 +6.6666e-01 -1.7759e+00
% function evaluation | noise-free fitness - Fopt (1.000000000000e+03) | best noise-free fitness - Fopt | measured fitness | best measured fitness | x1 | x2...
1 +2.994886471e+03 +2.994886471e+03 +3.994886471e+03 +3.994886471e+03 +2.2201e+00 -4.8970e-01 +3.7021e+00 +2.1865e+00 +4.2386e+00 +4.2410e+00 +4.0496e-01 +1.6844e+00 +4.6723e+00 +4.1570e+00 +2.1451e+00 -1.7537e+00 -8.9395e-01 +3.1551e+00 -3.9754e+00 +4.3982e+00 +2.5953e+00 -6.5158e-01 -1.9634e+00 +1.6902e+00
3 +1.758978009e+03 +1.758978009e+03 +2.758978009e+03 +2.758978009e+03 -2.2446e+00 -7.7419e-02 -4.2528e+00 -2.1504e+00 -1.5983e+00 -2.6028e+00 -1.4678e+00 -2.9643e+00 +4.7157e+00 +1.8608e+00 -7.3380e-01 +4.3668e+00 -3.9110e+00 +1.7791e+00 -3.7777e+00 -1.0503e+00 +9.6453e-02 +2.6481e-01 -1.0595e+00 +4.7429e+00
14 +1.522278093e+03 +1.522278093e+03 +2.522278093e+03 +2.522278093e+03 -4.1602e+00 -5.7565e-01 -3.2966e+00 +1.3292e+00 +4.3088e+00 -3.2558e+00 +4.0604e+00 -1.5045e+00 -1.7338e+00 -3.9308e+00 +1.3396e+00 +3.0643e+00 -2.8293e+00 +3.9750e+00 +2.3844e+00 -1.7695e-01 -2.5949e+00 -1.8460e+00 -6.5175e-01 -3.9212e+00
187 +8.972003636e+02 +8.972003636e+02 +1.897200364e+03 +1.897200364e+03 -3.8780e+00 +3.7237e-01 -4.2180e-01 -1.8492e+00 +5.4331e-01 -1.4708e+00 +1.7774e+00 -2.8865e+00 +1.7639e-01 -1.4381e+00 -2.6574e+00 +2.2811e+00 -6.9200e-01 +2.3684e+00 -2.6903e+00 +3.7527e+00 -3.9047e-01 +3.5611e+00 -3.2582e-01 -1.0728e+00
284 +5.488960972e+02 +5.488960972e+02 +1.548896097e+03 +1.548896097e+03 -2.4875e+00 -4.2718e+00 -5.2221e+00 -1.6285e+00 +2.2455e+00 -1.2371e+00 +3.2110e+00 +3.7834e-01 +3.5941e+00 -4.0085e+00 +1.5279e+00 -7.2281e-01 -7.7508e-01 +2.9645e+00 +9.7758e-02 -4.7767e-01 +1.9543e+00 +5.5187e-01 -7.8407e-01 +6.5665e-03
662 +3.866411221e+02 +3.866411221e+02 +1.386641122e+03 +1.386641122e+03 -4.4779e+00 -3.5714e+00 -2.3844e+00 -2.8741e+00 +2.1194e+00 -4.5130e-01 +2.8299e+00 -2.1198e+00 +2.2372e+00 -3.5146e+00 +7.8803e-01 -1.6767e+00 -2.1673e-01 +2.1120e+00 -2.9550e-01 +1.3327e+00 +2.6718e+00 +4.2660e-01 -1.6429e-01 -7.1109e-01
% function evaluation | noise-free fitness - Fopt (4.661000000000e+01) | best noise-free fitness - Fopt | measured fitness | best measured fitness | x1 | x2...
1 +1.588127073e+04 +1.588127073e+04 +1.592788073e+04 +1.592788073e+04 -2.0564e+00 +4.4847e+00 +6.7058e-02 +1.0471e+00 +4.3831e+00 +1.3608e-01 -1.1513e+00 -2.9281e+00 +4.4029e+00 -3.8332e+00 +2.7239e+00 +9.8332e-01 +1.8387e+00 +3.4293e+00 +4.3934e+00 -3.5052e-01 +1.4047e+00 -2.0900e+00 -1.1132e+00 +5.6489e-01
2 +5.998743058e+03 +5.998743058e+03 +6.045353058e+03 +6.045353058e+03 +1.9961e+00 +1.1980e+00 -4.7666e-01 +4.0316e+00 -2.2526e+00 -4.3700e+00 -3.5342e+00 +3.5602e+00 -3.2890e-01 -1.3138e+00 +2.1186e+00 +3.9420e+00 +3.5236e+00 -1.7304e-01 -3.9184e+00 -3.8459e+00 -1.5587e+00 +1.6643e+00 +3.1909e+00 -2.2499e+00
7 +1.458226630e+03 +1.458226630e+03 +1.504836630e+03 +1.504836630e+03 +3.0296e+00 -1.1566e-01 -2.6839e-01 +4.0560e+00 -4.2933e+00 -2.4502e+00 -4.2109e-01 +8.2099e-01 +9.8908e-01 +1.6709e+00 +1.4596e-02 +8.8835e-01 -1.8061e-01 +2.5960e+00 -1.1520e+00 -3.4987e+00 -2.6834e+00 -3.2598e+00 +1.1109e+00 -3.0544e+00
145 +8.323469006e+02 +8.323469006e+02 +8.789569006e+02 +8.789569006e+02 +1.7659e+00 -2.9218e+00 -4.6490e-02 +1.9630e+00 -3.0160e+00 +1.4945e+00 +2.9700e+00 -4.5092e+00 -1.4544e+00 +8.1162e-01 +3.6115e-01 -4.6260e-01 -2.8488e+00 -1.3810e+00 -1.8708e+00 +9.3902e-01 -1.0697e+00 +1.2388e+00 -9.3913e-01 -2.2580e+00
293 +6.146040684e+02 +6.146040684e+02 +6.612140684e+02 +6.612140684e+02 -8.2099e-01 +6.2590e-01 +5.4895e-02 +1.3445e+00 -3.5580e+00 -3.6547e+00 +5.6111e-01 -5.3084e+00 -3.6517e+00 +8.8874e-01 -1.8423e+00 +3.4089e+00 -3.7847e-02 -1.5561e+00 -1.9600e+00 +1.5211e+00 -2.9254e+00 +1.5192e+00 -4.8054e-01 +2.1264e-01
625 +3.960909702e+02 +3.960909702e+02 +4.427009702e+02 +4.427009702e+02 -3.0100e-01 +2.2062e+00 +3.9373e-01 +1.2404e-01 -2.3067e+00 -3.2535e+00 +2.5588e-01 -1.8628e+00 -1.2886e+00 +1.9719e-01 -1.3509e+00 +1.9842e+00 -1.2381e-01 +2.0967e-01 -2.3636e-01 -2.4067e+00 -1.7754e+00 -3.9043e-01 +1.8532e+00 +1.3502e-01
902 +2.492224031e+02 +2.492224031e+02 +2.958324031e+02 +2.958324031e+02 -9.4270e-01 +2.0478e+00 +5.6056e-02 -2.8159e-01 -2.9822e+00 -2.1601e+00 +1.3884e+00 -1.1765e+00 +1.8485e-01 -1.9737e-01 -1.8120e-02 +1.5033e+00 +5.4090e-02 -2.7641e-01 +2.8756e-01 -5.4679e-01 -3.4008e-01 -9.0215e-01 +2.2505e+00 +3.9792e-01
2346 +1.574865740e+02 +1.574865740e+02 +2.040965740e+02 +2.040965740e+02 -1.0216e+00 +1.9034e+00 +1.9946e-01 -7.5891e-01 -2.2263e+00 -1.6749e+00 +1.5607e+00 -1.2230e+00 -9.0794e-02 -2.0474e+00 +2.4045e-01 +9.1191e-01 -1.1618e-01 -7.0741e-01 +8.4887e-01 +1.6277e-01 +2.9906e-01 -4.8025e-01 +2.3251e+00 +1.4076e+00
4159 +9.808160334e+01 +9.808160334e+01 +1.446916033e+02 +1.446916033e+02 -1.0290e+00 +2.1102e+00 +7.6763e-03 -5.1235e-01 -2.1035e+00 -1.8262e+00 +1.3859e+00 -1.2629e+00 +2.9944e-02 -2.0805e+00 -3.7661e-02 +1.3285e+00 -1.0526e-01 -2.7285e-01 +8.3458e-01 +2.1005e-01 +1.1050e-01 -4.8244e-01 +2.2902e+00 +1.7037e+00
% function evaluation | noise-free fitness - Fopt (-2.643100000000e+02) | best noise-free fitness - Fopt | measured fitness | best measured fitness | x1 | x2...
1 +3.364316090e+03 +3.364316090e+03 +3.100006090e+03 +3.100006090e+03 -3.8386e+00 +3.2735e+00 -6.2900e-01 -3.6356e+00 +4.6626e+00 +1.5713e+00 +5.2145e-01 +4.2186e+00 +3.9757e-01 -1.7774e+00 +1.8917e+00 -9.1676e-01 +1.9118e+00 +3.6870e+00 +3.0644e+00 -2.4920e+00 -1.1424e+00 -2.8408e+00 +3.4372e+00 -1.4513e+00
3 +1.869752315e+03 +1.869752315e+03 +1.605442315e+03 +1.605442315e+03 -4.7710e+00 +2.7402e+00 -2.7013e+00 -3.4040e+00 -4.1739e-01 -3.5970e-01 +2.7758e+00 +2.8509e+00 +1.1943e+00 +3.1383e+00 +1.8556e+00 -4.9603e+00 +1.3207e+00 -8.2853e-01 +1.5988e+00 +4.8734e+00 +1.2735e-01 +4.4072e+00 -3.9852e+00 -2.3168e+00
16 +8.984371941e+02 +8.984371941e+02 +6.341271941e+02 +6.341271941e+02 +2.1486e-01 -8.0017e-01 -1.4214e+00 +3.9885e+00 +2.5224e+00 -3.0138e+00 -1.9268e+00 -3.4776e+00 +5.9826e-01 +3.9225e+00 -3.5638e+00 +1.4113e+00 -2.2074e+00 -1.2795e+00 +2.3675e+00 -4.3763e+00 -4.5387e+00 -1.9304e+00 +1.1479e+00 -4.4997e+00
224 +6.196044956e+02 +6.196044956e+02 +3.552944956e+02 +3.552944956e+02 -2.2808e+00 +6.0099e-01 -1.1513e+00 +4.4558e+00 +2.8775e+00 -7.8776e-01 -9.7017e-01 -9.2392e-01 -1.3514e+00 +3.6272e+00 -4.1497e+00 +2.4054e+00 +1.9400e+00 -1.1782e+00 +4.1992e-01 -1.0056e+00 -2.3196e+00 -1.3956e+00 -2.5696e-01 -3.6424e+00
596 +3.926987964e+02 +3.926987964e+02 +1.283887964e+02 +1.283887964e+02 -1.3109e+00 -1.2821e+00 -1.7547e+00 +1.9533e+00 +2.4401e+00 -1.5770e+00 +1.8783e+00 -1.5083e+00 -1.1295e+00 +2.2795e+00 -1.0139e+00 +1.3536e+00 -1.1323e-01 -2.3746e+00 +1.9712e+00 -2.5485e-01 -8.1854e-01 -2.1210e+00 -1.7799e-01 -3.5836e+00
% function evaluation | noise-free fitness - Fopt (7.273000000000e+01) | best noise-free fitness - Fopt | measured fitness | best measured fitness | x1 | x2...
1 +1.970124765e+04 +1.970124765e+04 +1.977397765e+04 +1.977397765e+04 +1.9423e-01 +4.9987e+00 -3.3621e-02 -3.1375e+00 +4.3706e+00 +4.7022e+00 -1.7799e-01 +1.1689e+00 -3.8548e+00 +6.3625e-01 +4.6128e+00 +2.9030e+00 -3.2955e+00 +4.7359e+00 +4.9636e+00 +2.3252e+00 +3.9337e+00 +1.5995e+00 +4.4130e+00 -1.5609e+00
2 +7.045818407e+03 +7.045818407e+03 +7.118548407e+03 +7.118548407e+03 +2.3100e+00 -1.4082e+00 +2.2505e-01 +2.8934e+00 -3.3000e+00 -4.3307e-01 +1.7530e+00 +4.1434e+00 -2.8876e+00 -9.7072e-01 -5.4645e-01 +2.1720e+00 +4.2673e+00 -2.7445e+00 -4.8843e+00 +2.0037e-01 -1.1114e+00 +1.2887e+00 +1.3225e-01 +1.7252e+00
4 +1.763231033e+03 +1.763231033e+03 +1.835961033e+03 +1.835961033e+03 +2.4375e+00 +1.0597e+00 -3.2920e+00 +3.4597e+00 +2.9643e+00 +2.0483e+00 -3.6154e+00 +3.6319e+00 -2.7649e+00 -1.1310e+00 -4.6537e+00 -2.9607e+00 -1.7393e+00 -2.7422e+00 -4.9128e+00 +1.4044e+00 -3.9825e+00 +9.6495e-01 +3.5675e+00 -1.4554e+00
17 +1.273625202e+03 +1.273625202e+03 +1.346355202e+03 +1.346355202e+03 +1.7968e+00 +3.1809e+00 -3.1485e+00 -3.6316e+00 -4.6808e+00 +3.1333e+00 +1.8285e+00 -3.5731e+00 -1.3438e+00 -1.7993e+00 -4.0952e-01 -9.3900e-01 -4.4622e+00 -1.5821e+00 -1.5439e+00 -3.9371e+00 -3.0162e-02 -4.2115e+00 +2.0219e+00 -3.3035e+00
55 +7.958922895e+02 +7.958922895e+02 +8.686222895e+02 +8.686222895e+02 +3.5298e+00 +3.2067e+00 -1.9396e+00 -1.9742e+00 +6.0810e-01 +2.2657e-01 +4.1251e+00 -2.5200e+00 -4.6996e+00 +1.3810e+00 -5.1729e-01 -3.2274e-01 -9.4799e-01 +1.7572e+00 -1.1828e+00 +9.8530e-01 +1.0024e+00 -2.4718e+00 +2.7720e-01 +9.8707e-02
175 +5.953124445e+02 +5.953124445e+02 +6.680424445e+02 +6.680424445e+02 -2.7105e-01 +9.1536e-01 -1.6794e+00 +1.7088e+00 -1.1461e+00 +3.6797e+00 +3.9012e+00 -2.7353e+00 -1.2830e+00 -1.2392e+00 -1.1341e+00 +1.5132e+00 -2.5944e+00 +3.7321e-01 -1.0177e+00 +2.3801e+00 +3.4441e+00 -7.7537e-01 +2.3659e+00 -3.8055e-01
683 +3.509056677e+02 +3.509056677e+02 +4.236356677e+02 +4.236356677e+02 +1.6120e+00 +3.4720e+00 -1.1377e+00 +1.5534e+00 -8.5581e-01 -3.3692e-01 +2.8420e+00 -1.1875e+00 -4.0395e-02 +7.1752e-02 -2.8756e+00 -1.8872e+00 -8.0587e-01 -4.7927e-01 +5.6510e-01 +4.7849e-01 +2.5371e+00 +3.4838e-01 +2.3890e+00 +1.7910e+00
% function evaluation | noise-free fitness - Fopt (1.368700000000e+02) | best noise-free fitness - Fopt | measured fitness | best measured fitness | x1 | x2...
1 +2.579196551e+03 +2.579196551e+03 +2.716066551e+03 +2.716066551e+03 -2.2658e+00 -1.9660e+00 +3.7442e+00 -9.5295e-01 +2.7521e+00 -1.2154e+00 -4.0711e+00 +2.3584e+00 +1.1868e+00 +4.0987e+00 -2.7462e+00 +1.9696e+00 -3.3966e+00 +2.0887e+00 -4.8915e+00 -2.4531e+00 +9.7674e-01 +2.1023e+00 +1.3598e+00 -2.7061e+00
3 +1.559750444e+03 +1.559750444e+03 +1.696620444e+03 +1.696620444e+03 -1.9827e+00 -8.7867e-01 -2.8659e+00 -1.8604e+00 +1.4338e+00 +1.1888e+00 +6.6895e-01 -1.4596e+00 +8.8339e-01 -3.0491e+00 -4.9503e+00 -7.8912e-01 +3.4091e-01 -1.2391e+00 -3.5344e+00 -4.9689e+00 -4.8927e-01 -2.3052e+00 -2.1650e+00 +2.9653e+00
53 +9.216636792e+02 +9.216636792e+02 +1.058533679e+03 +1.058533679e+03 -1.8824e+00 +2.5457e+00 -2.4153e+00 -3.2483e+00 -2.7489e+00 -3.1151e+00 -2.4971e+00 +7.4575e-01 +2.6166e-02 +2.6466e+00 -4.6022e-01 -1.5576e+00 +1.4822e+00 +6.8849e-01 +4.3404e+00 -2.4999e+00 +1.3312e+00 -2.6746e+00 -1.3935e+00 -3.5040e+00
202 +6.160059379e+02 +6.160059379e+02 +7.528759379e+02 +7.528759379e+02 +7.6970e-02 +1.9862e+00 -2.8030e+00 -1.8005e+00 -2.0351e+00 -4.6126e+00 -1.6691e+00 -9.7816e-01 +6.9687e-01 -4.7456e-01 -1.4177e+00 -1.7020e+00 +8.5803e-01 -2.1123e+00 +2.7375e+00 -1.1150e+00 +1.1688e+00 -1.4809e+00 -1.4761e+00 -3.3941e+00
606 +3.370679005e+02 +3.370679005e+02 +4.739379005e+02 +4.739379005e+02 -2.0414e+00 +1.8056e+00 +1.0595e+00 +6.3024e-01 -1.7258e+00 -4.8804e-03 -2.5018e-01 +3.0401e+00 +1.5021e-01 -6.7472e-01 -1.3790e+00 -2.9190e+00 +1.4167e+00 -7.0088e-01 +2.6022e+00 -1.0499e+00 -4.9068e-01 -2.8309e+00 +4.4610e-02 -2.1998e+00
2385 +2.442948455e+02 +2.442948455e+02 +3.811648455e+02 +3.811648455e+02 -1.7231e+00 +1.7134e+00 +1.1209e+00 +5.7932e-01 -1.7819e+00 +2.8359e-01 -3.1069e-01 +3.0024e+00 +7.9155e-01 -4.3157e-01 -1.2495e+00 -3.0058e+00 +1.8819e+00 -4.4426e-01 +3.3882e+00 -8.0139e-01 +4.4089e-01 -3.0065e+00 +2.9517e-01 -2.3048e+00
% function evaluation | noise-free fitness - Fopt (2.196000000000e+01) | best noise-free fitness - Fopt | measured fitness | best measured fitness | x1 | x2...
1 +8.565529287e+03 +8.565529287e+03 +8.587489287e+03 +8.587489287e+03 -3.9494e+00 -4.1185e+00 -8.0794e-01 +4.9057e+00 +3.9420e+00 +4.0622e+00 +3.8150e+00 -1.9029e+00 +1.5095e+00 -2.7623e+00 +5.7250e-01 -3.1447e+00 +4.2892e+00 -4.5414e+00 +1.6286e+00 -4.9475e+00 -3.6091e+00 -4.6954e+00 +3.2218e+00 +3.6866e+00
2 +1.208700498e+03 +1.208700498e+03 +1.230660498e+03 +1.230660498e+03 -4.8014e+00 -4.0698e+00 -4.5387e+00 +4.7704e+00 -3.3761e+00 -3.0324e+00 +4.5362e+00 +3.5309e+00 -4.5904e+00 +9.3383e-01 +1.2335e+00 +3.0569e+00 -4.3016e-01 -8.7722e-01 +1.2127e+00 +1.0188e+00 -4.6808e+00 -4.2162e-01 -2.2219e+00 -1.6628e+00
14 +8.740998731e+02 +8.740998731e+02 +8.960598731e+02 +8.960598731e+02 +3.5292e+00 -4.7654e+00 +1.9352e+00 -4.0387e+00 -2.2179e+00 +1.5158e+00 -1.2488e+00 -8.6022e-01 -1.5006e+00 +2.2220e-01 -3.0045e+00 -1.0207e+00 +2.8101e+00 +3.0254e+00 +2.8527e+00 -4.9102e-01 +2.3834e+00 +8.8358e-01 -9.8151e-01 -3.7006e+00
206 +5.631695566e+02 +5.631695566e+02 +5.851295566e+02 +5.851295566e+02 -3.1145e-01 -3.3063e+00 +1.5264e+00 -4.3829e+00 -1.8220e-01 -1.7107e+00 +4.2269e-01 +4.6095e-01 -8.8581e-01 +1.7805e+00 -3.3507e+00 -1.2415e+00 +3.1174e+00 -2.4704e-01 +1.2291e+00 -9.1849e-01 +1.6154e+00 -4.9487e-01 +2.1358e-01 +1.1695e+00
781 +3.959292556e+02 +3.959292556e+02 +4.178892556e+02 +4.178892556e+02 +3.0333e+00 -1.4539e+00 -2.4845e+00 -2.4252e+00 +1.4593e-01 +3.4643e+00 -1.6785e+00 +4.6521e-01 -1.6401e+00 -3.7278e-01 +1.8410e+00 -3.0507e+00 +3.2305e-01 -1.0485e+00 +1.5215e+00 -1.0242e+00 +1.0630e+00 -1.1287e+00 +5.8876e-01 -5.0770e-01
% function evaluation | noise-free fitness - Fopt (-2.139000000000e+01) | best noise-free fitness - Fopt | measured fitness | best measured fitness | x1 | x2...
1 +1.215529884e+03 +1.215529884e+03 +1.194139884e+03 +1.194139884e+03 -2.0112e+00 -1.9457e+00 -3.7274e+00 -1.2622e+00 -4.2621e-01 +3.7211e+00 +1.1630e+00 +4.0813e+00 +4.5195e+00 +2.6210e-01 -8.4816e-02 +7.5624e-01 +7.4731e-01 -2.5001e+00 -5.3844e-01 -2.5950e+00 -1.8820e+00 +3.8142e+00 -2.4465e+00 -3.7031e-01
10 +8.682934504e+02 +8.682934504e+02 +8.469034504e+02 +8.469034504e+02 -2.1309e+00 -2.4061e+00 -2.9782e+00 +1.6711e+00 +8.0394e-01 +9.1949e-01 -3.5745e+00 -2.1277e+00 -4.4782e+00 +1.7149e+00 +3.7289e-01 -2.2324e+00 +1.6685e+00 -1.6045e+00 +4.2541e-02 +6.3397e-01 -3.7228e+00 +1.0113e+00 +1.1926e+00 +1.2628e+00
174 +5.009326396e+02 +5.009326396e+02 +4.795426396e+02 +4.795426396e+02 +2.9602e+00 -1.6672e+00 +1.3921e-01 +4.0058e-01 -1.9027e+00 +1.3972e+00 -1.7304e+00 -2.6455e+00 +2.0717e+00 +8.4820e-01 +8.6593e-01 +4.2762e-02 +1.3376e-01 -6.9155e-01 +1.6141e+00 +5.1229e-01 -1.5456e+00 +2.5600e+00 +1.1761e+00 +1.3101e+00
523 +3.952561567e+02 +3.952561567e+02 +3.738661567e+02 +3.738661567e+02 +1.8493e+00 +2.0474e+00 +1.2175e+00 +1.8021e+00 -1.0874e+00 +2.0942e-01 +6.4370e-01 -1.2874e+00 +8.3175e-01 +3.2001e+00 -9.2679e-02 -7.8334e-02 -8.3880e-01 -1.3544e+00 +2.1131e+00 -4.5478e-01 -1.1794e-01 +2.6215e+00 +1.3047e+00 +1.4296e+00
% function evaluation | noise-free fitness - Fopt (5.176600000000e+02) | best noise-free fitness - Fopt | measured fitness | best measured fitness | x1 | x2...
1 +9.163415607e+03 +9.163415607e+03 +9.681075607e+03 +9.681075607e+03 -4.5181e-01 +4.4263e+00 +1.5082e+00 +3.9877e+00 -2.3704e+00 -4.8065e+00 +1.3729e+00 +6.1145e-01 +4.0419e+00 -8.9361e-01 -4.1081e+00 -3.6802e+00 +4.8729e+00 +3.7921e+00 +6.9538e-01 +1.0330e+00 +4.5657e+00 +4.1031e+00 +1.7170e+00 +7.4914e-01
2 +3.822970772e+03 +3.822970772e+03 +4.340630772e+03 +4.340630772e+03 +8.0809e-01 -4.7445e+00 +1.7257e-01 +2.5909e+00 -1.2777e+00 +3.5585e+00 +5.6531e-01 -3.7867e+00 -4.8482e+00 +4.7446e+00 +2.7313e+00 -2.8234e+00 +4.8530e+00 -3.9713e+00 -9.8950e-01 +1.3150e+00 +2.8039e+00 +4.3371e+00 -1.6380e+00 -3.0910e+00
8 +1.729489034e+03 +1.729489034e+03 +2.247149034e+03 +2.247149034e+03 -2.1904e+00 +4.0573e+00 +2.8373e+00 -3.9370e+00 +2.6520e+00 -4.6892e+00 -1.6416e+00 +2.6775e-01 -6.4566e-02 +7.9375e-01 -4.0898e+00 -3.0532e+00 +1.5887e+00 -2.7916e-01 +7.2780e-01 -4.3404e+00 -1.7387e+00 +4.6500e+00 +2.1277e+00 -4.7133e+00
11 +1.472827976e+03 +1.472827976e+03 +1.990487976e+03 +1.990487976e+03 -2.8823e+00 -5.8438e-01 +6.9500e-02 +1.5825e+00 -4.5949e+00 +2.2600e+00 +8.1202e-01 +3.4895e+00 -1.9961e+00 -2.8283e+00 -1.5789e+00 +2.6198e+00 +9.7111e-01 -4.7589e+00 +2.2870e+00 +4.7241e-01 -3.0588e+00 -1.4755e+00 -1.3681e+00 +3.3319e-01
41 +9.943809949e+02 +9.943809949e+02 +1.512040995e+03 +1.512040995e+03 -7.7308e-01 -3.8925e+00 +6.9500e-02 +1.5825e+00 -2.3167e+00 +2.2600e+00 +2.4416e+00 -1.7758e+00 -9.1505e-01 -2.8283e+00 -2.2570e+00 -1.2695e+00 +4.2531e+00 -5.1999e+00 +1.7249e+00 +9.1214e-01 -1.0081e-01 +1.0832e+00 -1.3681e+00 +3.3319e-01
132 +6.122064645e+02 +6.122064645e+02 +1.129866465e+03 +1.129866465e+03 -2.3920e+00 +3.8443e+00 +1.2057e+00 -1.1737e+00 -2.8651e-01 -1.4128e+00 +1.0520e+00 +3.1001e+00 -3.1692e+00 +8.1011e-01 -7.4969e-01 -4.5840e+00 +1.0089e+00 -8.2671e-01 -7.1726e-01 -8.8308e-01 -8.4935e-01 +1.6502e+00 +5.2080e-01 -1.7388e+00
4697 +3.968891817e+02 +3.968891817e+02 +9.145491817e+02 +9.145491817e+02 -2.1141e+00 -6.8855e-01 +8.8831e-01 +1.2131e+00 -1.8768e+00 +2.1561e+00 +3.0488e+00 +1.2149e+00 -2.6576e+00 -1.3624e+00 -1.8785e+00 -3.1343e+00 +2.9026e+00 -2.8286e+00 +5.7332e-01 -8.7093e-01 +9.3268e-01 +1.3485e+00 +2.5337e+00 -1.3316e+00
