% function evaluation | noise-free fitness - Fopt (-1.694000000000e+01) | best noise-free fitness - Fopt | measured fitness | best measured fitness | x1 | x2...
1 +3.185555393e+02 +3.185555393e+02 +3.016155393e+02 +3.016155393e+02 +7.4459e-01 -2.5643e+00 -9.9107e-01 -1.9897e+00 +1.9526e+00 -4.9735e+00 +1.8202e+00 +3.5243e+00 -2.1039e+00 +1.9928e+00
3 +1.658369392e+02 +1.658369392e+02 +1.488969392e+02 +1.488969392e+02 +3.9314e+00 -5.4164e-02 +3.1569e+00 -4.1282e+00 -7.5261e-01 -1.7455e+00 +4.6646e+00 +4.8293e+00 -2.1884e+00 +2.3134e+00
6 +8.044178998e+01 +8.044178998e+01 +6.350178998e+01 +6.350178998e+01 +4.2838e+00 +2.1643e+00 -4.9396e+00 -4.5791e+00 +4.6279e+00 -3.9010e+00 -1.4652e+00 -1.9955e+00 +3.0702e+00 -8.5139e-01
84 +5.218951598e+01 +5.218951598e+01 +3.524951598e+01 +3.524951598e+01 +4.8147e+00 +2.6420e+00 -2.9436e+00 -2.7332e+00 +5.6585e+00 -2.6313e+00 -8.1352e-01 -3.0226e-01 +4.1783e+00 -2.1340e+00
202 +3.197368331e+01 +3.197368331e+01 +1.503368331e+01 +1.503368331e+01 +4.1913e+00 +2.2682e+00 -2.1386e+00 -4.1951e-01 +5.3059e+00 +1.2108e+00 +3.0499e+00 -3.4100e+00 +3.4057e+00 -1.2718e+00
361 +1.142726103e+01 +1.142726103e+01 -5.512738970e+00 -5.512738970e+00 +4.5502e+00 +2.3018e+00 -1.8151e+00 +2.1746e+00 +3.2950e-01 -3.2230e+00 +3.1696e+00 -3.4364e+00 +1.7065e+00 -2.6846e-02
513 +9.655132185e+00 +9.655132185e+00 -7.284867815e+00 -7.284867815e+00 +4.2582e+00 +2.1297e+00 -9.5166e-01 +2.2036e+00 +1.5943e+00 -2.8210e+00 +4.7034e+00 -2.3034e+00 +2.0729e+00 -7.4997e-01
1093 +6.175560122e+00 +6.175560122e+00 -1.076443988e+01 -1.076443988e+01 +4.1013e+00 +2.4892e+00 -1.4985e+00 +2.9656e+00 +7.7786e-01 -1.6747e+00 +2.6819e+00 -2.3166e+00 +1.0602e+00 -4.0263e-02
1507 +3.482285358e+00 +3.482285358e+00 -1.345771464e+01 -1.345771464e+01 +3.9869e+00 +2.3345e+00 -1.9945e+00 +2.8807e+00 +9.8085e-01 -1.6804e+00 +2.7328e+00 -1.9664e+00 +1.0017e+00 -8.6765e-01
2069 +2.413198969e+00 +2.413198969e+00 -1.452680103e+01 -1.452680103e+01 +3.9460e+00 +2.4662e+00 -1.8426e+00 +3.0225e+00 +7.7531e-01 -1.9011e+00 +3.2699e+00 -1.5299e+00 +1.0742e+00 -9.8425e-01
2859 +1.470187548e+00 +1.470187548e+00 -1.546981245e+01 -1.546981245e+01 +3.9013e+00 +2.4946e+00 -2.1162e+00 +2.9399e+00 +9.6295e-01 -1.7528e+00 +3.1931e+00 -1.5087e+00 +9.6847e-01 -9.4243e-01
4969 +9.744818020e-01 +9.744818020e-01 -1.596551820e+01 -1.596551820e+01 +3.9896e+00 +2.5195e+00 -2.1323e+00 +2.8865e+00 +8.9030e-01 -1.8307e+00 +3.2227e+00 -1.5077e+00 +8.6922e-01 -9.3915e-01
% function evaluation | noise-free fitness - Fopt (1.881000000000e+01) | best noise-free fitness - Fopt | measured fitness | best measured fitness | x1 | x2...
1 +6.149598188e+01 +6.149598188e+01 +8.030598188e+01 +8.030598188e+01 +3.9434e+00 -1.6044e+00 +2.0414e-01 -6.0405e-01 -3.5574e+00 -2.2575e+00 +4.0222e+00 +3.7273e+00 -2.8292e+00 -3.2457e+00
88 +2.750247627e+01 +2.750247627e+01 +4.631247627e+01 +4.631247627e+01 -1.5358e-01 +9.0968e-01 +4.0051e+00 +1.3377e+00 +2.4660e+00 -8.4164e-01 +1.7510e+00 -9.0030e-01 -4.0890e-01 +1.2514e+00
104 +1.971412368e+01 +1.971412368e+01 +3.852412368e+01 +3.852412368e+01 +1.3773e+00 +3.6504e+00 +1.4433e+00 +5.2388e-01 +3.6708e+00 -2.6101e+00 +7.4962e-01 +2.7860e+00 -3.2096e+00 +3.5193e+00
262 +1.552557832e+01 +1.552557832e+01 +3.433557832e+01 +3.433557832e+01 +2.1139e+00 +3.0967e+00 +1.0657e+00 +1.4429e+00 +3.7510e+00 -2.7038e+00 -3.7419e-01 +2.6285e+00 -2.6381e+00 +2.9574e+00
529 +9.345843605e+00 +9.345843605e+00 +2.815584360e+01 +2.815584360e+01 +1.2516e+00 +2.9713e+00 +5.1405e-01 +5.0607e-01 +1.9966e+00 -1.2057e+00 +4.9445e-01 +5.8298e-01 -1.1097e+00 +3.1444e+00
617 +6.048189440e+00 +6.048189440e+00 +2.485818944e+01 +2.485818944e+01 +1.9842e+00 +3.2951e+00 +1.4227e+00 -3.5979e-01 +1.6857e+00 -1.4780e+00 -4.4478e-01 +2.3487e+00 -8.9281e-01 +3.1605e+00
945 +3.840545708e+00 +3.840545708e+00 +2.265054571e+01 +2.265054571e+01 +2.2345e+00 +3.3905e+00 +2.7907e-01 +9.1660e-01 +1.3714e+00 -2.1634e+00 +3.8352e-01 +1.2096e+00 -1.2331e+00 +3.2876e+00
1353 +2.425070854e+00 +2.425070854e+00 +2.123507085e+01 +2.123507085e+01 +2.2246e+00 +2.9597e+00 +7.2856e-01 +4.0938e-01 +1.7702e+00 -2.5126e+00 -5.7399e-01 +1.5505e+00 -9.6724e-01 +3.1761e+00
2022 +1.575510710e+00 +1.575510710e+00 +2.038551071e+01 +2.038551071e+01 +2.0449e+00 +3.1204e+00 +9.0990e-01 +3.9507e-01 +1.7291e+00 -2.3196e+00 -4.9754e-01 +1.5706e+00 -9.3895e-01 +3.0412e+00
2434 +9.152640244e-01 +9.152640244e-01 +1.972526402e+01 +1.972526402e+01 +2.0382e+00 +3.1440e+00 +8.3697e-01 +4.5253e-01 +1.6807e+00 -2.3396e+00 -4.8653e-01 +1.5122e+00 -8.9366e-01 +3.0772e+00
3106 +6.206594877e-01 +6.206594877e-01 +1.943065949e+01 +1.943065949e+01 +2.0192e+00 +3.1692e+00 +8.4353e-01 +4.3825e-01 +1.6856e+00 -2.3712e+00 -5.3331e-01 +1.5887e+00 -9.3104e-01 +3.0614e+00
% function evaluation | noise-free fitness - Fopt (2.731500000000e+02) | best noise-free fitness - Fopt | measured fitness | best measured fitness | x1 | x2...
1 +1.272245445e+02 +1.272245445e+02 +4.003745445e+02 +4.003745445e+02 -5.4011e-01 -2.1819e-01 +2.3373e-01 -1.9675e+00 -1.6634e-01 -4.5440e+00 -3.5976e+00 -6.8513e-01 -1.7404e+00 +1.7911e+00
4 +8.668892621e+01 +8.668892621e+01 +3.598389262e+02 +3.598389262e+02 +3.4337e+00 +1.0027e+00 +3.6198e+00 +2.9821e-01 -1.9291e+00 +2.2985e-01 +4.4065e+00 -6.9758e-01 -1.4527e+00 +4.7611e+00
14 +5.175144415e+01 +5.175144415e+01 +3.249014441e+02 +3.249014441e+02 -1.9325e+00 +2.7480e+00 +2.6563e+00 +7.0043e-01 +2.0137e+00 -8.3791e-01 -2.1240e+00 -3.3218e+00 +3.8798e+00 +2.5052e+00
66 +3.935752167e+01 +3.935752167e+01 +3.125075217e+02 +3.125075217e+02 -3.5645e+00 -7.1511e-01 -2.8188e+00 +4.3981e+00 +2.8899e+00 -3.6006e+00 -5.2934e-01 -2.0601e+00 -2.8634e+00 +1.0842e+00
138 +2.401531002e+01 +2.401531002e+01 +2.971653100e+02 +2.971653100e+02 -1.2176e+00 +2.7567e+00 -3.4246e+00 +5.1562e+00 -1.0024e-01 -5.3643e+00 +2.0995e+00 -7.1940e-01 -5.3937e+00 +1.5834e+00
634 +1.431264006e+01 +1.431264006e+01 +2.874626401e+02 +2.874626401e+02 -8.9935e-01 +4.5496e+00 -1.8053e+00 +3.9679e+00 -2.6695e-01 -3.2735e+00 +1.7272e+00 -1.8940e-01 -3.2888e+00 +3.7260e+00
725 +9.823205819e+00 +9.823205819e+00 +2.829732058e+02 +2.829732058e+02 -1.5681e+00 +4.2376e+00 -2.5479e+00 +4.6297e+00 -4.0484e-01 -4.6433e+00 +1.6930e+00 -7.7013e-01 -3.6294e+00 +3.6050e+00
1422 +5.094524309e+00 +5.094524309e+00 +2.782445243e+02 +2.782445243e+02 -2.9544e+00 +4.5306e+00 -2.8733e+00 +4.5642e+00 +7.4259e-01 -3.9480e+00 -7.2261e-02 -1.7933e+00 -3.1743e+00 +4.1284e+00
1522 +3.902879590e+00 +3.902879590e+00 +2.770528796e+02 +2.770528796e+02 -2.3219e+00 +4.5125e+00 -2.6300e+00 +4.6213e+00 +2.5968e-01 -4.1805e+00 +5.8737e-01 -1.3885e+00 -3.3555e+00 +4.2281e+00
2644 +2.490245600e+00 +2.490245600e+00 +2.756402456e+02 +2.756402456e+02 -2.7943e+00 +4.3754e+00 -2.6427e+00 +4.7531e+00 +6.6934e-01 -3.6771e+00 +1.2630e-01 -1.6349e+00 -3.0899e+00 +4.5714e+00
3786 +1.565003572e+00 +1.565003572e+00 +2.747150036e+02 +2.747150036e+02 -2.7992e+00 +4.3726e+00 -2.6166e+00 +4.6936e+00 +6.8220e-01 -3.6740e+00 +1.4350e-01 -1.6394e+00 -3.0491e+00 +4.5581e+00
% function evaluation | noise-free fitness - Fopt (3.718000000000e+01) | best noise-free fitness - Fopt | measured fitness | best measured fitness | x1 | x2...
1 +9.627787405e+01 +9.627787405e+01 +1.334578741e+02 +1.334578741e+02 -1.4177e+00 +1.4563e+00 +3.7970e+00 +5.3984e-01 -1.8719e+00 +4.1338e+00 +3.8178e+00 -1.0123e+00 -3.3324e+00 -2.3197e+00
5 +5.341282889e+01 +5.341282889e+01 +9.059282889e+01 +9.059282889e+01 -2.3682e+00 -3.3740e-01 +4.9410e+00 -3.0856e-01 -1.6424e+00 -1.1593e+00 -2.1021e+00 +1.3124e+00 +2.8968e+00 +3.6428e+00
24 +3.806927791e+01 +3.806927791e+01 +7.524927791e+01 +7.524927791e+01 -4.6115e+00 +1.6498e+00 +4.2926e+00 +1.0838e+00 -2.6649e+00 -3.0367e+00 -1.7675e+00 -4.1393e+00 -5.0086e-01 +5.7681e+00
263 +2.267252589e+01 +2.267252589e+01 +5.985252589e+01 +5.985252589e+01 -1.1092e+00 +2.0278e+00 +3.2506e+00 +1.4796e+00 -2.4545e+00 +1.4673e+00 -8.4450e-01 -2.9095e+00 +8.4822e-01 +3.1508e+00
365 +1.509490043e+01 +1.509490043e+01 +5.227490043e+01 +5.227490043e+01 -1.6694e+00 +1.7489e+00 +3.9436e+00 +2.1054e+00 -2.2174e+00 -4.3530e-01 +2.9288e-01 -3.2957e+00 +1.9274e-01 +3.2682e+00
566 +9.123084244e+00 +9.123084244e+00 +4.630308424e+01 +4.630308424e+01 -2.0464e+00 +2.0606e+00 +3.4260e+00 +1.8261e+00 -2.0735e+00 +2.8803e-01 +1.1295e-01 -4.2218e+00 -9.6409e-01 +3.2279e+00
1329 +5.952878661e+00 +5.952878661e+00 +4.313287866e+01 +4.313287866e+01 -2.3373e+00 +1.7641e+00 +3.3745e+00 +1.8137e+00 -1.8176e+00 +5.6951e-01 +4.7997e-01 -3.7008e+00 -7.9227e-01 +3.0860e+00
1970 +3.406990643e+00 +3.406990643e+00 +4.058699064e+01 +4.058699064e+01 -1.9227e+00 +2.4557e+00 +2.5427e+00 +1.9535e+00 -1.7971e+00 +1.5422e+00 -4.0089e-01 -4.1579e+00 -2.5439e-01 +2.6956e+00
2721 +2.505255200e+00 +2.505255200e+00 +3.968525520e+01 +3.968525520e+01 -1.8452e+00 +2.3379e+00 +2.6212e+00 +1.9902e+00 -1.8109e+00 +1.4732e+00 -2.9833e-01 -4.2713e+00 -1.9584e-01 +2.6407e+00
% function evaluation | noise-free fitness - Fopt (-1.479000000000e+02) | best noise-free fitness - Fopt | measured fitness | best measured fitness | x1 | x2...
1 +6.621412279e+01 +6.621412279e+01 -8.168587721e+01 -8.168587721e+01 -1.5308e+00 +7.9490e-01 -3.7270e+00 -3.2060e+00 -4.6229e+00 +4.1535e-01 +4.9835e+00 +3.5362e+00 +2.0264e+00 +1.1050e+00
20 +5.905849492e+01 +5.905849492e+01 -8.884150508e+01 -8.884150508e+01 +3.6950e-01 +3.1502e+00 -3.0922e+00 +2.8458e+00 -4.0567e+00 +1.5959e-01 +1.0782e+00 -2.3580e+00 +3.1427e+00 -1.8713e+00
138 +3.807017508e+01 +3.807017508e+01 -1.098298249e+02 -1.098298249e+02 +1.1281e+00 +1.6433e+00 -5.7406e-01 -2.1410e+00 +1.2827e+00 -1.2836e+00 +9.9986e-02 +4.4717e+00 +1.1365e+00 -1.1858e+00
162 +2.345028936e+01 +2.345028936e+01 -1.244497106e+02 -1.244497106e+02 +2.7176e+00 +4.0546e+00 +3.6945e-01 -2.9537e+00 +2.4631e+00 +1.1751e+00 -8.8681e-03 +3.2796e+00 -8.0799e-01 -9.0758e-01
324 +1.532410184e+01 +1.532410184e+01 -1.325758982e+02 -1.325758982e+02 +2.4218e+00 +3.0906e+00 +4.5704e-01 -2.8195e+00 +4.4220e+00 -5.7362e-01 -5.3410e-02 +4.1147e+00 +6.3515e-01 -2.5415e+00
681 +9.203843829e+00 +9.203843829e+00 -1.386961562e+02 -1.386961562e+02 +1.3824e+00 +3.1639e+00 +1.3111e+00 -1.2191e+00 +4.4486e+00 -1.2833e-01 -1.4577e-01 +3.1748e+00 +1.1117e+00 -1.9836e+00
941 +6.180867623e+00 +6.180867623e+00 -1.417191324e+02 -1.417191324e+02 +1.3549e+00 +3.0572e+00 +1.3174e+00 -2.0814e+00 +4.1363e+00 -1.0778e-01 -7.1146e-02 +3.2501e+00 +1.1289e+00 -2.2957e+00
1566 +3.588492345e+00 +3.588492345e+00 -1.443115077e+02 -1.443115077e+02 +1.2961e+00 +3.2745e+00 +1.9393e+00 -1.2607e+00 +4.5206e+00 +7.7418e-02 +7.2891e-02 +2.3185e+00 +1.7448e+00 -2.2761e+00
1767 +2.468777412e+00 +2.468777412e+00 -1.454312226e+02 -1.454312226e+02 +1.2179e+00 +3.2238e+00 +1.9975e+00 -1.2963e+00 +4.5559e+00 +9.1595e-02 +1.5862e-01 +2.2984e+00 +1.7969e+00 -2.3246e+00
2208 +1.514542438e+00 +1.514542438e+00 -1.463854576e+02 -1.463854576e+02 +1.2437e+00 +3.2196e+00 +1.9757e+00 -1.2969e+00 +4.5731e+00 +5.3421e-02 +1.9972e-01 +2.3305e+00 +1.8462e+00 -2.3713e+00
% function evaluation | noise-free fitness - Fopt (-2.218900000000e+02) | best noise-free fitness - Fopt | measured fitness | best measured fitness | x1 | x2...
1 +1.342325752e+02 +1.342325752e+02 -8.765742479e+01 -8.765742479e+01 -9.2024e-01 +1.3813e+00 +3.5603e+00 -2.8156e+00 -5.4605e-01 -1.4616e+00 +1.3535e-01 +1.6507e+00 -1.6541e+00 -4.1915e+00
2 +7.768234395e+01 +7.768234395e+01 -1.442076560e+02 -1.442076560e+02 -1.0051e+00 +4.6478e+00 +4.6954e+00 +4.0749e+00 -2.4315e+00 -4.9902e+00 +4.9999e+00 +1.1737e+00 -2.2653e+00 -1.8719e+00
9 +5.036175053e+01 +5.036175053e+01 -1.715282495e+02 -1.715282495e+02 +2.3230e+00 -3.8727e+00 -3.3563e+00 +2.1662e-01 +1.6279e+00 +2.4385e+00 -9.2724e-01 -2.4425e+00 -3.8289e+00 -1.0827e+00
84 +2.963740968e+01 +2.963740968e+01 -1.922525903e+02 -1.922525903e+02 -4.2114e+00 -3.9682e-01 +1.8120e-01 +2.1402e+00 -5.8808e-01 +2.4039e+00 +1.7330e+00 +3.8417e+00 +2.1776e+00 +4.7170e+00
249 +2.401999592e+01 +2.401999592e+01 -1.978700041e+02 -1.978700041e+02 -2.5031e+00 -3.0398e-01 -2.1070e+00 +1.9664e+00 +1.0272e-01 +1.2231e+00 +1.2855e+00 +9.2085e-01 +1.0313e+00 +2.4884e+00
325 +1.422304999e+01 +1.422304999e+01 -2.076669500e+02 -2.076669500e+02 -2.4150e+00 +4.8037e-01 -3.6927e-01 +9.0552e-01 +4.0380e-02 +1.2017e+00 +3.1884e+00 +5.1349e-01 +5.2668e-01 +1.7646e+00
434 +9.103947860e+00 +9.103947860e+00 -2.127860521e+02 -2.127860521e+02 -1.4871e+00 -2.3573e-01 -1.6539e+00 +1.7800e+00 +3.6896e-01 +1.2200e+00 +4.3870e+00 -6.4080e-01 +7.2006e-01 -2.5017e-01
665 +4.999240990e+00 +4.999240990e+00 -2.168907590e+02 -2.168907590e+02 -2.5803e+00 +7.5975e-01 -8.5805e-01 +1.3765e+00 -1.6265e+00 +1.3855e+00 +3.3441e+00 +1.3474e+00 +9.5862e-01 +3.9697e-01
867 +3.327914029e+00 +3.327914029e+00 -2.185620860e+02 -2.185620860e+02 -2.3202e+00 +1.3415e-01 -1.9100e+00 +4.1593e-01 -8.1591e-01 +1.7843e+00 +4.5279e+00 -1.1676e+00 +1.2928e+00 -1.3203e+00
1061 +2.196650626e+00 +2.196650626e+00 -2.196933494e+02 -2.196933494e+02 -2.3014e+00 +2.8719e-01 -1.9525e+00 +5.6126e-01 -7.5732e-01 +1.5280e+00 +4.4216e+00 -9.0763e-01 +8.8413e-01 -1.1615e+00
1445 +1.558943946e+00 +1.558943946e+00 -2.203310561e+02 -2.203310561e+02 -2.8190e+00 +7.7553e-01 -8.9696e-01 +4.7529e-01 -1.2722e+00 +1.8053e+00 +3.6714e+00 +4.9476e-01 +1.0510e+00 -3.0656e-01
2303 +8.896146334e-01 +8.896146334e-01 -2.210003854e+02 -2.210003854e+02 -2.7057e+00 +7.4812e-01 -1.0403e+00 +4.7561e-01 -1.1829e+00 +1.7899e+00 +3.7544e+00 +1.9352e-01 +8.7469e-01 -4.6360e-01
3725 +6.044141429e-01 +6.044141429e-01 -2.212855859e+02 -2.212855859e+02 -2.8637e+00 +7.5106e-01 -8.3472e-01 +5.3018e-01 -1.3496e+00 +1.8233e+00 +3.5966e+00 +6.2279e-01 +1.1192e+00 -2.9152e-01
4341 +3.910964413e-01 +3.910964413e-01 -2.214989036e+02 -2.214989036e+02 -2.8758e+00 +6.9583e-01 -8.6776e-01 +5.3618e-01 -1.3563e+00 +1.8152e+00 +3.5857e+00 +6.4990e-01 +1.1787e+00 -2.6581e-01
% function evaluation | noise-free fitness - Fopt (1.195400000000e+02) | best noise-free fitness - Fopt | measured fitness | best measured fitness | x1 | x2...
1 +1.397782733e+02 +1.397782733e+02 +2.593182733e+02 +2.593182733e+02 +4.7201e-01 -2.2373e+00 -4.2436e+00 -1.0924e+00 -3.5654e+00 +4.4936e+00 -1.9236e+00 +3.7833e+00 -4.4889e+00 +1.4618e+00
2 +4.162602119e+01 +4.162602119e+01 +1.611660212e+02 +1.611660212e+02 +4.9830e-01 +7.5501e-01 -4.6047e+00 -8.4440e-01 -6.8878e-02 -9.3738e-01 -3.1795e+00 +2.1687e+00 +2.7543e+00 +1.4578e+00
22 +3.881875233e+01 +3.881875233e+01 +1.583587523e+02 +1.583587523e+02 +1.1163e+00 +1.8795e+00 -3.3640e+00 +2.0470e+00 -4.5798e+00 -1.3619e+00 -1.3299e+00 +3.5127e+00 +5.2649e-01 -1.3971e+00
386 +2.248518977e+01 +2.248518977e+01 +1.420251898e+02 +1.420251898e+02 +1.0760e-01 +9.3431e-01 -3.5392e+00 -1.8184e-01 -1.5231e+00 -1.1274e+00 -3.5414e-02 +4.7405e+00 +1.6946e+00 -2.5952e+00
511 +1.462582920e+01 +1.462582920e+01 +1.341658292e+02 +1.341658292e+02 +2.1865e-01 +9.3557e-02 -1.5036e+00 -8.5777e-02 +7.8228e-01 -2.2113e+00 +1.3009e+00 +4.2367e+00 +2.8441e+00 -3.3654e+00
623 +8.979799885e+00 +8.979799885e+00 +1.285197999e+02 +1.285197999e+02 +3.5604e-01 -4.8357e-02 -1.6017e+00 +5.4573e-01 +5.0228e-01 -2.3861e+00 +2.0036e+00 +4.7773e+00 -5.8136e-01 -1.7092e+00
829 +5.505864835e+00 +5.505864835e+00 +1.250458648e+02 +1.250458648e+02 +5.2505e-01 -1.6852e-01 -2.0279e+00 +6.6083e-01 +5.0033e-01 -2.0384e+00 +1.5673e+00 +4.8844e+00 +4.7460e-01 -1.9762e+00
1023 +3.671407978e+00 +3.671407978e+00 +1.232114080e+02 +1.232114080e+02 +5.8982e-01 -2.8284e-01 -2.1231e+00 +7.5041e-01 +4.3134e-01 -2.1598e+00 +1.6777e+00 +4.9316e+00 +5.8114e-01 -2.0936e+00
1306 +2.002700024e+00 +2.002700024e+00 +1.215427000e+02 +1.215427000e+02 +8.0232e-01 +2.3870e-01 -2.1201e+00 +5.4143e-01 +1.6248e+00 -2.5615e+00 +2.4970e+00 +4.7422e+00 +4.0942e-01 -2.1196e+00
1755 +1.562763223e+00 +1.562763223e+00 +1.211027632e+02 +1.211027632e+02 +8.1390e-01 +1.2613e-01 -2.2431e+00 +6.7483e-01 +1.6601e+00 -2.6109e+00 +2.5675e+00 +4.7326e+00 +3.5905e-01 -2.0820e+00
1811 +9.795565775e-01 +9.795565775e-01 +1.205195566e+02 +1.205195566e+02 +7.1846e-01 +1.3213e-01 -2.3655e+00 +7.1599e-01 +1.4435e+00 -2.5664e+00 +2.5877e+00 +4.7762e+00 +2.9201e-01 -2.0826e+00
2342 +5.502216253e-01 +5.502216253e-01 +1.200902216e+02 +1.200902216e+02 +6.7098e-01 +1.2615e-01 -2.3577e+00 +7.7515e-01 +1.4319e+00 -2.4989e+00 +2.5181e+00 +4.6925e+00 +4.4012e-01 -2.1273e+00
2676 +3.851837408e-01 +3.851837408e-01 +1.199251837e+02 +1.199251837e+02 +6.6610e-01 +1.1614e-01 -2.3463e+00 +7.7394e-01 +1.4106e+00 -2.5215e+00 +2.5210e+00 +4.7192e+00 +4.0006e-01 -2.1374e+00
3582 +2.400645305e-01 +2.400645305e-01 +1.197800645e+02 +1.197800645e+02 +6.7332e-01 +9.7298e-02 -2.3467e+00 +7.7391e-01 +1.3595e+00 -2.5060e+00 +2.5227e+00 +4.7516e+00 +4.0081e-01 -2.1385e+00
% function evaluation | noise-free fitness - Fopt (6.983000000000e+01) | best noise-free fitness - Fopt | measured fitness | best measured fitness | x1 | x2...
1 +2.654436729e+02 +2.654436729e+02 +3.352736729e+02 +3.352736729e+02 +3.2757e-01 +4.2986e+00 -2.0532e+00 -4.6114e-01 -1.2627e+00 +1.4705e+00 -1.6387e+00 -4.1477e+00 -1.6510e+00 -2.1559e+00
2 +1.117037313e+02 +1.117037313e+02 +1.815337313e+02 +1.815337313e+02 -2.3901e+00 -2.2164e+00 -3.4255e+00 -4.2025e-02 -8.9189e-01 -4.0106e+00 -1.4472e+00 +2.1504e+00 -2.4286e+00 -1.7337e+00
8 +5.826881564e+01 +5.826881564e+01 +1.280988156e+02 +1.280988156e+02 -1.5794e+00 -4.1606e+00 -4.4877e+00 -1.0768e+00 -9.6202e-01 +4.4623e+00 +4.8064e+00 +4.2772e+00 -3.0521e+00 -4.8597e+00
174 +2.981791081e+01 +2.981791081e+01 +9.964791081e+01 +9.964791081e+01 -1.4825e+00 -2.9603e+00 +7.8669e-01 +5.6580e-02 -4.2866e+00 +1.6287e+00 -3.1050e+00 +1.4674e+00 +3.5995e+00 +3.2107e+00
355 +2.376895726e+01 +2.376895726e+01 +9.359895726e+01 +9.359895726e+01 -1.3260e+00 -1.9039e+00 -1.7598e-01 -2.8262e-01 -4.3457e+00 +4.5089e+00 -2.6541e+00 +2.1360e+00 +5.3819e+00 +2.5484e+00
462 +1.451581383e+01 +1.451581383e+01 +8.434581383e+01 +8.434581383e+01 -1.9484e+00 -1.8866e+00 +2.8311e-01 -7.4205e-01 -4.1316e+00 +4.2589e+00 -3.4932e+00 +1.2995e+00 +4.6587e+00 +2.6117e+00
3582 +8.974812405e+00 +8.974812405e+00 +7.880481241e+01 +7.880481241e+01 -2.5313e+00 -7.3327e-01 -1.8917e+00 -5.7187e-01 -4.1624e+00 +5.0056e+00 -2.8115e+00 +2.5209e+00 +5.1415e+00 +1.0807e+00
% function evaluation | noise-free fitness - Fopt (7.000000000000e-02) | best noise-free fitness - Fopt | measured fitness | best measured fitness | x1 | x2...
1 +1.885428915e+02 +1.885428915e+02 +1.886128915e+02 +1.886128915e+02 +2.8728e+00 -2.9905e+00 -1.4499e+00 +1.8263e+00 -1.6685e+00 +1.7667e+00 +3.6585e+00 -3.5350e+00 -2.5188e+00 +4.0272e+00
2 +1.015955425e+02 +1.015955425e+02 +1.016655425e+02 +1.016655425e+02 -2.6383e+00 -1.1309e+00 +1.2137e+00 -2.9163e+00 +2.1341e+00 +2.4892e+00 +4.2125e+00 +2.6639e+00 +7.7764e-01 -1.2301e+00
4 +9.443299356e+01 +9.443299356e+01 +9.450299356e+01 +9.450299356e+01 -3.8094e+00 +2.2398e+00 +4.5373e+00 -1.1582e+00 +4.3665e+00 +3.9464e+00 +2.6309e+00 +8.1240e-01 -4.7250e-01 -6.8989e-01
16 +4.628573525e+01 +4.628573525e+01 +4.635573525e+01 +4.635573525e+01 +3.2499e+00 -1.0946e+00 +2.1903e+00 -1.9217e+00 +3.1948e+00 -3.6692e+00 +3.0240e-01 -4.8549e-01 +2.6277e+00 -4.0709e+00
41 +3.761257310e+01 +3.761257310e+01 +3.768257310e+01 +3.768257310e+01 +3.9998e+00 +2.7723e+00 +2.1903e+00 -1.1908e+00 +3.1948e+00 -3.6677e-02 -6.4333e-01 -5.3302e+00 -3.3925e-02 -2.1378e+00
163 +2.159021649e+01 +2.159021649e+01 +2.166021649e+01 +2.166021649e+01 +4.4219e+00 +5.8320e-01 +2.3263e+00 -2.2173e+00 +2.2522e+00 -4.9657e-01 -8.8391e-01 -3.7304e+00 +4.2445e-01 -1.6431e+00
420 +1.438120385e+01 +1.438120385e+01 +1.445120385e+01 +1.445120385e+01 +4.4736e+00 -2.0524e-02 +1.9599e+00 -1.8891e+00 +2.7479e+00 -1.2602e+00 -8.2546e-01 -3.8620e+00 +6.1003e-01 -1.9187e+00
793 +8.651200257e+00 +8.651200257e+00 +8.721200257e+00 +8.721200257e+00 +4.7290e+00 +1.5203e+00 +1.8533e+00 -1.6986e+00 +2.8318e+00 -4.7785e-01 -1.7462e-01 -4.3277e+00 +1.3837e-01 -1.0327e+00
1564 +6.152312656e+00 +6.152312656e+00 +6.222312656e+00 +6.222312656e+00 +4.8102e+00 +1.1350e+00 +2.1479e+00 -1.9842e+00 +2.8804e+00 -4.4343e-01 -2.6267e-01 -4.1314e+00 +1.2270e-01 -1.2045e+00
2661 +3.935056034e+00 +3.935056034e+00 +4.005056034e+00 +4.005056034e+00 +4.9612e+00 +8.2856e-01 +2.5524e+00 -2.2109e+00 +2.9037e+00 -4.8223e-01 -3.9554e-01 -4.0004e+00 +2.0242e-01 -1.3260e+00
% function evaluation | noise-free fitness - Fopt (4.960000000000e+00) | best noise-free fitness - Fopt | measured fitness | best measured fitness | x1 | x2...
1 +1.618066192e+02 +1.618066192e+02 +1.667666192e+02 +1.667666192e+02 -3.7363e+00 +9.2243e-01 +4.5378e+00 -2.1312e+00 -2.0385e+00 +9.5282e-01 +4.2191e+00 +2.2630e+00 +1.7041e+00 +4.1865e+00
3 +1.053772877e+02 +1.053772877e+02 +1.103372877e+02 +1.103372877e+02 +3.7519e+00 +3.7681e+00 +2.1567e+00 -2.7642e+00 -2.1065e+00 +3.3393e+00 +5.6004e-01 -2.9572e+00 +1.6719e+00 +2.5074e-01
7 +7.310009687e+01 +7.310009687e+01 +7.806009687e+01 +7.806009687e+01 -3.1928e+00 +4.3624e+00 +1.5052e+00 -7.7454e-01 +2.4165e+00 -4.5594e+00 -1.9703e+00 +4.5683e+00 +1.4120e-01 -3.0589e+00
152 +6.274890707e+01 +6.274890707e+01 +6.770890707e+01 +6.770890707e+01 +2.0250e+00 +3.4875e+00 -1.6000e+00 -1.8604e+00 -9.2086e-01 -6.2459e-01 +2.3735e+00 +3.2654e+00 +2.5623e+00 +2.3819e+00
231 +3.533539649e+01 +3.533539649e+01 +4.029539649e+01 +4.029539649e+01 +1.4279e+00 +2.1746e+00 -3.0164e+00 +9.2631e-01 -3.4817e+00 -4.0478e+00 +5.8283e-01 +1.5435e+00 -1.8607e+00 -2.0140e+00
606 +2.222481604e+01 +2.222481604e+01 +2.718481604e+01 +2.718481604e+01 +2.2481e-01 +1.4818e+00 +8.1094e-01 -5.9503e-01 -5.5352e+00 -1.7087e+00 -7.8615e-01 +2.4098e+00 -1.7355e+00 -5.6710e-01
852 +1.165464552e+01 +1.165464552e+01 +1.661464552e+01 +1.661464552e+01 +2.8644e+00 +2.0350e+00 -3.9872e-01 -2.2311e+00 -5.1579e+00 -1.0228e+00 +1.2380e+00 +8.5693e-01 -1.5643e+00 +1.7246e+00
1181 +9.901421172e+00 +9.901421172e+00 +1.486142117e+01 +1.486142117e+01 +3.2809e+00 +3.0045e+00 -9.0538e-01 -2.0038e+00 -4.4405e+00 -1.6720e+00 +2.1524e+00 +5.7207e-01 -2.6378e+00 +9.2647e-01
1699 +6.254247800e+00 +6.254247800e+00 +1.121424780e+01 +1.121424780e+01 +3.2421e+00 +2.9962e+00 -6.8115e-01 -2.1455e+00 -4.7092e+00 -2.0858e+00 +2.2653e+00 +5.2843e-01 -2.8537e+00 +6.0976e-01
2701 +3.907616903e+00 +3.907616903e+00 +8.867616903e+00 +8.867616903e+00 +3.1932e+00 +3.3057e+00 -8.1051e-01 -2.2017e+00 -5.1004e+00 -2.5254e+00 +2.4950e+00 +5.4111e-01 -3.1324e+00 +5.2799e-01
3203 +2.460685107e+00 +2.460685107e+00 +7.420685107e+00 +7.420685107e+00 +3.2135e+00 +3.3066e+00 -9.0875e-01 -2.1296e+00 -5.0817e+00 -2.4398e+00 +2.5867e+00 +5.6538e-01 -3.0977e+00 +4.7355e-01
% function evaluation | noise-free fitness - Fopt (1.923000000000e+02) | best noise-free fitness - Fopt | measured fitness | best measured fitness | x1 | x2...
1 +1.599808451e+02 +1.599808451e+02 +3.522808451e+02 +3.522808451e+02 +3.1336e+00 -3.4944e+00 +2.7849e+00 -3.2830e+00 -2.4319e+00 +1.9353e+00 +1.4697e-01 +3.8571e+00 +7.4752e-01 +1.1023e+00
2 +8.080307263e+01 +8.080307263e+01 +2.731030726e+02 +2.731030726e+02 -3.4184e+00 +3.0892e+00 -1.1485e+00 -1.8588e+00 -1.5319e+00 +4.4089e+00 +3.9478e+00 -2.6998e+00 +1.3654e+00 -4.5410e+00
5 +4.904926505e+01 +4.904926505e+01 +2.413492651e+02 +2.413492651e+02 -4.2050e+00 +2.8229e+00 +2.1924e+00 +4.3462e+00 -4.8373e+00 +1.4995e+00 +1.0071e+00 +3.9657e+00 -7.2488e-01 -2.4000e+00
36 +3.780821994e+01 +3.780821994e+01 +2.301082199e+02 +2.301082199e+02 -5.9075e-01 +4.5154e-01 -1.1544e+00 +4.7785e+00 +8.3318e-02 -2.4519e+00 -3.9825e-01 +3.8571e+00 +3.0782e+00 +2.3347e+00
245 +2.288349317e+01 +2.288349317e+01 +2.151834932e+02 +2.151834932e+02 -2.4265e+00 +1.6752e+00 -2.1419e+00 +2.7331e+00 -3.2386e+00 -1.9019e+00 -9.9507e-01 +8.6533e-01 +3.3627e+00 +9.2042e-01
510 +1.498142314e+01 +1.498142314e+01 +2.072814231e+02 +2.072814231e+02 -1.6425e+00 +9.5719e-01 -8.2267e-01 +2.5460e+00 -3.0012e+00 -2.1962e+00 +5.0973e-01 +3.9626e+00 +2.6782e+00 -5.6185e-01
682 +9.848175620e+00 +9.848175620e+00 +2.021481756e+02 +2.021481756e+02 -3.9068e+00 +4.0373e+00 -1.7404e+00 -8.1353e-01 -2.6555e+00 -1.5138e-01 -1.7953e+00 +5.7560e-01 +2.6060e+00 +3.2645e-01
893 +5.229189665e+00 +5.229189665e+00 +1.975291897e+02 +1.975291897e+02 -1.1917e+00 +2.2615e+00 -1.9576e+00 +1.5706e-01 -3.3069e+00 +8.9927e-02 -6.9952e-01 +1.9078e+00 +2.3568e+00 -1.7081e+00
1147 +3.620274923e+00 +3.620274923e+00 +1.959202749e+02 +1.959202749e+02 -2.7101e+00 +3.6638e+00 -2.0140e+00 -1.2226e+00 -3.5651e+00 -6.2665e-02 -8.1455e-01 +1.5712e+00 +1.9773e+00 -1.1740e+00
1562 +2.041264306e+00 +2.041264306e+00 +1.943412643e+02 +1.943412643e+02 -2.2508e+00 +2.7628e+00 -2.2518e+00 -6.6271e-01 -3.7204e+00 +5.5157e-01 -7.5987e-01 +1.5315e+00 +2.2134e+00 -1.2103e+00
1765 +1.357723444e+00 +1.357723444e+00 +1.936577234e+02 +1.936577234e+02 -2.2061e+00 +2.7717e+00 -2.2054e+00 -4.9638e-01 -3.5786e+00 +4.4949e-01 -7.0294e-01 +1.6409e+00 +2.1992e+00 -1.1061e+00
2892 +9.438759910e-01 +9.438759910e-01 +1.932438760e+02 +1.932438760e+02 -2.1810e+00 +2.7318e+00 -2.1810e+00 -4.5389e-01 -3.4590e+00 +3.2811e-01 -6.2658e-01 +1.7113e+00 +2.2221e+00 -1.0559e+00
3776 +6.229789300e-01 +6.229789300e-01 +1.929229789e+02 +1.929229789e+02 -2.2103e+00 +2.7239e+00 -2.1835e+00 -4.9411e-01 -3.4287e+00 +2.8831e-01 -5.9431e-01 +1.7286e+00 +2.2424e+00 -1.0426e+00
% function evaluation | noise-free fitness - Fopt (4.971000000000e+01) | best noise-free fitness - Fopt | measured fitness | best measured fitness | x1 | x2...
1 +1.263389612e+02 +1.263389612e+02 +1.760489612e+02 +1.760489612e+02 +2.0873e+00 +3.7723e+00 +5.3822e-03 -1.5385e+00 -2.0347e+00 +2.1681e+00 -3.5971e+00 -1.2093e+00 -1.3699e+00 -6.9300e-01
6 +6.028877394e+01 +6.028877394e+01 +1.099987739e+02 +1.099987739e+02 +6.3925e-01 +2.5244e+00 -4.3297e+00 +4.6754e+00 -2.8509e+00 +1.1353e+00 -9.1146e-01 +2.9665e+00 +4.3087e+00 +1.8124e+00
23 +2.091653450e+01 +2.091653450e+01 +7.062653450e+01 +7.062653450e+01 +4.1962e+00 -2.7726e+00 -5.5208e-01 +3.4320e+00 -5.1357e-01 +2.9338e+00 -3.1852e+00 -1.7344e+00 +1.0447e+00 +4.0809e+00
366 +1.433480891e+01 +1.433480891e+01 +6.404480891e+01 +6.404480891e+01 +2.0013e+00 -3.4403e+00 -9.4783e-01 +1.7071e+00 -4.0829e-01 +2.3880e+00 -4.0297e+00 -1.5261e+00 +4.3145e-01 +5.2755e+00
463 +8.223084701e+00 +8.223084701e+00 +5.793308470e+01 +5.793308470e+01 +2.3180e+00 -4.0233e+00 -1.6546e+00 +1.8023e+00 -9.9690e-01 +2.7470e+00 -3.2430e+00 -1.1318e+00 +2.3022e-01 +4.5040e+00
703 +6.110537159e+00 +6.110537159e+00 +5.582053716e+01 +5.582053716e+01 +2.9030e+00 -3.9830e+00 -2.0470e+00 +2.0727e+00 -7.7479e-01 +3.0682e+00 -2.8220e+00 -4.2455e-01 -2.8600e-01 +4.4090e+00
827 +2.295208040e+00 +2.295208040e+00 +5.200520804e+01 +5.200520804e+01 +2.8519e+00 -3.8392e+00 -1.9302e+00 +2.2340e+00 -6.4647e-01 +3.3900e+00 -2.9631e+00 -6.6544e-01 -3.8776e-01 +3.9050e+00
1071 +1.323151076e+00 +1.323151076e+00 +5.103315108e+01 +5.103315108e+01 +3.0549e+00 -4.2006e+00 -1.9051e+00 +2.3211e+00 -6.2977e-01 +3.3264e+00 -3.0131e+00 -8.6093e-01 -5.1505e-01 +4.0551e+00
1158 +8.861438101e-01 +8.861438101e-01 +5.059614381e+01 +5.059614381e+01 +3.0774e+00 -4.1794e+00 -1.8643e+00 +2.3147e+00 -5.2981e-01 +3.2599e+00 -3.0449e+00 -8.0153e-01 -4.1441e-01 +4.1002e+00
1787 +5.145158890e-01 +5.145158890e-01 +5.022451589e+01 +5.022451589e+01 +3.0566e+00 -4.1135e+00 -1.9325e+00 +2.2786e+00 -5.2790e-01 +3.2250e+00 -3.0332e+00 -7.9321e-01 -3.5154e-01 +4.1754e+00
2145 +3.768934188e-01 +3.768934188e-01 +5.008689342e+01 +5.008689342e+01 +3.0468e+00 -4.1183e+00 -1.9039e+00 +2.2973e+00 -5.6283e-01 +3.2371e+00 -3.0529e+00 -8.0302e-01 -3.7940e-01 +4.2107e+00
2721 +2.458154293e-01 +2.458154293e-01 +4.995581543e+01 +4.995581543e+01 +3.0642e+00 -4.1422e+00 -1.8953e+00 +2.2885e+00 -5.4852e-01 +3.2339e+00 -3.0600e+00 -7.7973e-01 -3.8091e-01 +4.1997e+00
3584 +1.550146767e-01 +1.550146767e-01 +4.986501468e+01 +4.986501468e+01 +3.0632e+00 -4.1328e+00 -1.8996e+00 +2.2908e+00 -5.5051e-01 +3.2331e+00 -3.0555e+00 -7.7145e-01 -3.8478e-01 +4.1915e+00
% function evaluation | noise-free fitness - Fopt (2.051200000000e+02) | best noise-free fitness - Fopt | measured fitness | best measured fitness | x1 | x2...
1 +3.065905521e+02 +3.065905521e+02 +5.117105521e+02 +5.117105521e+02 +4.1014e-01 -1.8216e-01 +6.2216e-01 +4.9050e+00 -9.5303e-02 -3.1816e+00 -1.3059e+00 +3.8895e+00 -8.4378e-01 -1.8036e+00
6 +1.493508365e+02 +1.493508365e+02 +3.544708365e+02 +3.544708365e+02 +2.9661e+00 +2.5583e+00 -1.6024e+00 -2.7920e-01 -4.5491e+00 -3.7146e+00 -3.3989e+00 +3.0618e+00 +1.4545e+00 +2.3575e+00
23 +8.824086288e+01 +8.824086288e+01 +2.933608629e+02 +2.933608629e+02 -2.0589e+00 -5.8535e-01 -3.0806e+00 -1.8309e+00 +5.8321e-01 -1.7858e-01 -4.0548e+00 +1.8439e+00 +4.9063e+00 -1.3149e+00
121 +6.114217900e+01 +6.114217900e+01 +2.662621790e+02 +2.662621790e+02 -2.8677e+00 -9.1510e-01 -2.0620e+00 -2.5413e+00 -6.9497e-01 -1.5993e-01 -2.6554e+00 +2.3433e+00 +4.9783e+00 -7.4301e-01
257 +3.664176159e+01 +3.664176159e+01 +2.417617616e+02 +2.417617616e+02 -2.1987e+00 -2.2624e+00 -1.6221e+00 -4.7129e+00 -1.6987e+00 +3.1673e-01 +6.3038e-02 +2.6355e+00 +5.1896e+00 +3.5970e-01
1174 +2.480365870e+01 +2.480365870e+01 +2.299236587e+02 +2.299236587e+02 -7.5749e-01 +1.9410e+00 -1.9449e+00 -4.7523e+00 -4.9760e+00 +2.9909e-01 -3.7339e-01 +1.6549e+00 +4.8657e+00 +2.6638e+00
% function evaluation | noise-free fitness - Fopt (-1.729000000000e+02) | best noise-free fitness - Fopt | measured fitness | best measured fitness | x1 | x2...
1 +1.509998699e+02 +1.509998699e+02 -2.190013014e+01 -2.190013014e+01 -1.1776e+00 +2.3394e+00 -4.1157e+00 +1.5350e+00 +4.0065e+00 +4.1128e+00 -5.3053e-01 -1.1334e+00 -2.8359e+00 +3.9807e+00
2 +9.656095304e+01 +9.656095304e+01 -7.633904696e+01 -7.633904696e+01 +2.7420e+00 +2.3926e+00 -2.9726e+00 +4.3502e-01 +2.1702e+00 +4.4297e-01 +1.3179e+00 +1.9242e+00 +1.4100e+00 +1.1880e+00
3 +6.124796627e+01 +6.124796627e+01 -1.116520337e+02 -1.116520337e+02 +3.9180e+00 +4.5863e+00 +5.2363e-01 -2.1195e+00 +1.2173e+00 +3.7372e+00 +9.0814e-01 -1.1097e+00 -4.5078e+00 +3.0511e-01
107 +3.634414946e+01 +3.634414946e+01 -1.365558505e+02 -1.365558505e+02 -5.7635e+00 +4.3723e-01 +3.3544e+00 -1.9370e+00 -3.7542e+00 -8.2270e-01 +2.9392e+00 +3.4092e+00 -3.5603e-01 +1.5961e+00
208 +1.838342752e+01 +1.838342752e+01 -1.545165725e+02 -1.545165725e+02 -4.8362e+00 +1.6882e+00 +8.2594e-01 -1.6034e+00 -2.4775e+00 +2.5081e+00 +3.4948e+00 +3.1609e+00 -4.9716e+00 +2.6882e+00
668 +1.484997476e+01 +1.484997476e+01 -1.580500252e+02 -1.580500252e+02 -3.6031e+00 +1.2476e+00 +1.7382e+00 -4.2868e+00 -3.4204e+00 -3.4126e+00 +3.3549e+00 +2.8415e+00 -2.8379e+00 +1.5935e+00
1173 +9.641758080e+00 +9.641758080e+00 -1.632582419e+02 -1.632582419e+02 -3.2970e+00 +2.6219e+00 +6.5321e-01 -3.7857e+00 -3.4061e+00 -2.7194e+00 +2.7387e+00 +3.0512e+00 -4.6783e+00 +1.5293e+00
3608 +6.295120157e+00 +6.295120157e+00 -1.666048798e+02 -1.666048798e+02 -3.5396e+00 +2.1948e+00 +6.5228e-01 -2.9926e+00 -3.2431e+00 -1.9371e+00 +2.9807e+00 +3.0268e+00 -4.8432e+00 +2.0667e+00
% function evaluation | noise-free fitness - Fopt (-3.506200000000e+02) | best noise-free fitness - Fopt | measured fitness | best measured fitness | x1 | x2...
1 +3.918583708e+02 +3.918583708e+02 +4.123837079e+01 +4.123837079e+01 +4.6548e+00 -1.6058e+00 +1.3165e+00 -9.6790e-01 -3.4278e+00 -4.0064e+00 -4.6281e+00 +1.9352e-01 -4.4648e+00 +1.8043e-01
3 +1.814090484e+02 +1.814090484e+02 -1.692109516e+02 -1.692109516e+02 -2.4322e+00 -1.5388e-01 +4.5857e+00 -4.0753e+00 -2.2996e+00 -3.6045e-01 +3.6457e+00 +1.6870e+00 -2.2779e-02 -1.7367e+00
5 +6.130025408e+01 +6.130025408e+01 -2.893197459e+02 -2.893197459e+02 -2.7297e+00 +6.1864e-01 +1.2699e-01 +4.7422e+00 -2.6911e-01 +4.1148e+00 +7.9628e-01 +4.2560e+00 +3.2833e+00 +1.2287e+00
75 +3.087929947e+01 +3.087929947e+01 -3.197407005e+02 -3.197407005e+02 -4.0798e+00 -9.0851e-01 +7.2422e-01 +5.7312e-02 -2.8395e+00 +4.9693e+00 +3.0116e+00 +1.8680e+00 -1.1155e+00 -7.3853e-02
206 +2.025076404e+01 +2.025076404e+01 -3.303692360e+02 -3.303692360e+02 -3.3158e+00 -3.9247e+00 +2.8936e+00 -2.0449e+00 +1.2453e+00 +2.0756e+00 +1.4654e+00 +5.0988e+00 -1.6433e+00 +1.5461e+00
283 +1.582867445e+01 +1.582867445e+01 -3.347913255e+02 -3.347913255e+02 -3.2700e+00 -3.1981e+00 +2.7714e-01 -3.1749e-04 +1.0983e+00 +3.0504e+00 +4.5537e+00 +1.8363e+00 -1.2748e+00 +1.3824e+00
541 +7.957275173e+00 +7.957275173e+00 -3.426627248e+02 -3.426627248e+02 -2.8893e+00 -3.4780e+00 +7.7663e-01 -6.6281e-01 -1.8339e+00 +4.2439e+00 +3.1313e+00 +1.6507e+00 -4.7466e-01 +3.7708e-01
718 +5.746934972e+00 +5.746934972e+00 -3.448730650e+02 -3.448730650e+02 -3.1250e+00 -4.1122e+00 +1.0072e+00 -5.8306e-01 -5.7243e-01 +3.3621e+00 +3.2780e+00 +2.4132e+00 +2.1662e-02 +9.6175e-01
1501 +3.668031598e+00 +3.668031598e+00 -3.469519684e+02 -3.469519684e+02 -3.3114e+00 -3.8364e+00 +2.6278e-01 -6.3515e-02 -1.0613e+00 +3.4972e+00 +3.7073e+00 +1.8812e+00 -5.6498e-01 +4.2748e-01
3074 +2.436632278e+00 +2.436632278e+00 -3.481833677e+02 -3.481833677e+02 -2.9110e+00 -4.1408e+00 +7.0465e-01 -4.6989e-01 -5.4396e-01 +3.1556e+00 +3.2924e+00 +2.3715e+00 -1.8008e-01 +8.2453e-01
