% function evaluation | noise-free fitness - Fopt (-5.494000000000e+01) | best noise-free fitness - Fopt | measured fitness | best measured fitness | x1 | x2...
1 +8.280205773e+07 +8.280205773e+07 +8.280200279e+07 +8.280200279e+07 +2.2499e+00 +7.6955e-01 -2.8336e+00 -4.5429e+00 -4.4401e+00 -3.6152e+00 +8.0083e-01 -3.7408e+00 -2.5296e+00 -4.3266e+00
2 +4.348784100e+07 +4.348784100e+07 +4.348778606e+07 +4.348778606e+07 +2.0101e+00 -2.9499e+00 -3.4324e+00 -2.6936e+00 -4.5398e+00 +2.6223e+00 -2.1897e+00 -3.8595e+00 +9.1739e-01 +2.5754e+00
3 +3.471492005e+07 +3.471492005e+07 +3.471486511e+07 +3.471486511e+07 +1.6251e+00 +3.1181e+00 -1.1613e+00 +4.2958e+00 +1.7052e+00 -4.9543e+00 +3.1113e+00 -1.0604e-01 +1.2811e+00 +4.2597e+00
6 +7.873765135e+05 +7.873765135e+05 +7.873215735e+05 +7.873215735e+05 -3.1802e+00 -3.4123e+00 +2.3705e+00 +3.9489e+00 +2.4983e+00 +3.1031e+00 -1.0441e+00 +1.5589e+00 +2.8935e+00 -1.5877e+00
59 +4.444056872e+05 +4.444056872e+05 +4.443507472e+05 +4.443507472e+05 -4.6379e+00 +4.5579e-01 +8.1884e-01 +7.4619e+00 -5.2551e-01 +2.3776e+00 -1.7759e+00 +6.1618e+00 +2.7210e+00 -5.8175e+00
103 +2.609799533e+05 +2.609799533e+05 +2.609250133e+05 +2.609250133e+05 -5.1353e+00 +1.7395e+00 +1.1718e+00 +7.0598e+00 +2.4076e+00 +1.9047e+00 -1.1822e+00 +5.8075e+00 +4.3370e+00 -4.9255e+00
182 +1.938936372e+05 +1.938936372e+05 +1.938386972e+05 +1.938386972e+05 -5.0164e+00 +9.0775e-01 +1.5707e+00 +5.7340e+00 +1.4198e+00 +1.3687e+00 -2.0127e+00 +4.9212e+00 +2.7934e+00 -4.3725e+00
185 +1.353551322e+05 +1.353551322e+05 +1.353001922e+05 +1.353001922e+05 -2.7915e-01 -3.4122e-01 +1.0691e+00 +2.3909e+00 +5.3073e+00 +2.2565e-01 -1.4301e+00 -2.9706e+00 +9.7202e-01 -2.0512e+00
204 +3.998493745e+04 +3.998493745e+04 +3.992999745e+04 +3.992999745e+04 -4.6450e-01 +1.8361e+00 +1.8582e+00 +2.6155e+00 +6.6623e+00 -1.3134e+00 -6.1816e-01 -1.1975e+00 +2.5730e+00 -2.0156e+00
281 +3.872078815e+04 +3.872078815e+04 +3.866584815e+04 +3.866584815e+04 -2.7191e-01 +2.1529e+00 +1.7915e+00 +2.9368e+00 +6.5480e+00 -1.4079e+00 -7.9330e-01 -1.2874e+00 +2.4985e+00 -1.8780e+00
409 +2.475213568e+04 +2.475213568e+04 +2.469719568e+04 +2.469719568e+04 -5.1317e-01 +2.5251e+00 +3.1920e+00 +3.0515e+00 +7.1778e+00 -3.2329e+00 -7.0083e-02 -1.6547e+00 +3.4894e+00 -2.0640e+00
445 +1.233978213e+04 +1.233978213e+04 +1.228484213e+04 +1.228484213e+04 -8.3201e-01 +1.9006e+00 +2.6599e+00 +3.2965e+00 +6.4824e+00 -1.4231e+00 -8.6062e-02 -7.1121e-01 +3.4115e+00 -2.5237e+00
745 +9.661769576e+03 +9.661769576e+03 +9.606829576e+03 +9.606829576e+03 -1.5670e+00 +8.1373e-01 +1.8041e+00 +3.5572e+00 +4.9469e+00 +4.1209e-01 -7.3557e-01 -1.5717e-01 +2.2239e+00 -2.7009e+00
965 +5.575146725e+03 +5.575146725e+03 +5.520206725e+03 +5.520206725e+03 -2.3783e+00 -1.5675e+00 +1.1201e+00 +3.2695e+00 +2.9097e+00 +3.0898e+00 -1.5008e+00 -7.9639e-01 -4.2329e-02 -2.1429e+00
985 +3.970882749e+03 +3.970882749e+03 +3.915942749e+03 +3.915942749e+03 -2.9376e+00 -2.6296e+00 +5.7542e-01 +2.8951e+00 +1.6535e+00 +4.9034e+00 -1.9642e+00 -6.3743e-01 -1.8084e+00 -1.5504e+00
1081 +1.832683902e+03 +1.832683902e+03 +1.777743902e+03 +1.777743902e+03 -2.6101e+00 -4.1063e+00 +9.3047e-01 +1.3313e+00 +1.0732e+00 +6.2518e+00 -1.9337e+00 -2.4311e+00 -4.6331e+00 +2.6805e-01
1145 +1.438983221e+03 +1.438983221e+03 +1.384043221e+03 +1.384043221e+03 -2.5925e+00 -3.9981e+00 +7.9505e-01 +1.5712e+00 +1.1330e+00 +6.1393e+00 -1.9761e+00 -2.2679e+00 -4.2743e+00 -8.2705e-03
1235 +9.813694511e+02 +9.813694511e+02 +9.264294511e+02 +9.264294511e+02 -2.8182e+00 -5.1308e+00 +3.3524e-01 +1.2168e+00 +1.2829e-01 +7.6951e+00 -2.2893e+00 -2.4436e+00 -5.8069e+00 +6.8593e-01
1881 +6.287694564e+02 +6.287694564e+02 +5.738294564e+02 +5.738294564e+02 -2.7516e+00 -4.7979e+00 -1.5465e-01 +1.2703e+00 +1.5419e-01 +7.7439e+00 -2.4584e+00 -1.6648e+00 -5.7317e+00 +1.2164e+00
2102 +3.596177377e+02 +3.596177377e+02 +3.046777377e+02 +3.046777377e+02 -2.2630e+00 -3.4552e+00 -6.0074e-01 +1.7405e+00 +1.1124e+00 +6.0701e+00 -2.6267e+00 -8.7921e-01 -4.3426e+00 +1.9416e+00
2201 +2.412674688e+02 +2.412674688e+02 +1.863274688e+02 +1.863274688e+02 -1.8878e+00 -2.3769e+00 -1.1549e+00 +2.0171e+00 +1.7657e+00 +4.9241e+00 -2.8527e+00 -3.4634e-02 -3.5335e+00 +2.8802e+00
2428 +1.553383336e+02 +1.553383336e+02 +1.003983336e+02 +1.003983336e+02 -1.6768e+00 -1.3988e+00 -1.4231e+00 +2.1176e+00 +2.4115e+00 +3.9142e+00 -2.9524e+00 +5.5041e-01 -2.8600e+00 +3.4468e+00
2522 +9.515812979e+01 +9.515812979e+01 +4.021812979e+01 +4.021812979e+01 -1.5623e+00 -8.4272e-01 -1.6037e+00 +2.2524e+00 +2.7746e+00 +3.3222e+00 -3.0228e+00 +8.9823e-01 -2.3613e+00 +3.6496e+00
2663 +6.051886469e+01 +6.051886469e+01 +5.578864688e+00 +5.578864688e+00 -1.2742e+00 +7.8873e-02 -1.8035e+00 +2.4437e+00 +3.4329e+00 +2.3132e+00 -3.0419e+00 +1.4431e+00 -1.5374e+00 +4.0363e+00
2823 +3.516443166e+01 +3.516443166e+01 -1.977556834e+01 -1.977556834e+01 -1.4566e+00 -3.2486e-03 -1.8824e+00 +2.3784e+00 +3.3186e+00 +2.5083e+00 -3.1331e+00 +1.4391e+00 -1.6780e+00 +3.9334e+00
3851 +2.497466990e+01 +2.497466990e+01 -2.996533010e+01 -2.996533010e+01 -5.2446e-01 -2.6592e-01 -1.5693e+00 +2.3294e+00 +3.5018e+00 +2.4099e+00 -2.6645e+00 +1.1656e+00 -1.7556e+00 +4.6894e+00
4467 +1.568834740e+01 +1.568834740e+01 -3.925165260e+01 -3.925165260e+01 -9.8895e-01 -5.9130e-01 -1.5613e+00 +2.5800e+00 +3.2665e+00 +2.8256e+00 -2.5065e+00 +1.1082e+00 -2.3040e+00 +4.0923e+00
4663 +9.740810176e+00 +9.740810176e+00 -4.519918982e+01 -4.519918982e+01 -8.5962e-01 -5.6548e-01 -1.5542e+00 +2.8056e+00 +3.3933e+00 +2.6881e+00 -2.2974e+00 +1.1818e+00 -2.3513e+00 +4.1455e+00
4847 +5.885370930e+00 +5.885370930e+00 -4.905462907e+01 -4.905462907e+01 -1.2323e+00 -7.8236e-01 -1.5343e+00 +2.9744e+00 +3.2405e+00 +2.9683e+00 -2.1888e+00 +1.1162e+00 -2.7470e+00 +3.6749e+00
4981 +3.376082631e+00 +3.376082631e+00 -5.156391737e+01 -5.156391737e+01 -1.3011e+00 -9.6856e-01 -1.5075e+00 +3.1380e+00 +3.1748e+00 +3.1226e+00 -2.0208e+00 +1.0714e+00 -3.0459e+00 +3.5415e+00
% function evaluation | noise-free fitness - Fopt (5.913000000000e+01) | best noise-free fitness - Fopt | measured fitness | best measured fitness | x1 | x2...
1 +1.060723895e+06 +1.060723895e+06 +1.060783025e+06 +1.060783025e+06 +4.6856e+00 -4.8256e+00 -1.1197e+00 +4.9091e+00 +4.1605e+00 +2.3881e+00 +8.5755e-01 +1.2151e+00 -1.3691e+00 +4.5711e+00
43 +8.376017494e+05 +8.376017494e+05 +8.376608794e+05 +8.376608794e+05 +4.4457e+00 -5.4305e-01 -4.8368e+00 +5.1970e+00 -6.4094e-02 +2.8354e+00 +1.4500e-01 -8.1762e-01 -8.1471e+00 +1.9794e-01
61 +6.243987360e+05 +6.243987360e+05 +6.244578660e+05 +6.244578660e+05 +1.6982e+00 -1.1210e+00 -2.5359e+00 +5.3702e+00 +2.0354e-01 +3.0756e+00 -4.2143e-02 +2.5732e+00 -6.3989e+00 +1.9930e+00
73 +1.309829375e+05 +1.309829375e+05 +1.310420675e+05 +1.310420675e+05 -1.4054e+00 +2.8906e+00 -5.8694e+00 -2.9047e+00 +3.9374e+00 +5.3215e+00 +1.0989e+00 +1.4132e+00 -2.1874e+00 +4.9772e+00
174 +5.882454883e+04 +5.882454883e+04 +5.888367883e+04 +5.888367883e+04 -3.0839e+00 +3.1750e+00 -6.2385e+00 -3.1711e+00 +3.9476e+00 +5.1721e+00 +1.2736e-01 +7.0675e-01 -6.1821e-01 +6.5532e+00
248 +3.084023390e+04 +3.084023390e+04 +3.089936390e+04 +3.089936390e+04 -2.0759e+00 +2.6705e+00 -2.9912e+00 -3.0035e+00 +4.0635e+00 +5.4764e+00 -1.8693e-01 +1.4667e+00 +1.3953e+00 +8.1987e+00
276 +2.442096609e+04 +2.442096609e+04 +2.448009609e+04 +2.448009609e+04 -2.6966e+00 +2.3870e+00 -3.6556e+00 -1.2534e+00 +2.2291e+00 +3.1331e+00 +7.2044e-01 +3.8692e-01 +4.6950e-01 +6.2263e+00
285 +1.355665124e+04 +1.355665124e+04 +1.361578124e+04 +1.361578124e+04 -1.2768e+00 +1.6483e+00 -3.5016e+00 -8.3409e-01 +2.8744e+00 +4.1139e+00 +3.3029e-01 +3.1512e-01 +1.0627e-02 +6.7996e+00
381 +9.653139082e+03 +9.653139082e+03 +9.712269082e+03 +9.712269082e+03 -1.9481e+00 +1.9602e+00 -3.4579e+00 -9.7007e-01 +2.5529e+00 +3.9001e+00 +4.1628e-01 +3.0274e-01 +1.5423e-01 +6.8002e+00
570 +6.245395229e+03 +6.245395229e+03 +6.304525229e+03 +6.304525229e+03 -3.4242e+00 +2.6671e+00 -3.2907e+00 -1.2841e+00 +2.4873e+00 +4.0397e+00 +1.6725e-01 +4.1905e-01 +1.3443e+00 +7.5592e+00
824 +3.920465440e+03 +3.920465440e+03 +3.979595440e+03 +3.979595440e+03 -4.5770e+00 +2.6842e+00 -3.9207e+00 -3.1076e-01 +1.0450e+00 +2.3994e+00 +6.7780e-01 +2.6089e-01 +8.6632e-01 +6.1251e+00
1105 +2.481823135e+03 +2.481823135e+03 +2.540953135e+03 +2.540953135e+03 -5.8734e+00 +2.7288e+00 -4.2404e+00 +6.2553e-01 -6.1634e-01 +1.0741e+00 +3.5142e-01 +8.5585e-01 +6.6391e-01 +4.8528e+00
1298 +1.525453571e+03 +1.525453571e+03 +1.584583571e+03 +1.584583571e+03 -5.4166e+00 +2.4129e+00 -4.0353e+00 +6.3895e-01 -9.2839e-01 +1.1766e+00 -1.0206e+00 +2.1776e+00 +7.7128e-01 +4.5757e+00
1446 +9.621745556e+02 +9.621745556e+02 +1.021304556e+03 +1.021304556e+03 -6.3151e+00 +2.4572e+00 -4.6947e+00 +1.2287e+00 -1.8896e+00 +3.4209e-01 -1.1578e+00 +2.4641e+00 +4.5916e-01 +3.6098e+00
1570 +5.832120357e+02 +5.832120357e+02 +6.423420357e+02 +6.423420357e+02 -5.3837e+00 +2.1140e+00 -4.1321e+00 +1.0152e+00 -1.6218e+00 +1.1906e+00 -2.4375e+00 +3.4758e+00 +8.0204e-01 +4.1138e+00
1909 +3.953652148e+02 +3.953652148e+02 +4.544952148e+02 +4.544952148e+02 -3.9108e+00 +1.6958e+00 -3.3188e+00 +5.7779e-01 -1.0283e+00 +2.3092e+00 -3.5057e+00 +4.1345e+00 +1.1670e+00 +5.0088e+00
2182 +2.509652385e+02 +2.509652385e+02 +3.100952385e+02 +3.100952385e+02 -2.5850e+00 +1.3020e+00 -2.5019e+00 +2.7058e-01 -6.9122e-01 +2.9862e+00 -4.2666e+00 +4.4744e+00 +1.4733e+00 +5.7374e+00
2421 +1.578972921e+02 +1.578972921e+02 +2.170272921e+02 +2.170272921e+02 -4.4244e-01 +5.0692e-01 -1.3079e+00 -2.3936e-01 +3.4285e-01 +4.2449e+00 -5.6074e+00 +5.1110e+00 +2.3477e+00 +7.2716e+00
3108 +9.929018177e+01 +9.929018177e+01 +1.584201818e+02 +1.584201818e+02 -3.7035e-01 +7.8616e-01 -1.0896e+00 -2.6754e-01 -4.3974e-01 +4.1013e+00 -5.3087e+00 +4.9247e+00 +1.5757e+00 +6.6242e+00
3222 +5.942837805e+01 +5.942837805e+01 +1.185583780e+02 +1.185583780e+02 -1.3453e+00 +1.4091e+00 -1.4134e+00 -9.5575e-02 -1.6425e+00 +3.2501e+00 -4.3719e+00 +4.3993e+00 +5.6774e-01 +5.3742e+00
3377 +3.914270368e+01 +3.914270368e+01 +9.827270368e+01 +9.827270368e+01 -1.7754e+00 +2.0233e+00 -1.2998e+00 -1.3432e-01 -2.9162e+00 +2.6892e+00 -3.5810e+00 +3.9026e+00 -5.7848e-01 +4.2577e+00
3517 +2.379397778e+01 +2.379397778e+01 +8.292397778e+01 +8.292397778e+01 -2.6925e+00 +2.5896e+00 -1.6352e+00 +6.2437e-02 -3.9967e+00 +1.9268e+00 -2.6968e+00 +3.3972e+00 -1.4907e+00 +3.1172e+00
3821 +1.519921358e+01 +1.519921358e+01 +7.432921358e+01 +7.432921358e+01 -2.7303e+00 +2.6344e+00 -1.6094e+00 +7.9689e-02 -4.1406e+00 +1.8133e+00 -2.5893e+00 +3.3204e+00 -1.6023e+00 +2.9977e+00
4329 +9.641152493e+00 +9.641152493e+00 +6.877115249e+01 +6.877115249e+01 -2.8697e+00 +2.7593e+00 -1.6367e+00 +1.2005e-01 -4.4495e+00 +1.6548e+00 -2.4321e+00 +3.2433e+00 -1.8644e+00 +2.6983e+00
% function evaluation | noise-free fitness - Fopt (-4.915300000000e+02) | best noise-free fitness - Fopt | measured fitness | best measured fitness | x1 | x2...
1 +1.568811620e+07 +1.568811620e+07 +1.568762467e+07 +1.568762467e+07 -1.5489e+00 -3.1001e+00 -1.6744e+00 +1.8466e+00 +3.3866e+00 +4.8975e+00 -3.1331e+00 +3.8217e+00 +2.1565e+00 +7.0686e-01
2 +5.033621700e+06 +5.033621700e+06 +5.033130170e+06 +5.033130170e+06 +4.3780e+00 +6.2173e-01 -2.4096e+00 -3.0980e+00 +2.3362e+00 -2.0660e+00 +2.1602e-01 -1.4829e+00 +1.8615e-01 +2.3082e+00
6 +2.039611415e+06 +2.039611415e+06 +2.039119885e+06 +2.039119885e+06 -4.4957e+00 -4.5438e+00 +2.1520e+00 -3.2466e-01 -2.4611e+00 -2.3699e+00 +2.5169e+00 -3.0425e+00 +7.0581e-02 -3.9873e+00
42 +1.135001299e+06 +1.135001299e+06 +1.134509769e+06 +1.134509769e+06 -1.4361e+00 -5.1997e-01 +6.6360e+00 -3.3189e+00 -4.4415e+00 -4.6281e+00 +5.5970e+00 +1.7714e+00 -1.8022e+00 -2.8234e+00
46 +9.239077622e+05 +9.239077622e+05 +9.234162322e+05 +9.234162322e+05 -7.8183e-01 -2.9822e+00 -7.0373e-01 +6.9995e-01 +1.5082e-01 -3.9744e+00 +6.1262e-01 -1.8732e-01 +4.6091e-01 -1.1971e+00
93 +2.419345127e+05 +2.419345127e+05 +2.414429827e+05 +2.414429827e+05 -5.4923e+00 -6.1004e+00 -3.4867e+00 -3.9955e+00 +3.1191e-01 -5.4425e-01 +2.4809e-01 -3.7784e+00 -2.1196e+00 -6.6119e+00
242 +1.508784541e+05 +1.508784541e+05 +1.503869241e+05 +1.503869241e+05 -6.2210e+00 -5.5005e+00 -7.8981e+00 -4.4621e-01 +2.3552e+00 -2.5166e+00 -1.3789e+00 -1.4133e+00 -5.0429e-02 -8.0439e+00
256 +8.918328362e+04 +8.918328362e+04 +8.869175362e+04 +8.869175362e+04 -2.7856e+00 -1.9990e+00 +3.5180e-01 -2.1895e+00 -2.1603e-01 -4.4904e+00 +3.8886e+00 -9.3350e-01 -5.0031e-01 -5.7227e+00
294 +3.195276596e+04 +3.195276596e+04 +3.146123596e+04 +3.146123596e+04 -2.5409e+00 -5.8186e+00 -4.3433e+00 -1.2811e+00 +2.9553e+00 -9.1110e-01 -1.4171e+00 -2.6803e+00 -2.4586e+00 -4.0278e+00
385 +1.554184550e+04 +1.554184550e+04 +1.505031550e+04 +1.505031550e+04 -3.5312e+00 -5.2733e+00 -2.4212e+00 -1.2272e+00 +1.9992e+00 -2.6532e+00 +1.1340e+00 -2.0635e+00 -1.9651e+00 -4.8921e+00
475 +6.358424356e+03 +6.358424356e+03 +5.866894356e+03 +5.866894356e+03 -4.7320e+00 -4.1618e+00 -2.1432e+00 -1.4766e+00 -2.1068e-01 -4.0745e+00 +1.8167e+00 -5.9565e-01 -1.2474e+00 -5.4591e+00
559 +6.147476729e+03 +6.147476729e+03 +5.655946729e+03 +5.655946729e+03 -4.6538e+00 -4.0725e+00 -1.6134e+00 -1.5872e+00 -4.1884e-01 -4.3277e+00 +1.8071e+00 -4.5050e-01 -1.1831e+00 -4.7756e+00
626 +3.844458970e+03 +3.844458970e+03 +3.352928970e+03 +3.352928970e+03 -2.4474e+00 -1.8448e+00 +5.9090e-01 -1.7459e+00 -1.2840e+00 -5.7011e+00 +3.8396e+00 +7.9982e-01 -1.1100e+00 -4.0884e+00
707 +2.205702688e+03 +2.205702688e+03 +1.714172688e+03 +1.714172688e+03 -5.6125e+00 -4.0552e+00 -2.6846e-01 -2.6066e+00 -1.5474e+00 -5.0841e+00 +4.1737e+00 -6.2943e-01 -1.1484e+00 -6.5368e+00
725 +1.372345465e+03 +1.372345465e+03 +8.808154650e+02 +8.808154650e+02 -5.0931e+00 -4.3419e+00 -7.4062e-01 -2.1222e+00 -3.5242e-01 -4.9817e+00 +3.9041e+00 -1.0204e+00 -1.3303e+00 -6.4301e+00
1009 +7.970145762e+02 +7.970145762e+02 +3.054845762e+02 +3.054845762e+02 -5.0216e+00 -4.2163e+00 -7.6375e-01 -1.9012e+00 -6.0512e-01 -4.8532e+00 +3.7554e+00 -1.0343e+00 -1.7623e+00 -6.3798e+00
1101 +5.304543581e+02 +5.304543581e+02 +3.892435815e+01 +3.892435815e+01 -4.3865e+00 -4.2134e+00 -1.3333e+00 -1.6053e+00 -2.7999e-01 -4.2509e+00 +2.9188e+00 -1.1088e+00 -2.1333e+00 -5.9665e+00
1323 +3.519267794e+02 +3.519267794e+02 -1.396032206e+02 -1.396032206e+02 -3.8057e+00 -3.8694e+00 -1.4549e+00 -1.3843e+00 -2.3757e-01 -4.1400e+00 +2.5689e+00 -8.6116e-01 -2.2967e+00 -5.4990e+00
1421 +2.447970745e+02 +2.447970745e+02 -2.467329255e+02 -2.467329255e+02 -3.0835e+00 -3.6843e+00 -1.9644e+00 -9.3670e-01 +7.6337e-03 -3.6738e+00 +1.6676e+00 -7.1199e-01 -2.5942e+00 -4.8610e+00
1542 +1.544663939e+02 +1.544663939e+02 -3.370636061e+02 -3.370636061e+02 -1.7357e+00 -3.1357e+00 -2.7809e+00 -2.1639e-01 +3.4326e-01 -2.9272e+00 +4.4188e-02 -2.9871e-01 -3.1101e+00 -3.4551e+00
1806 +9.543623197e+01 +9.543623197e+01 -3.960937680e+02 -3.960937680e+02 -1.2309e+00 -2.5919e+00 -2.8393e+00 -1.0995e-01 +1.0586e-01 -2.9043e+00 -3.2084e-01 +1.8227e-01 -3.0667e+00 -2.8872e+00
1920 +5.884740355e+01 +5.884740355e+01 -4.326825964e+02 -4.326825964e+02 -8.5867e-01 -2.1541e+00 -2.7760e+00 -1.2713e-01 -9.0289e-02 -2.9697e+00 -5.0549e-01 +6.0415e-01 -2.8182e+00 -2.4537e+00
2029 +3.650639232e+01 +3.650639232e+01 -4.550236077e+02 -4.550236077e+02 -3.5103e-01 -1.6911e+00 -2.9867e+00 -2.0453e-02 -2.6637e-01 -2.8256e+00 -1.1116e+00 +1.1011e+00 -2.6365e+00 -1.7957e+00
2116 +2.154601210e+01 +2.154601210e+01 -4.699839879e+02 -4.699839879e+02 +3.6133e-02 -1.3793e+00 -3.2158e+00 +1.0490e-01 -3.3235e-01 -2.6606e+00 -1.6516e+00 +1.4225e+00 -2.5650e+00 -1.2702e+00
2149 +1.524260491e+01 +1.524260491e+01 -4.762873951e+02 -4.762873951e+02 +2.6965e-01 -1.1129e+00 -3.2287e+00 +1.2627e-01 -4.6270e-01 -2.6588e+00 -1.8129e+00 +1.6681e+00 -2.4910e+00 -1.0066e+00
2222 +8.662409406e+00 +8.662409406e+00 -4.828675906e+02 -4.828675906e+02 +3.6327e-01 -9.8200e-01 -3.2753e+00 +1.2027e-01 -4.9955e-01 -2.6638e+00 -1.8745e+00 +1.7875e+00 -2.4196e+00 -9.3666e-01
2452 +5.805633939e+00 +5.805633939e+00 -4.857243661e+02 -4.857243661e+02 +2.8446e-01 -9.6188e-01 -3.2176e+00 +6.6044e-02 -5.2560e-01 -2.7352e+00 -1.7825e+00 +1.8084e+00 -2.3882e+00 -9.4513e-01
2541 +3.877922540e+00 +3.877922540e+00 -4.876520775e+02 -4.876520775e+02 +1.6590e-01 -1.0441e+00 -3.1864e+00 +2.7881e-02 -3.8871e-01 -2.7650e+00 -1.6973e+00 +1.7020e+00 -2.4327e+00 -9.4543e-01
2700 +2.463558851e+00 +2.463558851e+00 -4.890664411e+02 -4.890664411e+02 +1.9398e-01 -1.0063e+00 -3.1788e+00 +1.3936e-02 -2.8960e-01 -2.7798e+00 -1.7188e+00 +1.7121e+00 -2.4197e+00 -8.1148e-01
2819 +1.543532349e+00 +1.543532349e+00 -4.899864677e+02 -4.899864677e+02 +3.0323e-01 -9.0656e-01 -3.2148e+00 +4.0130e-02 -3.2684e-01 -2.7556e+00 -1.8188e+00 +1.8050e+00 -2.4125e+00 -6.9571e-01
2988 +9.847599518e-01 +9.847599518e-01 -4.905452400e+02 -4.905452400e+02 +2.9153e-01 -8.9920e-01 -3.2116e+00 +2.5365e-02 -2.8130e-01 -2.7615e+00 -1.8217e+00 +1.8001e+00 -2.4142e+00 -6.4133e-01
3102 +5.821326847e-01 +5.821326847e-01 -4.909478673e+02 -4.909478673e+02 +2.7454e-01 -9.1258e-01 -3.2024e+00 +1.4505e-02 -2.7606e-01 -2.7653e+00 -1.8066e+00 +1.7893e+00 -2.4092e+00 -6.5112e-01
3182 +3.881589861e-01 +3.881589861e-01 -4.911418410e+02 -4.911418410e+02 +2.9959e-01 -9.0541e-01 -3.2255e+00 +2.6757e-02 -2.6356e-01 -2.7457e+00 -1.8432e+00 +1.7945e+00 -2.4170e+00 -6.2537e-01
3466 +2.458542567e-01 +2.458542567e-01 -4.912841457e+02 -4.912841457e+02 +2.4052e-01 -9.5764e-01 -3.2115e+00 +1.0415e-02 -1.9759e-01 -2.7566e+00 -1.7937e+00 +1.7320e+00 -2.4450e+00 -6.4838e-01
4834 +1.544720445e-01 +1.544720445e-01 -4.913755280e+02 -4.913755280e+02 +1.9981e-01 -9.1171e-01 -3.1918e+00 -2.6422e-02 -2.1421e-01 -2.8069e+00 -1.7162e+00 +1.7585e+00 -2.4564e+00 -6.7338e-01
% function evaluation | noise-free fitness - Fopt (-1.702000000000e+02) | best noise-free fitness - Fopt | measured fitness | best measured fitness | x1 | x2...
1 +3.124878810e+06 +3.124878810e+06 +3.124708610e+06 +3.124708610e+06 +3.7234e+00 +1.8719e+00 +2.6869e+00 -3.6560e+00 +3.3250e+00 -1.7230e+00 +3.6030e-01 -4.9575e-01 +1.4918e+00 +4.4755e+00
19 +4.005876900e+05 +4.005876900e+05 +4.004174900e+05 +4.004174900e+05 -1.9597e+00 +4.1002e+00 +3.1014e+00 +2.1673e+00 +4.3426e+00 +1.4317e-01 -8.2020e-01 +4.2965e+00 -3.8075e+00 -1.4931e+00
104 +3.896120531e+05 +3.896120531e+05 +3.894418531e+05 +3.894418531e+05 -1.4914e+00 -3.1999e-01 +3.8455e+00 +2.2061e+00 +3.5928e+00 +8.4658e-01 +6.2844e-01 +4.0349e+00 -4.3624e+00 -4.6550e-01
127 +1.832735439e+05 +1.832735439e+05 +1.831033439e+05 +1.831033439e+05 +1.8342e+00 -2.5635e+00 -8.2483e-01 +2.9334e+00 +3.9623e+00 -5.5045e-01 +2.0316e+00 +1.8474e+00 -7.6571e+00 +9.3288e-01
173 +6.585219541e+04 +6.585219541e+04 +6.568199541e+04 +6.568199541e+04 -4.7619e-01 -3.8775e+00 +2.9123e+00 +3.7352e+00 +3.6398e+00 -1.5419e-01 +1.6542e+00 +7.7330e-01 -7.2428e+00 +8.3612e-01
181 +2.349470071e+04 +2.349470071e+04 +2.332450071e+04 +2.332450071e+04 +7.4579e-01 -3.4265e+00 +1.5382e+00 +2.5386e+00 +3.7810e+00 +4.7302e-02 +2.2812e+00 +9.1908e-01 -5.3631e+00 +1.1577e+00
346 +1.283722954e+04 +1.283722954e+04 +1.266702954e+04 +1.266702954e+04 +1.2928e+00 -4.5432e+00 +5.3745e-01 +1.7202e+00 +4.0632e+00 +4.1004e-01 +2.4931e+00 +7.0654e-01 -6.0672e+00 +1.7982e+00
403 +6.602871670e+03 +6.602871670e+03 +6.432671670e+03 +6.432671670e+03 -1.8148e-01 -2.4236e+00 +2.7217e-01 +3.7833e+00 +3.7065e+00 -2.2084e-01 +3.2670e+00 +1.5756e+00 -5.9361e+00 +4.7733e-01
445 +4.328250039e+03 +4.328250039e+03 +4.158050039e+03 +4.158050039e+03 -3.7014e-01 -2.2996e+00 +5.8010e-01 +3.3718e+00 +3.8679e+00 -4.4968e-01 +4.2161e+00 +1.3863e+00 -5.7414e+00 +3.8054e-01
604 +3.852754861e+03 +3.852754861e+03 +3.682554861e+03 +3.682554861e+03 -1.3436e+00 -9.3400e-01 -1.4603e+00 +3.1356e+00 +4.5872e+00 -1.0377e+00 +2.9761e+00 +2.4243e+00 -5.7457e+00 +6.5300e-01
620 +1.708825838e+03 +1.708825838e+03 +1.538625838e+03 +1.538625838e+03 -2.0246e+00 -6.0687e-01 +1.8692e+00 +4.5713e+00 +4.0592e+00 -1.3802e+00 +3.0509e+00 +2.2136e+00 -6.1545e+00 -6.6681e-01
701 +1.368104445e+03 +1.368104445e+03 +1.197904445e+03 +1.197904445e+03 -1.8659e+00 -5.3776e-01 +1.7287e+00 +4.2544e+00 +4.0664e+00 -1.1252e+00 +3.3281e+00 +2.1045e+00 -5.6176e+00 -5.5129e-01
743 +8.896827456e+02 +8.896827456e+02 +7.194827456e+02 +7.194827456e+02 -1.8954e+00 -7.6853e-01 +2.1880e+00 +4.5065e+00 +3.9533e+00 -1.0519e+00 +2.9784e+00 +2.1524e+00 -5.9837e+00 -7.6799e-01
1141 +6.245759476e+02 +6.245759476e+02 +4.543759476e+02 +4.543759476e+02 -2.2252e+00 -1.5366e-01 +1.8174e+00 +4.7570e+00 +3.8874e+00 -1.2057e+00 +2.9466e+00 +2.4508e+00 -5.6759e+00 -8.0802e-01
1700 +3.848955553e+02 +3.848955553e+02 +2.146955553e+02 +2.146955553e+02 -2.3247e+00 +1.3908e-01 -2.4229e+00 +3.2158e+00 +4.3305e+00 -1.1982e+00 +2.9992e+00 +2.9968e+00 -4.0382e+00 +1.4410e+00
2063 +2.508589375e+02 +2.508589375e+02 +8.065893755e+01 +8.065893755e+01 -1.9027e+00 -1.5524e-01 -5.1777e+00 +2.0081e+00 +4.2590e+00 -8.4437e-01 +3.0659e+00 +3.1509e+00 -2.4981e+00 +3.3719e+00
3361 +1.560951737e+02 +1.560951737e+02 -1.410482625e+01 -1.410482625e+01 -1.9566e+00 -3.4219e-01 -4.5383e+00 +2.3648e+00 +4.0185e+00 -8.6682e-01 +2.3456e+00 +3.1809e+00 -2.6695e+00 +3.3980e+00
3482 +9.756073013e+01 +9.756073013e+01 -7.263926987e+01 -7.263926987e+01 -2.3489e+00 -3.0718e-01 -5.2523e+00 +2.2262e+00 +3.9291e+00 -1.0357e+00 +1.5268e+00 +3.4854e+00 -2.1786e+00 +4.3297e+00
3655 +6.308837442e+01 +6.308837442e+01 -1.071116256e+02 -1.071116256e+02 -2.6042e+00 -1.9797e-01 -4.6139e+00 +2.5973e+00 +3.8720e+00 -1.1867e+00 +1.2123e+00 +3.5648e+00 -2.5034e+00 +4.0299e+00
3763 +3.732002377e+01 +3.732002377e+01 -1.328799762e+02 -1.328799762e+02 -2.7050e+00 -2.5603e-01 -4.4215e+00 +2.7783e+00 +3.7062e+00 -1.2140e+00 +6.5775e-01 +3.6540e+00 -2.4668e+00 +4.2184e+00
3871 +2.503132001e+01 +2.503132001e+01 -1.451686800e+02 -1.451686800e+02 -3.1057e+00 -8.9881e-02 -4.1220e+00 +3.0771e+00 +3.6300e+00 -1.4216e+00 +4.7234e-02 +3.8505e+00 -2.5393e+00 +4.2838e+00
4070 +1.582881081e+01 +1.582881081e+01 -1.543711892e+02 -1.543711892e+02 -3.1407e+00 -1.3271e-01 -4.1143e+00 +3.1010e+00 +3.5831e+00 -1.4494e+00 -4.9619e-02 +3.8763e+00 -2.5318e+00 +4.3778e+00
4204 +9.550137106e+00 +9.550137106e+00 -1.606498629e+02 -1.606498629e+02 -3.2666e+00 -2.8892e-02 -3.7578e+00 +3.3873e+00 +3.4772e+00 -1.4921e+00 -3.9349e-01 +3.9488e+00 -2.6213e+00 +4.2395e+00
4534 +6.136267329e+00 +6.136267329e+00 -1.640637327e+02 -1.640637327e+02 -3.3390e+00 -1.4555e-02 -3.5492e+00 +3.5124e+00 +3.4387e+00 -1.5268e+00 -5.8613e-01 +3.9752e+00 -2.6953e+00 +4.1861e+00
% function evaluation | noise-free fitness - Fopt (-4.697500000000e+02) | best noise-free fitness - Fopt | measured fitness | best measured fitness | x1 | x2...
1 +1.394619089e+07 +1.394619089e+07 +1.394572114e+07 +1.394572114e+07 -3.4909e+00 +1.0365e+00 +1.3771e+00 +4.0186e-01 -1.6615e+00 +3.2141e+00 -2.0773e+00 -1.9083e+00 -2.7640e+00 -3.4338e+00
2 +3.488833203e+06 +3.488833203e+06 +3.488363453e+06 +3.488363453e+06 -3.5031e+00 -3.1229e-01 +4.8168e+00 +2.8858e+00 +4.5196e+00 +3.0267e+00 +2.7177e+00 +1.8145e+00 +1.7982e+00 -4.6440e-01
15 +1.830632139e+06 +1.830632139e+06 +1.830162389e+06 +1.830162389e+06 +2.3431e+00 -1.9597e+00 -1.3007e+00 +2.3410e+00 +3.9976e-01 -4.9543e+00 +2.0624e-03 -1.5695e+00 +2.7775e+00 -1.1136e+00
16 +1.158555878e+06 +1.158555878e+06 +1.158086128e+06 +1.158086128e+06 +2.3574e+00 -1.5974e+00 -3.7223e+00 +3.4189e+00 -1.9551e+00 -1.1254e+00 +4.9979e-01 +1.9637e+00 +2.4130e+00 +1.3519e+00
21 +3.159730034e+05 +3.159730034e+05 +3.155032534e+05 +3.155032534e+05 +5.1154e+00 -1.5974e+00 -3.7223e+00 +5.0779e+00 -1.9551e+00 +4.8824e-01 +4.9979e-01 +1.9637e+00 +1.9989e+00 +2.6748e-01
94 +2.484611909e+05 +2.484611909e+05 +2.479914409e+05 +2.479914409e+05 +4.7805e+00 -7.3108e-01 -2.1295e+00 +4.2275e+00 -3.2055e+00 +3.5183e+00 +3.7690e-01 +6.3879e-02 -1.4943e+00 +1.0830e+00
122 +1.297693443e+05 +1.297693443e+05 +1.292995943e+05 +1.292995943e+05 +2.2836e+00 -2.4026e+00 -2.2688e+00 +5.5039e+00 -2.3965e+00 +1.1988e+00 +2.0327e-01 +1.3289e+00 -3.3075e-01 +1.1256e+00
245 +7.598986406e+04 +7.598986406e+04 +7.552011406e+04 +7.552011406e+04 -1.1790e-01 -2.6852e+00 -1.3501e+00 +7.6201e+00 +3.3266e-01 -9.2055e-01 +2.5493e+00 +5.2109e+00 +8.9966e-01 -3.7346e-01
354 +5.779225441e+04 +5.779225441e+04 +5.732250441e+04 +5.732250441e+04 +6.7814e-04 -4.2202e+00 -3.0618e+00 +9.1299e+00 +6.3761e-01 -4.6579e+00 +3.3348e+00 +9.2013e+00 +5.4006e+00 +1.1190e-01
444 +2.910905068e+04 +2.910905068e+04 +2.863930068e+04 +2.863930068e+04 -7.4577e-01 -1.3112e+00 -2.0835e+00 +1.1304e+01 +1.4954e+00 -4.1666e-01 +5.4800e+00 +9.5676e+00 +1.0165e+00 -9.8982e-01
511 +1.888349430e+04 +1.888349430e+04 +1.841374430e+04 +1.841374430e+04 -8.8322e-01 +1.1494e-01 -2.5820e+00 +1.3122e+01 +2.5815e+00 +2.9617e+00 +6.7418e+00 +9.2675e+00 -1.1843e+00 -1.7789e+00
664 +1.360806604e+04 +1.360806604e+04 +1.313831604e+04 +1.313831604e+04 -1.2177e+00 +2.3662e-01 -1.8180e+00 +1.3590e+01 +2.4486e+00 +3.8916e+00 +7.0139e+00 +9.3976e+00 -2.6480e+00 -1.8580e+00
753 +6.917425799e+03 +6.917425799e+03 +6.447675799e+03 +6.447675799e+03 -2.3537e+00 -2.6304e+00 +1.2152e+00 +9.0788e+00 -6.9818e-02 +2.7095e+00 +3.6913e+00 +4.7242e+00 -4.0311e+00 -4.2312e-01
789 +5.323084360e+03 +5.323084360e+03 +4.853334360e+03 +4.853334360e+03 -3.1477e+00 -3.3880e+00 +3.2919e+00 +6.6942e+00 -1.0039e+00 +3.9138e+00 +2.2460e+00 +2.2230e+00 -6.4154e+00 -4.8131e-02
845 +3.277385067e+03 +3.277385067e+03 +2.807635067e+03 +2.807635067e+03 -3.3419e+00 -4.1932e+00 +4.0479e+00 +5.5283e+00 -1.8111e+00 +3.0071e+00 +1.3139e+00 +1.7290e+00 -6.2970e+00 +6.5452e-01
1002 +2.129229664e+03 +2.129229664e+03 +1.659479664e+03 +1.659479664e+03 -4.4502e+00 -5.7593e+00 +6.0393e+00 +2.9282e+00 -3.0958e+00 +2.7035e+00 -1.0701e+00 -2.3180e+00 -7.5996e+00 +1.8220e+00
1041 +9.769869933e+02 +9.769869933e+02 +5.072369933e+02 +5.072369933e+02 -5.4560e+00 -6.7969e+00 +6.9450e+00 +2.5257e+00 -3.8734e+00 +1.7706e+00 -2.1141e+00 -3.9214e+00 -8.2661e+00 +2.5778e+00
1681 +6.279396285e+02 +6.279396285e+02 +1.581896285e+02 +1.581896285e+02 -5.8083e+00 -7.1155e+00 +7.4288e+00 +2.2886e+00 -3.8753e+00 +1.4106e+00 -2.1365e+00 -4.3277e+00 -7.8186e+00 +2.9851e+00
2124 +3.953512914e+02 +3.953512914e+02 -7.439870860e+01 -7.439870860e+01 -6.2456e+00 -7.1773e+00 +7.9407e+00 +2.3341e+00 -3.7537e+00 +1.0359e+00 -2.1398e+00 -6.2478e+00 -6.6666e+00 +4.1802e+00
2501 +2.465652421e+02 +2.465652421e+02 -2.231847579e+02 -2.231847579e+02 -4.8775e+00 -6.4760e+00 +7.6656e+00 +1.6807e+00 -3.6027e+00 +1.9748e+00 -1.2302e+00 -5.1377e+00 -5.9850e+00 +3.5669e+00
2962 +1.544068576e+02 +1.544068576e+02 -3.153431424e+02 -3.153431424e+02 -2.8799e+00 -5.6165e+00 +7.6621e+00 +1.1781e-01 -3.6551e+00 +3.6450e+00 -2.1536e-01 -3.7683e+00 -5.6122e+00 +2.5754e+00
4423 +9.987907135e+01 +9.987907135e+01 -3.698709287e+02 -3.698709287e+02 -2.2331e+00 -5.3241e+00 +8.0449e+00 -8.3900e-01 -3.5693e+00 +4.1008e+00 +4.1875e-02 -4.3341e+00 -4.6436e+00 +2.9901e+00
% function evaluation | noise-free fitness - Fopt (-1.280000000000e+01) | best noise-free fitness - Fopt | measured fitness | best measured fitness | x1 | x2...
1 +5.607777014e+07 +5.607777014e+07 +5.607775734e+07 +5.607775734e+07 -2.6390e+00 +2.9989e+00 -2.3899e+00 +3.3746e+00 +1.2254e+00 +2.0113e+00 +8.0472e-01 +6.1955e-01 -3.7743e+00 +4.3783e+00
2 +1.694396758e+07 +1.694396758e+07 +1.694395478e+07 +1.694395478e+07 +4.2086e+00 -1.8245e+00 +4.5743e-01 -1.6053e+00 -9.4644e-01 +4.9497e+00 -2.2403e+00 +1.6393e+00 -3.4532e+00 -3.8122e+00
4 +6.719946001e+06 +6.719946001e+06 +6.719933201e+06 +6.719933201e+06 -1.7433e+00 -3.0194e+00 -2.1986e+00 -3.6444e+00 +2.7158e+00 +4.4919e+00 -4.6044e+00 -4.2036e+00 +4.4943e+00 +1.7248e+00
6 +1.983289332e+06 +1.983289332e+06 +1.983276532e+06 +1.983276532e+06 +1.8594e+00 -4.8289e+00 -3.1303e+00 -3.8605e+00 +4.9523e+00 -1.6955e+00 -3.8976e+00 +1.8114e-01 -1.3374e+00 -5.6707e-01
14 +1.860514512e+05 +1.860514512e+05 +1.860386512e+05 +1.860386512e+05 -4.7125e+00 -4.0175e+00 +2.1980e+00 -2.7879e-01 +2.4636e+00 -1.9222e+00 -3.5460e+00 -3.5150e+00 -3.2905e-01 -3.7766e+00
82 +1.237064506e+05 +1.237064506e+05 +1.236936506e+05 +1.236936506e+05 -3.1035e+00 -2.8915e+00 +2.2857e+00 -1.8060e+00 +4.3086e+00 -1.8852e+00 -3.1698e+00 -1.9397e+00 -7.7473e-01 -2.9045e+00
150 +6.587370726e+04 +6.587370726e+04 +6.586090726e+04 +6.586090726e+04 -3.3348e+00 -5.2433e+00 +1.5388e+00 -5.2351e-01 +3.0682e+00 -5.5696e-01 -4.1781e+00 -2.2229e+00 -1.1938e+00 -2.5982e+00
184 +3.930668676e+04 +3.930668676e+04 +3.929388676e+04 +3.929388676e+04 -2.9222e+00 -5.7894e+00 +1.7380e+00 -9.1313e-01 +2.9041e+00 -8.9803e-01 -2.5687e+00 -1.9966e+00 -1.0511e+00 -1.2377e+00
255 +2.434425110e+04 +2.434425110e+04 +2.433145110e+04 +2.433145110e+04 -1.6351e+00 -7.3694e+00 +5.1091e-01 -9.7514e-01 +2.8877e+00 +6.9968e-01 -2.6045e+00 -1.2564e+00 -1.3481e+00 +4.1346e-01
560 +1.383125656e+04 +1.383125656e+04 +1.381845656e+04 +1.381845656e+04 +5.4844e-02 -6.1570e+00 +1.8260e-01 -3.1512e+00 +3.2858e+00 -2.8036e-01 -6.2926e-01 -4.3548e-01 -1.5115e+00 +1.5632e+00
641 +8.888254230e+03 +8.888254230e+03 +8.875454230e+03 +8.875454230e+03 +1.6896e-01 -7.2475e+00 -7.2980e-01 -2.0177e+00 +1.9856e+00 +9.8792e-01 -2.2741e+00 -1.0241e+00 -2.8774e+00 +1.1306e+00
782 +5.870188577e+03 +5.870188577e+03 +5.857388577e+03 +5.857388577e+03 -6.9052e-01 -6.0819e+00 -1.5069e+00 -1.3991e+00 +3.3223e+00 +1.0475e+00 -6.2155e-01 -1.2476e+00 -1.3810e+00 +6.6928e-01
963 +3.964923699e+03 +3.964923699e+03 +3.952123699e+03 +3.952123699e+03 -2.1263e+00 -5.1383e+00 -2.1461e+00 -3.5353e-01 +5.0057e+00 +1.1725e+00 +1.8616e+00 -1.5290e+00 +5.3037e-01 +1.0949e-02
1042 +2.472633288e+03 +2.472633288e+03 +2.459833288e+03 +2.459833288e+03 -2.5735e+00 -4.9221e+00 -2.5006e+00 +1.0106e+00 +4.7269e+00 +1.2108e+00 +1.0957e-01 -2.3995e+00 +1.0203e+00 -8.9584e-01
1126 +1.440792523e+03 +1.440792523e+03 +1.427992523e+03 +1.427992523e+03 -2.6118e+00 -4.1126e+00 -3.0841e+00 +9.2779e-01 +5.9101e+00 +1.0228e+00 +1.7179e+00 -2.2325e+00 +2.2868e+00 -4.5965e-01
1247 +9.933217797e+02 +9.933217797e+02 +9.805217797e+02 +9.805217797e+02 -2.6904e+00 -3.0229e+00 -3.1012e+00 +6.7323e-01 +7.0778e+00 +2.3280e-01 +2.9175e+00 -2.1137e+00 +3.6229e+00 -2.2268e-01
1331 +6.174769706e+02 +6.174769706e+02 +6.046769706e+02 +6.046769706e+02 -2.4607e+00 -2.0759e+00 -2.8264e+00 -1.1179e-02 +8.0340e+00 -7.0741e-01 +3.6248e+00 -1.7990e+00 +4.5106e+00 +1.7242e-01
1503 +3.831155474e+02 +3.831155474e+02 +3.703155474e+02 +3.703155474e+02 -1.6719e+00 -2.2948e+00 -2.7405e+00 -6.4107e-01 +7.7749e+00 -9.5324e-01 +3.0454e+00 -1.5116e+00 +4.0996e+00 +9.2607e-01
1658 +2.276703579e+02 +2.276703579e+02 +2.148703579e+02 +2.148703579e+02 -1.7054e+00 -1.4294e+00 -2.6821e+00 -8.4880e-01 +8.6150e+00 -1.6993e+00 +3.6910e+00 -1.4574e+00 +5.1128e+00 +1.1013e+00
2563 +1.573351563e+02 +1.573351563e+02 +1.445351563e+02 +1.445351563e+02 -1.4739e+00 -1.1051e+00 -2.3796e+00 -1.2277e+00 +8.4347e+00 -2.1729e+00 +3.8497e+00 -1.4551e+00 +4.7923e+00 +1.0480e+00
2971 +9.902568363e+01 +9.902568363e+01 +8.622568363e+01 +8.622568363e+01 -1.3472e+00 -9.5357e-01 -1.5755e+00 -1.4844e+00 +6.9753e+00 -2.6751e+00 +3.6414e+00 -1.8782e+00 +2.9388e+00 -3.6403e-02
3810 +6.305991370e+01 +6.305991370e+01 +5.025991370e+01 +5.025991370e+01 -1.2810e+00 -8.7067e-01 -8.2959e-01 -1.7843e+00 +5.7730e+00 -3.0061e+00 +3.6279e+00 -2.1607e+00 +1.3770e+00 -9.4829e-01
% function evaluation | noise-free fitness - Fopt (-3.856900000000e+02) | best noise-free fitness - Fopt | measured fitness | best measured fitness | x1 | x2...
1 +3.465407938e+06 +3.465407938e+06 +3.465022248e+06 +3.465022248e+06 -3.2020e+00 +1.4401e+00 +1.0112e+00 +1.2561e+00 +3.9550e-02 +1.0672e+00 +9.2301e-01 +7.0404e-01 -3.1129e-01 +3.8241e+00
18 +1.036410681e+06 +1.036410681e+06 +1.036024991e+06 +1.036024991e+06 -1.6531e+00 +3.0267e+00 +2.4685e+00 -4.5371e-01 -3.7512e+00 +1.4618e+00 -4.0457e+00 +4.4573e+00 +2.5318e+00 -1.3211e+00
26 +7.871257714e+05 +7.871257714e+05 +7.867400814e+05 +7.867400814e+05 -4.0815e+00 -2.2947e+00 +3.4074e+00 -5.4142e+00 -8.0993e+00 -2.7133e+00 -3.6113e+00 +4.8519e+00 +1.3777e+00 -1.3221e+00
28 +5.441023809e+05 +5.441023809e+05 +5.437166909e+05 +5.437166909e+05 -1.5751e+00 +1.5352e+00 +4.5811e+00 -4.0682e+00 -6.8473e+00 -2.7844e+00 -4.6988e+00 +1.4296e+00 +3.1736e+00 -2.4912e+00
102 +3.837431464e+05 +3.837431464e+05 +3.833574564e+05 +3.833574564e+05 -1.8302e+00 -2.9500e-01 +6.2096e+00 -6.7777e+00 -6.5733e+00 -3.0359e+00 -5.1819e+00 +6.0255e+00 +3.8078e+00 -6.2657e+00
127 +1.100217991e+05 +1.100217991e+05 +1.096361091e+05 +1.096361091e+05 -6.8950e+00 -3.9262e-02 +7.9471e+00 -9.3728e+00 -9.7825e+00 -6.0730e+00 -5.7098e+00 +2.4157e+00 +2.1254e+00 -2.1019e+00
269 +9.753575660e+04 +9.753575660e+04 +9.715006660e+04 +9.715006660e+04 -9.7579e+00 -5.4793e+00 +3.9273e+00 -2.7879e+00 -2.2333e+00 -2.6151e+00 -4.0263e+00 -2.2926e-01 -3.4414e-01 +1.8352e+00
378 +5.818422732e+04 +5.818422732e+04 +5.779853732e+04 +5.779853732e+04 -8.4353e+00 -3.6674e+00 +4.3472e+00 +8.2603e-02 -1.0771e+00 -1.8964e+00 -4.1211e+00 +1.0664e+00 -3.2301e-01 +1.8411e+00
481 +3.173242315e+04 +3.173242315e+04 +3.134673315e+04 +3.134673315e+04 -4.3737e+00 -1.1336e+01 +1.4444e+00 -5.0429e+00 +1.4930e+00 +5.7226e-03 -2.4262e+00 -3.6923e+00 +1.6855e+00 +1.2099e+00
592 +1.838668907e+04 +1.838668907e+04 +1.800099907e+04 +1.800099907e+04 -5.9598e+00 -1.0637e+01 +4.6290e+00 -3.9507e+00 +2.1406e+00 -1.4706e+00 -2.3056e+00 -3.2912e+00 +6.4641e-01 +2.1315e+00
661 +1.023068472e+04 +1.023068472e+04 +9.844994717e+03 +9.844994717e+03 -7.6185e+00 -1.6014e+01 +1.4707e+00 -3.5807e-01 +6.4930e+00 +7.2366e-01 -6.0015e-01 -4.9281e+00 +6.5533e-02 +3.9869e+00
781 +8.887601741e+03 +8.887601741e+03 +8.501911741e+03 +8.501911741e+03 -6.8392e+00 -1.5923e+01 +9.0030e-01 -5.0325e-01 +6.6026e+00 +1.2832e+00 -7.0043e-01 -4.6995e+00 +1.8853e-01 +3.8227e+00
904 +4.927645930e+03 +4.927645930e+03 +4.541955930e+03 +4.541955930e+03 -4.6840e+00 -1.4103e+01 +2.0861e-01 -1.1166e+00 +6.5624e+00 +1.7862e+00 -1.0523e+00 -4.7471e+00 +3.5155e-01 +3.1151e+00
1029 +3.855284811e+03 +3.855284811e+03 +3.469594811e+03 +3.469594811e+03 -4.6603e+00 -1.3902e+01 +4.6772e-01 -9.3313e-01 +6.4346e+00 +1.6497e+00 -1.3497e+00 -4.6145e+00 +4.8171e-01 +2.9636e+00
1332 +2.467659110e+03 +2.467659110e+03 +2.081969110e+03 +2.081969110e+03 -3.6489e+00 -1.1315e+01 +1.3203e-01 -5.6419e-01 +5.9575e+00 +1.8628e+00 -2.0408e+00 -3.9193e+00 +1.5186e-01 +2.7679e+00
1442 +1.483206525e+03 +1.483206525e+03 +1.097516525e+03 +1.097516525e+03 -1.8967e+00 -7.5960e+00 -1.2685e-01 -7.4213e-01 +4.4491e+00 +2.0560e+00 -3.4356e+00 -2.6591e+00 +2.7226e-01 +1.9290e+00
1502 +9.372410702e+02 +9.372410702e+02 +5.515510702e+02 +5.515510702e+02 -4.5982e-01 -3.4141e+00 -4.4973e-01 +3.5284e-01 +3.7484e+00 +2.3983e+00 -4.7764e+00 -1.4972e+00 -1.3695e-01 +1.6254e+00
1621 +5.822364129e+02 +5.822364129e+02 +1.965464129e+02 +1.965464129e+02 -1.8488e-02 -1.9177e+00 -2.4463e-01 -2.7260e-01 +2.7015e+00 +2.0976e+00 -5.2556e+00 -9.4374e-01 -4.4261e-02 +1.1138e+00
1826 +3.887844212e+02 +3.887844212e+02 +3.094421240e+00 +3.094421240e+00 -4.7627e-01 -2.3433e+00 -3.3015e-01 -6.8305e-02 +2.8753e+00 +2.1690e+00 -5.0245e+00 -9.5159e-01 -2.6020e-01 +1.4702e+00
1960 +2.436133067e+02 +2.436133067e+02 -1.420766933e+02 -1.420766933e+02 -4.6829e-01 -1.6455e+00 -7.0563e-01 +3.6398e-01 +2.7550e+00 +2.4961e+00 -5.0825e+00 -4.0562e-01 -5.9710e-01 +1.7356e+00
2326 +1.532451527e+02 +1.532451527e+02 -2.324448473e+02 -2.324448473e+02 -9.7952e-01 -1.7022e+00 -1.1644e+00 +7.5904e-01 +3.2015e+00 +2.6530e+00 -4.6750e+00 -1.5381e-01 -1.2655e+00 +2.2358e+00
2545 +9.748645822e+01 +9.748645822e+01 -2.882035418e+02 -2.882035418e+02 -1.7321e+00 -2.3348e+00 -1.2306e+00 +1.8293e-01 +3.2644e+00 +2.3828e+00 -3.9486e+00 -4.8436e-02 -1.7835e+00 +2.5534e+00
2791 +5.986352404e+01 +5.986352404e+01 -3.258264760e+02 -3.258264760e+02 -1.8292e+00 -2.0009e+00 -1.3518e+00 +1.3079e-01 +3.2251e+00 +2.3885e+00 -3.7992e+00 +1.7141e-01 -2.1178e+00 +2.7418e+00
2913 +3.859509703e+01 +3.859509703e+01 -3.470949030e+02 -3.470949030e+02 -2.3909e+00 -2.7957e+00 -1.3556e+00 -5.1893e-01 +3.2954e+00 +2.1265e+00 -3.1609e+00 +1.2991e-01 -2.4210e+00 +2.9174e+00
3005 +2.351533752e+01 +2.351533752e+01 -3.621746625e+02 -3.621746625e+02 -2.5237e+00 -2.4902e+00 -1.4856e+00 -5.2141e-01 +3.2554e+00 +2.1463e+00 -3.0219e+00 +3.6866e-01 -2.7465e+00 +3.1150e+00
3069 +1.569898986e+01 +1.569898986e+01 -3.699910101e+02 -3.699910101e+02 -2.9915e+00 -2.8929e+00 -1.5079e+00 -8.2647e-01 +3.3034e+00 +2.0090e+00 -2.5789e+00 +4.2999e-01 -3.0719e+00 +3.3683e+00
3925 +9.923456492e+00 +9.923456492e+00 -3.757665435e+02 -3.757665435e+02 -3.2574e+00 -3.2313e+00 -1.5415e+00 -9.9114e-01 +3.4448e+00 +1.9002e+00 -2.2987e+00 +4.1280e-01 -3.2393e+00 +3.4366e+00
4605 +6.065799124e+00 +6.065799124e+00 -3.796242009e+02 -3.796242009e+02 -3.2268e+00 -3.3434e+00 -1.3718e+00 -1.7629e+00 +3.5240e+00 +1.2032e+00 -2.0911e+00 +3.0529e-01 -3.1804e+00 +2.6342e+00
4808 +3.888159344e+00 +3.888159344e+00 -3.818018407e+02 -3.818018407e+02 -3.2815e+00 -3.5571e+00 -1.3813e+00 -1.7811e+00 +3.6696e+00 +1.1359e+00 -2.0117e+00 +2.1689e-01 -3.1651e+00 +2.5546e+00
% function evaluation | noise-free fitness - Fopt (4.000000000000e+01) | best noise-free fitness - Fopt | measured fitness | best measured fitness | x1 | x2...
1 +7.699197000e+06 +7.699197000e+06 +7.699237000e+06 +7.699237000e+06 +2.8310e+00 -4.1509e+00 +4.8277e+00 -7.9365e-01 +2.2691e+00 +9.8910e-02 -2.7688e+00 +4.1553e+00 -2.4190e+00 -4.1418e+00
3 +3.859786591e+06 +3.859786591e+06 +3.859826591e+06 +3.859826591e+06 -2.9393e+00 +2.9697e+00 -4.2344e+00 +3.4775e-01 -4.5532e+00 -3.4692e+00 -3.4737e-01 -6.8465e-01 -2.6774e-01 -7.6803e-01
10 +1.136326339e+06 +1.136326339e+06 +1.136366339e+06 +1.136366339e+06 -3.6394e-01 +3.1638e+00 +1.3815e+00 -4.9188e+00 -1.0381e+00 +3.1187e+00 -3.1085e+00 +4.0495e-01 -3.4071e+00 +4.4273e+00
21 +6.757333433e+05 +6.757333433e+05 +6.757733433e+05 +6.757733433e+05 +1.2286e+00 +3.1638e+00 +5.8579e+00 -4.9188e+00 -1.0318e+00 +3.7616e+00 -7.0755e+00 +6.3183e+00 -2.2859e+00 +4.4273e+00
23 +6.229624222e+05 +6.229624222e+05 +6.230024222e+05 +6.230024222e+05 -1.9336e+00 +5.2119e+00 +2.7362e+00 -8.8446e+00 +3.4958e+00 -3.0141e+00 -7.1439e+00 -2.7313e+00 -1.9246e+00 +2.8782e+00
86 +3.766019959e+05 +3.766019959e+05 +3.766419959e+05 +3.766419959e+05 +1.6864e+00 +6.0727e+00 +4.0060e+00 -9.3511e+00 -1.7206e+00 -2.1094e+00 -7.7666e+00 -3.2478e+00 -4.2141e+00 +5.6110e+00
88 +2.053798393e+05 +2.053798393e+05 +2.054198393e+05 +2.054198393e+05 -3.3990e-01 +3.6649e+00 +2.8661e+00 -7.8694e+00 +9.2088e-01 -2.0774e+00 -6.0717e+00 -1.8344e+00 -2.6296e+00 +3.0015e+00
187 +1.514951832e+05 +1.514951832e+05 +1.515351832e+05 +1.515351832e+05 +3.2599e-01 +5.8717e+00 +5.5217e+00 -9.8550e+00 +3.0426e+00 +6.3010e-01 -9.1989e+00 -8.4256e-01 -3.7484e+00 +5.9626e+00
251 +8.632664013e+04 +8.632664013e+04 +8.636664013e+04 +8.636664013e+04 +1.0240e+00 +4.5356e+00 +4.5279e+00 -8.2066e+00 +4.5836e-01 -1.3825e+00 -9.4470e+00 -2.0010e+00 -3.6438e+00 +3.5084e+00
303 +6.048552074e+04 +6.048552074e+04 +6.052552074e+04 +6.052552074e+04 -4.5588e+00 -4.6599e+00 -1.5715e+00 -1.8226e+00 +3.8163e+00 +2.2071e-01 -2.9868e+00 +1.5753e+00 -3.2339e-01 -3.6703e+00
335 +2.864955003e+04 +2.864955003e+04 +2.868955003e+04 +2.868955003e+04 -1.9233e+00 -1.1232e+00 +2.8749e-01 -4.2026e+00 +5.2910e-01 -2.5730e+00 -4.7445e+00 -7.9490e-02 -1.1018e+00 -1.9348e+00
390 +2.490605941e+04 +2.490605941e+04 +2.494605941e+04 +2.494605941e+04 -4.4334e+00 -5.7859e+00 -2.3225e+00 -1.2989e-01 +1.5185e+00 -1.2336e+00 -2.4226e+00 +2.3588e+00 -2.6863e-01 -4.6865e+00
418 +1.328912631e+04 +1.328912631e+04 +1.332912631e+04 +1.332912631e+04 -3.6547e+00 -4.7788e+00 -2.6148e+00 -9.4015e-01 +3.1555e-01 -2.5193e+00 -1.4523e+00 +1.6115e+00 +3.8291e-01 -5.2540e+00
449 +9.767420873e+03 +9.767420873e+03 +9.807420873e+03 +9.807420873e+03 -3.5006e+00 -3.4836e+00 +3.9605e-01 -2.4959e+00 +2.4296e+00 +4.7839e-01 -4.8821e+00 +2.9072e+00 -9.8124e-01 -1.5692e+00
521 +6.122105531e+03 +6.122105531e+03 +6.162105531e+03 +6.162105531e+03 -2.8263e+00 -3.4750e+00 -1.4163e-01 -2.0876e+00 +1.4361e+00 -1.1817e+00 -4.2710e+00 +2.4335e+00 -8.1336e-01 -2.4958e+00
625 +3.895288460e+03 +3.895288460e+03 +3.935288460e+03 +3.935288460e+03 -2.8013e+00 -3.6279e+00 -1.1134e+00 -1.9620e+00 +8.9854e-02 -1.6799e+00 -3.1913e+00 +1.8448e+00 -2.5128e-01 -3.7469e+00
645 +2.399848612e+03 +2.399848612e+03 +2.439848612e+03 +2.439848612e+03 -3.1105e+00 -3.5605e+00 -5.2431e-01 -2.4042e+00 +1.5295e+00 -6.9024e-01 -4.2238e+00 +1.7710e+00 -8.5931e-01 -2.5403e+00
661 +1.196590995e+03 +1.196590995e+03 +1.236590995e+03 +1.236590995e+03 -3.4960e+00 -5.1174e+00 -2.0600e+00 -9.4559e-01 +1.0398e+00 -1.4169e+00 -2.3890e+00 +2.3666e+00 +8.4337e-02 -4.6402e+00
670 +7.826679746e+02 +7.826679746e+02 +8.226679746e+02 +8.226679746e+02 -3.4649e+00 -4.8904e+00 -1.6625e+00 -1.1004e+00 +6.2658e-01 -1.4181e+00 -3.3853e+00 +1.9513e+00 -4.0502e-01 -4.1186e+00
681 +4.749630254e+02 +4.749630254e+02 +5.149630254e+02 +5.149630254e+02 -3.3812e+00 -4.6938e+00 -1.1542e+00 -1.2299e+00 +1.0168e+00 -1.2656e+00 -4.0156e+00 +2.0237e+00 -6.8486e-01 -3.5948e+00
852 +2.171899045e+02 +2.171899045e+02 +2.571899045e+02 +2.571899045e+02 -3.7235e+00 -5.0169e+00 -1.7493e+00 -9.7579e-01 +9.0018e-01 -1.4772e+00 -2.9866e+00 +2.2872e+00 -1.7010e-01 -4.3406e+00
1050 +1.569147442e+02 +1.569147442e+02 +1.969147442e+02 +1.969147442e+02 -3.6644e+00 -5.0881e+00 -1.6026e+00 -1.0221e+00 +1.3252e+00 -1.1150e+00 -3.2213e+00 +2.3501e+00 -3.1064e-01 -4.0811e+00
1425 +9.746940036e+01 +9.746940036e+01 +1.374694004e+02 +1.374694004e+02 -3.6013e+00 -5.0156e+00 -1.6429e+00 -1.0181e+00 +1.0724e+00 -1.3426e+00 -3.1709e+00 +2.2674e+00 -2.6810e-01 -4.1898e+00
2142 +6.289634226e+01 +6.289634226e+01 +1.028963423e+02 +1.028963423e+02 -2.6894e+00 -4.7713e+00 -1.2331e+00 -1.3278e+00 +1.3097e+00 -1.4927e+00 -3.1156e+00 +2.6288e+00 -7.9063e-02 -4.2404e+00
2286 +3.564800039e+01 +3.564800039e+01 +7.564800039e+01 +7.564800039e+01 -2.0298e+00 -4.3830e+00 -1.0780e+00 -2.0334e+00 +1.5517e+00 -1.2199e+00 -2.7536e+00 +2.5396e+00 +1.0031e-01 -4.1815e+00
2381 +2.435421335e+01 +2.435421335e+01 +6.435421335e+01 +6.435421335e+01 -1.5396e+00 -4.2079e+00 -8.4622e-01 -2.3316e+00 +1.7607e+00 -1.1423e+00 -2.7400e+00 +2.6421e+00 +1.6606e-01 -4.1189e+00
2464 +1.571805209e+01 +1.571805209e+01 +5.571805209e+01 +5.571805209e+01 -5.4234e-01 -3.6984e+00 -6.2083e-01 -3.2920e+00 +2.1973e+00 -7.2897e-01 -2.2289e+00 +2.5994e+00 +4.2994e-01 -4.0456e+00
2534 +9.959365681e+00 +9.959365681e+00 +4.995936568e+01 +4.995936568e+01 -5.5672e-01 -3.7440e+00 -8.0476e-01 -3.4524e+00 +2.2747e+00 -5.5563e-01 -1.8479e+00 +2.5303e+00 +5.6886e-01 -4.1845e+00
2761 +6.247923028e+00 +6.247923028e+00 +4.624792303e+01 +4.624792303e+01 -1.2122e-01 -3.5187e+00 -6.8209e-01 -3.8637e+00 +2.4527e+00 -3.9786e-01 -1.6792e+00 +2.4957e+00 +6.6144e-01 -4.1322e+00
4365 +3.979488318e+00 +3.979488318e+00 +4.397948832e+01 +4.397948832e+01 -1.8490e-01 -3.6173e+00 -7.4116e-01 -3.5680e+00 +2.4399e+00 -4.4929e-01 -1.9097e+00 +2.5618e+00 +5.3297e-01 -4.0975e+00
4732 +2.472243115e+00 +2.472243115e+00 +4.247224311e+01 +4.247224311e+01 +7.7651e-03 -3.6204e+00 -8.1886e-01 -3.4367e+00 +2.5585e+00 -3.7066e-01 -2.0276e+00 +2.6143e+00 +4.3725e-01 -4.0502e+00
% function evaluation | noise-free fitness - Fopt (1.142600000000e+02) | best noise-free fitness - Fopt | measured fitness | best measured fitness | x1 | x2...
1 +2.352324986e+07 +2.352324986e+07 +2.352336412e+07 +2.352336412e+07 +4.9603e+00 +2.7814e+00 +9.1909e-01 -3.3005e+00 +2.2640e+00 +4.3294e+00 +3.2521e+00 +4.1369e+00 +1.0014e-01 +2.9925e+00
2 +6.783838519e+06 +6.783838519e+06 +6.783952779e+06 +6.783952779e+06 +2.6801e-01 +4.2926e+00 -1.4409e+00 +3.4500e-01 +4.0582e+00 -2.0273e+00 -3.0060e-01 +3.1160e+00 +3.3839e+00 +2.2758e+00
4 +1.080540886e+06 +1.080540886e+06 +1.080655146e+06 +1.080655146e+06 +2.2190e-01 -4.4667e+00 +3.0588e-01 -4.3955e+00 -5.4035e-01 -4.2462e+00 -4.1623e+00 -3.7038e+00 -1.1770e+00 -4.3576e+00
12 +3.481007591e+05 +3.481007591e+05 +3.482150191e+05 +3.482150191e+05 -3.2073e+00 +1.0085e+00 +4.6554e+00 -7.2249e-03 +3.8083e-01 +2.0781e+00 +3.5407e+00 +3.0978e+00 -5.7484e-01 +5.8661e-01
16 +1.677514161e+05 +1.677514161e+05 +1.678656761e+05 +1.678656761e+05 +2.4916e+00 -2.6792e+00 +1.7332e+00 -2.0240e+00 -2.7686e-01 +1.7073e+00 +3.7517e+00 +1.4469e+00 -1.3045e+00 -4.1924e+00
136 +8.938774924e+04 +8.938774924e+04 +8.950200924e+04 +8.950200924e+04 +1.7074e+00 +5.8178e-01 +1.0233e+00 -2.5942e+00 +1.4304e+00 +2.0074e+00 +8.8517e+00 +1.2555e+00 +5.2393e-01 -3.7160e-01
166 +3.980302925e+04 +3.980302925e+04 +3.991728925e+04 +3.991728925e+04 +9.3160e-01 +3.0422e-01 +2.6015e+00 -1.1132e+00 +9.4679e-01 +2.5449e+00 +6.1570e+00 +2.6245e+00 -5.6061e-01 -7.7096e-01
331 +7.076570160e+03 +7.076570160e+03 +7.190830160e+03 +7.190830160e+03 -3.0863e+00 -4.0534e+00 +1.7540e+00 -1.3848e+00 -2.6250e+00 +2.5930e+00 +3.4947e-02 +1.9225e+00 -1.6813e-01 -4.0077e+00
349 +3.993223182e+03 +3.993223182e+03 +4.107483182e+03 +4.107483182e+03 -9.5276e-01 -2.6607e+00 +2.0441e+00 -1.3794e+00 +1.1475e-01 +2.6506e+00 +1.8827e+00 +3.1187e+00 -6.1575e-01 -2.6912e+00
381 +2.501083133e+03 +2.501083133e+03 +2.615343133e+03 +2.615343133e+03 -3.7289e+00 -4.9625e+00 +1.8573e+00 -2.2027e+00 -1.9382e+00 +2.9518e+00 -1.8188e+00 +3.1726e+00 -8.1878e-01 -4.5053e+00
449 +1.223682158e+03 +1.223682158e+03 +1.337942158e+03 +1.337942158e+03 -3.6309e+00 -5.1941e+00 +1.6135e+00 -2.0583e+00 -1.8216e+00 +3.5143e+00 -5.7495e-01 +3.2138e+00 -4.4774e-01 -4.2845e+00
558 +8.724014127e+02 +8.724014127e+02 +9.866614127e+02 +9.866614127e+02 -3.1773e+00 -4.6060e+00 +1.8107e+00 -2.1157e+00 -1.7157e+00 +2.9400e+00 -4.8072e-01 +2.8664e+00 -5.8653e-01 -3.9712e+00
633 +5.489076096e+02 +5.489076096e+02 +6.631676096e+02 +6.631676096e+02 -4.7766e+00 -3.9622e+00 +2.4261e+00 -2.0051e+00 -2.0806e+00 +2.9423e+00 -1.5262e+00 +3.2349e+00 -1.0154e+00 -3.4282e+00
737 +2.990330522e+02 +2.990330522e+02 +4.132930522e+02 +4.132930522e+02 -3.4769e+00 -4.3280e+00 +2.2209e+00 -2.1275e+00 -1.7843e+00 +2.6619e+00 -1.3432e+00 +2.9081e+00 -9.3136e-01 -3.9229e+00
752 +1.956237097e+02 +1.956237097e+02 +3.098837097e+02 +3.098837097e+02 -3.5889e+00 -3.5054e+00 +2.5010e+00 -1.7292e+00 -1.7110e+00 +2.4466e+00 -9.5882e-01 +2.8316e+00 -9.3798e-01 -3.2311e+00
842 +1.529583176e+02 +1.529583176e+02 +2.672183176e+02 +2.672183176e+02 -3.1718e+00 -3.8606e+00 +2.3234e+00 -2.0194e+00 -1.5678e+00 +2.5191e+00 -9.0144e-01 +2.8695e+00 -9.8871e-01 -3.5273e+00
983 +8.723489610e+01 +8.723489610e+01 +2.014948961e+02 +2.014948961e+02 -3.2138e+00 -3.9100e+00 +2.2305e+00 -1.8447e+00 -1.6618e+00 +2.5718e+00 -8.1777e-01 +2.8103e+00 -8.1689e-01 -3.6077e+00
1124 +6.265981189e+01 +6.265981189e+01 +1.769198119e+02 +1.769198119e+02 -3.0318e+00 -3.5696e+00 +2.4974e+00 -2.0771e+00 -1.4326e+00 +2.2224e+00 -1.1541e+00 +2.8331e+00 -1.1676e+00 -3.3832e+00
1274 +3.624781571e+01 +3.624781571e+01 +1.505078157e+02 +1.505078157e+02 -1.8322e+00 -3.1177e+00 +2.6618e+00 -2.3125e+00 -7.5056e-01 +1.7084e+00 -9.9326e-01 +2.7298e+00 -1.4621e+00 -3.2794e+00
1386 +2.381945638e+01 +2.381945638e+01 +1.380794564e+02 +1.380794564e+02 -1.6157e+00 -3.1289e+00 +2.6215e+00 -2.3765e+00 -6.7054e-01 +1.6511e+00 -9.0428e-01 +2.6895e+00 -1.4764e+00 -3.2866e+00
1786 +1.575009614e+01 +1.575009614e+01 +1.300100961e+02 +1.300100961e+02 -1.5294e+00 -3.0622e+00 +2.6666e+00 -2.4876e+00 -5.9409e-01 +1.5567e+00 -9.2994e-01 +2.6785e+00 -1.5852e+00 -3.2072e+00
2191 +9.953013173e+00 +9.953013173e+00 +1.242130132e+02 +1.242130132e+02 -1.5531e+00 -3.0590e+00 +2.7651e+00 -2.8510e+00 -5.5145e-01 +1.4121e+00 -1.2148e+00 +2.6926e+00 -1.8813e+00 -3.1499e+00
2343 +5.996525072e+00 +5.996525072e+00 +1.202565251e+02 +1.202565251e+02 -1.2432e+00 -2.9078e+00 +2.8747e+00 -3.0850e+00 -3.4132e-01 +1.1674e+00 -1.3279e+00 +2.6621e+00 -2.1143e+00 -3.0499e+00
2608 +3.163331907e+00 +3.163331907e+00 +1.174233319e+02 +1.174233319e+02 -9.3795e-01 -2.7733e+00 +2.9355e+00 -3.2341e+00 -1.5515e-01 +9.9157e-01 -1.3178e+00 +2.6304e+00 -2.2612e+00 -2.9738e+00
2725 +2.506141780e+00 +2.506141780e+00 +1.167661418e+02 +1.167661418e+02 -7.0219e-01 -2.6865e+00 +2.9849e+00 -3.3785e+00 -2.4688e-03 +8.4709e-01 -1.3330e+00 +2.6052e+00 -2.3883e+00 -2.9176e+00
% function evaluation | noise-free fitness - Fopt (1.393000000000e+01) | best noise-free fitness - Fopt | measured fitness | best measured fitness | x1 | x2...
1 +2.302762986e+07 +2.302762986e+07 +2.302764379e+07 +2.302764379e+07 -2.8276e+00 +1.2209e+00 +4.0636e+00 +4.7683e+00 -1.0386e+00 +4.6298e+00 +1.7998e+00 +1.3056e-01 -1.9564e+00 +4.1154e+00
2 +5.692309893e+06 +5.692309893e+06 +5.692323823e+06 +5.692323823e+06 +1.9096e+00 +2.7946e-01 +4.8638e+00 +2.9401e+00 -4.3574e+00 +1.5424e+00 -2.5155e+00 +6.9707e-01 -1.7925e+00 +1.7928e+00
4 +1.583536596e+06 +1.583536596e+06 +1.583550526e+06 +1.583550526e+06 +1.5162e+00 -2.4766e+00 +3.0528e+00 -1.6504e+00 -2.3233e+00 -8.9147e-01 -2.0615e+00 -3.7378e+00 +1.8736e+00 -2.3769e+00
10 +2.329392838e+05 +2.329392838e+05 +2.329532138e+05 +2.329532138e+05 +3.0000e+00 -7.5081e-01 +3.6815e+00 +3.8148e+00 -4.9781e+00 +1.2887e-01 +4.1287e+00 -4.5594e+00 +2.3361e+00 +1.4326e+00
227 +1.545724836e+05 +1.545724836e+05 +1.545864136e+05 +1.545864136e+05 -5.5628e-01 +4.5605e-01 +3.1826e+00 -4.0822e+00 -2.9916e+00 -2.6079e+00 +4.0991e+00 +8.9735e-01 -3.8532e+00 +2.7882e+00
230 +6.369163142e+04 +6.369163142e+04 +6.370556142e+04 +6.370556142e+04 +2.3485e+00 -3.1879e+00 +2.4935e+00 +2.1373e+00 -2.6113e+00 -1.0004e+00 +1.9472e+00 -3.5860e+00 +3.8932e-01 +4.3145e-01
302 +3.066832795e+04 +3.066832795e+04 +3.068225795e+04 +3.068225795e+04 +3.3269e+00 -3.2532e+00 +2.1127e+00 +3.6890e+00 -1.8344e+00 +3.5172e-01 +2.2531e+00 -4.1714e+00 +2.2997e+00 -3.4790e-01
326 +2.382897032e+04 +2.382897032e+04 +2.384290032e+04 +2.384290032e+04 +1.8407e+00 -4.8008e-01 +2.8362e+00 -2.7095e-01 -3.0131e+00 -8.1029e-01 +4.7165e+00 -2.1220e+00 -4.2032e-01 +7.1959e-01
342 +1.455807349e+04 +1.455807349e+04 +1.457200349e+04 +1.457200349e+04 +1.5366e+00 -1.3823e+00 +3.2165e+00 +2.4695e+00 -3.4299e+00 -7.1733e-01 +5.0940e+00 -2.9341e+00 +1.7514e-01 +1.7375e+00
474 +8.982818775e+03 +8.982818775e+03 +8.996748775e+03 +8.996748775e+03 +2.0487e+00 -2.0764e+00 +1.9384e+00 +6.9571e-01 -2.5787e+00 -1.2844e+00 +3.5469e+00 -2.7796e+00 -4.3493e-01 +4.2117e-01
549 +4.884785957e+03 +4.884785957e+03 +4.898715957e+03 +4.898715957e+03 +1.4202e+00 -1.5971e+00 +2.0630e+00 +1.4380e+00 -3.4643e+00 -2.0185e+00 +4.2820e+00 -2.9152e+00 -5.4640e-01 +1.7003e+00
721 +3.845861850e+03 +3.845861850e+03 +3.859791850e+03 +3.859791850e+03 +2.4827e+00 -2.9575e+00 +1.6766e+00 +2.9984e+00 -4.1390e+00 -1.4108e+00 +5.0074e+00 -4.4258e+00 +5.9108e-01 +1.2735e+00
1074 +2.403596721e+03 +2.403596721e+03 +2.417526721e+03 +2.417526721e+03 +8.6283e-01 -1.9376e+00 +3.2117e+00 +1.5295e+00 -6.3046e-01 -1.3356e+00 +5.2158e-01 -2.1630e+00 -6.3346e-01 +1.3758e+00
1194 +1.552728774e+03 +1.552728774e+03 +1.566658774e+03 +1.566658774e+03 +1.6531e-01 -2.2996e+00 +3.5086e+00 +1.7023e+00 +8.5041e-01 -1.3924e+00 -1.6741e+00 -1.4351e+00 -9.5353e-01 +1.7236e+00
1761 +9.789351835e+02 +9.789351835e+02 +9.928651835e+02 +9.928651835e+02 +2.9738e-01 -1.5998e+00 +3.8325e+00 +1.3436e+00 +2.1934e+00 -7.6270e-01 -3.1732e+00 -6.7316e-01 -9.2327e-01 +1.7049e+00
2131 +6.211420449e+02 +6.211420449e+02 +6.350720449e+02 +6.350720449e+02 +1.6922e+00 -3.1810e-01 +3.9913e+00 +8.3312e-01 +4.0156e+00 +9.9832e-01 -4.6274e+00 -1.7697e-01 -1.0776e-01 +7.8693e-01
2540 +3.980816065e+02 +3.980816065e+02 +4.120116065e+02 +4.120116065e+02 +2.4597e+00 +2.0531e-01 +4.0338e+00 +5.8727e-01 +4.6341e+00 +1.7171e+00 -5.1168e+00 -3.1149e-01 +3.6749e-01 +1.5645e-01
3366 +2.424210696e+02 +2.424210696e+02 +2.563510696e+02 +2.563510696e+02 +2.9743e+00 -6.1368e-02 +3.9893e+00 +7.1932e-01 +4.0587e+00 +1.5043e+00 -4.5875e+00 -1.7369e+00 +7.9248e-01 -5.9676e-01
4042 +1.581202097e+02 +1.581202097e+02 +1.720502097e+02 +1.720502097e+02 +3.1487e+00 -1.5102e-01 +4.0198e+00 +9.4057e-01 +3.2859e+00 +9.2565e-01 -3.9911e+00 -3.1401e+00 +9.5930e-01 -9.6220e-01
4416 +9.847347477e+01 +9.847347477e+01 +1.124034748e+02 +1.124034748e+02 +3.0142e+00 -4.4822e-01 +3.9733e+00 +1.1772e+00 +2.7932e+00 +3.5425e-01 -3.7781e+00 -3.8852e+00 +9.0577e-01 -9.5242e-01
4741 +5.950894644e+01 +5.950894644e+01 +7.343894644e+01 +7.343894644e+01 +2.6228e+00 -7.2298e-01 +4.1253e+00 +1.4623e+00 +2.4273e+00 -3.7115e-01 -3.8498e+00 -4.6158e+00 +7.0715e-01 -7.8501e-01
4923 +3.758129140e+01 +3.758129140e+01 +5.151129140e+01 +5.151129140e+01 +2.3076e+00 -1.0142e+00 +4.0831e+00 +1.6320e+00 +1.8071e+00 -9.5940e-01 -3.3890e+00 -5.0342e+00 +5.0770e-01 -5.7234e-01
% function evaluation | noise-free fitness - Fopt (-3.175000000000e+01) | best noise-free fitness - Fopt | measured fitness | best measured fitness | x1 | x2...
1 +3.762287595e+06 +3.762287595e+06 +3.762255845e+06 +3.762255845e+06 +4.9441e+00 -3.9383e+00 +3.5910e+00 -3.3583e+00 -4.4314e+00 -6.2544e-01 -3.5031e+00 +3.6797e+00 +4.4416e+00 +1.2745e+00
11 +9.309342018e+05 +9.309342018e+05 +9.309024518e+05 +9.309024518e+05 +1.8959e+00 -4.6173e+00 +2.3108e+00 -6.6174e-01 +3.7139e+00 +3.5283e+00 +2.6110e+00 +1.7882e+00 -6.4561e-01 +7.3564e-01
93 +5.783725933e+05 +5.783725933e+05 +5.783408433e+05 +5.783408433e+05 -7.7580e-01 -4.8535e+00 +1.7810e+00 +2.2044e+00 +1.0151e+01 +6.7728e+00 +7.2320e+00 +4.9716e-01 -5.3618e+00 -6.1618e-01
168 +2.549813184e+05 +2.549813184e+05 +2.549495684e+05 +2.549495684e+05 +3.2353e+00 +5.4485e-01 +4.7066e-01 +7.0838e+00 +4.2457e+00 +8.0652e-01 +6.5406e-01 +4.0479e+00 +4.1907e+00 +1.0747e+00
190 +2.229680524e+05 +2.229680524e+05 +2.229363024e+05 +2.229363024e+05 -1.7671e+00 -2.4828e+00 -2.6731e+00 -1.7861e+00 -6.8180e-01 -5.5709e-01 -3.9431e-01 +6.3019e+00 +1.1643e+00 +6.6970e-01
332 +1.288942524e+05 +1.288942524e+05 +1.288625024e+05 +1.288625024e+05 -3.8203e+00 -1.3840e+00 -1.9106e+00 +3.7496e+00 +2.7261e+00 +3.4175e+00 +6.0253e+00 +2.5689e+00 -3.0346e+00 -8.0155e-03
374 +6.009422333e+04 +6.009422333e+04 +6.006247333e+04 +6.006247333e+04 -4.1679e+00 -3.7254e+00 -4.9197e+00 +3.7217e+00 -2.6852e+00 +4.8023e-02 +2.9203e+00 +4.5801e+00 -2.8855e+00 +9.1833e-02
532 +3.705603382e+04 +3.705603382e+04 +3.702428382e+04 +3.702428382e+04 -3.6590e+00 +7.0037e+00 -5.8058e+00 +1.1632e+01 +7.4968e+00 +4.1113e+00 +1.0228e+01 +4.3617e+00 +1.2028e+00 -4.6270e+00
663 +1.657126387e+04 +1.657126387e+04 +1.653951387e+04 +1.653951387e+04 -1.7490e+00 +5.2328e+00 -2.6278e+00 +1.1878e+01 +7.7479e+00 +5.1516e+00 +8.7409e+00 +2.7877e+00 -6.4722e-01 -3.7385e+00
703 +1.150290642e+04 +1.150290642e+04 +1.147115642e+04 +1.147115642e+04 -5.1309e+00 -3.1098e+00 -7.2153e+00 +1.0223e+01 -3.8981e+00 +4.0243e-01 +3.1725e+00 +4.0062e+00 -3.7979e+00 +1.9632e+00
807 +7.783471300e+03 +7.783471300e+03 +7.751721300e+03 +7.751721300e+03 -4.6984e+00 +2.2025e-01 -6.0178e+00 +1.0114e+01 -1.5323e+00 +1.5579e+00 +4.1608e+00 +4.2338e+00 -2.4386e+00 +3.1100e-01
861 +5.975568603e+03 +5.975568603e+03 +5.943818603e+03 +5.943818603e+03 -3.8412e+00 +1.7826e+00 -5.0726e+00 +1.1134e+01 +1.2233e+00 +2.3896e+00 +5.4142e+00 +3.7224e+00 -1.5125e+00 -7.0239e-01
1042 +3.962321407e+03 +3.962321407e+03 +3.930571407e+03 +3.930571407e+03 -4.3968e+00 -1.1301e+00 -4.7878e+00 +9.6284e+00 -1.8235e+00 +2.0349e+00 +3.0723e+00 +3.5122e+00 -3.4972e+00 +1.2156e+00
1246 +2.500047237e+03 +2.500047237e+03 +2.468297237e+03 +2.468297237e+03 -5.5012e+00 -3.1799e+00 -6.6025e+00 +1.1523e+01 -4.1140e+00 +1.3807e+00 +3.4897e+00 +3.0810e+00 -5.5038e+00 +1.7818e+00
1716 +1.581026582e+03 +1.581026582e+03 +1.549276582e+03 +1.549276582e+03 -4.9542e+00 -2.7176e+00 -4.9016e+00 +1.0209e+01 -3.7916e+00 +1.9547e+00 +2.2968e+00 +3.0928e+00 -5.4865e+00 +1.6396e+00
1985 +9.942218892e+02 +9.942218892e+02 +9.624718892e+02 +9.624718892e+02 -3.7633e+00 -7.8072e-01 -2.6417e+00 +9.4420e+00 -9.8434e-01 +3.1598e+00 +2.6316e+00 +2.9057e+00 -4.6987e+00 +2.2037e-02
2182 +6.235779819e+02 +6.235779819e+02 +5.918279819e+02 +5.918279819e+02 -2.2455e+00 +3.2719e+00 +1.3555e+00 +6.5207e+00 +3.9123e+00 +5.2889e+00 +3.3288e+00 +3.0424e+00 -3.0929e+00 -3.3043e+00
2262 +3.732646724e+02 +3.732646724e+02 +3.415146724e+02 +3.415146724e+02 -1.2217e+00 +5.2850e+00 +4.0486e+00 +4.3950e+00 +5.9677e+00 +6.4638e+00 +2.5574e+00 +3.2154e+00 -2.2052e+00 -4.4901e+00
2789 +2.503401283e+02 +2.503401283e+02 +2.185901283e+02 +2.185901283e+02 -1.2543e+00 +5.4837e+00 +4.6230e+00 +3.7069e+00 +5.9239e+00 +6.5875e+00 +2.1566e+00 +3.2768e+00 -2.2079e+00 -4.6052e+00
4357 +1.583347997e+02 +1.583347997e+02 +1.265847997e+02 +1.265847997e+02 -1.7346e+00 +4.5397e+00 +4.5248e+00 +3.6238e+00 +4.4017e+00 +5.2224e+00 +1.2162e+00 +3.3343e+00 -1.5236e+00 -3.9721e+00
4578 +9.958435194e+01 +9.958435194e+01 +6.783435194e+01 +6.783435194e+01 -2.0921e+00 +4.0710e+00 +4.6693e+00 +3.2365e+00 +3.3219e+00 +4.0990e+00 +3.6702e-01 +3.4813e+00 -6.6661e-01 -3.5721e+00
4843 +6.164713827e+01 +6.164713827e+01 +2.989713827e+01 +2.989713827e+01 -2.5812e+00 +3.3044e+00 +3.9976e+00 +3.5127e+00 +1.7290e+00 +3.1001e+00 -4.8754e-01 +3.6680e+00 -2.9894e-01 -2.5736e+00
% function evaluation | noise-free fitness - Fopt (5.432000000000e+01) | best noise-free fitness - Fopt | measured fitness | best measured fitness | x1 | x2...
1 +8.065948360e+06 +8.065948360e+06 +8.066002680e+06 +8.066002680e+06 +1.1751e+00 -4.3406e-01 -2.0067e+00 +4.9519e+00 -4.8241e-01 -1.4839e+00 -4.8316e+00 -2.2441e-01 +2.7384e+00 -8.7212e-01
2 +6.054326962e+05 +6.054326962e+05 +6.054870162e+05 +6.054870162e+05 +2.4376e+00 -2.0173e+00 +1.5016e+00 +1.3891e+00 -4.3728e+00 +4.0920e-01 -3.9343e+00 -1.6536e+00 +2.0191e+00 +4.7801e+00
127 +2.428091799e+05 +2.428091799e+05 +2.428634999e+05 +2.428634999e+05 +1.6485e+00 -4.2253e+00 +2.6563e+00 -4.3081e+00 -5.6735e+00 +9.4018e-01 -7.0599e-01 -2.1951e+00 +8.1217e-01 +4.7994e+00
208 +1.034669884e+05 +1.034669884e+05 +1.035213084e+05 +1.035213084e+05 +1.4141e+00 -1.8020e+00 +1.1078e+00 -6.0405e-01 -4.2446e+00 +2.1130e+00 -1.2927e+00 -2.6035e+00 +2.2346e+00 +1.6899e+00
252 +9.977644795e+04 +9.977644795e+04 +9.983076795e+04 +9.983076795e+04 -3.3562e-01 -4.6598e+00 +1.3462e+00 -2.4402e+00 -3.5747e+00 +6.7600e-01 -4.9075e-01 -3.6523e+00 +2.1493e+00 +4.6786e+00
261 +3.634078570e+04 +3.634078570e+04 +3.639510570e+04 +3.639510570e+04 +8.5248e-01 -6.0226e+00 +1.8350e+00 -3.5286e+00 -1.3209e+00 +9.3150e-01 -9.5281e-02 -3.6536e+00 +1.2744e+00 +3.7468e+00
304 +2.098508576e+04 +2.098508576e+04 +2.103940576e+04 +2.103940576e+04 +1.3129e+00 -5.0300e+00 +1.2017e+00 -5.2154e-01 -1.3766e+00 +1.0452e+00 -1.6045e-01 -3.8331e+00 +1.8937e+00 +1.7718e+00
397 +1.141436199e+04 +1.141436199e+04 +1.146868199e+04 +1.146868199e+04 +1.8345e+00 -3.0613e+00 -7.3732e-01 +4.7033e-01 +2.3739e+00 +2.1424e+00 -1.2833e+00 -3.4869e+00 +4.4626e+00 -6.8308e-01
483 +8.946917838e+03 +8.946917838e+03 +9.001237838e+03 +9.001237838e+03 +3.3901e+00 -2.6575e+00 -5.1696e-01 -2.8267e+00 +2.7980e+00 +2.9193e+00 -1.0261e+00 -2.9112e+00 +2.6876e+00 +4.4686e-01
662 +5.054698366e+03 +5.054698366e+03 +5.109018366e+03 +5.109018366e+03 +2.2222e+00 -1.9146e+00 -5.0110e-01 -2.0729e+00 +1.8372e+00 +3.3485e+00 -1.7580e+00 -2.9475e+00 +3.2424e+00 +2.5252e-01
745 +3.746713819e+03 +3.746713819e+03 +3.801033819e+03 +3.801033819e+03 +2.5587e+00 -2.1879e+00 -3.3645e-01 -1.9093e+00 +1.1560e+00 +3.2700e+00 -1.8710e+00 -2.6909e+00 +2.7695e+00 +1.1720e+00
923 +2.399278559e+03 +2.399278559e+03 +2.453598559e+03 +2.453598559e+03 +2.0584e+00 -1.8351e+00 +4.9840e-03 -1.9508e+00 -1.0887e-01 +3.1542e+00 -1.9911e+00 -2.7619e+00 +2.3369e+00 +1.6394e+00
945 +1.320454366e+03 +1.320454366e+03 +1.374774366e+03 +1.374774366e+03 +1.4439e+00 -1.2514e+00 -2.8378e-02 -6.6085e-01 -2.0361e+00 +3.1058e+00 -2.9707e+00 -2.3881e+00 +2.4180e+00 +2.9566e+00
1027 +8.218664850e+02 +8.218664850e+02 +8.761864850e+02 +8.761864850e+02 +1.5295e+00 -1.4723e+00 -2.1364e-01 -3.3768e-01 -1.7492e+00 +3.0450e+00 -2.8423e+00 -2.3261e+00 +2.8481e+00 +2.8382e+00
1072 +4.998867739e+02 +4.998867739e+02 +5.542067739e+02 +5.542067739e+02 +1.3943e+00 -1.1448e+00 -7.2271e-02 -4.4791e-01 -2.0178e+00 +3.3071e+00 -3.0779e+00 -2.3159e+00 +2.6498e+00 +2.6926e+00
1166 +3.699289930e+02 +3.699289930e+02 +4.242489930e+02 +4.242489930e+02 +1.9386e+00 -1.3433e+00 -3.9508e-02 -1.4245e+00 -2.2293e+00 +3.4041e+00 -3.0856e+00 -1.9506e+00 +2.0140e+00 +3.9694e+00
1302 +2.119791271e+02 +2.119791271e+02 +2.662991271e+02 +2.662991271e+02 +2.1022e+00 -1.4122e+00 -1.3139e-02 -1.6106e+00 -1.6572e+00 +3.4377e+00 -2.7301e+00 -2.1457e+00 +2.0184e+00 +3.1940e+00
1395 +1.533215155e+02 +1.533215155e+02 +2.076415155e+02 +2.076415155e+02 +1.7647e+00 -1.0544e+00 -1.6138e-01 -1.1502e+00 -2.0500e+00 +3.5074e+00 -3.1974e+00 -2.0156e+00 +2.2818e+00 +3.5595e+00
1464 +9.013298648e+01 +9.013298648e+01 +1.444529865e+02 +1.444529865e+02 +1.8273e+00 -7.2042e-01 -2.5490e-01 -1.2545e+00 -1.5860e+00 +3.7233e+00 -3.1767e+00 -2.1037e+00 +2.3579e+00 +2.9086e+00
1708 +5.508397288e+01 +5.508397288e+01 +1.094039729e+02 +1.094039729e+02 +1.5815e+00 -6.4944e-01 -3.6256e-01 -7.8772e-01 -1.8082e+00 +3.6663e+00 -3.3786e+00 -2.0534e+00 +2.6747e+00 +3.0560e+00
1957 +3.976012532e+01 +3.976012532e+01 +9.408012532e+01 +9.408012532e+01 +1.6024e+00 -1.0948e+00 -5.6014e-01 -3.5807e-01 -1.5318e+00 +3.4817e+00 -3.1127e+00 -2.0696e+00 +3.2154e+00 +2.9477e+00
% function evaluation | noise-free fitness - Fopt (4.052000000000e+01) | best noise-free fitness - Fopt | measured fitness | best measured fitness | x1 | x2...
1 +3.444911855e+07 +3.444911855e+07 +3.444915907e+07 +3.444915907e+07 +4.6921e+00 +3.2652e+00 +4.5871e+00 +3.8668e-01 +4.9220e+00 -2.3913e+00 +1.4433e+00 -1.4763e+00 +3.7450e+00 -3.6359e+00
3 +8.405480724e+06 +8.405480724e+06 +8.405521244e+06 +8.405521244e+06 -3.7075e-01 +1.5112e+00 -2.8838e+00 -1.7652e+00 -3.4936e+00 -1.4933e+00 -3.4173e+00 -3.5354e+00 -1.5026e+00 +2.1830e+00
5 +3.812895431e+06 +3.812895431e+06 +3.812935951e+06 +3.812935951e+06 -4.8455e+00 -4.6685e+00 -3.3642e-01 +2.2096e+00 -9.4666e-01 -2.6957e+00 +4.9514e+00 -2.4098e+00 -3.3256e+00 +3.3607e+00
24 +9.412994641e+05 +9.412994641e+05 +9.413399841e+05 +9.413399841e+05 +1.4634e+00 -2.5553e+00 +6.7201e-01 +2.1821e+00 +3.1580e-01 -1.6827e+00 -5.3217e-02 -5.5041e-01 -2.1564e+00 +6.4626e-01
43 +1.070662553e+05 +1.070662553e+05 +1.071067753e+05 +1.071067753e+05 +2.4919e+00 -2.3514e+00 +1.1812e+00 +3.3653e-01 +2.7162e-01 +1.4497e+00 +3.4561e+00 -5.2885e+00 -3.5844e-01 +5.9612e+00
63 +9.941954784e+04 +9.941954784e+04 +9.946006784e+04 +9.946006784e+04 +3.5768e+00 -1.6845e+00 -1.5129e+00 -2.3516e+00 +1.2110e-01 +3.4855e-01 +2.1334e+00 -6.0652e+00 -8.8037e-01 +7.1540e+00
502 +5.417215430e+04 +5.417215430e+04 +5.421267430e+04 +5.421267430e+04 +7.9886e+00 -1.7596e+00 -5.5350e+00 -6.7129e+00 -4.2997e-01 +1.1677e+00 -5.3712e-01 -8.5583e+00 -6.0963e-01 +1.0685e+01
541 +3.760026825e+04 +3.760026825e+04 +3.764078825e+04 +3.764078825e+04 +6.0637e+00 -6.0546e-01 -2.8217e+00 -4.6765e+00 -7.7793e-01 +6.4959e-01 +2.4295e-01 -9.1948e+00 -3.9160e-02 +9.9254e+00
779 +2.217702147e+04 +2.217702147e+04 +2.221754147e+04 +2.221754147e+04 +6.9584e+00 +3.6911e-01 -2.8587e+00 -4.5861e+00 -2.7062e-01 +2.2037e-01 +1.2367e+00 -7.9886e+00 -1.7293e+00 +7.1016e+00
824 +1.120267486e+04 +1.120267486e+04 +1.124319486e+04 +1.124319486e+04 +6.6013e+00 +3.1720e+00 +5.9856e-01 -3.1317e+00 -1.0323e+00 +9.1304e-01 +3.0762e+00 -1.1264e+01 -1.1417e+00 +7.2811e+00
908 +8.283360580e+03 +8.283360580e+03 +8.323880580e+03 +8.323880580e+03 +3.5683e+00 +3.8397e+00 +4.3813e+00 +1.2618e+00 -5.6915e-01 -3.3001e-01 +5.4217e+00 -8.8002e+00 -1.5198e+00 +3.2619e+00
948 +5.702284564e+03 +5.702284564e+03 +5.742804564e+03 +5.742804564e+03 +8.6071e+00 +4.6439e+00 +1.1397e+00 -3.1972e+00 -9.1020e-01 +1.0498e+00 +3.6269e+00 -1.1377e+01 -1.3044e+00 +6.9586e+00
1055 +3.248506932e+03 +3.248506932e+03 +3.289026932e+03 +3.289026932e+03 +7.7812e+00 +4.5840e+00 +2.0873e+00 -2.3144e+00 -8.2064e-01 +1.0939e+00 +4.0968e+00 -1.1091e+01 -1.2427e+00 +6.7722e+00
1188 +1.799331579e+03 +1.799331579e+03 +1.839851579e+03 +1.839851579e+03 +5.6799e+00 +4.0462e+00 +3.1014e+00 +5.5799e-01 -6.0392e-01 +4.4697e-01 +4.9219e+00 -7.7053e+00 -1.5849e+00 +5.2225e+00
1225 +1.267592635e+03 +1.267592635e+03 +1.308112635e+03 +1.308112635e+03 +6.8277e+00 +3.3601e+00 +1.2948e+00 -1.1953e+00 -6.2635e-01 +7.9448e-01 +3.9531e+00 -8.1079e+00 -1.6602e+00 +5.9209e+00
1245 +9.944218628e+02 +9.944218628e+02 +1.034941863e+03 +1.034941863e+03 +7.1168e+00 +3.8606e+00 +7.3954e-01 -1.6709e+00 -7.2064e-01 +4.3601e-01 +3.8351e+00 -8.4138e+00 -2.3641e+00 +4.9836e+00
1311 +4.291599771e+02 +4.291599771e+02 +4.696799771e+02 +4.696799771e+02 +6.8540e+00 +3.0663e+00 +8.5332e-01 -3.7306e-01 -6.4776e-01 +1.2017e+00 +4.5006e+00 -6.5131e+00 -2.0442e+00 +5.0453e+00
1377 +2.756826229e+02 +2.756826229e+02 +3.162026229e+02 +3.162026229e+02 +6.2263e+00 +2.9236e+00 +1.2315e+00 +3.2731e-01 -5.3249e-01 +9.5882e-01 +4.7279e+00 -5.7826e+00 -2.1770e+00 +4.3877e+00
1426 +2.415328616e+02 +2.415328616e+02 +2.820528616e+02 +2.820528616e+02 +6.3669e+00 +2.8737e+00 +1.0743e+00 +3.6092e-01 -4.5533e-01 +9.2569e-01 +4.7688e+00 -5.4210e+00 -2.2922e+00 +4.1924e+00
1793 +1.573247247e+02 +1.573247247e+02 +1.978447247e+02 +1.978447247e+02 +6.3754e+00 +3.0248e+00 +9.4513e-01 +1.1107e-01 -5.2754e-01 +7.4840e-01 +4.5744e+00 -5.7538e+00 -2.3511e+00 +4.2676e+00
2822 +9.994793849e+01 +9.994793849e+01 +1.404679385e+02 +1.404679385e+02 +5.7483e+00 +2.6805e+00 +7.5931e-01 +6.2216e-01 -4.2591e-01 +3.3055e-02 +4.2002e+00 -4.4577e+00 -2.4462e+00 +3.9768e+00
3343 +6.150811668e+01 +6.150811668e+01 +1.020281167e+02 +1.020281167e+02 +5.2037e+00 +2.5566e+00 +8.2024e-01 +9.1998e-01 -2.7900e-01 -6.2868e-01 +3.8343e+00 -3.6087e+00 -2.6042e+00 +3.8938e+00
3442 +3.947441568e+01 +3.947441568e+01 +7.999441568e+01 +7.999441568e+01 +4.6061e+00 +2.5712e+00 +1.0897e+00 +1.2224e+00 -1.3898e-01 -1.3578e+00 +3.4763e+00 -2.9858e+00 -2.7082e+00 +3.8881e+00
3585 +2.501429100e+01 +2.501429100e+01 +6.553429100e+01 +6.553429100e+01 +4.1610e+00 +2.3747e+00 +1.0078e+00 +1.3781e+00 -1.4222e-02 -1.9215e+00 +3.0485e+00 -2.2302e+00 -2.8281e+00 +3.9490e+00
3825 +1.581322388e+01 +1.581322388e+01 +5.633322388e+01 +5.633322388e+01 +4.2222e+00 +2.4850e+00 +1.0135e+00 +1.1298e+00 +1.6792e-02 -2.0395e+00 +2.8808e+00 -2.4486e+00 -2.8873e+00 +4.1306e+00
% function evaluation | noise-free fitness - Fopt (-1.184900000000e+02) | best noise-free fitness - Fopt | measured fitness | best measured fitness | x1 | x2...
1 +6.131234322e+07 +6.131234322e+07 +6.131222473e+07 +6.131222473e+07 +3.9940e+00 +3.1122e+00 +4.1431e+00 -1.8602e+00 -1.2133e+00 -2.9786e+00 +3.5391e+00 -4.8216e+00 -2.7321e+00 +9.0232e-01
6 +2.221696920e+07 +2.221696920e+07 +2.221685071e+07 +2.221685071e+07 +1.1913e-01 -2.2976e+00 -4.0039e+00 -4.5985e+00 +2.4821e+00 +9.2576e-01 +3.8557e+00 +1.8126e-01 -4.2115e+00 -2.7738e+00
9 +5.635824789e+05 +5.635824789e+05 +5.634639889e+05 +5.634639889e+05 -2.9064e+00 +2.6203e+00 -2.0911e+00 +2.3997e+00 -3.3601e+00 -3.3355e+00 -2.1220e+00 +2.0106e+00 -2.4802e+00 -1.8724e+00
70 +3.965021981e+05 +3.965021981e+05 +3.963837081e+05 +3.963837081e+05 -6.0295e+00 -3.0530e+00 +3.2696e+00 +1.8179e+00 -5.5146e+00 -2.9563e+00 -3.0630e+00 +4.3584e-01 -1.9905e+00 -2.6344e+00
162 +1.709794330e+05 +1.709794330e+05 +1.708609430e+05 +1.708609430e+05 -5.6608e+00 +8.5925e-01 -7.9919e-01 -3.1042e-01 -4.1128e+00 -3.0507e+00 -5.3218e+00 +2.7030e-01 -3.0095e+00 -2.1350e+00
236 +1.033808240e+05 +1.033808240e+05 +1.032623340e+05 +1.032623340e+05 -4.1733e+00 +1.5538e+00 +1.3047e+00 +6.3915e+00 -6.8772e+00 -5.3518e-01 -1.5084e+00 +1.8084e+00 -6.3980e+00 +1.4590e-01
297 +3.086730566e+04 +3.086730566e+04 +3.074881566e+04 +3.074881566e+04 -1.4051e+00 -1.8511e+00 +1.2265e+00 +1.0445e+00 -6.9921e+00 +1.6034e+00 -1.1574e+00 +3.2538e+00 +1.0748e-01 -1.6474e+00
396 +2.172616270e+04 +2.172616270e+04 +2.160767270e+04 +2.160767270e+04 -2.0433e+00 -1.9472e+00 +6.7015e-02 -8.7251e-01 -5.2818e+00 +5.1710e-01 -2.5502e+00 +1.4044e+00 +2.0044e+00 -3.2853e+00
401 +1.227046757e+04 +1.227046757e+04 +1.215197757e+04 +1.215197757e+04 -1.2754e+00 -3.8793e+00 +2.1369e+00 +5.0377e-01 -6.7577e+00 +1.6156e+00 -1.9305e+00 +2.0270e+00 +8.0475e-01 -2.6524e+00
469 +8.706941888e+03 +8.706941888e+03 +8.588451888e+03 +8.588451888e+03 -1.8027e+00 -1.6249e+00 -2.4772e-01 -2.7749e+00 -3.9090e+00 -3.1829e-01 -2.6799e+00 +2.3582e+00 +5.2207e+00 -5.4641e+00
684 +6.097131710e+03 +6.097131710e+03 +5.978641710e+03 +5.978641710e+03 -2.5591e+00 -9.4169e-01 -3.1713e-01 -1.7601e+00 -4.5784e+00 -9.1558e-02 -9.2182e-01 +3.2540e+00 +3.9282e+00 -4.0836e+00
732 +3.730493734e+03 +3.730493734e+03 +3.612003734e+03 +3.612003734e+03 -2.2756e+00 -1.7365e+00 +7.1875e-01 -2.3397e-01 -5.6598e+00 +1.5501e-01 -1.7367e+00 +2.5717e+00 +1.3521e+00 -2.9432e+00
821 +2.459251236e+03 +2.459251236e+03 +2.340761236e+03 +2.340761236e+03 -2.0217e+00 -1.5639e+00 -7.6170e-02 -1.3022e+00 -4.9102e+00 -3.9407e-01 -2.1870e+00 +2.1071e+00 +2.8968e+00 -3.8118e+00
982 +1.523672473e+03 +1.523672473e+03 +1.405182473e+03 +1.405182473e+03 -1.5752e+00 -2.9223e+00 +9.6764e-01 -4.1766e-01 -5.5339e+00 -8.3404e-01 -2.9359e+00 +1.2680e+00 +2.0587e+00 -3.6716e+00
1206 +6.402932653e+02 +6.402932653e+02 +5.218032653e+02 +5.218032653e+02 -1.5171e+00 -3.3763e+00 +1.0233e+00 -8.1810e-02 -5.5576e+00 -1.2534e+00 -3.6168e+00 +2.9940e-01 +1.6245e+00 -3.6575e+00
1256 +3.980818406e+02 +3.980818406e+02 +2.795918406e+02 +2.795918406e+02 -1.2063e+00 -4.1420e+00 +1.1678e+00 +1.2614e-02 -5.5052e+00 -1.6252e+00 -4.4323e+00 -7.4174e-01 +1.6863e+00 -4.0019e+00
1428 +2.134329402e+02 +2.134329402e+02 +9.494294019e+01 +9.494294019e+01 -1.2945e+00 -3.8214e+00 +9.7169e-01 +4.5761e-01 -5.3588e+00 -1.6750e+00 -4.1966e+00 -5.4986e-01 +1.6149e+00 -3.9991e+00
1799 +1.584566640e+02 +1.584566640e+02 +3.996666402e+01 +3.996666402e+01 -1.3074e+00 -4.0775e+00 +1.0941e+00 +4.8853e-01 -5.4616e+00 -1.6556e+00 -4.4565e+00 -8.7332e-01 +1.3068e+00 -3.9146e+00
2407 +9.607691396e+01 +9.607691396e+01 -2.241308604e+01 -2.241308604e+01 -1.5898e+00 -4.5781e+00 +1.2556e+00 +8.5713e-01 -5.6590e+00 -4.1677e-01 -4.9134e+00 -1.5111e+00 +1.3974e-01 -3.5830e+00
2551 +6.013044568e+01 +6.013044568e+01 -5.835955432e+01 -5.835955432e+01 -1.9213e+00 -4.7746e+00 +1.1654e+00 +1.4310e+00 -5.6050e+00 +5.4092e-01 -5.0942e+00 -1.9127e+00 -6.4974e-01 -3.4360e+00
2643 +3.896036560e+01 +3.896036560e+01 -7.952963440e+01 -7.952963440e+01 -2.4543e+00 -4.5164e+00 +6.8871e-01 +2.2845e+00 -5.1771e+00 +1.6020e+00 -4.8966e+00 -1.9674e+00 -1.0882e+00 -3.5109e+00
3335 +2.474618995e+01 +2.474618995e+01 -9.374381005e+01 -9.374381005e+01 -2.5685e+00 -4.3962e+00 +3.1701e-01 +2.3767e+00 -4.9834e+00 +1.6368e+00 -4.8596e+00 -2.1816e+00 -1.1634e+00 -3.4972e+00
3644 +1.564301496e+01 +1.564301496e+01 -1.028469850e+02 -1.028469850e+02 -2.9680e+00 -3.9969e+00 -8.7090e-01 +2.6895e+00 -4.3551e+00 +1.7324e+00 -4.6167e+00 -2.7218e+00 -1.2929e+00 -3.4606e+00
3963 +9.648906444e+00 +9.648906444e+00 -1.088410936e+02 -1.088410936e+02 -3.2042e+00 -3.6487e+00 -1.5789e+00 +2.9204e+00 -3.9467e+00 +1.6683e+00 -4.3678e+00 -2.8981e+00 -1.2484e+00 -3.4860e+00
4108 +5.880450468e+00 +5.880450468e+00 -1.126095495e+02 -1.126095495e+02 -3.4232e+00 -3.2341e+00 -2.4359e+00 +3.0316e+00 -3.5144e+00 +1.4609e+00 -4.0480e+00 -3.0974e+00 -1.1447e+00 -3.4573e+00
4144 +3.922067733e+00 +3.922067733e+00 -1.145679323e+02 -1.145679323e+02 -3.5660e+00 -3.1491e+00 -2.7445e+00 +3.1906e+00 -3.3550e+00 +1.5980e+00 -4.0068e+00 -3.2778e+00 -1.2886e+00 -3.4202e+00
4287 +1.960839496e+00 +1.960839496e+00 -1.165291605e+02 -1.165291605e+02 -3.7175e+00 -2.9740e+00 -3.2818e+00 +3.2600e+00 -3.0977e+00 +1.5563e+00 -3.9117e+00 -3.5465e+00 -1.3405e+00 -3.3782e+00
4329 +1.355477503e+00 +1.355477503e+00 -1.171345225e+02 -1.171345225e+02 -3.7379e+00 -3.0372e+00 -3.2212e+00 +3.3079e+00 -3.1340e+00 +1.6973e+00 -3.9522e+00 -3.5715e+00 -1.4419e+00 -3.3561e+00
4345 +9.273688001e-01 +9.273688001e-01 -1.175626312e+02 -1.175626312e+02 -3.6865e+00 -2.9316e+00 -3.2193e+00 +3.2777e+00 -3.1014e+00 +1.4726e+00 -3.8524e+00 -3.4085e+00 -1.2202e+00 -3.4282e+00
4440 +3.714793060e-01 +3.714793060e-01 -1.181185207e+02 -1.181185207e+02 -3.6633e+00 -2.9569e+00 -3.1562e+00 +3.2481e+00 -3.1294e+00 +1.4730e+00 -3.8720e+00 -3.3831e+00 -1.1966e+00 -3.4428e+00
4571 +2.390906865e-01 +2.390906865e-01 -1.182509093e+02 -1.182509093e+02 -3.7738e+00 -2.8204e+00 -3.4971e+00 +3.3409e+00 -2.9462e+00 +1.4696e+00 -3.7801e+00 -3.5076e+00 -1.2093e+00 -3.4379e+00
4603 +1.386337031e-01 +1.386337031e-01 -1.183513663e+02 -1.183513663e+02 -3.7948e+00 -2.7873e+00 -3.5697e+00 +3.3511e+00 -2.9088e+00 +1.4627e+00 -3.7567e+00 -3.5264e+00 -1.2036e+00 -3.4360e+00
4664 +7.502849587e-02 +7.502849587e-02 -1.184149715e+02 -1.184149715e+02 -3.7548e+00 -2.8304e+00 -3.4306e+00 +3.3248e+00 -2.9748e+00 +1.4688e+00 -3.7887e+00 -3.4612e+00 -1.1896e+00 -3.4487e+00
4726 +6.209629658e-02 +6.209629658e-02 -1.184279037e+02 -1.184279037e+02 -3.7761e+00 -2.7973e+00 -3.5304e+00 +3.3234e+00 -2.9352e+00 +1.4429e+00 -3.7632e+00 -3.5063e+00 -1.1948e+00 -3.4315e+00
4802 +2.299431897e-02 +2.299431897e-02 -1.184670057e+02 -1.184670057e+02 -3.7451e+00 -2.8543e+00 -3.3996e+00 +3.3186e+00 -2.9970e+00 +1.4768e+00 -3.8060e+00 -3.4678e+00 -1.2072e+00 -3.4405e+00
4871 +8.014780662e-03 +8.014780662e-03 -1.184819852e+02 -1.184819852e+02 -3.7539e+00 -2.8358e+00 -3.4352e+00 +3.3281e+00 -2.9774e+00 +1.4652e+00 -3.7930e+00 -3.4750e+00 -1.2015e+00 -3.4415e+00
% function evaluation | noise-free fitness - Fopt (2.810000000000e+01) | best noise-free fitness - Fopt | measured fitness | best measured fitness | x1 | x2...
1 +1.676983987e+07 +1.676983987e+07 +1.676986797e+07 +1.676986797e+07 -4.7720e+00 -1.1197e+00 -4.8092e+00 +2.9304e+00 +5.0213e-01 +3.2311e+00 +4.4182e+00 -3.2588e+00 -7.1865e-01 -4.4782e+00
3 +5.878238629e+06 +5.878238629e+06 +5.878266729e+06 +5.878266729e+06 +2.1297e+00 -2.3234e+00 +8.7426e-01 +2.3708e+00 +1.8005e+00 +1.0368e+00 -1.1295e-01 +4.1470e-01 -2.3994e+00 +1.4501e+00
13 +2.183361629e+06 +2.183361629e+06 +2.183389729e+06 +2.183389729e+06 +3.8218e+00 +2.4788e+00 -2.6207e+00 +2.0377e+00 -1.9561e+00 +2.9229e+00 +1.7299e+00 +3.5560e+00 -1.1725e+00 +7.6753e-01
22 +1.501249421e+06 +1.501249421e+06 +1.501277521e+06 +1.501277521e+06 +5.6127e+00 +2.0925e+00 +4.8471e+00 +3.9009e+00 +3.2456e+00 +9.6109e-01 +1.9353e+00 -5.3791e-03 -2.9954e+00 +1.8089e+00
46 +3.717138946e+05 +3.717138946e+05 +3.717419946e+05 +3.717419946e+05 +1.1047e+01 +4.2639e+00 +8.3753e+00 +4.4254e+00 +2.5907e+00 +1.0043e-01 +5.2838e+00 -1.7281e+00 -6.8693e+00 +2.8331e+00
110 +1.640500987e+05 +1.640500987e+05 +1.640781987e+05 +1.640781987e+05 +1.1760e+01 +3.1133e+00 +7.8601e+00 +5.7951e+00 +1.8516e+00 +1.3136e+00 +4.9836e+00 -4.4881e+00 -8.3165e+00 +3.9363e+00
130 +1.298601659e+05 +1.298601659e+05 +1.298882659e+05 +1.298882659e+05 +1.2036e+01 +2.8870e+00 +4.1917e+00 +4.9086e+00 +2.6173e-01 +1.3268e+00 +6.4069e+00 -3.2383e+00 -1.0104e+01 +1.2227e+00
196 +9.235210442e+04 +9.235210442e+04 +9.238020442e+04 +9.238020442e+04 +2.4022e+00 +5.2453e-01 -7.1452e+00 -4.0717e-01 -1.0972e+00 -1.9531e+00 +4.6422e+00 -4.1204e+00 -4.7699e+00 -3.0836e+00
268 +6.094722110e+04 +6.094722110e+04 +6.097532110e+04 +6.097532110e+04 +1.1164e+01 -4.5825e-01 -1.1088e-01 +3.5144e+00 +2.2778e+00 +8.3000e-01 +9.7030e+00 -9.2282e+00 -1.2802e+01 -2.9944e+00
310 +1.716681879e+04 +1.716681879e+04 +1.719491879e+04 +1.719491879e+04 +9.6638e+00 +1.7383e-01 -6.5821e-01 +3.9499e+00 +2.4745e+00 +3.1868e-01 +9.0354e+00 -8.8705e+00 -1.2486e+01 -2.4309e+00
468 +1.209860944e+04 +1.209860944e+04 +1.212670944e+04 +1.212670944e+04 +8.0353e+00 +5.3981e-01 -1.7290e+00 +3.3504e+00 +1.9874e+00 +1.2949e-01 +8.7475e+00 -9.0301e+00 -1.1765e+01 -2.7310e+00
561 +9.948618865e+03 +9.948618865e+03 +9.976718865e+03 +9.976718865e+03 +4.8984e+00 +3.3501e+00 +1.1512e-01 +4.0517e+00 -3.3197e-01 -1.9821e-01 +4.1383e+00 -4.1319e+00 -6.8579e+00 +1.4572e+00
666 +4.892367483e+03 +4.892367483e+03 +4.920467483e+03 +4.920467483e+03 +8.0435e+00 +8.8123e-01 -1.8723e+00 +3.0811e+00 +1.4271e+00 +4.1373e-01 +8.6892e+00 -7.9738e+00 -1.1533e+01 -2.8113e+00
801 +3.327839853e+03 +3.327839853e+03 +3.355939853e+03 +3.355939853e+03 +7.9453e+00 +6.8661e-01 -1.7953e+00 +3.2437e+00 +1.3738e+00 +3.1404e-01 +8.2336e+00 -8.2675e+00 -1.1523e+01 -2.5730e+00
928 +2.497392949e+03 +2.497392949e+03 +2.525492949e+03 +2.525492949e+03 +6.1882e+00 +9.8710e-01 -1.9391e+00 +3.7180e+00 +6.1481e-01 -1.2472e-01 +5.8901e+00 -7.3598e+00 -9.8698e+00 -1.0311e+00
1119 +1.387950332e+03 +1.387950332e+03 +1.416050332e+03 +1.416050332e+03 +6.1050e+00 -3.2687e-01 -1.3468e+00 +5.0764e+00 +9.7561e-01 -2.4829e-01 +3.6894e+00 -9.1339e+00 -1.0503e+01 +4.7015e-02
1242 +9.575978656e+02 +9.575978656e+02 +9.856978656e+02 +9.856978656e+02 +6.4831e+00 -1.9682e+00 -5.7331e-01 +6.5352e+00 +1.5034e+00 -2.1470e-01 +1.5758e+00 -1.0998e+01 -1.1551e+01 +8.8691e-01
1476 +5.908495495e+02 +5.908495495e+02 +6.189495495e+02 +6.189495495e+02 +5.5748e+00 -2.7626e+00 -3.4879e-01 +7.6038e+00 +1.4990e+00 -5.4868e-01 -1.0022e+00 -1.1626e+01 -1.1050e+01 +2.2401e+00
2068 +3.978106457e+02 +3.978106457e+02 +4.259106457e+02 +4.259106457e+02 +5.7160e+00 -3.2134e+00 -6.9017e-01 +7.7007e+00 +1.6407e+00 -4.1712e-01 -7.8012e-01 -1.2485e+01 -1.1926e+01 +1.7168e+00
3641 +2.097414077e+02 +2.097414077e+02 +2.378414077e+02 +2.378414077e+02 +3.3659e+00 -1.2230e-01 -1.3773e+00 +4.1117e+00 -1.1243e+00 -9.2722e-01 -2.4994e-01 -7.4191e+00 -8.6944e+00 +1.5785e-01
3856 +1.558425790e+02 +1.558425790e+02 +1.839425790e+02 +1.839425790e+02 +2.9558e+00 +6.4814e-01 -1.3993e+00 +3.4529e+00 -1.5510e+00 -1.1181e+00 -1.3960e-02 -6.1107e+00 -7.6437e+00 +1.9972e-01
4101 +9.641656879e+01 +9.641656879e+01 +1.245165688e+02 +1.245165688e+02 +1.8559e+00 +2.5323e+00 -1.5552e+00 +1.5570e+00 -2.9503e+00 -1.3729e+00 +4.7105e-01 -3.1502e+00 -5.6262e+00 -3.8436e-01
4310 +6.194335985e+01 +6.194335985e+01 +9.004335985e+01 +9.004335985e+01 +1.1963e+00 +3.6780e+00 -1.5081e+00 +3.5433e-01 -3.8351e+00 -1.6099e+00 +6.7555e-01 -1.0094e+00 -4.2802e+00 -7.1608e-01
4629 +3.773987883e+01 +3.773987883e+01 +6.583987883e+01 +6.583987883e+01 +9.1784e-01 +3.3437e+00 -1.4836e+00 +5.2852e-01 -3.7833e+00 -2.0047e+00 +1.3393e-01 -2.6254e-01 -3.9955e+00 -4.3315e-01
4823 +2.289741507e+01 +2.289741507e+01 +5.099741507e+01 +5.099741507e+01 +8.3393e-01 +2.7008e+00 -1.4121e+00 +9.1827e-01 -3.5405e+00 -2.3609e+00 -4.5077e-01 +3.7405e-02 -4.0825e+00 -1.8132e-01
