% function evaluation | noise-free fitness - Fopt (7.627000000000e+01) | best noise-free fitness - Fopt | measured fitness | best measured fitness | x1 | x2...
1 +2.717175298e+06 +2.717175298e+06 +2.717251568e+06 +2.717251568e+06 -4.9576e+00 -3.3309e+00 -2.2905e+00 +2.9765e+00 -1.1086e+00 -3.1300e+00 +4.0113e+00 +2.4779e+00 -3.7017e+00 -6.0198e-01
5 +1.272647899e+05 +1.272647899e+05 +1.273410599e+05 +1.273410599e+05 -3.8570e-01 +1.1908e+00 -2.4151e+00 +4.8463e+00 -2.4387e+00 +9.7467e-01 -4.0716e+00 +3.3542e+00 -2.6599e+00 +9.2051e-01
15 +4.797236065e+02 +4.797236065e+02 +5.559936065e+02 +5.559936065e+02 +1.9520e+00 -9.1748e-01 -4.0605e+00 +1.2664e+00 +4.7471e-01 -6.3425e-01 -3.1921e+00 +4.3037e+00 +8.6926e-01 -9.5389e-01
154 +1.545888025e+02 +1.545888025e+02 +2.308588025e+02 +2.308588025e+02 +0.0000e+00 +2.8557e+00 -4.5814e+00 +2.5564e+00 +8.4202e-01 +5.7960e-02 -5.0000e+00 +4.8696e+00 -5.0000e+00 -1.2611e+00
432 +8.496495094e+01 +8.496495094e+01 +1.612349509e+02 +1.612349509e+02 -4.9670e-01 -2.5984e+00 -5.0000e+00 +2.5985e+00 +2.9145e+00 -5.0000e+00 -3.5334e+00 +1.7587e+00 +1.4099e-01 -1.5867e+00
1173 +5.810559323e+01 +5.810559323e+01 +1.343755932e+02 +1.343755932e+02 +9.4891e-02 -3.1911e+00 -4.9249e+00 +3.3913e+00 -1.0125e+00 -4.3031e+00 -3.3215e+00 +5.0000e+00 +1.5204e+00 +3.5572e+00
% function evaluation | noise-free fitness - Fopt (-2.255000000000e+01) | best noise-free fitness - Fopt | measured fitness | best measured fitness | x1 | x2...
1 +1.718724170e+07 +1.718724170e+07 +1.718721915e+07 +1.718721915e+07 -3.3183e+00 -4.3812e+00 -1.5938e+00 +2.4021e-01 +3.3474e+00 +3.8418e+00 -2.4860e+00 -2.2629e+00 -1.8299e+00 +4.3090e+00
2 +1.103069261e+06 +1.103069261e+06 +1.103046711e+06 +1.103046711e+06 +2.4411e+00 +4.2056e+00 -1.0428e+00 -3.5118e+00 -6.3986e-01 +2.1930e+00 -1.5676e-01 -2.6784e+00 -3.1161e+00 +2.0974e+00
6 +4.981774932e+03 +4.981774932e+03 +4.959224932e+03 +4.959224932e+03 +3.7869e+00 +1.0240e+00 -4.4045e+00 +4.0528e+00 -3.1716e+00 -2.1941e+00 +1.6795e+00 +3.5503e+00 -4.7896e+00 +2.0032e+00
67 +9.351226068e+02 +9.351226068e+02 +9.125726068e+02 +9.125726068e+02 +2.1790e+00 +1.2471e+00 -5.0000e+00 +5.0000e+00 +3.0649e+00 -1.8703e+00 +9.5821e-02 +4.3203e+00 +2.7107e-01 +1.8054e+00
225 +3.968681769e+02 +3.968681769e+02 +3.743181769e+02 +3.743181769e+02 +1.6040e+00 -1.9250e-01 -5.0000e+00 +5.0000e+00 +4.2505e+00 -1.8533e+00 +4.9591e-01 +4.8783e+00 -7.6760e-01 +1.0062e+00
230 +2.084794677e+02 +2.084794677e+02 +1.859294677e+02 +1.859294677e+02 +1.9617e+00 +1.8961e+00 +9.3467e-01 +5.0000e+00 -2.4899e-01 +1.3304e+00 +6.0076e-01 +5.0000e+00 -6.2061e-02 +3.1089e+00
737 +1.184941698e+02 +1.184941698e+02 +9.594416976e+01 +9.594416976e+01 +3.8990e+00 +1.4856e+00 +1.3301e+00 +4.6027e+00 -3.9884e+00 +0.0000e+00 +5.8893e-01 -3.3214e-01 +4.3669e+00 -1.4443e-01
1971 +7.637446140e+01 +7.637446140e+01 +5.382446140e+01 +5.382446140e+01 +3.8408e+00 +2.2744e+00 +2.3072e+00 +4.5310e+00 -1.1404e+00 -1.3740e+00 +4.5383e-01 -3.5142e+00 +4.7464e+00 +2.4899e+00
% function evaluation | noise-free fitness - Fopt (1.366000000000e+01) | best noise-free fitness - Fopt | measured fitness | best measured fitness | x1 | x2...
1 +3.036231005e+06 +3.036231005e+06 +3.036244665e+06 +3.036244665e+06 -1.9986e+00 +2.9657e+00 +9.3295e-01 -2.3489e+00 +4.8532e+00 +2.7433e+00 -1.1521e+00 -2.8710e+00 +4.7202e+00 +1.3871e+00
2 +2.499952143e+05 +2.499952143e+05 +2.500088743e+05 +2.500088743e+05 -4.7710e+00 -1.0168e+00 +4.0107e+00 +2.1421e-01 -2.3759e-01 +1.2054e+00 +4.1185e+00 +2.0703e+00 -3.7181e+00 +4.3529e+00
6 +1.907831414e+03 +1.907831414e+03 +1.921491414e+03 +1.921491414e+03 -1.3808e+00 +4.2965e+00 -1.1425e+00 -1.8713e-01 +2.6496e+00 +4.4108e+00 +4.2781e-01 -2.7468e+00 -4.6842e+00 +2.3610e+00
151 +6.513390467e+02 +6.513390467e+02 +6.649990467e+02 +6.649990467e+02 -5.0000e+00 -2.9187e+00 -4.5636e+00 +2.2824e+00 +5.0000e+00 +3.0487e+00 +1.9648e+00 -9.0308e-01 +2.2254e+00 +1.5562e+00
189 +4.715486962e+02 +4.715486962e+02 +4.852086962e+02 +4.852086962e+02 +0.0000e+00 -4.1346e+00 -3.1655e+00 +5.0000e+00 +5.0000e+00 -5.0128e-01 +0.0000e+00 -3.3638e+00 +5.4060e-01 +3.5111e-01
299 +2.053448374e+02 +2.053448374e+02 +2.190048374e+02 +2.190048374e+02 -1.5942e+00 -1.6735e-01 -1.0478e-01 -5.1904e-01 +2.8712e+00 -3.4752e+00 -2.8737e+00 -3.6333e+00 +8.2209e-01 +4.8554e+00
2127 +1.431251852e+02 +1.431251852e+02 +1.567851852e+02 +1.567851852e+02 +1.7846e+00 -3.9981e+00 +7.5878e-01 +3.8001e-01 +2.5688e+00 -5.0000e+00 +9.9021e-02 -7.8095e-01 -1.2601e+00 +2.6499e+00
2411 +8.296079738e+01 +8.296079738e+01 +9.662079738e+01 +9.662079738e+01 -5.9331e-01 -2.7047e-01 +1.4902e+00 +7.0410e-01 +5.7576e-01 -1.5455e+00 +1.3039e+00 +0.0000e+00 +1.4672e+00 +3.4010e+00
% function evaluation | noise-free fitness - Fopt (9.378400000000e+02) | best noise-free fitness - Fopt | measured fitness | best measured fitness | x1 | x2...
1 +3.299575754e+07 +3.299575754e+07 +3.299669538e+07 +3.299669538e+07 -4.6488e-01 -3.3652e+00 +2.8274e+00 +6.5096e-01 -4.8552e+00 -3.3817e+00 +2.2147e+00 +7.2666e-01 -4.9341e+00 +3.5728e+00
2 +2.506834162e+05 +2.506834162e+05 +2.516212562e+05 +2.516212562e+05 -3.4132e+00 -3.8066e+00 -9.7974e-01 -1.2546e+00 -3.5207e+00 -4.1866e+00 +3.3793e+00 -4.5482e+00 +3.2026e+00 +3.7477e+00
15 +2.562502753e+03 +2.562502753e+03 +3.500342753e+03 +3.500342753e+03 -3.0389e+00 +2.7887e+00 -4.9002e-01 +1.8866e+00 +1.8121e+00 +4.7851e+00 +2.9290e+00 +1.7252e+00 -2.5818e+00 +2.0727e+00
111 +5.907894335e+02 +5.907894335e+02 +1.528629433e+03 +1.528629433e+03 -5.0000e+00 +5.0000e+00 +3.7149e+00 +5.0000e+00 -1.1411e+00 +5.0000e+00 +1.4516e+00 +2.9060e+00 -5.0000e+00 +3.8664e+00
351 +3.643223636e+02 +3.643223636e+02 +1.302162364e+03 +1.302162364e+03 -5.0000e+00 +5.0000e+00 +4.2264e+00 +4.8454e+00 +8.1377e-01 +5.0000e+00 +2.0299e+00 +3.0247e+00 -5.0000e+00 +2.3249e+00
483 +9.093010923e+01 +9.093010923e+01 +1.028770109e+03 +1.028770109e+03 -2.8704e+00 +5.0000e+00 +1.1669e+00 +5.6585e-01 +7.3393e-01 +4.5044e+00 +2.4558e+00 +3.9152e+00 -5.0000e+00 +4.4446e+00
2437 +6.178080973e+01 +6.178080973e+01 +9.996208097e+02 +9.996208097e+02 -2.4759e+00 +5.0000e+00 +1.4186e+00 -6.7304e-01 -1.1487e+00 +2.5000e+00 +4.5810e-01 +3.6015e+00 -3.0284e+00 +4.7406e+00
% function evaluation | noise-free fitness - Fopt (-7.872000000000e+01) | best noise-free fitness - Fopt | measured fitness | best measured fitness | x1 | x2...
1 +1.177911283e+06 +1.177911283e+06 +1.177832563e+06 +1.177832563e+06 -2.8313e+00 +1.0189e+00 -1.1430e+00 +1.2424e+00 +2.3070e+00 +4.5437e+00 +1.7222e+00 +3.6693e+00 +1.7512e-01 +3.1681e+00
3 +6.550718547e+03 +6.550718547e+03 +6.471998547e+03 +6.471998547e+03 +3.2983e-01 -2.7806e+00 +3.4611e+00 -2.5357e+00 +1.7263e+00 +3.6745e+00 +1.8628e+00 -4.3560e+00 +1.3405e+00 +2.5170e-01
55 +1.554266358e+03 +1.554266358e+03 +1.475546358e+03 +1.475546358e+03 -2.1435e+00 -4.2878e+00 +5.0000e+00 +5.7817e-01 +1.5746e+00 +7.5958e-01 +4.2601e+00 -2.0745e-01 +2.0908e+00 -9.5702e-01
96 +2.710321786e+02 +2.710321786e+02 +1.923121786e+02 +1.923121786e+02 +3.4026e+00 -5.0000e+00 +5.0000e+00 +3.9762e+00 -1.0741e+00 +1.7175e+00 +5.0000e+00 -4.9790e+00 +1.2796e+00 -1.8631e+00
200 +1.685040947e+02 +1.685040947e+02 +8.978409470e+01 +8.978409470e+01 +5.0000e+00 -5.0000e+00 +2.3572e+00 +8.4368e-01 -5.0000e+00 +4.8838e-01 +5.0000e+00 -5.0000e+00 +7.5344e-01 -9.4837e-01
762 +1.550860203e+02 +1.550860203e+02 +7.636602030e+01 +7.636602030e+01 +5.0000e+00 -5.0000e+00 +2.5315e+00 +3.4234e-01 -5.0000e+00 +2.9717e-01 +5.0000e+00 -1.5364e+00 +1.6313e+00 +8.2853e-01
2062 +7.947463173e+01 +7.947463173e+01 +7.546317254e-01 +7.546317254e-01 +5.0000e+00 -5.0000e+00 +1.0244e+00 +9.6991e-01 -4.6590e+00 +1.9532e-01 +4.0354e+00 -1.0410e+00 +2.5802e+00 +1.7096e+00
% function evaluation | noise-free fitness - Fopt (-5.984300000000e+02) | best noise-free fitness - Fopt | measured fitness | best measured fitness | x1 | x2...
1 +4.499630727e+07 +4.499630727e+07 +4.499570884e+07 +4.499570884e+07 -4.6422e+00 +4.3632e+00 +1.5246e+00 -1.1415e+00 -2.7198e+00 +4.8165e+00 +3.8310e-01 +2.9640e+00 +6.7840e-01 -1.0840e+00
3 +1.451301745e+07 +1.451301745e+07 +1.451241902e+07 +1.451241902e+07 +4.5188e+00 -1.5865e+00 -3.2605e+00 -2.9251e+00 +2.9816e+00 -3.9232e+00 +4.0668e-01 -7.8055e-01 -3.2748e+00 -4.9451e-01
6 +1.191606049e+06 +1.191606049e+06 +1.191007619e+06 +1.191007619e+06 -9.1588e-01 +2.1744e+00 -4.0442e+00 +1.0632e+00 +3.4785e-01 -2.4453e+00 -4.8928e+00 +1.4431e+00 -3.0695e+00 +3.9358e+00
12 +1.441286947e+05 +1.441286947e+05 +1.435302647e+05 +1.435302647e+05 -4.5662e+00 +2.6152e+00 -1.5528e+00 +2.1897e+00 +1.0556e+00 -4.3037e+00 -1.6415e+00 -2.7196e+00 -4.7595e+00 +3.8642e+00
31 +1.875082093e+04 +1.875082093e+04 +1.815239093e+04 +1.815239093e+04 +2.1301e+00 +3.0696e+00 +3.8852e+00 -3.6822e+00 +2.2792e+00 -4.8033e+00 +2.6833e+00 +3.4585e+00 +4.7905e+00 +2.1192e+00
61 +1.593248167e+03 +1.593248167e+03 +9.948181672e+02 +9.948181672e+02 -9.5230e-01 +3.3773e+00 +1.1054e+00 -4.6383e+00 +5.7977e-01 -4.9484e+00 +5.0000e+00 +3.4451e+00 +4.3061e+00 +2.8663e+00
105 +1.335359943e+03 +1.335359943e+03 +7.369299434e+02 +7.369299434e+02 +4.0626e+00 +4.7019e+00 +5.0000e+00 -4.4784e+00 +3.5515e+00 -4.9351e+00 +5.0000e+00 +5.0000e+00 +3.0966e+00 +2.0245e+00
117 +5.110198980e+02 +5.110198980e+02 -8.741010201e+01 -8.741010201e+01 -3.2137e-01 +3.7517e+00 +3.6473e+00 -5.0000e+00 +1.1530e+00 -3.6951e+00 -2.0299e+00 +9.7158e-01 +5.0000e+00 +1.6179e+00
125 +2.354367370e+02 +2.354367370e+02 -3.629932630e+02 -3.629932630e+02 +1.4044e+00 +5.0000e+00 +4.5834e+00 -4.3434e+00 +1.0169e-02 -4.1594e+00 +0.0000e+00 +3.1675e+00 +5.0000e+00 +9.2029e-01
826 +1.438430055e+02 +1.438430055e+02 -4.545869945e+02 -4.545869945e+02 +8.2820e-02 +5.0000e+00 +4.8573e+00 -3.6770e+00 -1.6802e+00 -5.0000e+00 +3.8048e+00 +4.5968e+00 +3.2504e+00 +6.5404e-01
1140 +9.809658729e+01 +9.809658729e+01 -5.003334127e+02 -5.003334127e+02 -2.7963e+00 +0.0000e+00 +4.8104e+00 -5.0000e+00 -2.3430e+00 -4.7416e+00 +0.0000e+00 +2.6152e+00 +2.5000e+00 +5.2948e-01
1984 +6.238684323e+01 +6.238684323e+01 -5.360431568e+02 -5.360431568e+02 -2.7769e+00 +4.6951e+00 +1.9838e+00 -5.0000e+00 -3.8097e-01 -4.4160e+00 -1.2973e+00 +0.0000e+00 +1.7534e+00 +2.5461e-02
% function evaluation | noise-free fitness - Fopt (-8.542000000000e+01) | best noise-free fitness - Fopt | measured fitness | best measured fitness | x1 | x2...
1 +4.521731796e+06 +4.521731796e+06 +4.521646376e+06 +4.521646376e+06 +2.6387e+00 -3.5096e+00 +3.6037e+00 +1.7373e+00 -3.7017e+00 -3.0305e+00 +3.2632e+00 -1.6685e+00 +2.2185e+00 +2.7120e+00
3 +3.743965481e+05 +3.743965481e+05 +3.743111281e+05 +3.743111281e+05 -1.2526e+00 -4.4347e+00 +2.7773e+00 -1.6901e+00 +4.9757e+00 +2.7812e+00 +1.8909e-01 +2.9318e+00 -4.5994e+00 -4.4024e+00
20 +1.298170016e+05 +1.298170016e+05 +1.297315816e+05 +1.297315816e+05 -4.4838e+00 +3.6549e+00 -2.1151e+00 +2.5239e+00 +1.5383e+00 +1.9791e+00 -4.7767e+00 +3.5331e+00 -6.7445e-01 -3.0850e+00
23 +1.451729269e+04 +1.451729269e+04 +1.443187269e+04 +1.443187269e+04 -3.0982e+00 -1.8216e+00 -4.0134e-01 -2.4011e+00 +4.7222e+00 -2.7268e+00 +2.8654e+00 -3.0270e+00 -4.7340e+00 +1.7727e+00
26 +9.785248319e+02 +9.785248319e+02 +8.931048319e+02 +8.931048319e+02 +2.4703e+00 +5.8343e-01 -3.6173e+00 +2.9847e+00 -1.9402e+00 +2.7837e+00 -2.8158e+00 +1.8211e+00 +2.3081e+00 -4.1941e+00
82 +6.002945045e+02 +6.002945045e+02 +5.148745045e+02 +5.148745045e+02 +3.7304e+00 +4.8087e+00 -5.0000e+00 +5.0000e+00 -5.0000e+00 +2.9004e+00 -5.0000e+00 +5.0000e+00 +5.0000e+00 -4.0139e+00
161 +2.989966775e+02 +2.989966775e+02 +2.135766775e+02 +2.135766775e+02 +5.0000e+00 +5.0000e+00 -5.0000e+00 +5.0000e+00 -5.0000e+00 +1.0627e+00 -5.0000e+00 +5.0000e+00 +5.0000e+00 -4.7392e+00
230 +1.855459111e+02 +1.855459111e+02 +1.001259111e+02 +1.001259111e+02 +2.6048e+00 +4.9305e+00 -5.0000e+00 +4.4062e+00 +0.0000e+00 +5.8234e-01 -5.0000e+00 +4.9258e+00 +4.7583e+00 -4.1296e+00
729 +1.436411337e+02 +1.436411337e+02 +5.822113370e+01 +5.822113370e+01 +2.8085e-01 +4.9871e+00 -5.0000e+00 +1.7069e+00 -1.5945e+00 +2.3614e+00 -4.9718e+00 +4.4683e+00 +4.7456e+00 -1.6330e+00
4205 +9.568785268e+01 +9.568785268e+01 +1.026785268e+01 +1.026785268e+01 +2.9426e+00 +2.5000e+00 -2.5000e+00 +1.9435e+00 -4.4169e+00 +0.0000e+00 -4.8796e+00 +3.5282e+00 +4.0809e+00 -1.4611e+00
% function evaluation | noise-free fitness - Fopt (1.932500000000e+02) | best noise-free fitness - Fopt | measured fitness | best measured fitness | x1 | x2...
1 +2.498076369e+06 +2.498076369e+06 +2.498269619e+06 +2.498269619e+06 -4.5669e+00 +2.9511e+00 -7.8930e-01 +8.9204e-01 +4.1270e+00 -3.4596e+00 -3.4394e+00 -1.4547e-01 +1.7429e+00 -3.4212e+00
5 +6.448552149e+05 +6.448552149e+05 +6.450484649e+05 +6.450484649e+05 -2.1563e-01 +4.5194e+00 -9.4034e-01 -1.6545e+00 +3.7481e+00 +4.7715e-01 +3.7030e+00 -1.1826e+00 +2.9231e+00 +4.2319e+00
11 +3.046743977e+05 +3.046743977e+05 +3.048676477e+05 +3.048676477e+05 -8.6710e-01 +4.8222e+00 -2.7660e+00 -2.8503e+00 +2.8566e+00 +5.9699e-01 -2.4498e+00 -9.9683e-01 -3.6622e+00 -2.9744e+00
20 +2.205080651e+05 +2.205080651e+05 +2.207013151e+05 +2.207013151e+05 -2.5664e-01 +4.1766e+00 -3.5577e+00 +1.8861e+00 -2.3443e+00 +4.5131e+00 +2.2887e+00 +1.5333e+00 -9.3864e-01 -1.3549e+00
24 +4.124794869e+04 +4.124794869e+04 +4.144119869e+04 +4.144119869e+04 +3.2155e+00 -4.2975e+00 -4.7094e+00 +3.1232e+00 -1.4388e+00 +2.7358e+00 -4.0545e+00 -4.6724e+00 +3.3684e+00 -3.0965e+00
35 +2.165778335e+02 +2.165778335e+02 +4.098278335e+02 +4.098278335e+02 +3.8706e-01 +3.5134e+00 -2.1480e+00 +2.8071e+00 +2.6576e+00 +1.1891e+00 -8.1693e-01 +9.8873e-01 -3.2385e+00 +4.6149e+00
308 +5.662000949e+01 +5.662000949e+01 +2.498700095e+02 +2.498700095e+02 -5.0000e+00 +1.9122e-01 -4.1970e+00 -2.3445e-02 +2.1439e+00 -8.7922e-01 -1.3000e-01 -2.7324e+00 -8.3057e-01 +2.4986e+00
% function evaluation | noise-free fitness - Fopt (-1.815000000000e+02) | best noise-free fitness - Fopt | measured fitness | best measured fitness | x1 | x2...
1 +7.400340727e+06 +7.400340727e+06 +7.400159227e+06 +7.400159227e+06 +2.9002e+00 +4.2920e-01 +2.6942e+00 -1.6556e+00 +4.0261e+00 +1.3055e+00 -9.7820e-01 -1.9777e+00 +2.3443e+00 +2.8304e+00
9 +2.479965079e+06 +2.479965079e+06 +2.479783579e+06 +2.479783579e+06 -9.0124e-01 +2.8497e+00 +3.9463e+00 -1.1261e+00 +2.0985e+00 +1.5276e+00 -2.3531e-01 -3.5826e+00 +1.6308e+00 -3.0310e+00
11 +3.709439843e+05 +3.709439843e+05 +3.707624843e+05 +3.707624843e+05 +3.4897e+00 -3.7357e+00 +3.3992e+00 +3.4052e+00 +2.4733e+00 -4.1464e+00 -2.9251e-01 -3.6695e+00 +3.9734e+00 +3.8831e+00
16 +1.314058341e+05 +1.314058341e+05 +1.312243341e+05 +1.312243341e+05 +1.7240e+00 -1.8860e+00 -2.7576e-01 +7.6841e-02 +3.6743e+00 -4.6724e+00 +2.6156e-01 -1.7193e+00 +4.0673e+00 +3.2446e+00
37 +7.360174678e+04 +7.360174678e+04 +7.342024678e+04 +7.342024678e+04 -1.1982e+00 -4.9362e-01 -3.8744e+00 -2.7899e-01 -1.8840e+00 -2.6989e-01 -3.6577e+00 +1.2548e+00 +3.0394e+00 +1.8097e+00
52 +1.979859851e+03 +1.979859851e+03 +1.798359851e+03 +1.798359851e+03 +5.0000e+00 -3.9274e+00 +5.5361e-01 -4.7700e+00 -2.0697e+00 -6.8989e-01 -7.5647e-01 -3.4665e+00 -6.2142e-01 +1.2810e+00
65 +1.587982322e+02 +1.587982322e+02 -2.270176776e+01 -2.270176776e+01 -4.5838e+00 -1.0729e+00 -1.5581e+00 +1.0057e+00 -1.9832e+00 -4.7902e-01 -8.9718e-01 -3.0935e-01 +5.0000e+00 +3.8901e+00
896 +1.438404251e+02 +1.438404251e+02 -3.765957488e+01 -3.765957488e+01 -2.1314e+00 -1.8836e-01 -2.8013e+00 +2.0228e+00 +6.3708e-01 -3.4358e+00 -1.4031e+00 -1.3502e+00 +4.2236e+00 +4.3432e+00
3943 +9.530138880e+01 +9.530138880e+01 -8.619861120e+01 -8.619861120e+01 -1.9555e+00 +1.0448e+00 -3.5798e+00 -6.2169e-01 +1.2827e+00 -2.3177e+00 -5.0000e+00 -1.2721e+00 +2.5000e+00 +4.0674e+00
% function evaluation | noise-free fitness - Fopt (4.526200000000e+02) | best noise-free fitness - Fopt | measured fitness | best measured fitness | x1 | x2...
1 +4.580669910e+06 +4.580669910e+06 +4.581122530e+06 +4.581122530e+06 -1.9248e+00 +2.4595e+00 -1.8405e+00 +2.3299e+00 +3.9562e+00 +4.0611e+00 +6.9340e-01 -3.0786e+00 +9.6235e-01 +4.4534e+00
2 +2.938890281e+05 +2.938890281e+05 +2.943416481e+05 +2.943416481e+05 -2.4073e+00 +2.4065e+00 +1.8804e+00 -3.3134e+00 -3.9590e+00 -1.5415e+00 +3.1145e+00 +1.4892e+00 +1.3246e+00 +4.1436e+00
7 +1.402853646e+05 +1.402853646e+05 +1.407379846e+05 +1.407379846e+05 +9.0109e-01 -4.3183e+00 +3.8368e+00 +2.2207e+00 +1.4993e-01 -2.0739e+00 +5.6425e-01 -3.1415e+00 -8.1104e-01 -3.6945e+00
10 +4.691227074e+04 +4.691227074e+04 +4.736489074e+04 +4.736489074e+04 +3.0337e-01 -1.2983e+00 -3.0237e+00 -3.7071e+00 +2.2819e+00 +9.3164e-01 +5.1252e-02 +3.7929e+00 +1.8296e-01 -8.0549e-01
14 +2.875118937e+03 +2.875118937e+03 +3.327738937e+03 +3.327738937e+03 +2.6790e+00 -1.7365e+00 -4.5931e-01 -9.4690e-01 +3.1657e+00 -1.1116e+00 +2.1665e+00 -3.0023e+00 -1.3155e+00 -2.0580e+00
51 +1.034927923e+03 +1.034927923e+03 +1.487547923e+03 +1.487547923e+03 -5.0000e+00 -5.0000e+00 -8.2441e-01 +1.2153e+00 -4.9593e-01 -2.8292e-01 -1.6030e+00 -2.1555e+00 -3.7789e-01 -1.8986e+00
315 +9.872833089e+02 +9.872833089e+02 +1.439903309e+03 +1.439903309e+03 -5.0000e+00 -5.0000e+00 -1.6925e+00 +2.9463e+00 +2.2373e-02 -1.7680e+00 -1.4798e+00 -2.4477e+00 +8.0397e-01 -3.1608e+00
319 +4.263109109e+02 +4.263109109e+02 +8.789309109e+02 +8.789309109e+02 -5.0000e+00 -5.0000e+00 -5.0000e+00 -3.8047e-01 -1.6235e-01 +2.4447e+00 -2.8981e-01 -2.6624e+00 -3.5881e+00 -1.4101e+00
679 +3.560511151e+02 +3.560511151e+02 +8.086711151e+02 +8.086711151e+02 -5.0000e+00 -5.0000e+00 -5.0000e+00 -2.1119e+00 -5.1848e-02 +2.6784e+00 -2.2977e-01 -5.0000e+00 -4.4945e+00 -1.7601e+00
843 +1.403986846e+02 +1.403986846e+02 +5.930186846e+02 +5.930186846e+02 -1.7635e+00 -5.0000e+00 -1.0555e+00 +0.0000e+00 -2.6392e+00 +5.0000e+00 -1.8558e+00 -5.0000e+00 -4.6182e+00 -1.8312e+00
% function evaluation | noise-free fitness - Fopt (-1.184600000000e+02) | best noise-free fitness - Fopt | measured fitness | best measured fitness | x1 | x2...
1 +3.998112180e+07 +3.998112180e+07 +3.998100334e+07 +3.998100334e+07 +2.0944e+00 +2.8154e+00 +2.9409e+00 -4.3157e+00 +3.4111e+00 +4.0341e+00 +3.0937e-01 +1.6876e+00 +4.2392e+00 -1.0608e+00
2 +1.798282790e+07 +1.798282790e+07 +1.798270944e+07 +1.798270944e+07 -1.5792e+00 +9.1513e-01 +5.4414e-01 +3.3841e-01 -1.7088e+00 +1.2435e+00 -4.2901e-01 +3.3526e+00 -1.1227e+00 +3.5201e+00
5 +2.147604526e+06 +2.147604526e+06 +2.147486066e+06 +2.147486066e+06 -2.7058e+00 +2.6887e+00 -3.8273e+00 -1.2950e+00 +4.4784e+00 +4.0830e+00 -1.4536e+00 +2.0021e+00 -1.2416e+00 +6.6609e-01
8 +1.410408742e+06 +1.410408742e+06 +1.410290282e+06 +1.410290282e+06 -2.6368e+00 -2.7457e+00 +6.0916e-01 +2.6646e+00 -3.0464e-02 +6.4919e-01 -3.0327e+00 -4.7873e-01 -2.5751e+00 -4.2324e+00
18 +4.991638582e+05 +4.991638582e+05 +4.990453982e+05 +4.990453982e+05 -1.6376e+00 +5.0647e-01 -4.3772e+00 -1.6083e+00 +4.7776e+00 +1.8174e+00 +4.1471e+00 -3.1522e+00 +3.5823e+00 +3.5214e+00
19 +9.007088042e+04 +9.007088042e+04 +8.995242042e+04 +8.995242042e+04 -1.7186e+00 +2.1857e+00 -4.5809e+00 -1.6126e+00 +1.8183e+00 +1.5416e+00 -4.4592e+00 -2.2500e+00 +2.9926e+00 +1.4286e+00
47 +1.758319304e+04 +1.758319304e+04 +1.746473304e+04 +1.746473304e+04 -5.2911e-01 +2.2840e+00 -5.0000e+00 -2.5581e+00 -7.0187e-01 -2.5133e+00 -5.0000e+00 -7.0131e-01 +5.0000e+00 -1.2704e+00
50 +5.629449700e+02 +5.629449700e+02 +4.444849700e+02 +4.444849700e+02 -1.0615e+00 -9.3638e-01 -9.4905e-01 -1.6676e+00 -5.0000e+00 +8.3723e-01 +7.9762e-01 -2.5155e+00 +3.4794e+00 -1.8775e+00
114 +2.428123604e+02 +2.428123604e+02 +1.243523604e+02 +1.243523604e+02 -2.9202e+00 -1.9410e+00 -2.3618e+00 +6.8881e-02 -1.5674e+00 +2.6659e+00 -4.7264e+00 +7.3328e-01 +3.1859e+00 -2.9250e+00
3426 +1.390879793e+02 +1.390879793e+02 +2.062797932e+01 +2.062797932e+01 -1.6477e+00 -2.1797e+00 -2.8995e-01 -2.1708e+00 -1.4499e+00 +3.0847e+00 -4.7955e+00 -1.2734e+00 +3.1955e+00 -1.4897e+00
% function evaluation | noise-free fitness - Fopt (9.973000000000e+01) | best noise-free fitness - Fopt | measured fitness | best measured fitness | x1 | x2...
1 +7.228977933e+05 +7.228977933e+05 +7.229975233e+05 +7.229975233e+05 -2.2772e+00 +3.0878e+00 +9.2083e-02 +4.2519e+00 -4.0139e+00 +2.6990e+00 -2.7216e-01 +6.9251e-01 -4.3013e+00 -2.0655e+00
3 +1.091477175e+03 +1.091477175e+03 +1.191207175e+03 +1.191207175e+03 -3.6441e+00 -1.7150e+00 +4.1029e+00 +6.3015e-02 -1.4732e+00 -4.9153e+00 +3.6149e-02 +4.9410e+00 -4.1700e+00 -1.7554e-01
139 +2.664104611e+02 +2.664104611e+02 +3.661404611e+02 +3.661404611e+02 -2.1466e+00 +8.2280e-01 +2.8797e+00 -1.2590e-02 +0.0000e+00 -4.6128e+00 -8.5030e-01 +5.0000e+00 -2.3554e+00 -3.0086e+00
497 +1.849232586e+02 +1.849232586e+02 +2.846532586e+02 +2.846532586e+02 -5.0000e+00 +4.6780e-01 -1.0907e+00 -4.0639e+00 +5.1610e-01 -4.8538e+00 -4.7841e+00 +2.1470e+00 +1.5133e-01 -2.6810e+00
1490 +1.466256908e+02 +1.466256908e+02 +2.463556908e+02 +2.463556908e+02 -1.5275e+00 +4.0790e-01 -8.3628e-01 -1.7249e+00 +1.0379e+00 -2.4170e+00 -4.7086e+00 +1.6883e+00 -1.2600e+00 -3.2414e+00
4478 +9.297899866e+01 +9.297899866e+01 +1.927089987e+02 +1.927089987e+02 -3.1879e+00 +1.0598e+00 -1.6340e+00 -2.5223e+00 +2.3303e+00 -1.8503e+00 -2.5306e+00 +7.2639e-01 -2.5193e+00 -3.2126e+00
% function evaluation | noise-free fitness - Fopt (4.044000000000e+01) | best noise-free fitness - Fopt | measured fitness | best measured fitness | x1 | x2...
1 +3.755979980e+04 +3.755979980e+04 +3.760023980e+04 +3.760023980e+04 -4.2365e+00 -2.9368e+00 +2.6214e+00 +3.0858e+00 -4.8342e+00 -3.0715e+00 -4.9551e+00 +1.2415e+00 -2.8083e+00 -2.7360e+00
64 +4.975709631e+03 +4.975709631e+03 +5.016149631e+03 +5.016149631e+03 +2.9382e+00 +2.6980e+00 -3.2421e+00 -4.5659e+00 +1.0447e+00 -1.4624e+00 -1.8860e+00 -3.3279e+00 -4.9549e+00 +4.3658e-01
141 +3.052792157e+03 +3.052792157e+03 +3.093232157e+03 +3.093232157e+03 +4.7511e+00 +3.8917e+00 -1.3246e+00 -3.3557e+00 +5.0000e+00 +3.7442e+00 -3.3760e-01 -2.6855e+00 -5.0000e+00 +0.0000e+00
165 +1.519064669e+03 +1.519064669e+03 +1.559504669e+03 +1.559504669e+03 +1.8372e+00 -6.0170e-01 -5.0000e+00 -2.4070e+00 +2.1823e+00 +2.3158e+00 -4.3170e-01 -7.7874e-01 -2.6814e+00 +2.4143e+00
223 +2.941678681e+02 +2.941678681e+02 +3.346078681e+02 +3.346078681e+02 -4.3436e-01 -6.2742e-01 -5.0000e+00 -3.9691e+00 -6.9478e-01 -4.5321e+00 +3.3877e-01 +5.0000e+00 -5.0000e+00 +5.0000e+00
298 +1.269995842e+02 +1.269995842e+02 +1.674395842e+02 +1.674395842e+02 -1.7931e+00 +4.0716e+00 -1.5929e+00 -2.5487e-01 +3.6289e+00 -2.3744e+00 +2.6227e+00 +5.0000e+00 -3.8471e+00 -1.3793e+00
609 +8.445107714e+01 +8.445107714e+01 +1.248910771e+02 +1.248910771e+02 +0.0000e+00 +4.8885e+00 +4.8073e-01 -3.6028e-01 +3.5042e+00 +1.5555e+00 +2.3800e+00 +2.6107e+00 -3.9774e+00 -1.4176e+00
1104 +6.029592242e+01 +6.029592242e+01 +1.007359224e+02 +1.007359224e+02 -7.4660e-01 +3.9708e+00 -8.5333e-01 -7.3438e-01 +3.4779e+00 +4.0957e-01 +4.6960e-01 -1.3548e-01 -4.1803e+00 -2.8060e+00
3782 +3.158779759e+01 +3.158779759e+01 +7.202779759e+01 +7.202779759e+01 -1.7785e-01 +4.0085e+00 +5.8759e-01 -1.3682e+00 +3.4698e+00 -2.5556e+00 -3.3745e-01 -3.3861e+00 -4.1220e+00 -2.1169e+00
% function evaluation | noise-free fitness - Fopt (-1.216000000000e+02) | best noise-free fitness - Fopt | measured fitness | best measured fitness | x1 | x2...
1 +2.817625902e+05 +2.817625902e+05 +2.816409902e+05 +2.816409902e+05 +3.9325e+00 -2.3197e+00 +6.5976e-01 +1.4243e+00 -2.7344e+00 -2.4039e+00 -1.8252e+00 -4.2484e+00 -3.7341e+00 +3.1213e+00
7 +3.310263021e+03 +3.310263021e+03 +3.188663021e+03 +3.188663021e+03 +5.7412e-01 +1.7655e+00 -4.6600e-01 -2.6436e+00 +2.7984e+00 +8.4276e-02 -1.8248e+00 -3.7806e-01 -2.8414e+00 +4.6167e-01
62 +2.337365847e+02 +2.337365847e+02 +1.121365847e+02 +1.121365847e+02 -2.0117e-01 +1.0196e+00 -6.4043e-01 -5.9106e-01 +2.9651e+00 -2.2975e+00 -3.5658e+00 -2.4021e+00 -5.0000e+00 -5.0000e+00
171 +1.567339340e+02 +1.567339340e+02 +3.513393403e+01 +3.513393403e+01 -1.3263e+00 +2.5195e+00 -9.4504e-01 -7.2298e-04 +5.0000e+00 -5.7468e-01 -4.3778e+00 -1.9766e+00 -5.0000e+00 -5.0000e+00
2543 +9.940668746e+01 +9.940668746e+01 -2.219331254e+01 -2.219331254e+01 -2.5455e+00 +7.3018e-01 +1.6700e+00 +2.3729e+00 +3.1333e+00 -3.4404e+00 -4.5425e+00 -3.6564e+00 -4.7704e+00 -7.6708e-01
% function evaluation | noise-free fitness - Fopt (-3.811000000000e+01) | best noise-free fitness - Fopt | measured fitness | best measured fitness | x1 | x2...
1 +2.274469564e+06 +2.274469564e+06 +2.274431454e+06 +2.274431454e+06 +9.2977e-02 -1.6630e+00 -4.1462e+00 +3.6178e+00 -1.7748e+00 -9.4177e-01 -2.4112e+00 -3.3680e+00 -8.0422e-01 -4.9908e+00
2 +4.082387651e+03 +4.082387651e+03 +4.044277651e+03 +4.044277651e+03 -2.7814e+00 -2.3352e+00 -2.7617e+00 -2.5671e+00 +9.2474e-01 +5.4180e-01 -4.4022e+00 +1.1944e+00 -2.9956e-01 +1.9524e+00
17 +2.383854213e+02 +2.383854213e+02 +2.002754213e+02 +2.002754213e+02 -2.8251e+00 -2.1216e-01 -1.0604e+00 -9.3772e-01 +3.5086e+00 -2.9728e+00 +4.6641e+00 -6.5068e-01 +9.4065e-01 +2.4750e+00
26 +1.288599205e+02 +1.288599205e+02 +9.074992053e+01 +9.074992053e+01 -1.0373e+00 -2.6932e+00 -1.4490e+00 +3.0010e+00 +2.0982e+00 -2.1119e+00 +3.9733e+00 -4.7865e+00 +1.1853e+00 -9.2102e-01
1066 +9.578031143e+01 +9.578031143e+01 +5.767031143e+01 +5.767031143e+01 -9.9015e-01 -2.6917e+00 -1.4521e+00 +2.1183e+00 +1.3903e+00 -2.3299e+00 +2.9379e+00 -4.7665e+00 +1.5949e+00 +1.2441e+00
