% function evaluation | noise-free fitness - Fopt (-1.000000000000e+03) | best noise-free fitness - Fopt | measured fitness | best measured fitness | x1 | x2...
1 +8.146533909e+01 +8.146533909e+01 -9.185346609e+02 -9.185346609e+02 -1.1479e+00 -7.0541e-01 +3.0529e+00 -1.4933e+00 +9.2498e-01
18 +6.036440830e+01 +6.036440830e+01 -9.396355917e+02 -9.396355917e+02 -2.3503e+00 +1.7077e+00 +4.0693e+00 -3.3108e+00 +1.6014e+00
106 +3.595631868e+01 +3.595631868e+01 -9.640436813e+02 -9.640436813e+02 -1.4812e-01 -1.0542e-01 -3.5553e+00 -3.4657e+00 -1.1346e+00
121 +2.254395528e+01 +2.254395528e+01 -9.774560447e+02 -9.774560447e+02 -2.6883e-01 +1.5855e-02 -1.5467e+00 -4.1463e+00 -1.2197e+00
1476 +1.393546036e+01 +1.393546036e+01 -9.860645396e+02 -9.860645396e+02 +2.6723e+00 -1.1943e+00 -3.2475e-01 -1.4332e+00 -5.0582e-02
1514 +3.991757989e+00 +3.991757989e+00 -9.960082420e+02 -9.960082420e+02 +1.2286e+00 -6.7748e-01 +1.4116e+00 -1.1399e+00 -1.1709e+00
1602 +2.173733521e+00 +2.173733521e+00 -9.978262665e+02 -9.978262665e+02 +1.3074e+00 -8.2770e-01 +1.1937e+00 -1.7205e+00 -1.7621e+00
1664 +1.551117341e+00 +1.551117341e+00 -9.984488827e+02 -9.984488827e+02 +1.6350e+00 -1.6565e-01 +2.4868e+00 -2.1422e+00 -2.1997e+00
1667 +5.231070291e-01 +5.231070291e-01 -9.994768930e+02 -9.994768930e+02 +1.9019e+00 +2.0203e-01 +2.2578e+00 -6.4757e-01 -1.3233e+00
1669 +5.965450790e-02 +5.965450790e-02 -9.999403455e+02 -9.999403455e+02 +1.5759e+00 +5.6380e-01 +2.3315e+00 -8.6478e-01 -1.8359e+00
1804 +3.541001764e-02 +3.541001764e-02 -9.999645900e+02 -9.999645900e+02 +1.2420e+00 +3.1409e-01 +2.7410e+00 -1.5597e+00 -2.3356e+00
1806 +8.671646531e-03 +8.671646531e-03 -9.999913284e+02 -9.999913284e+02 +1.0242e+00 +5.1600e-01 +2.6928e+00 -6.5528e-01 -1.9903e+00
1902 +2.522665013e-03 +2.522665013e-03 -9.999974773e+02 -9.999974773e+02 +1.1738e+00 +5.9610e-01 +2.6414e+00 -3.1057e-01 -1.7684e+00
1957 +5.714298164e-04 +5.714298164e-04 -9.999994286e+02 -9.999994286e+02 +1.2497e+00 +6.6649e-01 +2.8092e+00 -5.4814e-01 -1.9803e+00
2000 +7.166049090e-05 +7.166049090e-05 -9.999999283e+02 -9.999999283e+02 +1.2935e+00 +6.3422e-01 +2.6489e+00 -4.6148e-01 -1.8632e+00
2035 +6.211691891e-05 +6.211691891e-05 -9.999999379e+02 -9.999999379e+02 +1.2357e+00 +6.5833e-01 +2.7536e+00 -4.9926e-01 -1.9279e+00
2103 +3.272923539e-05 +3.272923539e-05 -9.999999673e+02 -9.999999673e+02 +1.2257e+00 +7.0526e-01 +2.7809e+00 -3.9963e-01 -1.9054e+00
2104 +5.884556231e-06 +5.884556231e-06 -9.999999941e+02 -9.999999941e+02 +1.3614e+00 +7.2489e-01 +2.6282e+00 -1.9151e-01 -1.7094e+00
2149 +1.890378030e-06 +1.890378030e-06 -9.999999981e+02 -9.999999981e+02 +1.2910e+00 +6.9191e-01 +2.6892e+00 -2.7584e-01 -1.7891e+00
2170 +1.151842639e-06 +1.151842639e-06 -9.999999988e+02 -9.999999988e+02 +1.3500e+00 +7.0473e-01 +2.6380e+00 -1.8525e-01 -1.7121e+00
2193 +5.870379027e-07 +5.870379027e-07 -9.999999994e+02 -9.999999994e+02 +1.3528e+00 +7.0924e-01 +2.6379e+00 -2.1228e-01 -1.7223e+00
2234 +6.391360330e-08 +6.391360330e-08 -9.999999999e+02 -9.999999999e+02 +1.3633e+00 +7.0954e-01 +2.6190e+00 -1.5897e-01 -1.6859e+00
2309 +1.180706022e-08 +1.180706022e-08 -1.000000000e+03 -1.000000000e+03 +1.3410e+00 +7.2274e-01 +2.6457e+00 -1.5837e-01 -1.7057e+00
2378 +1.631406121e-09 +1.631406121e-09 -1.000000000e+03 -1.000000000e+03 +1.3521e+00 +7.1787e-01 +2.6306e+00 -1.2939e-01 -1.6785e+00
2424 +3.680042937e-10 +3.680042937e-10 -1.000000000e+03 -1.000000000e+03 +1.3531e+00 +7.1438e-01 +2.6279e+00 -1.4369e-01 -1.6845e+00
2471 +9.913492249e-11 +9.913492249e-11 -1.000000000e+03 -1.000000000e+03 +1.3482e+00 +7.1825e-01 +2.6353e+00 -1.4009e-01 -1.6880e+00
2481 +2.205524652e-11 +2.205524652e-11 -1.000000000e+03 -1.000000000e+03 +1.3474e+00 +7.1934e-01 +2.6375e+00 -1.4218e-01 -1.6902e+00
2494 +1.307398634e-11 +1.307398634e-11 -1.000000000e+03 -1.000000000e+03 +1.3510e+00 +7.1676e-01 +2.6319e+00 -1.4317e-01 -1.6865e+00
2502 +5.115907697e-12 +5.115907697e-12 -1.000000000e+03 -1.000000000e+03 +1.3478e+00 +7.1827e-01 +2.6377e+00 -1.4766e-01 -1.6922e+00
2526 +2.614797268e-12 +2.614797268e-12 -1.000000000e+03 -1.000000000e+03 +1.3510e+00 +7.1939e-01 +2.6338e+00 -1.3831e-01 -1.6855e+00
2541 +6.821210263e-13 +6.821210263e-13 -1.000000000e+03 -1.000000000e+03 +1.3486e+00 +7.1841e-01 +2.6367e+00 -1.4587e-01 -1.6909e+00
2551 +2.273736754e-13 +2.273736754e-13 -1.000000000e+03 -1.000000000e+03 +1.3509e+00 +7.1896e-01 +2.6344e+00 -1.4151e-01 -1.6872e+00
2611 +0.000000000e+00 +0.000000000e+00 -1.000000000e+03 -1.000000000e+03 +1.3496e+00 +7.1806e-01 +2.6349e+00 -1.4433e-01 -1.6890e+00
% function evaluation | noise-free fitness - Fopt (1.000000000000e+03) | best noise-free fitness - Fopt | measured fitness | best measured fitness | x1 | x2...
1 +5.932533477e+01 +5.932533477e+01 +1.059325335e+03 +1.059325335e+03 +1.0335e+00 +1.8893e+00 +1.0347e+00 -3.3641e+00 -1.5315e+00
7 +1.667991545e+01 +1.667991545e+01 +1.016679915e+03 +1.016679915e+03 +1.5206e+00 +3.3621e+00 +2.4365e+00 -6.2011e+00 -6.7128e-01
56 +1.111127503e+01 +1.111127503e+01 +1.011111275e+03 +1.011111275e+03 +7.6557e-01 +2.2432e+00 +2.3289e+00 -4.4006e+00 -1.3307e-01
112 +8.575822900e+00 +8.575822900e+00 +1.008575823e+03 +1.008575823e+03 +1.9477e+00 +3.0179e+00 +2.4704e+00 -4.5812e+00 +1.6761e+00
160 +5.411835483e+00 +5.411835483e+00 +1.005411835e+03 +1.005411835e+03 +1.3474e+00 +2.9700e+00 +2.5151e+00 -3.9773e+00 +1.6914e+00
186 +3.476615753e+00 +3.476615753e+00 +1.003476616e+03 +1.003476616e+03 +1.7184e+00 +2.6179e+00 +2.1232e+00 -4.0444e+00 +3.8625e-01
1520 +6.219339550e-01 +6.219339550e-01 +1.000621934e+03 +1.000621934e+03 -3.3798e-01 -1.6758e+00 -1.9659e+00 +1.9988e+00 -3.8678e+00
% function evaluation | noise-free fitness - Fopt (-4.913000000000e+01) | best noise-free fitness - Fopt | measured fitness | best measured fitness | x1 | x2...
1 +5.582232748e+01 +5.582232748e+01 +6.692327482e+00 +6.692327482e+00 +2.3833e+00 +1.2190e+00 -3.5746e-01 -2.7537e+00 +1.1297e+00
4 +3.706358150e+01 +3.706358150e+01 -1.206641850e+01 -1.206641850e+01 +3.6188e+00 -7.4902e-01 -2.7650e-01 -1.9362e+00 +2.5151e+00
22 +2.300152124e+01 +2.300152124e+01 -2.612847876e+01 -2.612847876e+01 +2.1053e+00 -2.0935e+00 -2.2247e-01 -3.7387e+00 -5.5936e-02
28 +1.239317218e+01 +1.239317218e+01 -3.673682782e+01 -3.673682782e+01 +3.1035e+00 -1.6438e+00 -1.5121e-01 -2.7620e+00 +2.2306e+00
44 +9.906040791e+00 +9.906040791e+00 -3.922395921e+01 -3.922395921e+01 +1.2786e+00 -3.3373e+00 +7.5358e-02 -8.5819e-02 +1.3481e+00
1684 +6.231741420e+00 +6.231741420e+00 -4.289825858e+01 -4.289825858e+01 +1.9892e+00 -3.5530e+00 +5.0351e-01 -2.4250e-01 +1.7741e+00
1726 +2.812577084e+00 +2.812577084e+00 -4.631742292e+01 -4.631742292e+01 +2.0732e+00 -2.4539e+00 +8.1018e-01 -8.0442e-01 +1.3605e+00
1825 +1.952918383e+00 +1.952918383e+00 -4.717708162e+01 -4.717708162e+01 +1.9898e+00 -8.8218e-01 +1.5798e+00 -6.9939e-01 +9.5598e-01
1897 +4.930674268e-01 +4.930674268e-01 -4.863693257e+01 -4.863693257e+01 +2.2032e+00 -1.1372e+00 +1.6816e+00 +9.3444e-02 +1.1285e+00
1961 +3.561372507e-01 +3.561372507e-01 -4.877386275e+01 -4.877386275e+01 +2.4033e+00 -5.4334e-01 +2.1729e+00 +8.7143e-02 +9.4393e-01
2006 +1.755411663e-01 +1.755411663e-01 -4.895445883e+01 -4.895445883e+01 +2.3396e+00 +7.1889e-02 +2.3552e+00 +3.0384e-01 +8.2143e-01
2023 +1.099525363e-01 +1.099525363e-01 -4.902004746e+01 -4.902004746e+01 +2.5572e+00 +2.9761e-02 +2.3805e+00 +2.1060e-01 +9.2796e-01
2119 +7.278112229e-02 +7.278112229e-02 -4.905721888e+01 -4.905721888e+01 +2.7294e+00 +1.9828e-01 +2.7076e+00 +6.4657e-01 +9.0709e-01
2122 +5.157722473e-02 +5.157722473e-02 -4.907842278e+01 -4.907842278e+01 +2.8913e+00 +6.6538e-01 +2.8545e+00 +4.0408e-01 +8.6281e-01
2169 +2.144919131e-02 +2.144919131e-02 -4.910855081e+01 -4.910855081e+01 +3.2060e+00 +9.6267e-01 +2.6390e+00 +7.9977e-02 +1.1014e+00
2195 +1.464194951e-02 +1.464194951e-02 -4.911535805e+01 -4.911535805e+01 +3.0441e+00 +1.3078e+00 +2.8885e+00 +3.2870e-01 +8.8821e-01
2221 +8.887406492e-03 +8.887406492e-03 -4.912111259e+01 -4.912111259e+01 +3.2571e+00 +1.3893e+00 +2.8453e+00 +4.8753e-02 +9.6475e-01
2233 +3.290916362e-04 +3.290916362e-04 -4.912967091e+01 -4.912967091e+01 +3.6249e+00 +2.5638e+00 +3.3441e+00 +9.3622e-02 +8.7178e-01
2357 +1.612523808e-04 +1.612523808e-04 -4.912983875e+01 -4.912983875e+01 +3.7471e+00 +2.6313e+00 +3.3691e+00 +1.3272e-01 +9.3482e-01
2373 +8.122903271e-05 +8.122903271e-05 -4.912991877e+01 -4.912991877e+01 +3.6904e+00 +2.4458e+00 +3.3357e+00 +8.9265e-02 +9.3366e-01
2387 +3.359391079e-05 +3.359391079e-05 -4.912996641e+01 -4.912996641e+01 +3.8063e+00 +2.7771e+00 +3.4272e+00 +8.9009e-02 +9.4597e-01
2422 +1.178601298e-05 +1.178601298e-05 -4.912998821e+01 -4.912998821e+01 +3.8130e+00 +2.8179e+00 +3.3808e+00 -4.2540e-02 +9.3723e-01
2429 +6.732333283e-06 +6.732333283e-06 -4.912999327e+01 -4.912999327e+01 +3.7595e+00 +2.6347e+00 +3.3224e+00 +1.1331e-02 +9.7183e-01
2442 +1.334773174e-06 +1.334773174e-06 -4.912999867e+01 -4.912999867e+01 +3.7122e+00 +2.5327e+00 +3.2622e+00 -1.4859e-02 +9.6702e-01
2490 +6.526213241e-07 +6.526213241e-07 -4.912999935e+01 -4.912999935e+01 +3.7246e+00 +2.5881e+00 +3.3083e+00 +1.5049e-02 +9.5655e-01
2499 +4.927599164e-07 +4.927599164e-07 -4.912999951e+01 -4.912999951e+01 +3.7917e+00 +2.6730e+00 +3.3196e+00 -2.7532e-02 +9.7586e-01
2510 +2.230567944e-07 +2.230567944e-07 -4.912999978e+01 -4.912999978e+01 +3.7770e+00 +2.6916e+00 +3.3392e+00 -2.0025e-02 +9.5270e-01
2526 +1.295225971e-07 +1.295225971e-07 -4.912999987e+01 -4.912999987e+01 +3.7557e+00 +2.6456e+00 +3.3246e+00 -1.6180e-02 +9.5578e-01
2535 +4.909679063e-08 +4.909679063e-08 -4.912999995e+01 -4.912999995e+01 +3.7491e+00 +2.6342e+00 +3.3182e+00 -8.1758e-03 +9.5773e-01
2545 +6.166573030e-09 +6.166573030e-09 -4.912999999e+01 -4.912999999e+01 +3.7578e+00 +2.6453e+00 +3.3305e+00 +1.7591e-03 +9.5643e-01
2585 +3.022968542e-09 +3.022968542e-09 -4.913000000e+01 -4.913000000e+01 +3.7567e+00 +2.6419e+00 +3.3238e+00 -6.2625e-03 +9.5579e-01
2600 +1.051439824e-09 +1.051439824e-09 -4.913000000e+01 -4.913000000e+01 +3.7548e+00 +2.6313e+00 +3.3152e+00 -8.6357e-03 +9.6000e-01
2615 +9.026095427e-10 +9.026095427e-10 -4.913000000e+01 -4.913000000e+01 +3.7546e+00 +2.6194e+00 +3.3136e+00 -7.6205e-03 +9.6181e-01
2620 +1.969482355e-10 +1.969482355e-10 -4.913000000e+01 -4.913000000e+01 +3.7594e+00 +2.6416e+00 +3.3266e+00 +7.4242e-04 +9.5792e-01
2646 +8.630962611e-11 +8.630962611e-11 -4.913000000e+01 -4.913000000e+01 +3.7625e+00 +2.6462e+00 +3.3228e+00 -8.1875e-03 +9.6011e-01
2692 +6.090061788e-11 +6.090061788e-11 -4.913000000e+01 -4.913000000e+01 +3.7601e+00 +2.6373e+00 +3.3238e+00 -1.8723e-03 +9.6003e-01
2702 +2.076205874e-11 +2.076205874e-11 -4.913000000e+01 -4.913000000e+01 +3.7578e+00 +2.6351e+00 +3.3217e+00 -3.0942e-03 +9.5951e-01
2715 +5.357492228e-12 +5.357492228e-12 -4.913000000e+01 -4.913000000e+01 +3.7618e+00 +2.6432e+00 +3.3255e+00 -3.3459e-03 +9.5925e-01
2752 +3.844036200e-12 +3.844036200e-12 -4.913000000e+01 -4.913000000e+01 +3.7618e+00 +2.6411e+00 +3.3248e+00 -3.8952e-03 +9.5971e-01
2772 +9.805489753e-13 +9.805489753e-13 -4.913000000e+01 -4.913000000e+01 +3.7599e+00 +2.6388e+00 +3.3234e+00 -4.0568e-03 +9.5924e-01
2778 +2.984279490e-13 +2.984279490e-13 -4.913000000e+01 -4.913000000e+01 +3.7607e+00 +2.6400e+00 +3.3240e+00 -4.2153e-03 +9.5940e-01
2782 +3.552713679e-14 +3.552713679e-14 -4.913000000e+01 -4.913000000e+01 +3.7598e+00 +2.6388e+00 +3.3227e+00 -5.3598e-03 +9.5961e-01
2901 +1.421085472e-14 +1.421085472e-14 -4.913000000e+01 -4.913000000e+01 +3.7604e+00 +2.6396e+00 +3.3235e+00 -4.8540e-03 +9.5959e-01
2909 +7.105427358e-15 +7.105427358e-15 -4.913000000e+01 -4.913000000e+01 +3.7599e+00 +2.6388e+00 +3.3231e+00 -4.9244e-03 +9.5949e-01
2956 +0.000000000e+00 +0.000000000e+00 -4.913000000e+01 -4.913000000e+01 +3.7605e+00 +2.6403e+00 +3.3234e+00 -5.2153e-03 +9.5955e-01
% function evaluation | noise-free fitness - Fopt (2.977300000000e+02) | best noise-free fitness - Fopt | measured fitness | best measured fitness | x1 | x2...
1 +5.989383515e+01 +5.989383515e+01 +3.576238351e+02 +3.576238351e+02 +3.1228e+00 +2.2695e+00 +2.3534e+00 +2.0847e+00 -2.3874e+00
14 +3.619359688e+01 +3.619359688e+01 +3.339235969e+02 +3.339235969e+02 +2.1782e+00 +1.2170e+00 +2.4015e+00 -2.3625e+00 +1.5694e-01
53 +4.863988471e+00 +4.863988471e+00 +3.025939885e+02 +3.025939885e+02 +1.3857e+00 +2.9140e+00 +4.0249e+00 -2.8709e+00 -5.8855e-01
118 +2.874315213e+00 +2.874315213e+00 +3.006043152e+02 +3.006043152e+02 +2.0243e+00 +3.2379e+00 +4.2207e+00 -3.5171e+00 +6.3812e-01
121 +2.048419205e+00 +2.048419205e+00 +2.997784192e+02 +2.997784192e+02 +8.8117e-01 +2.9036e+00 +4.1890e+00 -2.9545e+00 +7.0104e-01
159 +1.470582388e+00 +1.470582388e+00 +2.992005824e+02 +2.992005824e+02 +1.0543e+00 +3.4393e+00 +4.2002e+00 -3.3570e+00 +5.2726e-01
176 +9.201314797e-01 +9.201314797e-01 +2.986501315e+02 +2.986501315e+02 +1.1511e+00 +3.6250e+00 +3.7916e+00 -3.1727e+00 +3.3021e-01
% function evaluation | noise-free fitness - Fopt (5.157000000000e+01) | best noise-free fitness - Fopt | measured fitness | best measured fitness | x1 | x2...
1 +8.279326572e+01 +8.279326572e+01 +1.343632657e+02 +1.343632657e+02 -8.0714e-01 -2.8024e+00 +2.0198e+00 -7.9188e-01 +2.1769e+00
2 +1.385891692e+01 +1.385891692e+01 +6.542891692e+01 +6.542891692e+01 -2.1085e+00 -3.2349e+00 -1.5779e-01 -2.9338e+00 +2.7423e+00
28 +9.352084877e+00 +9.352084877e+00 +6.092208488e+01 +6.092208488e+01 -1.3666e+00 -2.5630e+00 -1.3568e-01 -3.1619e+00 +2.5159e+00
122 +2.363843476e+00 +2.363843476e+00 +5.393384348e+01 +5.393384348e+01 -1.5718e+00 -2.1332e+00 -4.6393e-01 -3.5618e+00 +1.6804e+00
146 +1.076238734e+00 +1.076238734e+00 +5.264623873e+01 +5.264623873e+01 -2.1351e+00 -2.5455e+00 -4.5940e-01 -3.2671e+00 +1.1145e+00
166 +8.235646706e-01 +8.235646706e-01 +5.239356467e+01 +5.239356467e+01 -2.5697e+00 -2.8477e+00 -4.6251e-01 -3.1517e+00 +7.6639e-01
1548 +5.335450479e-01 +5.335450479e-01 +5.210354505e+01 +5.210354505e+01 +2.9466e+00 -1.0707e-01 -1.8977e+00 -1.6982e+00 +1.7645e+00
1569 +1.906709823e-01 +1.906709823e-01 +5.176067098e+01 +5.176067098e+01 +2.7338e+00 -2.6810e-01 -2.2998e+00 -1.9951e+00 +1.6946e+00
1607 +1.563305449e-01 +1.563305449e-01 +5.172633054e+01 +5.172633054e+01 +1.9898e+00 +5.3381e-01 -2.4263e+00 -2.5886e+00 +1.4917e+00
1616 +3.565602415e-02 +3.565602415e-02 +5.160565602e+01 +5.160565602e+01 +2.3392e+00 +1.0390e+00 -2.3217e+00 -1.8710e+00 +1.4020e+00
1626 +7.089495513e-03 +7.089495513e-03 +5.157708950e+01 +5.157708950e+01 +2.1395e+00 +1.5178e+00 -2.5315e+00 -1.7437e+00 +1.2632e+00
1804 +9.022379191e-04 +9.022379191e-04 +5.157090224e+01 +5.157090224e+01 +2.1126e+00 +8.3668e-01 -2.0054e+00 -2.0008e+00 +1.5242e+00
1833 +2.996881887e-04 +2.996881887e-04 +5.157029969e+01 +5.157029969e+01 +1.9213e+00 +1.2376e+00 -2.0971e+00 -2.0068e+00 +1.3924e+00
1928 +4.757693841e-05 +4.757693841e-05 +5.157004758e+01 +5.157004758e+01 +2.0104e+00 +1.2505e+00 -2.1863e+00 -1.8702e+00 +1.3496e+00
1952 +2.626540073e-05 +2.626540073e-05 +5.157002627e+01 +5.157002627e+01 +1.9949e+00 +1.1039e+00 -2.1016e+00 -1.9818e+00 +1.4111e+00
1997 +8.106207609e-06 +8.106207609e-06 +5.157000811e+01 +5.157000811e+01 +2.1367e+00 +1.0810e+00 -2.2105e+00 -1.8704e+00 +1.3799e+00
2035 +6.159344572e-06 +6.159344572e-06 +5.157000616e+01 +5.157000616e+01 +2.0574e+00 +1.1149e+00 -2.1380e+00 -1.8948e+00 +1.3808e+00
2055 +1.742206265e-06 +1.742206265e-06 +5.157000174e+01 +5.157000174e+01 +2.0590e+00 +1.1265e+00 -2.1471e+00 -1.8960e+00 +1.3860e+00
2085 +1.377058787e-06 +1.377058787e-06 +5.157000138e+01 +5.157000138e+01 +2.0647e+00 +1.1808e+00 -2.1885e+00 -1.8715e+00 +1.3565e+00
2118 +4.164149985e-07 +4.164149985e-07 +5.157000042e+01 +5.157000042e+01 +2.0682e+00 +1.1797e+00 -2.1681e+00 -1.8595e+00 +1.3659e+00
2153 +3.118462217e-07 +3.118462217e-07 +5.157000031e+01 +5.157000031e+01 +2.0541e+00 +1.2347e+00 -2.1815e+00 -1.8410e+00 +1.3464e+00
2167 +2.332630729e-07 +2.332630729e-07 +5.157000023e+01 +5.157000023e+01 +2.0618e+00 +1.2680e+00 -2.1947e+00 -1.8146e+00 +1.3344e+00
2169 +5.988319174e-09 +5.988319174e-09 +5.157000001e+01 +5.157000001e+01 +2.0703e+00 +1.2668e+00 -2.2001e+00 -1.8117e+00 +1.3397e+00
2293 +3.672354865e-09 +3.672354865e-09 +5.157000000e+01 +5.157000000e+01 +2.0705e+00 +1.2772e+00 -2.2091e+00 -1.8065e+00 +1.3351e+00
2323 +4.648654794e-10 +4.648654794e-10 +5.157000000e+01 +5.157000000e+01 +2.0734e+00 +1.2838e+00 -2.2127e+00 -1.8035e+00 +1.3332e+00
2365 +8.608225244e-11 +8.608225244e-11 +5.157000000e+01 +5.157000000e+01 +2.0760e+00 +1.2768e+00 -2.2118e+00 -1.8054e+00 +1.3361e+00
2378 +2.903277618e-11 +2.903277618e-11 +5.157000000e+01 +5.157000000e+01 +2.0742e+00 +1.2703e+00 -2.2097e+00 -1.8104e+00 +1.3385e+00
2405 +2.219024964e-11 +2.219024964e-11 +5.157000000e+01 +5.157000000e+01 +2.0728e+00 +1.2817e+00 -2.2122e+00 -1.8054e+00 +1.3349e+00
2430 +1.575983788e-11 +1.575983788e-11 +5.157000000e+01 +5.157000000e+01 +2.0741e+00 +1.2785e+00 -2.2118e+00 -1.8058e+00 +1.3354e+00
2446 +5.293543381e-12 +5.293543381e-12 +5.157000000e+01 +5.157000000e+01 +2.0750e+00 +1.2819e+00 -2.2142e+00 -1.8035e+00 +1.3349e+00
2462 +7.673861546e-13 +7.673861546e-13 +5.157000000e+01 +5.157000000e+01 +2.0752e+00 +1.2788e+00 -2.2134e+00 -1.8048e+00 +1.3352e+00
2481 +3.410605132e-13 +3.410605132e-13 +5.157000000e+01 +5.157000000e+01 +2.0763e+00 +1.2781e+00 -2.2137e+00 -1.8042e+00 +1.3353e+00
2492 +1.563194019e-13 +1.563194019e-13 +5.157000000e+01 +5.157000000e+01 +2.0756e+00 +1.2769e+00 -2.2128e+00 -1.8054e+00 +1.3359e+00
2502 +7.105427358e-15 +7.105427358e-15 +5.157000000e+01 +5.157000000e+01 +2.0763e+00 +1.2794e+00 -2.2138e+00 -1.8033e+00 +1.3351e+00
2582 +0.000000000e+00 +0.000000000e+00 +5.157000000e+01 +5.157000000e+01 +2.0761e+00 +1.2786e+00 -2.2134e+00 -1.8040e+00 +1.3354e+00
% function evaluation | noise-free fitness - Fopt (3.943000000000e+01) | best noise-free fitness - Fopt | measured fitness | best measured fitness | x1 | x2...
1 +3.499556914e+01 +3.499556914e+01 +7.442556914e+01 +7.442556914e+01 +9.0102e-03 +1.6069e+00 -1.8614e+00 -3.4799e+00 +1.2763e+00
3 +8.622805781e+00 +8.622805781e+00 +4.805280578e+01 +4.805280578e+01 +7.3934e-02 +2.4960e+00 -7.2286e-01 -5.5470e-01 +3.6344e+00
33 +2.137381832e+00 +2.137381832e+00 +4.156738183e+01 +4.156738183e+01 +8.3483e-01 +2.3532e+00 -2.5667e+00 -3.0582e+00 +4.9426e+00
159 +9.754901870e-01 +9.754901870e-01 +4.040549019e+01 +4.040549019e+01 +1.8036e+00 +2.5731e+00 -1.2037e+00 -5.8081e-01 +2.7956e+00
% function evaluation | noise-free fitness - Fopt (1.322900000000e+02) | best noise-free fitness - Fopt | measured fitness | best measured fitness | x1 | x2...
1 +7.732603113e+01 +7.732603113e+01 +2.096160311e+02 +2.096160311e+02 -4.0312e-01 -3.8609e+00 -8.2165e-01 +2.5175e+00 +3.7217e-01
2 +5.362983147e+01 +5.362983147e+01 +1.859198315e+02 +1.859198315e+02 -1.7045e+00 -4.2934e+00 -2.9992e+00 +3.7565e-01 +9.3759e-01
5 +3.641048093e+01 +3.641048093e+01 +1.687004809e+02 +1.687004809e+02 +1.1564e+00 -1.9570e+00 -3.5785e+00 +2.6442e+00 -1.9330e+00
47 +2.164981469e+01 +2.164981469e+01 +1.539398147e+02 +1.539398147e+02 +1.5568e+00 -1.0380e+00 -3.8511e+00 +2.1440e+00 -1.8813e+00
87 +8.464488360e+00 +8.464488360e+00 +1.407544884e+02 +1.407544884e+02 +1.5500e+00 -5.5190e-01 -2.3568e+00 +9.7727e-01 -2.0363e+00
1904 +5.692084622e+00 +5.692084622e+00 +1.379820846e+02 +1.379820846e+02 -2.4815e+00 +2.6688e+00 -6.3016e-01 -2.2660e+00 +4.6110e+00
3909 +2.576657117e+00 +2.576657117e+00 +1.348666571e+02 +1.348666571e+02 +3.0175e+00 -3.0534e+00 -3.3423e-01 -3.7755e+00 +5.6162e+00
% function evaluation | noise-free fitness - Fopt (-4.871000000000e+01) | best noise-free fitness - Fopt | measured fitness | best measured fitness | x1 | x2...
1 +7.759105923e+01 +7.759105923e+01 +2.888105923e+01 +2.888105923e+01 -5.1259e-01 +2.7315e+00 +9.5623e-01 -9.1869e-01 -1.7469e+00
22 +6.189614325e+01 +6.189614325e+01 +1.318614325e+01 +1.318614325e+01 +1.7501e+00 +3.9672e+00 +2.9188e+00 +3.7031e-01 -3.4307e+00
24 +2.469511760e+01 +2.469511760e+01 -2.401488240e+01 -2.401488240e+01 +3.6851e+00 +2.8337e+00 +2.1589e+00 -1.6954e+00 +6.8627e-01
86 +8.843247701e+00 +8.843247701e+00 -3.986675230e+01 -3.986675230e+01 +4.0018e+00 +3.1419e-01 +2.1172e+00 -3.4622e+00 +1.3014e+00
132 +2.480548801e+00 +2.480548801e+00 -4.622945120e+01 -4.622945120e+01 +4.1333e+00 +1.5356e+00 +3.8100e+00 -2.7802e+00 -1.7833e-01
1615 +1.563100315e+00 +1.563100315e+00 -4.714689969e+01 -4.714689969e+01 +4.9014e+00 +4.9701e-01 +2.1952e+00 +3.7614e-01 +3.6492e+00
1700 +8.018664207e-01 +8.018664207e-01 -4.790813358e+01 -4.790813358e+01 +4.9208e+00 +2.4749e-01 +2.2263e+00 +3.7278e-02 +3.5446e+00
% function evaluation | noise-free fitness - Fopt (-2.833000000000e+01) | best noise-free fitness - Fopt | measured fitness | best measured fitness | x1 | x2...
1 +8.154462038e+01 +8.154462038e+01 +5.321462038e+01 +5.321462038e+01 -2.0312e+00 -3.5274e+00 -1.2009e+00 +1.8442e+00 +2.2831e+00
21 +2.919690648e+00 +2.919690648e+00 -2.541030935e+01 -2.541030935e+01 -4.7100e+00 -2.5709e+00 -1.7959e+00 -4.2769e+00 +9.4750e-01
1493 +1.804983555e+00 +1.804983555e+00 -2.652501645e+01 -2.652501645e+01 +1.5163e+00 +1.5319e+00 +3.2031e+00 -1.9716e+00 +2.6674e+00
1856 +9.136694248e-01 +9.136694248e-01 -2.741633058e+01 -2.741633058e+01 +2.6940e+00 +5.0058e-01 +2.5508e+00 -2.3920e+00 +1.4167e+00
1883 +6.303706640e-01 +6.303706640e-01 -2.769962934e+01 -2.769962934e+01 +1.0721e+00 +1.4218e+00 +3.0458e+00 -2.3438e+00 +9.5568e-01
1894 +1.003005905e-01 +1.003005905e-01 -2.822969941e+01 -2.822969941e+01 +1.5616e+00 +1.3039e+00 +3.1214e+00 -2.1193e+00 +1.8964e+00
1994 +2.440007640e-02 +2.440007640e-02 -2.830559992e+01 -2.830559992e+01 +2.2324e+00 +1.0914e+00 +2.7206e+00 -2.0814e+00 +9.1996e-01
2009 +1.140352725e-02 +1.140352725e-02 -2.831859647e+01 -2.831859647e+01 +2.1488e+00 +1.2742e+00 +2.7349e+00 -1.9638e+00 +8.1424e-01
2016 +1.087121322e-03 +1.087121322e-03 -2.832891288e+01 -2.832891288e+01 +1.9505e+00 +1.1022e+00 +2.8028e+00 -2.1810e+00 +8.2782e-01
2063 +9.428688243e-04 +9.428688243e-04 -2.832905713e+01 -2.832905713e+01 +1.7566e+00 +1.0603e+00 +2.8956e+00 -2.2609e+00 +1.1720e+00
2115 +6.263988025e-04 +6.263988025e-04 -2.832937360e+01 -2.832937360e+01 +1.8997e+00 +1.0883e+00 +2.7881e+00 -2.2076e+00 +9.3552e-01
2135 +2.657803897e-04 +2.657803897e-04 -2.832973422e+01 -2.832973422e+01 +2.0553e+00 +1.2599e+00 +2.6713e+00 -2.0000e+00 +5.4493e-01
2153 +1.994374257e-04 +1.994374257e-04 -2.832980056e+01 -2.832980056e+01 +1.9015e+00 +1.2346e+00 +2.7766e+00 -2.0521e+00 +9.5568e-01
2169 +1.198768015e-04 +1.198768015e-04 -2.832988012e+01 -2.832988012e+01 +1.8500e+00 +1.1782e+00 +2.7975e+00 -2.1183e+00 +8.2469e-01
2174 +3.472692948e-05 +3.472692948e-05 -2.832996527e+01 -2.832996527e+01 +1.9340e+00 +1.1807e+00 +2.7675e+00 -2.1059e+00 +8.6699e-01
2201 +2.008822311e-05 +2.008822311e-05 -2.832997991e+01 -2.832997991e+01 +1.9451e+00 +1.1922e+00 +2.7466e+00 -2.0906e+00 +8.1272e-01
2231 +1.140870958e-05 +1.140870958e-05 -2.832998859e+01 -2.832998859e+01 +1.9565e+00 +1.2073e+00 +2.7544e+00 -2.0666e+00 +7.9327e-01
2236 +6.243848002e-06 +6.243848002e-06 -2.832999376e+01 -2.832999376e+01 +1.9154e+00 +1.2266e+00 +2.7638e+00 -2.0686e+00 +8.3387e-01
2306 +2.999192965e-06 +2.999192965e-06 -2.832999700e+01 -2.832999700e+01 +1.9114e+00 +1.2478e+00 +2.7689e+00 -2.0471e+00 +8.1789e-01
2333 +2.269371777e-06 +2.269371777e-06 -2.832999773e+01 -2.832999773e+01 +1.9100e+00 +1.2558e+00 +2.7615e+00 -2.0461e+00 +8.2579e-01
2353 +1.385763944e-06 +1.385763944e-06 -2.832999861e+01 -2.832999861e+01 +1.9160e+00 +1.2850e+00 +2.7560e+00 -2.0241e+00 +8.1783e-01
2391 +6.461663347e-07 +6.461663347e-07 -2.832999935e+01 -2.832999935e+01 +1.9174e+00 +1.3078e+00 +2.7510e+00 -2.0040e+00 +7.9599e-01
2421 +6.286985865e-08 +6.286985865e-08 -2.832999994e+01 -2.832999994e+01 +1.9837e+00 +1.3208e+00 +2.7080e+00 -1.9716e+00 +7.2329e-01
2503 +1.333607713e-08 +1.333607713e-08 -2.832999999e+01 -2.832999999e+01 +1.9756e+00 +1.3244e+00 +2.7101e+00 -1.9706e+00 +7.3355e-01
2513 +3.798255932e-09 +3.798255932e-09 -2.833000000e+01 -2.833000000e+01 +1.9854e+00 +1.3221e+00 +2.7033e+00 -1.9706e+00 +7.2824e-01
2534 +2.225100104e-10 +2.225100104e-10 -2.833000000e+01 -2.833000000e+01 +1.9950e+00 +1.3327e+00 +2.6933e+00 -1.9600e+00 +7.1865e-01
2573 +8.520828487e-11 +8.520828487e-11 -2.833000000e+01 -2.833000000e+01 +1.9959e+00 +1.3384e+00 +2.6912e+00 -1.9559e+00 +7.1637e-01
2614 +2.475530891e-11 +2.475530891e-11 -2.833000000e+01 -2.833000000e+01 +1.9908e+00 +1.3409e+00 +2.6964e+00 -1.9547e+00 +7.2139e-01
2670 +1.392663762e-11 +1.392663762e-11 -2.833000000e+01 -2.833000000e+01 +1.9907e+00 +1.3365e+00 +2.6970e+00 -1.9582e+00 +7.2273e-01
2679 +6.398437336e-12 +6.398437336e-12 -2.833000000e+01 -2.833000000e+01 +1.9903e+00 +1.3406e+00 +2.6961e+00 -1.9550e+00 +7.2158e-01
2683 +4.899192163e-12 +4.899192163e-12 -2.833000000e+01 -2.833000000e+01 +1.9945e+00 +1.3381e+00 +2.6937e+00 -1.9561e+00 +7.1899e-01
2722 +8.739675650e-13 +8.739675650e-13 -2.833000000e+01 -2.833000000e+01 +1.9909e+00 +1.3384e+00 +2.6958e+00 -1.9567e+00 +7.2142e-01
2740 +3.517186542e-13 +3.517186542e-13 -2.833000000e+01 -2.833000000e+01 +1.9923e+00 +1.3383e+00 +2.6950e+00 -1.9565e+00 +7.2100e-01
2746 +9.237055565e-14 +9.237055565e-14 -2.833000000e+01 -2.833000000e+01 +1.9930e+00 +1.3387e+00 +2.6944e+00 -1.9561e+00 +7.2053e-01
2750 +1.065814104e-14 +1.065814104e-14 -2.833000000e+01 -2.833000000e+01 +1.9917e+00 +1.3391e+00 +2.6952e+00 -1.9560e+00 +7.2124e-01
2854 +3.552713679e-15 +3.552713679e-15 -2.833000000e+01 -2.833000000e+01 +1.9920e+00 +1.3385e+00 +2.6951e+00 -1.9564e+00 +7.2138e-01
2877 +0.000000000e+00 +0.000000000e+00 -2.833000000e+01 -2.833000000e+01 +1.9919e+00 +1.3390e+00 +2.6950e+00 -1.9560e+00 +7.2127e-01
% function evaluation | noise-free fitness - Fopt (-1.516100000000e+02) | best noise-free fitness - Fopt | measured fitness | best measured fitness | x1 | x2...
1 +7.073371814e+01 +7.073371814e+01 -8.087628186e+01 -8.087628186e+01 -1.4926e+00 +2.3778e+00 -2.5273e+00 -1.5921e+00 +1.6596e-01
4 +4.201117603e+01 +4.201117603e+01 -1.095988240e+02 -1.095988240e+02 -2.5714e-01 +4.0975e-01 -2.4464e+00 -7.7462e-01 +1.5513e+00
33 +2.692135504e+01 +2.692135504e+01 -1.246886450e+02 -1.246886450e+02 -1.0267e-01 +2.2243e+00 +7.9611e-01 +7.5333e-01 +3.8681e-02
44 +1.685809842e+01 +1.685809842e+01 -1.347519016e+02 -1.347519016e+02 -4.3865e+00 +4.4042e-01 +1.7300e-02 +2.2805e+00 +7.3832e-01
67 +1.008724570e+01 +1.008724570e+01 -1.415227543e+02 -1.415227543e+02 -3.6050e+00 -1.6845e-01 -1.2850e-02 +2.9343e+00 -4.0628e+00
121 +8.734118962e+00 +8.734118962e+00 -1.428758810e+02 -1.428758810e+02 -4.3086e+00 -1.0538e+00 +7.4773e-02 +3.1825e+00 -3.7539e+00
1481 +4.390416401e+00 +4.390416401e+00 -1.472195836e+02 -1.472195836e+02 +1.0890e+00 +1.6100e+00 +8.8879e-01 -1.0244e+00 -2.8271e+00
1661 +3.915940353e+00 +3.915940353e+00 -1.476940596e+02 -1.476940596e+02 +7.4466e-01 +1.2764e+00 +1.4090e+00 -1.2644e+00 -2.9966e+00
% function evaluation | noise-free fitness - Fopt (-1.069900000000e+02) | best noise-free fitness - Fopt | measured fitness | best measured fitness | x1 | x2...
1 +7.664773304e+01 +7.664773304e+01 -3.034226696e+01 -3.034226696e+01 -1.6631e+00 -3.8623e+00 -2.9337e+00 +1.1643e+00 -2.6082e-01
17 +5.326218485e+01 +5.326218485e+01 -5.372781515e+01 -5.372781515e+01 +2.1266e-01 -6.3626e-01 -2.3154e+00 +4.2563e+00 +2.9722e-01
19 +1.232552529e+00 +1.232552529e+00 -1.057574475e+02 -1.057574475e+02 -2.7349e+00 -4.7938e-01 -1.5059e+00 +3.5464e+00 +1.7120e-01
% function evaluation | noise-free fitness - Fopt (1.000300000000e+02) | best noise-free fitness - Fopt | measured fitness | best measured fitness | x1 | x2...
1 +8.313675880e+01 +8.313675880e+01 +1.831667588e+02 +1.831667588e+02 -7.7318e-01 -1.4750e+00 +3.3471e+00 -1.1498e+00 -2.8407e+00
16 +4.982954655e+01 +4.982954655e+01 +1.498595466e+02 +1.498595466e+02 -9.2015e-02 -3.3248e-01 +2.8258e+00 +6.3514e-01 -1.3734e+00
30 +3.900704244e+01 +3.900704244e+01 +1.390370424e+02 +1.390370424e+02 +2.5369e+00 -1.5221e+00 +8.9446e-01 +4.5849e+00 -5.4810e-01
55 +2.241042505e+01 +2.241042505e+01 +1.224404250e+02 +1.224404250e+02 +2.1682e+00 -1.2690e+00 +3.4142e+00 +2.5078e+00 +2.9198e+00
126 +1.225718500e+01 +1.225718500e+01 +1.122871850e+02 +1.122871850e+02 +3.5917e+00 -2.3754e+00 +2.5777e+00 +2.6943e+00 +1.9473e+00
165 +9.047775522e+00 +9.047775522e+00 +1.090777755e+02 +1.090777755e+02 +3.1255e+00 -2.9019e+00 +2.0667e+00 +1.6181e+00 +3.1660e+00
1550 +2.765521221e+00 +2.765521221e+00 +1.027955212e+02 +1.027955212e+02 +2.2606e+00 +2.5862e+00 +5.5374e-01 -1.4545e+00 -1.5055e+00
1598 +2.193361557e+00 +2.193361557e+00 +1.022233616e+02 +1.022233616e+02 +3.1187e+00 +1.6836e+00 -2.6814e+00 +1.3659e+00 -1.3695e+00
1724 +8.301464686e-01 +8.301464686e-01 +1.008601465e+02 +1.008601465e+02 +3.0971e+00 +1.2562e+00 -2.5860e+00 +8.4557e-01 -1.9051e+00
% function evaluation | noise-free fitness - Fopt (-2.788900000000e+02) | best noise-free fitness - Fopt | measured fitness | best measured fitness | x1 | x2...
1 +7.992417177e+00 +7.992417177e+00 -2.708975828e+02 -2.708975828e+02 -1.2748e+00 +1.9943e+00 +3.1637e+00 -1.3052e+00 -3.9654e+00
53 +5.570748200e+00 +5.570748200e+00 -2.733192518e+02 -2.733192518e+02 -1.8035e+00 +1.6454e+00 +2.2019e+00 -1.8030e+00 -2.8566e+00
144 +3.533306011e+00 +3.533306011e+00 -2.753566940e+02 -2.753566940e+02 -1.8273e+00 +2.0712e+00 +2.4020e+00 -2.4287e+00 -3.2933e+00
1330 +2.173647692e+00 +2.173647692e+00 -2.767163523e+02 -2.767163523e+02 -3.4116e+00 -3.7025e+00 +1.3425e-01 -9.2836e-01 +1.5847e+00
% function evaluation | noise-free fitness - Fopt (5.142200000000e+02) | best noise-free fitness - Fopt | measured fitness | best measured fitness | x1 | x2...
1 +4.703764560e+01 +4.703764560e+01 +5.612576456e+02 +5.612576456e+02 -1.3292e-01 -2.8742e+00 +5.2106e-02 -4.1103e-01 +3.5753e+00
27 +1.964401379e+01 +1.964401379e+01 +5.338640138e+02 +5.338640138e+02 -1.3626e+00 -1.0895e-01 +1.0074e+00 +1.4111e+00 +2.6886e+00
386 +1.571789453e+01 +1.571789453e+01 +5.299378945e+02 +5.299378945e+02 -1.1948e+00 +1.6904e+00 +4.2259e+00 +1.3870e+00 +4.2159e+00
1736 +7.906671025e+00 +7.906671025e+00 +5.221266710e+02 +5.221266710e+02 -2.0183e-01 +2.2942e+00 -5.3857e+00 -4.0385e+00 +3.8622e+00
1796 +5.963224553e+00 +5.963224553e+00 +5.201832246e+02 +5.201832246e+02 +5.7301e-01 +2.0862e+00 -5.1726e+00 -4.1229e+00 +4.1045e+00
1836 +3.631279858e+00 +3.631279858e+00 +5.178512799e+02 +5.178512799e+02 +1.8880e+00 +1.4747e+00 -4.2439e+00 -4.6340e+00 +4.2236e+00
1878 +2.039813527e+00 +2.039813527e+00 +5.162598135e+02 +5.162598135e+02 +1.3375e+00 +5.3710e-01 -4.2255e+00 -5.1163e+00 +4.1217e+00
1927 +1.427949302e+00 +1.427949302e+00 +5.156479493e+02 +5.156479493e+02 +1.0366e+00 +1.0504e+00 -4.4130e+00 -4.6938e+00 +3.7518e+00
2006 +9.544779482e-01 +9.544779482e-01 +5.151744779e+02 +5.151744779e+02 +1.1970e+00 +9.8816e-01 -4.5184e+00 -4.6574e+00 +3.9239e+00
% function evaluation | noise-free fitness - Fopt (6.098800000000e+02) | best noise-free fitness - Fopt | measured fitness | best measured fitness | x1 | x2...
1 +8.344059658e+01 +8.344059658e+01 +6.933205966e+02 +6.933205966e+02 -6.9420e-01 -3.8440e-01 -2.3307e-01 -8.7377e-01 +3.0472e+00
2 +5.895802384e+01 +5.895802384e+01 +6.688380238e+02 +6.688380238e+02 -1.9956e+00 -8.1691e-01 -2.4107e+00 -3.0156e+00 +3.6126e+00
24 +7.481921859e+00 +7.481921859e+00 +6.173619219e+02 +6.173619219e+02 -3.1619e+00 -2.2848e+00 -2.7701e+00 -4.9699e+00 +2.1387e+00
163 +4.212521113e+00 +4.212521113e+00 +6.140925211e+02 +6.140925211e+02 +1.0856e+00 -4.6904e+00 -1.7995e+00 -4.0606e+00 -1.4627e-01
207 +3.961108435e+00 +3.961108435e+00 +6.138411084e+02 +6.138411084e+02 +1.1642e+00 -5.1583e+00 -2.4350e+00 -3.7474e+00 +6.2815e-02
4081 +2.120019828e+00 +2.120019828e+00 +6.120000198e+02 +6.120000198e+02 -2.6180e+00 +4.3745e+00 -3.5086e+00 +1.9605e+00 +1.8602e+00
