% function evaluation | noise-free fitness - Fopt (6.870000000000e+00) | best noise-free fitness - Fopt | measured fitness | best measured fitness | x1 | x2...
1 +2.698721225e+01 +2.698721225e+01 +3.385721225e+01 +3.385721225e+01 +3.0716e+00 +3.9945e+00 +2.3919e+00 +3.1103e+00 -8.5452e-01
2 +1.719941894e+01 +1.719941894e+01 +2.406941894e+01 +2.406941894e+01 +1.7702e+00 +3.5620e+00 +2.1432e-01 +9.6848e-01 -2.8910e-01
10 +9.837694063e+00 +9.837694063e+00 +1.670769406e+01 +1.670769406e+01 +5.4391e+00 +8.1928e-01 +1.2959e+00 -1.4466e-01 -6.9899e-02
20 +5.734612619e+00 +5.734612619e+00 +1.260461262e+01 +1.260461262e+01 +2.8654e+00 +6.7145e+00 +1.0414e+00 +3.0628e+00 -3.2088e-01
304 +2.846725081e+00 +2.846725081e+00 +9.716725081e+00 +9.716725081e+00 +4.9105e-01 +2.1625e+00 -3.6635e+00 +2.8596e+00 +5.2403e+00
382 +2.490330874e+00 +2.490330874e+00 +9.360330874e+00 +9.360330874e+00 +1.6849e+00 +4.8319e-01 -3.5271e+00 +2.5643e+00 +4.8998e+00
1634 +1.363089089e+00 +1.363089089e+00 +8.233089089e+00 +8.233089089e+00 +4.4418e+00 -2.8185e-01 -2.6778e+00 +8.6526e-01 +4.7772e+00
1664 +9.872964364e-01 +9.872964364e-01 +7.857296436e+00 +7.857296436e+00 +4.4290e+00 -2.8534e-01 -2.6932e+00 +8.6457e-01 +4.7994e+00
1763 +6.229486281e-01 +6.229486281e-01 +7.492948628e+00 +7.492948628e+00 +4.4379e+00 -2.9380e-01 -2.6996e+00 +8.5952e-01 +4.8030e+00
1810 +3.957365443e-01 +3.957365443e-01 +7.265736544e+00 +7.265736544e+00 +4.4388e+00 -2.9957e-01 -2.7057e+00 +8.5633e-01 +4.8114e+00
1941 +2.292143069e-01 +2.292143069e-01 +7.099214307e+00 +7.099214307e+00 +4.4387e+00 -2.9940e-01 -2.7066e+00 +8.5600e-01 +4.8111e+00
2265 +1.552603542e-01 +1.552603542e-01 +7.025260354e+00 +7.025260354e+00 +4.4396e+00 -3.0084e-01 -2.7080e+00 +8.5534e-01 +4.8115e+00
% function evaluation | noise-free fitness - Fopt (1.000000000000e-02) | best noise-free fitness - Fopt | measured fitness | best measured fitness | x1 | x2...
1 +8.590103203e+00 +8.590103203e+00 +8.600103203e+00 +8.600103203e+00 -1.3086e+00 -1.4092e+00 -1.2326e+00 -2.3214e+00 +9.6898e-01
25 +5.834331290e+00 +5.834331290e+00 +5.844331290e+00 +5.844331290e+00 +1.1418e+00 -2.6171e+00 +2.0210e+00 -5.6821e+00 -5.8224e-01
30 +3.419747657e+00 +3.419747657e+00 +3.429747657e+00 +3.429747657e+00 -9.8544e-01 -9.7863e-01 +4.2649e+00 -1.4779e+00 -6.8378e-01
713 +1.862342260e+00 +1.862342260e+00 +1.872342260e+00 +1.872342260e+00 -3.4039e+00 -4.4666e+00 -2.5751e+00 -6.6151e-01 -3.5874e+00
2353 +1.370856810e+00 +1.370856810e+00 +1.380856810e+00 +1.380856810e+00 -8.6233e-02 +3.3703e+00 +2.8498e+00 +4.1254e-01 +1.3449e+00
% function evaluation | noise-free fitness - Fopt (-1.306100000000e+02) | best noise-free fitness - Fopt | measured fitness | best measured fitness | x1 | x2...
1 +2.272994015e+01 +2.272994015e+01 -1.078800599e+02 -1.078800599e+02 +3.8369e+00 -3.0809e+00 -3.0875e-02 +2.2779e+00 +2.9225e+00
3 +1.070231056e+01 +1.070231056e+01 -1.199076894e+02 -1.199076894e+02 +3.9018e+00 -2.1919e+00 +1.1076e+00 +5.2030e+00 +5.2807e+00
16 +6.184958166e+00 +6.184958166e+00 -1.244250418e+02 -1.244250418e+02 +3.9918e+00 -1.9786e+00 -6.3273e-02 +5.5981e+00 +4.4280e+00
254 +2.779623684e+00 +2.779623684e+00 -1.278303763e+02 -1.278303763e+02 +4.2300e+00 -1.5866e+00 +2.0879e-01 +3.2729e+00 +3.4164e+00
835 +2.411951734e+00 +2.411951734e+00 -1.281980483e+02 -1.281980483e+02 -1.8531e+00 -8.0821e-01 +3.9346e+00 +1.7466e+00 +1.2880e+00
1368 +1.525129896e+00 +1.525129896e+00 -1.290848701e+02 -1.290848701e+02 -2.1243e+00 -7.8758e-01 +4.0490e+00 +1.3398e+00 +1.1386e+00
1462 +8.411225473e-01 +8.411225473e-01 -1.297688775e+02 -1.297688775e+02 -2.1273e+00 -7.5702e-01 +4.0383e+00 +1.3420e+00 +1.1406e+00
1547 +6.142527018e-01 +6.142527018e-01 -1.299957473e+02 -1.299957473e+02 -2.1208e+00 -7.4058e-01 +4.0345e+00 +1.3301e+00 +1.1313e+00
1555 +3.610108154e-01 +3.610108154e-01 -1.302489892e+02 -1.302489892e+02 -2.1219e+00 -7.4903e-01 +4.0350e+00 +1.3363e+00 +1.1341e+00
1638 +2.372920516e-01 +2.372920516e-01 -1.303727079e+02 -1.303727079e+02 -2.1194e+00 -7.4776e-01 +4.0345e+00 +1.3336e+00 +1.1327e+00
1664 +1.428821045e-01 +1.428821045e-01 -1.304671179e+02 -1.304671179e+02 -2.1193e+00 -7.4944e-01 +4.0348e+00 +1.3341e+00 +1.1324e+00
1779 +8.926454451e-02 +8.926454451e-02 -1.305207355e+02 -1.305207355e+02 -2.1190e+00 -7.4677e-01 +4.0333e+00 +1.3318e+00 +1.1310e+00
1803 +6.077534901e-02 +6.077534901e-02 -1.305492247e+02 -1.305492247e+02 -2.1192e+00 -7.4576e-01 +4.0330e+00 +1.3309e+00 +1.1308e+00
1862 +3.745651715e-02 +3.745651715e-02 -1.305725435e+02 -1.305725435e+02 -2.1194e+00 -7.4162e-01 +4.0315e+00 +1.3279e+00 +1.1294e+00
1880 +2.278154998e-02 +2.278154998e-02 -1.305872185e+02 -1.305872185e+02 -2.1195e+00 -7.4103e-01 +4.0312e+00 +1.3276e+00 +1.1293e+00
1978 +1.579267237e-02 +1.579267237e-02 -1.305942073e+02 -1.305942073e+02 -2.1196e+00 -7.4113e-01 +4.0313e+00 +1.3279e+00 +1.1296e+00
2003 +7.474861263e-03 +7.474861263e-03 -1.306025251e+02 -1.306025251e+02 -2.1195e+00 -7.4090e-01 +4.0313e+00 +1.3276e+00 +1.1294e+00
2097 +6.111527822e-03 +6.111527822e-03 -1.306038885e+02 -1.306038885e+02 -2.1195e+00 -7.4112e-01 +4.0313e+00 +1.3278e+00 +1.1295e+00
2110 +3.536582925e-03 +3.536582925e-03 -1.306064634e+02 -1.306064634e+02 -2.1195e+00 -7.4144e-01 +4.0314e+00 +1.3280e+00 +1.1296e+00
2136 +2.082843092e-03 +2.082843092e-03 -1.306079172e+02 -1.306079172e+02 -2.1195e+00 -7.4144e-01 +4.0315e+00 +1.3280e+00 +1.1296e+00
2196 +1.309737418e-03 +1.309737418e-03 -1.306086903e+02 -1.306086903e+02 -2.1195e+00 -7.4144e-01 +4.0315e+00 +1.3280e+00 +1.1296e+00
2280 +9.566012563e-04 +9.566012563e-04 -1.306090434e+02 -1.306090434e+02 -2.1195e+00 -7.4148e-01 +4.0315e+00 +1.3280e+00 +1.1296e+00
2287 +5.326535002e-04 +5.326535002e-04 -1.306094673e+02 -1.306094673e+02 -2.1195e+00 -7.4149e-01 +4.0315e+00 +1.3280e+00 +1.1296e+00
2324 +3.727179818e-04 +3.727179818e-04 -1.306096273e+02 -1.306096273e+02 -2.1195e+00 -7.4148e-01 +4.0315e+00 +1.3280e+00 +1.1296e+00
2357 +1.908231465e-04 +1.908231465e-04 -1.306098092e+02 -1.306098092e+02 -2.1195e+00 -7.4147e-01 +4.0315e+00 +1.3280e+00 +1.1296e+00
2396 +7.050125478e-05 +7.050125478e-05 -1.306099295e+02 -1.306099295e+02 -2.1195e+00 -7.4147e-01 +4.0315e+00 +1.3280e+00 +1.1296e+00
2460 +5.681090687e-05 +5.681090687e-05 -1.306099432e+02 -1.306099432e+02 -2.1195e+00 -7.4148e-01 +4.0315e+00 +1.3280e+00 +1.1296e+00
2487 +3.918431040e-05 +3.918431040e-05 -1.306099608e+02 -1.306099608e+02 -2.1195e+00 -7.4148e-01 +4.0315e+00 +1.3280e+00 +1.1296e+00
2498 +2.168592039e-05 +2.168592039e-05 -1.306099783e+02 -1.306099783e+02 -2.1195e+00 -7.4148e-01 +4.0315e+00 +1.3280e+00 +1.1296e+00
2576 +1.062955766e-05 +1.062955766e-05 -1.306099894e+02 -1.306099894e+02 -2.1195e+00 -7.4148e-01 +4.0315e+00 +1.3280e+00 +1.1296e+00
2625 +8.864253488e-06 +8.864253488e-06 -1.306099911e+02 -1.306099911e+02 -2.1195e+00 -7.4148e-01 +4.0315e+00 +1.3280e+00 +1.1296e+00
2659 +4.994022589e-06 +4.994022589e-06 -1.306099950e+02 -1.306099950e+02 -2.1195e+00 -7.4148e-01 +4.0315e+00 +1.3280e+00 +1.1296e+00
2732 +3.611697309e-06 +3.611697309e-06 -1.306099964e+02 -1.306099964e+02 -2.1195e+00 -7.4148e-01 +4.0315e+00 +1.3280e+00 +1.1296e+00
2760 +2.034785723e-06 +2.034785723e-06 -1.306099980e+02 -1.306099980e+02 -2.1195e+00 -7.4148e-01 +4.0315e+00 +1.3280e+00 +1.1296e+00
2768 +1.182594474e-06 +1.182594474e-06 -1.306099988e+02 -1.306099988e+02 -2.1195e+00 -7.4148e-01 +4.0315e+00 +1.3280e+00 +1.1296e+00
2833 +9.801112526e-07 +9.801112526e-07 -1.306099990e+02 -1.306099990e+02 -2.1195e+00 -7.4148e-01 +4.0315e+00 +1.3280e+00 +1.1296e+00
2869 +4.628671206e-07 +4.628671206e-07 -1.306099995e+02 -1.306099995e+02 -2.1195e+00 -7.4148e-01 +4.0315e+00 +1.3280e+00 +1.1296e+00
2893 +2.768319689e-07 +2.768319689e-07 -1.306099997e+02 -1.306099997e+02 -2.1195e+00 -7.4148e-01 +4.0315e+00 +1.3280e+00 +1.1296e+00
2947 +1.680024582e-07 +1.680024582e-07 -1.306099998e+02 -1.306099998e+02 -2.1195e+00 -7.4148e-01 +4.0315e+00 +1.3280e+00 +1.1296e+00
2953 +1.457062240e-07 +1.457062240e-07 -1.306099999e+02 -1.306099999e+02 -2.1195e+00 -7.4148e-01 +4.0315e+00 +1.3280e+00 +1.1296e+00
3039 +9.407065704e-08 +9.407065704e-08 -1.306099999e+02 -1.306099999e+02 -2.1195e+00 -7.4148e-01 +4.0315e+00 +1.3280e+00 +1.1296e+00
3060 +4.457385216e-08 +4.457385216e-08 -1.306100000e+02 -1.306100000e+02 -2.1195e+00 -7.4148e-01 +4.0315e+00 +1.3280e+00 +1.1296e+00
3087 +3.779683766e-08 +3.779683766e-08 -1.306100000e+02 -1.306100000e+02 -2.1195e+00 -7.4148e-01 +4.0315e+00 +1.3280e+00 +1.1296e+00
3150 +1.939073968e-08 +1.939073968e-08 -1.306100000e+02 -1.306100000e+02 -2.1195e+00 -7.4148e-01 +4.0315e+00 +1.3280e+00 +1.1296e+00
3192 +1.280236006e-08 +1.280236006e-08 -1.306100000e+02 -1.306100000e+02 -2.1195e+00 -7.4148e-01 +4.0315e+00 +1.3280e+00 +1.1296e+00
3221 +2.711743718e-09 +2.711743718e-09 -1.306100000e+02 -1.306100000e+02 -2.1195e+00 -7.4148e-01 +4.0315e+00 +1.3280e+00 +1.1296e+00
3317 +1.211617473e-09 +1.211617473e-09 -1.306100000e+02 -1.306100000e+02 -2.1195e+00 -7.4148e-01 +4.0315e+00 +1.3280e+00 +1.1296e+00
3380 +7.140386060e-10 +7.140386060e-10 -1.306100000e+02 -1.306100000e+02 -2.1195e+00 -7.4148e-01 +4.0315e+00 +1.3280e+00 +1.1296e+00
3416 +4.125126907e-10 +4.125126907e-10 -1.306100000e+02 -1.306100000e+02 -2.1195e+00 -7.4148e-01 +4.0315e+00 +1.3280e+00 +1.1296e+00
3456 +3.935269888e-10 +3.935269888e-10 -1.306100000e+02 -1.306100000e+02 -2.1195e+00 -7.4148e-01 +4.0315e+00 +1.3280e+00 +1.1296e+00
3475 +2.498836693e-10 +2.498836693e-10 -1.306100000e+02 -1.306100000e+02 -2.1195e+00 -7.4148e-01 +4.0315e+00 +1.3280e+00 +1.1296e+00
3490 +1.210196388e-10 +1.210196388e-10 -1.306100000e+02 -1.306100000e+02 -2.1195e+00 -7.4148e-01 +4.0315e+00 +1.3280e+00 +1.1296e+00
% function evaluation | noise-free fitness - Fopt (-2.231200000000e+02) | best noise-free fitness - Fopt | measured fitness | best measured fitness | x1 | x2...
1 +4.319296113e+01 +4.319296113e+01 -1.799270389e+02 -1.799270389e+02 +7.0588e-01 -2.9661e+00 +2.6978e+00 -3.6401e+00 +1.2556e+00
2 +1.097011455e+01 +1.097011455e+01 -2.121498855e+02 -2.121498855e+02 -5.9550e-01 -3.3986e+00 +5.2018e-01 -5.7819e+00 +1.8211e+00
8 +9.150561241e+00 +9.150561241e+00 -2.139694388e+02 -2.139694388e+02 +1.9779e+00 -3.1725e+00 +3.4400e+00 -4.4026e+00 +5.4150e-01
71 +5.479015745e+00 +5.479015745e+00 -2.176409843e+02 -2.176409843e+02 +3.5232e+00 -3.2459e+00 +1.2889e+00 -3.2963e+00 +1.5565e+00
428 +2.294561801e+00 +2.294561801e+00 -2.208254382e+02 -2.208254382e+02 +4.4668e+00 -3.9232e+00 +5.4011e+00 -4.5732e+00 +8.4637e-01
% function evaluation | noise-free fitness - Fopt (-4.443000000000e+01) | best noise-free fitness - Fopt | measured fitness | best measured fitness | x1 | x2...
1 +1.681978499e+01 +1.681978499e+01 -2.761021501e+01 -2.761021501e+01 -1.4425e+00 +2.7994e+00 -2.8670e+00 -1.0174e+00 +2.5791e+00
3 +1.498638555e+01 +1.498638555e+01 -2.944361445e+01 -2.944361445e+01 -1.3776e+00 +3.6884e+00 -1.7286e+00 +1.9078e+00 +4.9373e+00
24 +7.459285963e+00 +7.459285963e+00 -3.697071404e+01 -3.697071404e+01 +3.6579e-01 +5.8963e+00 -1.9171e+00 -2.9679e+00 +3.8574e+00
27 +4.950632782e+00 +4.950632782e+00 -3.947936722e+01 -3.947936722e+01 -2.1525e+00 +1.7516e+00 -2.5544e-01 -2.3440e+00 +2.1924e+00
182 +3.335593635e+00 +3.335593635e+00 -4.109440637e+01 -4.109440637e+01 -2.1966e+00 +3.1993e+00 +2.2934e+00 +1.8420e+00 +3.3603e+00
1909 +2.118073016e+00 +2.118073016e+00 -4.231192698e+01 -4.231192698e+01 -2.7814e+00 +3.9300e+00 +2.3288e+00 -3.0829e+00 -1.9130e+00
2127 +1.269154507e+00 +1.269154507e+00 -4.316084549e+01 -4.316084549e+01 -2.3275e+00 +3.9843e+00 +3.2581e+00 -5.5729e-01 -2.7658e+00
% function evaluation | noise-free fitness - Fopt (8.539000000000e+01) | best noise-free fitness - Fopt | measured fitness | best measured fitness | x1 | x2...
1 +9.417895367e+00 +9.417895367e+00 +9.480789537e+01 +9.480789537e+01 -1.1609e+00 -7.9832e-01 -1.1218e+00 +1.2287e+00 +2.3500e+00
44 +5.879498121e+00 +5.879498121e+00 +9.126949812e+01 +9.126949812e+01 +1.4508e+00 +2.8617e-01 +1.2666e+00 +2.3660e+00 +6.0101e-02
65 +3.590640452e+00 +3.590640452e+00 +8.898064045e+01 +8.898064045e+01 +9.3748e-01 -2.7371e+00 -3.3794e+00 +4.5000e+00 +1.6965e+00
158 +2.060094381e+00 +2.060094381e+00 +8.745009438e+01 +8.745009438e+01 +3.1421e+00 -4.1690e+00 -1.1492e+00 +1.0835e+00 +3.9966e+00
2711 +1.534856238e+00 +1.534856238e+00 +8.692485624e+01 +8.692485624e+01 -2.7314e+00 -1.3066e+00 -1.7691e+00 +1.3460e+00 +1.0027e+00
4705 +8.727319191e-01 +8.727319191e-01 +8.626273192e+01 +8.626273192e+01 -3.2289e+00 -1.4917e+00 -4.3065e+00 +3.0626e-01 +3.8297e-01
4852 +5.616426199e-01 +5.616426199e-01 +8.595164262e+01 +8.595164262e+01 -3.2288e+00 -1.4980e+00 -4.3115e+00 +3.0334e-01 +3.8456e-01
4965 +3.778859401e-01 +3.778859401e-01 +8.576788594e+01 +8.576788594e+01 -3.2273e+00 -1.5030e+00 -4.3083e+00 +3.0021e-01 +3.8383e-01
5012 +2.342360893e-01 +2.342360893e-01 +8.562423609e+01 +8.562423609e+01 -3.2276e+00 -1.5022e+00 -4.3087e+00 +2.9967e-01 +3.8324e-01
% function evaluation | noise-free fitness - Fopt (-9.872900000000e+02) | best noise-free fitness - Fopt | measured fitness | best measured fitness | x1 | x2...
1 +2.158321410e+01 +2.158321410e+01 -9.657067859e+02 -9.657067859e+02 -1.3235e+00 -1.1716e+00 +9.0564e-01 -1.9241e+00 -1.6925e+00
3 +7.687957953e+00 +7.687957953e+00 -9.796020420e+02 -9.796020420e+02 -1.2585e+00 -2.8254e-01 +2.0441e+00 +1.0011e+00 +6.6571e-01
43 +5.583689583e+00 +5.583689583e+00 -9.817063104e+02 -9.817063104e+02 -8.6561e-01 +5.1220e+00 +4.6237e+00 -1.3225e+00 -1.9323e+00
66 +3.851439812e+00 +3.851439812e+00 -9.834385602e+02 -9.834385602e+02 +8.1846e-01 -3.3642e-01 +2.3084e+00 +1.7222e+00 -1.4718e-01
1167 +1.913959311e+00 +1.913959311e+00 -9.853760407e+02 -9.853760407e+02 +2.3438e+00 +1.7282e+00 +4.9435e+00 +1.5582e+00 -8.9737e-01
1325 +1.412150529e+00 +1.412150529e+00 -9.858778495e+02 -9.858778495e+02 +2.3537e+00 +1.7058e+00 +4.9546e+00 +1.5644e+00 -9.1590e-01
1351 +8.824729822e-01 +8.824729822e-01 -9.864075270e+02 -9.864075270e+02 +2.3554e+00 +1.7064e+00 +4.9628e+00 +1.5682e+00 -9.1681e-01
1743 +5.707737012e-01 +5.707737012e-01 -9.867192263e+02 -9.867192263e+02 +2.3425e+00 +1.7000e+00 +4.9596e+00 +1.5682e+00 -9.2510e-01
% function evaluation | noise-free fitness - Fopt (-1.517600000000e+02) | best noise-free fitness - Fopt | measured fitness | best measured fitness | x1 | x2...
1 +1.291066385e+01 +1.291066385e+01 -1.388493362e+02 -1.388493362e+02 -1.9919e-01 -8.2528e-01 +3.5872e+00 +3.7139e+00 -1.3537e+00
16 +4.062765934e+00 +4.062765934e+00 -1.476972341e+02 -1.476972341e+02 +5.3079e-01 -5.1763e-01 +5.4926e+00 +4.3587e+00 -2.6734e+00
86 +1.742392564e+00 +1.742392564e+00 -1.500176074e+02 -1.500176074e+02 -9.0002e-01 -1.2512e+00 +4.9704e+00 +1.6227e+00 +2.0246e+00
1214 +1.237487518e+00 +1.237487518e+00 -1.505225125e+02 -1.505225125e+02 -1.0926e+00 +2.9866e+00 -2.2007e+00 +5.2577e+00 +2.6394e+00
% function evaluation | noise-free fitness - Fopt (6.680000000000e+01) | best noise-free fitness - Fopt | measured fitness | best measured fitness | x1 | x2...
1 +6.433359142e+00 +6.433359142e+00 +7.323335914e+01 +7.323335914e+01 +3.6144e-01 -1.9217e+00 +3.9873e+00 +1.5428e+00 -2.0230e+00
16 +4.273917490e+00 +4.273917490e+00 +7.107391749e+01 +7.107391749e+01 -3.5319e-01 -2.5533e+00 +5.6879e+00 +9.4036e-01 -1.2361e+00
71 +3.027049302e+00 +3.027049302e+00 +6.982704930e+01 +6.982704930e+01 -4.8821e-01 -9.5700e-01 -1.7123e-01 +1.9056e+00 -1.4237e+00
391 +1.824367524e+00 +1.824367524e+00 +6.862436752e+01 +6.862436752e+01 +6.7221e-02 -4.8799e+00 +1.7012e+00 -3.0588e+00 +1.5159e+00
% function evaluation | noise-free fitness - Fopt (9.625000000000e+01) | best noise-free fitness - Fopt | measured fitness | best measured fitness | x1 | x2...
1 +1.363766610e+01 +1.363766610e+01 +1.098876661e+02 +1.098876661e+02 -1.9129e+00 +3.5659e+00 +3.0645e+00 -2.7716e+00 -1.5664e+00
4 +6.038515671e+00 +6.038515671e+00 +1.022885157e+02 +1.022885157e+02 -6.7746e-01 +1.5979e+00 +3.1454e+00 -1.9542e+00 -1.8110e-01
77 +3.369504613e+00 +3.369504613e+00 +9.961950461e+01 +9.961950461e+01 +9.2656e-01 +2.5843e+00 -1.6192e+00 -3.5273e+00 +1.0997e+00
1562 +2.414594323e+00 +2.414594323e+00 +9.866459432e+01 +9.866459432e+01 +6.1303e+00 +4.2072e+00 -4.2475e+00 -1.4384e+00 +9.9241e-02
4617 +1.389451863e+00 +1.389451863e+00 +9.763945186e+01 +9.763945186e+01 -2.8091e+00 +3.2601e-01 -4.1565e+00 -3.8177e+00 +2.3658e+00
4832 +7.993188256e-01 +7.993188256e-01 +9.704931883e+01 +9.704931883e+01 -2.8169e+00 +3.3174e-01 -4.1526e+00 -3.8217e+00 +2.3603e+00
4871 +4.867590076e-01 +4.867590076e-01 +9.673675901e+01 +9.673675901e+01 -2.8220e+00 +3.3298e-01 -4.1514e+00 -3.8223e+00 +2.3620e+00
4877 +2.311080902e-01 +2.311080902e-01 +9.648110809e+01 +9.648110809e+01 -2.8315e+00 +3.4105e-01 -4.1547e+00 -3.8205e+00 +2.3538e+00
% function evaluation | noise-free fitness - Fopt (1.467200000000e+02) | best noise-free fitness - Fopt | measured fitness | best measured fitness | x1 | x2...
1 +2.705535142e+01 +2.705535142e+01 +1.737753514e+02 +1.737753514e+02 -2.1099e+00 +8.1049e-01 -1.2018e+00 -3.6655e+00 +2.7453e+00
2 +1.320223606e+01 +1.320223606e+01 +1.599222361e+02 +1.599222361e+02 -3.4113e+00 +3.7798e-01 -3.3794e+00 -5.8074e+00 +3.3107e+00
7 +9.408771171e+00 +9.408771171e+00 +1.561287712e+02 +1.561287712e+02 -1.6228e+00 +2.2833e+00 +2.0002e-01 -6.5025e+00 +3.6055e+00
24 +4.259931594e+00 +4.259931594e+00 +1.509799316e+02 +1.509799316e+02 -6.9370e-01 +3.2694e+00 -1.6930e+00 -4.3824e+00 +2.4983e+00
128 +2.634730980e+00 +2.634730980e+00 +1.493547310e+02 +1.493547310e+02 +2.4463e+00 +8.8847e-01 +2.1336e-01 +1.6087e+00 +6.1752e-01
154 +1.958967243e+00 +1.958967243e+00 +1.486789672e+02 +1.486789672e+02 -1.2385e+00 -2.3347e-01 +4.2007e-01 +3.0372e+00 +1.8249e+00
890 +1.336866752e+00 +1.336866752e+00 +1.480568668e+02 +1.480568668e+02 +1.8814e+00 -1.1961e-01 +4.6103e+00 +1.7375e+00 +5.0079e+00
4217 +7.377896252e-01 +7.377896252e-01 +1.474577896e+02 +1.474577896e+02 +2.1873e+00 -4.0606e-01 +4.2611e-01 -1.1318e+00 +1.7285e-01
4433 +5.971342244e-01 +5.971342244e-01 +1.473171342e+02 +1.473171342e+02 +2.1890e+00 -4.0524e-01 +4.2868e-01 -1.1308e+00 +1.7389e-01
% function evaluation | noise-free fitness - Fopt (-5.919800000000e+02) | best noise-free fitness - Fopt | measured fitness | best measured fitness | x1 | x2...
1 +1.595535386e+01 +1.595535386e+01 -5.760246461e+02 -5.760246461e+02 +2.6974e+00 +2.1501e+00 -2.6393e+00 +4.1282e-01 -9.7066e-02
4 +1.461284569e+01 +1.461284569e+01 -5.773671543e+02 -5.773671543e+02 +3.9329e+00 +1.8202e-01 -2.5584e+00 +1.2303e+00 +1.2883e+00
20 +5.699081392e+00 +5.699081392e+00 -5.862809186e+02 -5.862809186e+02 +2.7917e+00 +4.1461e+00 -8.7459e-01 +2.4316e-01 +1.6621e+00
41 +3.190666580e+00 +3.190666580e+00 -5.887893334e+02 -5.887893334e+02 +2.6407e+00 +3.4204e+00 -2.3170e+00 +4.1452e+00 +1.9711e+00
248 +2.504423517e+00 +2.504423517e+00 -5.894755765e+02 -5.894755765e+02 +4.8793e+00 +3.7435e-01 -4.0283e+00 +1.5722e+00 +1.0296e+00
306 +1.154759141e+00 +1.154759141e+00 -5.908252409e+02 -5.908252409e+02 +4.9041e+00 +3.4054e-01 -4.0326e+00 +2.0018e+00 -1.0122e-01
% function evaluation | noise-free fitness - Fopt (7.429000000000e+01) | best noise-free fitness - Fopt | measured fitness | best measured fitness | x1 | x2...
1 +1.792423406e+01 +1.792423406e+01 +9.221423406e+01 +9.221423406e+01 +2.5162e+00 +2.3743e+00 -6.2950e-01 -4.2866e-01 -1.1929e+00
2 +1.303751864e+01 +1.303751864e+01 +8.732751864e+01 +8.732751864e+01 +1.2148e+00 +1.9417e+00 -2.8071e+00 -2.5705e+00 -6.2744e-01
5 +7.225125878e+00 +7.225125878e+00 +8.151512588e+01 +8.151512588e+01 +4.0757e+00 +4.2781e+00 -3.3864e+00 -3.0203e-01 -3.4981e+00
21 +5.573567313e+00 +5.573567313e+00 +7.986356731e+01 +7.986356731e+01 +2.7811e+00 +1.8848e+00 -2.3119e+00 -6.4781e-01 -1.3781e+00
276 +2.116940955e+00 +2.116940955e+00 +7.640694095e+01 +7.640694095e+01 -6.4090e-02 +5.6793e+00 -2.9604e+00 +1.5072e-01 -4.5717e+00
1608 +1.312680970e+00 +1.312680970e+00 +7.560268097e+01 +7.560268097e+01 -1.4236e-01 +1.4259e+00 -3.9089e+00 +3.2676e+00 -3.4635e+00
1778 +9.321108705e-01 +9.321108705e-01 +7.522211087e+01 +7.522211087e+01 -1.4398e-01 +1.4304e+00 -3.9064e+00 +3.2635e+00 -3.4667e+00
% function evaluation | noise-free fitness - Fopt (-3.490000000000e+00) | best noise-free fitness - Fopt | measured fitness | best measured fitness | x1 | x2...
1 +1.530794277e+01 +1.530794277e+01 +1.181794277e+01 +1.181794277e+01 -3.8960e+00 -3.7450e+00 -2.8195e+00 +3.6386e+00 +2.1736e+00
3 +6.756539696e+00 +6.756539696e+00 +3.266539696e+00 +3.266539696e+00 -3.8311e+00 -2.8560e+00 -1.6810e+00 +6.5638e+00 +4.5318e+00
13 +4.743875238e+00 +4.743875238e+00 +1.253875238e+00 +1.253875238e+00 -5.4650e+00 -4.3944e+00 -4.2569e+00 +4.5578e+00 +3.0049e+00
280 +3.470699315e+00 +3.470699315e+00 -1.930068493e-02 -1.930068493e-02 -3.5951e+00 +2.6567e+00 -1.8582e+00 +5.7880e+00 +4.2792e+00
358 +2.351577491e+00 +2.351577491e+00 -1.138422509e+00 -1.138422509e+00 -3.2304e+00 +3.7329e+00 -5.1961e+00 +4.1046e+00 +4.2679e+00
1408 +1.267245616e+00 +1.267245616e+00 -2.222754384e+00 -2.222754384e+00 +3.5214e+00 +4.0292e+00 -4.8834e+00 +5.5459e+00 +5.5741e+00
1629 +9.440474159e-01 +9.440474159e-01 -2.545952584e+00 -2.545952584e+00 +3.5186e+00 +4.0299e+00 -4.8911e+00 +5.5468e+00 +5.5762e+00
% function evaluation | noise-free fitness - Fopt (-1.283000000000e+01) | best noise-free fitness - Fopt | measured fitness | best measured fitness | x1 | x2...
1 +1.637918149e+01 +1.637918149e+01 +3.549181487e+00 +3.549181487e+00 -2.6757e+00 -2.4324e+00 +1.2081e+00 +2.3402e+00 +3.8812e+00
3 +1.152091789e+01 +1.152091789e+01 -1.309082115e+00 -1.309082115e+00 -2.6107e+00 -1.5434e+00 +2.3466e+00 +5.2653e+00 +6.2394e+00
20 +8.115669986e+00 +8.115669986e+00 -4.714330014e+00 -4.714330014e+00 -3.8887e+00 -3.3878e+00 +1.4247e+00 +1.1780e+00 +6.1961e+00
48 +3.713614019e+00 +3.713614019e+00 -9.116385981e+00 -9.116385981e+00 -6.2330e+00 -2.9114e+00 +4.6332e+00 +1.6240e+00 +4.6947e+00
626 +1.950406370e+00 +1.950406370e+00 -1.087959363e+01 -1.087959363e+01 -1.7038e+00 -3.3533e+00 +2.0869e+00 +2.1385e+00 +5.2306e+00
2602 +1.368754509e+00 +1.368754509e+00 -1.146124549e+01 -1.146124549e+01 -1.2820e+00 -2.4232e+00 +2.1605e+00 +2.1091e+00 +5.2105e+00
2867 +9.813812949e-01 +9.813812949e-01 -1.184861871e+01 -1.184861871e+01 -1.2895e+00 -2.4332e+00 +2.1572e+00 +2.1140e+00 +5.2150e+00
