% function evaluation | noise-free fitness - Fopt (6.870000000000e+00) | best noise-free fitness - Fopt | measured fitness | best measured fitness | x1 | x2...
1 +1.581610417e+01 +1.581610417e+01 +2.268610417e+01 +2.268610417e+01 +1.5004e+00 +3.6489e-01 -6.6811e-01
19 +3.440149724e+00 +3.440149724e+00 +1.031014972e+01 +1.031014972e+01 -1.7077e+00 +4.4982e+00 +8.2368e-01
268 +1.229960759e+00 +1.229960759e+00 +8.099960759e+00 +8.099960759e+00 +2.3116e+00 -2.5890e+00 +4.0237e+00
608 +5.825778173e-01 +5.825778173e-01 +7.452577817e+00 +7.452577817e+00 +1.3709e+00 +5.4200e+00 -4.4512e+00
% function evaluation | noise-free fitness - Fopt (1.000000000000e-02) | best noise-free fitness - Fopt | measured fitness | best measured fitness | x1 | x2...
1 +1.836758714e+01 +1.836758714e+01 +1.837758714e+01 +1.837758714e+01 +2.2911e-01 +3.1086e-01 +3.5826e+00
8 +8.516273283e+00 +8.516273283e+00 +8.526273283e+00 +8.526273283e+00 +3.5575e-01 -1.9944e+00 +3.9522e+00
63 +6.151198342e+00 +6.151198342e+00 +6.161198342e+00 +6.161198342e+00 -3.8280e+00 -9.2255e-01 +6.0148e+00
348 +2.497330796e+00 +2.497330796e+00 +2.507330796e+00 +2.507330796e+00 -2.5055e+00 -4.9161e+00 +5.4536e+00
2497 +1.461376638e+00 +1.461376638e+00 +1.471376638e+00 +1.471376638e+00 +4.4736e+00 -4.0730e-01 -1.6911e+00
% function evaluation | noise-free fitness - Fopt (-1.306100000000e+02) | best noise-free fitness - Fopt | measured fitness | best measured fitness | x1 | x2...
1 +2.825899781e+01 +2.825899781e+01 -1.023510022e+02 -1.023510022e+02 -3.7450e+00 +7.4949e-01 -3.9186e+00
4 +2.306437242e+01 +2.306437242e+01 -1.075456276e+02 -1.075456276e+02 -2.8560e+00 +1.8880e+00 -9.9344e-01
18 +1.444367277e+01 +1.444367277e+01 -1.161663272e+02 -1.161663272e+02 -4.6363e+00 -5.5735e-01 -5.6291e+00
44 +8.164018112e+00 +8.164018112e+00 -1.224459819e+02 -1.224459819e+02 +4.6887e-01 -2.0685e+00 -3.8674e+00
52 +1.872735334e+00 +1.872735334e+00 -1.287372647e+02 -1.287372647e+02 -3.2294e+00 +9.6508e-01 -4.1009e+00
1050 +1.054168151e+00 +1.054168151e+00 -1.295558318e+02 -1.295558318e+02 -3.5670e+00 -2.3770e+00 -1.0698e+00
1088 +9.874542772e-01 +9.874542772e-01 -1.296225457e+02 -1.296225457e+02 -3.5687e+00 -2.3756e+00 -1.0738e+00
3732 +5.145895921e-01 +5.145895921e-01 -1.300954104e+02 -1.300954104e+02 -6.3023e-01 +3.0991e+00 +2.9509e+00
3764 +2.221935661e-01 +2.221935661e-01 -1.303878064e+02 -1.303878064e+02 -6.3148e-01 +3.0983e+00 +2.9512e+00
3862 +1.091012975e-01 +1.091012975e-01 -1.305008987e+02 -1.305008987e+02 -6.3215e-01 +3.0977e+00 +2.9515e+00
3903 +8.318874885e-02 +8.318874885e-02 -1.305268113e+02 -1.305268113e+02 -6.3198e-01 +3.0984e+00 +2.9506e+00
3933 +5.418217237e-02 +5.418217237e-02 -1.305558178e+02 -1.305558178e+02 -6.3221e-01 +3.0981e+00 +2.9511e+00
3986 +3.020959618e-02 +3.020959618e-02 -1.305797904e+02 -1.305797904e+02 -6.3244e-01 +3.0980e+00 +2.9510e+00
4047 +2.071534950e-02 +2.071534950e-02 -1.305892847e+02 -1.305892847e+02 -6.3235e-01 +3.0982e+00 +2.9507e+00
4072 +1.090870503e-02 +1.090870503e-02 -1.305990913e+02 -1.305990913e+02 -6.3233e-01 +3.0982e+00 +2.9508e+00
4089 +4.947065686e-03 +4.947065686e-03 -1.306050529e+02 -1.306050529e+02 -6.3231e-01 +3.0982e+00 +2.9508e+00
4189 +3.625221871e-03 +3.625221871e-03 -1.306063748e+02 -1.306063748e+02 -6.3232e-01 +3.0982e+00 +2.9508e+00
4192 +1.523316870e-03 +1.523316870e-03 -1.306084767e+02 -1.306084767e+02 -6.3232e-01 +3.0982e+00 +2.9508e+00
4272 +8.161717770e-04 +8.161717770e-04 -1.306091838e+02 -1.306091838e+02 -6.3232e-01 +3.0982e+00 +2.9508e+00
4319 +3.879094579e-04 +3.879094579e-04 -1.306096121e+02 -1.306096121e+02 -6.3232e-01 +3.0982e+00 +2.9508e+00
4352 +2.431138419e-04 +2.431138419e-04 -1.306097569e+02 -1.306097569e+02 -6.3232e-01 +3.0982e+00 +2.9508e+00
4388 +6.152955086e-05 +6.152955086e-05 -1.306099385e+02 -1.306099385e+02 -6.3232e-01 +3.0982e+00 +2.9508e+00
4433 +1.773876400e-05 +1.773876400e-05 -1.306099823e+02 -1.306099823e+02 -6.3232e-01 +3.0982e+00 +2.9508e+00
4492 +1.156466516e-05 +1.156466516e-05 -1.306099884e+02 -1.306099884e+02 -6.3232e-01 +3.0982e+00 +2.9508e+00
4516 +9.698643112e-06 +9.698643112e-06 -1.306099903e+02 -1.306099903e+02 -6.3232e-01 +3.0982e+00 +2.9508e+00
4534 +3.442448048e-06 +3.442448048e-06 -1.306099966e+02 -1.306099966e+02 -6.3232e-01 +3.0982e+00 +2.9508e+00
4595 +9.362992159e-07 +9.362992159e-07 -1.306099991e+02 -1.306099991e+02 -6.3232e-01 +3.0982e+00 +2.9508e+00
4642 +4.750996538e-07 +4.750996538e-07 -1.306099995e+02 -1.306099995e+02 -6.3232e-01 +3.0982e+00 +2.9508e+00
4719 +2.845911240e-07 +2.845911240e-07 -1.306099997e+02 -1.306099997e+02 -6.3232e-01 +3.0982e+00 +2.9508e+00
4756 +2.120342799e-07 +2.120342799e-07 -1.306099998e+02 -1.306099998e+02 -6.3232e-01 +3.0982e+00 +2.9508e+00
4801 +1.126799134e-07 +1.126799134e-07 -1.306099999e+02 -1.306099999e+02 -6.3232e-01 +3.0982e+00 +2.9508e+00
4825 +8.147020480e-08 +8.147020480e-08 -1.306099999e+02 -1.306099999e+02 -6.3232e-01 +3.0982e+00 +2.9508e+00
4853 +5.238820222e-08 +5.238820222e-08 -1.306099999e+02 -1.306099999e+02 -6.3232e-01 +3.0982e+00 +2.9508e+00
4883 +2.180456704e-08 +2.180456704e-08 -1.306100000e+02 -1.306100000e+02 -6.3232e-01 +3.0982e+00 +2.9508e+00
4946 +8.863992207e-09 +8.863992207e-09 -1.306100000e+02 -1.306100000e+02 -6.3232e-01 +3.0982e+00 +2.9508e+00
5009 +5.151008509e-09 +5.151008509e-09 -1.306100000e+02 -1.306100000e+02 -6.3232e-01 +3.0982e+00 +2.9508e+00
% function evaluation | noise-free fitness - Fopt (-2.231200000000e+02) | best noise-free fitness - Fopt | measured fitness | best measured fitness | x1 | x2...
1 +4.208816754e+01 +4.208816754e+01 -1.810318325e+02 -1.810318325e+02 +2.8069e+00 -7.6446e-01 -2.2679e+00
3 +1.609897862e+01 +1.609897862e+01 -2.070210214e+02 -2.070210214e+02 +6.6500e-01 -1.9905e-01 -2.2030e+00
8 +3.428296790e+00 +3.428296790e+00 -2.196917032e+02 -2.196917032e+02 +2.9335e+00 -3.0697e+00 -1.8983e+00
139 +2.171242734e+00 +2.171242734e+00 -2.209487573e+02 -2.209487573e+02 +4.0391e+00 -2.4347e+00 -8.4202e-01
% function evaluation | noise-free fitness - Fopt (-4.443000000000e+01) | best noise-free fitness - Fopt | measured fitness | best measured fitness | x1 | x2...
1 +1.283292520e+01 +1.283292520e+01 -3.159707480e+01 -3.159707480e+01 +2.4941e+00 -3.3010e+00 +3.2956e+00
2 +1.889755390e+00 +1.889755390e+00 -4.254024461e+01 -4.254024461e+01 +1.1927e+00 -3.7335e+00 +1.1180e+00
750 +6.898401858e-01 +6.898401858e-01 -4.374015981e+01 -4.374015981e+01 +1.0573e+00 -3.9866e+00 +4.2635e+00
1345 +4.172298224e-01 +4.172298224e-01 -4.401277018e+01 -4.401277018e+01 +2.3003e+00 -2.7673e+00 +3.4648e+00
1350 +2.990545204e-01 +2.990545204e-01 -4.413094548e+01 -4.413094548e+01 +2.2974e+00 -2.7664e+00 +3.4663e+00
1398 +1.595845037e-01 +1.595845037e-01 -4.427041550e+01 -4.427041550e+01 +2.2992e+00 -2.7655e+00 +3.4666e+00
1433 +6.130811278e-02 +6.130811278e-02 -4.436869189e+01 -4.436869189e+01 +2.2986e+00 -2.7661e+00 +3.4664e+00
1517 +2.576283929e-02 +2.576283929e-02 -4.440423716e+01 -4.440423716e+01 +2.2982e+00 -2.7664e+00 +3.4664e+00
1523 +1.740417287e-02 +1.740417287e-02 -4.441259583e+01 -4.441259583e+01 +2.2981e+00 -2.7665e+00 +3.4664e+00
1591 +1.411273893e-02 +1.411273893e-02 -4.441588726e+01 -4.441588726e+01 +2.2981e+00 -2.7666e+00 +3.4663e+00
1605 +7.122155842e-03 +7.122155842e-03 -4.442287784e+01 -4.442287784e+01 +2.2980e+00 -2.7666e+00 +3.4663e+00
1641 +5.871061674e-03 +5.871061674e-03 -4.442412894e+01 -4.442412894e+01 +2.2981e+00 -2.7665e+00 +3.4663e+00
1698 +3.899234517e-03 +3.899234517e-03 -4.442610077e+01 -4.442610077e+01 +2.2980e+00 -2.7666e+00 +3.4663e+00
1743 +1.958788234e-03 +1.958788234e-03 -4.442804121e+01 -4.442804121e+01 +2.2980e+00 -2.7666e+00 +3.4663e+00
1810 +1.019732711e-03 +1.019732711e-03 -4.442898027e+01 -4.442898027e+01 +2.2980e+00 -2.7666e+00 +3.4663e+00
1823 +8.971626538e-04 +8.971626538e-04 -4.442910284e+01 -4.442910284e+01 +2.2980e+00 -2.7666e+00 +3.4663e+00
1833 +6.207409998e-04 +6.207409998e-04 -4.442937926e+01 -4.442937926e+01 +2.2980e+00 -2.7666e+00 +3.4663e+00
1842 +3.099208738e-04 +3.099208738e-04 -4.442969008e+01 -4.442969008e+01 +2.2980e+00 -2.7666e+00 +3.4663e+00
1862 +1.885926945e-04 +1.885926945e-04 -4.442981141e+01 -4.442981141e+01 +2.2980e+00 -2.7666e+00 +3.4663e+00
1909 +1.116180220e-04 +1.116180220e-04 -4.442988838e+01 -4.442988838e+01 +2.2980e+00 -2.7666e+00 +3.4663e+00
1935 +6.112637799e-05 +6.112637799e-05 -4.442993887e+01 -4.442993887e+01 +2.2980e+00 -2.7666e+00 +3.4663e+00
1952 +2.980867399e-05 +2.980867399e-05 -4.442997019e+01 -4.442997019e+01 +2.2980e+00 -2.7666e+00 +3.4663e+00
2006 +1.081123636e-05 +1.081123636e-05 -4.442998919e+01 -4.442998919e+01 +2.2980e+00 -2.7666e+00 +3.4663e+00
2025 +6.524441488e-06 +6.524441488e-06 -4.442999348e+01 -4.442999348e+01 +2.2980e+00 -2.7666e+00 +3.4663e+00
2052 +4.535541521e-06 +4.535541521e-06 -4.442999546e+01 -4.442999546e+01 +2.2980e+00 -2.7666e+00 +3.4663e+00
2109 +3.180073925e-06 +3.180073925e-06 -4.442999682e+01 -4.442999682e+01 +2.2980e+00 -2.7666e+00 +3.4663e+00
2135 +1.324973745e-06 +1.324973745e-06 -4.442999868e+01 -4.442999868e+01 +2.2980e+00 -2.7666e+00 +3.4663e+00
2172 +9.883241390e-07 +9.883241390e-07 -4.442999901e+01 -4.442999901e+01 +2.2980e+00 -2.7666e+00 +3.4663e+00
2179 +5.097502083e-07 +5.097502083e-07 -4.442999949e+01 -4.442999949e+01 +2.2980e+00 -2.7666e+00 +3.4663e+00
2214 +1.089799468e-07 +1.089799468e-07 -4.442999989e+01 -4.442999989e+01 +2.2980e+00 -2.7666e+00 +3.4663e+00
2267 +8.703064935e-08 +8.703064935e-08 -4.442999991e+01 -4.442999991e+01 +2.2980e+00 -2.7666e+00 +3.4663e+00
2304 +2.098651208e-08 +2.098651208e-08 -4.442999998e+01 -4.442999998e+01 +2.2980e+00 -2.7666e+00 +3.4663e+00
2336 +6.523606544e-09 +6.523606544e-09 -4.442999999e+01 -4.442999999e+01 +2.2980e+00 -2.7666e+00 +3.4663e+00
2397 +4.277993071e-09 +4.277993071e-09 -4.443000000e+01 -4.443000000e+01 +2.2980e+00 -2.7666e+00 +3.4663e+00
2423 +3.764142775e-09 +3.764142775e-09 -4.443000000e+01 -4.443000000e+01 +2.2980e+00 -2.7666e+00 +3.4663e+00
2430 +1.714234088e-09 +1.714234088e-09 -4.443000000e+01 -4.443000000e+01 +2.2980e+00 -2.7666e+00 +3.4663e+00
2436 +1.532214355e-09 +1.532214355e-09 -4.443000000e+01 -4.443000000e+01 +2.2980e+00 -2.7666e+00 +3.4663e+00
2454 +8.236327176e-10 +8.236327176e-10 -4.443000000e+01 -4.443000000e+01 +2.2980e+00 -2.7666e+00 +3.4663e+00
2470 +5.368363531e-10 +5.368363531e-10 -4.443000000e+01 -4.443000000e+01 +2.2980e+00 -2.7666e+00 +3.4663e+00
2518 +3.728644060e-10 +3.728644060e-10 -4.443000000e+01 -4.443000000e+01 +2.2980e+00 -2.7666e+00 +3.4663e+00
% function evaluation | noise-free fitness - Fopt (8.539000000000e+01) | best noise-free fitness - Fopt | measured fitness | best measured fitness | x1 | x2...
1 +1.926543139e+01 +1.926543139e+01 +1.046554314e+02 +1.046554314e+02 -2.8245e-01 -4.8017e-01 +2.3206e+00
2 +1.407444990e+01 +1.407444990e+01 +9.946444990e+01 +9.946444990e+01 -1.5838e+00 -9.1267e-01 +1.4305e-01
19 +5.154097118e+00 +5.154097118e+00 +9.054409712e+01 +9.054409712e+01 -5.5271e-01 -1.2406e+00 +3.5637e+00
157 +3.897414777e+00 +3.897414777e+00 +8.928741478e+01 +8.928741478e+01 +2.0494e-01 +3.1364e+00 +5.3831e+00
374 +1.191414518e+00 +1.191414518e+00 +8.658141452e+01 +8.658141452e+01 +2.5278e+00 +3.9195e+00 +1.8073e+00
2550 +8.249139853e-01 +8.249139853e-01 +8.621491399e+01 +8.621491399e+01 +1.8067e+00 +1.6116e+00 +4.7067e-01
2646 +5.256765018e-01 +5.256765018e-01 +8.591567650e+01 +8.591567650e+01 +1.8054e+00 +1.6112e+00 +4.7285e-01
2776 +3.420387712e-01 +3.420387712e-01 +8.573203877e+01 +8.573203877e+01 +1.8080e+00 +1.6156e+00 +4.6521e-01
2796 +1.828288404e-01 +1.828288404e-01 +8.557282884e+01 +8.557282884e+01 +1.8099e+00 +1.6200e+00 +4.5770e-01
2834 +1.368449146e-01 +1.368449146e-01 +8.552684491e+01 +8.552684491e+01 +1.8108e+00 +1.6209e+00 +4.5546e-01
2924 +6.924107227e-02 +6.924107227e-02 +8.545924107e+01 +8.545924107e+01 +1.8101e+00 +1.6202e+00 +4.5694e-01
2958 +4.108518976e-02 +4.108518976e-02 +8.543108519e+01 +8.543108519e+01 +1.8102e+00 +1.6203e+00 +4.5675e-01
2973 +3.132688244e-02 +3.132688244e-02 +8.542132688e+01 +8.542132688e+01 +1.8104e+00 +1.6206e+00 +4.5628e-01
3031 +2.076330113e-02 +2.076330113e-02 +8.541076330e+01 +8.541076330e+01 +1.8103e+00 +1.6204e+00 +4.5656e-01
3042 +1.263764763e-02 +1.263764763e-02 +8.540263765e+01 +8.540263765e+01 +1.8103e+00 +1.6204e+00 +4.5656e-01
3061 +9.996167039e-03 +9.996167039e-03 +8.539999617e+01 +8.539999617e+01 +1.8103e+00 +1.6205e+00 +4.5641e-01
3106 +6.139908896e-03 +6.139908896e-03 +8.539613991e+01 +8.539613991e+01 +1.8103e+00 +1.6204e+00 +4.5657e-01
3109 +3.353366091e-03 +3.353366091e-03 +8.539335337e+01 +8.539335337e+01 +1.8103e+00 +1.6205e+00 +4.5653e-01
3153 +2.324533708e-03 +2.324533708e-03 +8.539232453e+01 +8.539232453e+01 +1.8103e+00 +1.6205e+00 +4.5651e-01
3184 +1.204893320e-03 +1.204893320e-03 +8.539120489e+01 +8.539120489e+01 +1.8103e+00 +1.6205e+00 +4.5651e-01
3191 +7.461777821e-04 +7.461777821e-04 +8.539074618e+01 +8.539074618e+01 +1.8103e+00 +1.6205e+00 +4.5651e-01
3227 +6.284528800e-04 +6.284528800e-04 +8.539062845e+01 +8.539062845e+01 +1.8103e+00 +1.6205e+00 +4.5652e-01
3281 +1.463216958e-04 +1.463216958e-04 +8.539014632e+01 +8.539014632e+01 +1.8103e+00 +1.6205e+00 +4.5652e-01
3334 +5.865297905e-05 +5.865297905e-05 +8.539005865e+01 +8.539005865e+01 +1.8103e+00 +1.6205e+00 +4.5652e-01
3392 +3.759521488e-05 +3.759521488e-05 +8.539003760e+01 +8.539003760e+01 +1.8103e+00 +1.6205e+00 +4.5652e-01
3430 +2.345959983e-05 +2.345959983e-05 +8.539002346e+01 +8.539002346e+01 +1.8103e+00 +1.6205e+00 +4.5652e-01
3464 +1.426636314e-05 +1.426636314e-05 +8.539001427e+01 +8.539001427e+01 +1.8103e+00 +1.6205e+00 +4.5652e-01
3495 +4.832519906e-06 +4.832519906e-06 +8.539000483e+01 +8.539000483e+01 +1.8103e+00 +1.6205e+00 +4.5652e-01
3538 +3.079726355e-06 +3.079726355e-06 +8.539000308e+01 +8.539000308e+01 +1.8103e+00 +1.6205e+00 +4.5652e-01
3554 +1.721368108e-06 +1.721368108e-06 +8.539000172e+01 +8.539000172e+01 +1.8103e+00 +1.6205e+00 +4.5652e-01
3578 +1.371836447e-06 +1.371836447e-06 +8.539000137e+01 +8.539000137e+01 +1.8103e+00 +1.6205e+00 +4.5652e-01
3596 +3.670019879e-07 +3.670019879e-07 +8.539000037e+01 +8.539000037e+01 +1.8103e+00 +1.6205e+00 +4.5652e-01
3704 +6.953231946e-08 +6.953231946e-08 +8.539000007e+01 +8.539000007e+01 +1.8103e+00 +1.6205e+00 +4.5652e-01
3751 +6.208590264e-08 +6.208590264e-08 +8.539000006e+01 +8.539000006e+01 +1.8103e+00 +1.6205e+00 +4.5652e-01
3753 +2.428762969e-08 +2.428762969e-08 +8.539000002e+01 +8.539000002e+01 +1.8103e+00 +1.6205e+00 +4.5652e-01
3826 +8.637016435e-09 +8.637016435e-09 +8.539000001e+01 +8.539000001e+01 +1.8103e+00 +1.6205e+00 +4.5652e-01
3903 +5.858296959e-09 +5.858296959e-09 +8.539000001e+01 +8.539000001e+01 +1.8103e+00 +1.6205e+00 +4.5652e-01
3927 +3.478405119e-09 +3.478405119e-09 +8.539000000e+01 +8.539000000e+01 +1.8103e+00 +1.6205e+00 +4.5652e-01
3945 +5.757527788e-10 +5.757527788e-10 +8.539000000e+01 +8.539000000e+01 +1.8103e+00 +1.6205e+00 +4.5652e-01
4042 +3.851141628e-10 +3.851141628e-10 +8.539000000e+01 +8.539000000e+01 +1.8103e+00 +1.6205e+00 +4.5652e-01
% function evaluation | noise-free fitness - Fopt (-9.872900000000e+02) | best noise-free fitness - Fopt | measured fitness | best measured fitness | x1 | x2...
1 +4.948556753e+01 +4.948556753e+01 -9.378044325e+02 -9.378044325e+02 -4.4212e-01 -2.6627e+00 -1.7682e+00
2 +1.978002325e+01 +1.978002325e+01 -9.675099768e+02 -9.675099768e+02 -1.7435e+00 -3.0953e+00 -3.9458e+00
3 +9.269657929e+00 +9.269657929e+00 -9.780203421e+02 -9.780203421e+02 -2.5840e+00 -2.0973e+00 -1.7033e+00
14 +6.132744835e+00 +6.132744835e+00 -9.811572552e+02 -9.811572552e+02 +2.7123e+00 -6.9192e-01 -2.5685e+00
87 +3.667236665e+00 +3.667236665e+00 -9.836227633e+02 -9.836227633e+02 +5.0898e+00 -2.7111e+00 -3.7254e+00
235 +2.425483385e+00 +2.425483385e+00 -9.848645166e+02 -9.848645166e+02 +4.1633e+00 -5.1958e+00 -3.7572e+00
1248 +8.574812386e-01 +8.574812386e-01 -9.864325188e+02 -9.864325188e+02 +5.1729e+00 -5.1645e+00 -4.8358e+00
1299 +5.555269867e-01 +5.555269867e-01 -9.867344730e+02 -9.867344730e+02 +5.1772e+00 -5.1683e+00 -4.8397e+00
1326 +3.739687355e-01 +3.739687355e-01 -9.869160313e+02 -9.869160313e+02 +5.1790e+00 -5.1690e+00 -4.8474e+00
1348 +2.429855014e-01 +2.429855014e-01 -9.870470145e+02 -9.870470145e+02 +5.1773e+00 -5.1681e+00 -4.8427e+00
1375 +1.552359999e-01 +1.552359999e-01 -9.871347640e+02 -9.871347640e+02 +5.1782e+00 -5.1685e+00 -4.8449e+00
1453 +9.090656361e-02 +9.090656361e-02 -9.871990934e+02 -9.871990934e+02 +5.1780e+00 -5.1684e+00 -4.8443e+00
1876 +6.298374188e-02 +6.298374188e-02 -9.872270163e+02 -9.872270163e+02 +5.1783e+00 -5.1685e+00 -4.8445e+00
% function evaluation | noise-free fitness - Fopt (-1.517600000000e+02) | best noise-free fitness - Fopt | measured fitness | best measured fitness | x1 | x2...
1 +2.185068678e+01 +2.185068678e+01 -1.299093132e+02 -1.299093132e+02 +2.2050e+00 -1.0091e+00 -2.6329e+00
2 +1.234357024e+01 +1.234357024e+01 -1.394164298e+02 -1.394164298e+02 +9.0357e-01 -1.4416e+00 -4.8104e+00
10 +8.796188049e+00 +8.796188049e+00 -1.429638120e+02 -1.429638120e+02 +3.6434e+00 -3.7934e+00 -3.2607e+00
85 +3.329698748e+00 +3.329698748e+00 -1.484303013e+02 -1.484303013e+02 +3.5797e+00 -5.0664e+00 +1.7486e+00
470 +1.974527321e+00 +1.974527321e+00 -1.497854727e+02 -1.497854727e+02 +4.2705e+00 -2.5655e+00 -5.2469e+00
560 +1.275367610e+00 +1.275367610e+00 -1.504846324e+02 -1.504846324e+02 +3.2626e+00 -2.6683e+00 -4.3069e+00
% function evaluation | noise-free fitness - Fopt (6.680000000000e+01) | best noise-free fitness - Fopt | measured fitness | best measured fitness | x1 | x2...
1 +4.691905152e+01 +4.691905152e+01 +1.137190515e+02 +1.137190515e+02 +3.5263e+00 -3.2063e+00 +2.3117e+00
2 +2.662000360e+01 +2.662000360e+01 +9.342000360e+01 +9.342000360e+01 +2.2250e+00 -3.6388e+00 +1.3411e-01
3 +1.300029774e+01 +1.300029774e+01 +7.980029774e+01 +7.980029774e+01 +1.3845e+00 -2.6408e+00 +2.3766e+00
35 +6.768397231e+00 +6.768397231e+00 +7.356839723e+01 +7.356839723e+01 +3.2382e+00 -8.6606e-01 +2.4631e+00
75 +4.656763688e+00 +4.656763688e+00 +7.145676369e+01 +7.145676369e+01 +2.2341e+00 +4.2815e+00 +3.5500e+00
81 +3.683533093e+00 +3.683533093e+00 +7.048353309e+01 +7.048353309e+01 +3.4559e+00 +5.2914e+00 +4.3024e+00
570 +2.254397187e+00 +2.254397187e+00 +6.905439719e+01 +6.905439719e+01 +2.5786e+00 +3.5924e+00 +1.3050e+00
1007 +1.230505477e+00 +1.230505477e+00 +6.803050548e+01 +6.803050548e+01 +4.4281e+00 +2.7418e+00 +2.1300e+00
1082 +9.044748937e-01 +9.044748937e-01 +6.770447489e+01 +6.770447489e+01 +4.4275e+00 +2.7446e+00 +2.1305e+00
3470 +5.592626538e-01 +5.592626538e-01 +6.735926265e+01 +6.735926265e+01 -2.0334e+00 -4.6549e+00 -1.1298e+00
3514 +2.426916488e-01 +2.426916488e-01 +6.704269165e+01 +6.704269165e+01 -2.0242e+00 -4.6486e+00 -1.1390e+00
3558 +1.290556665e-01 +1.290556665e-01 +6.692905567e+01 +6.692905567e+01 -2.0219e+00 -4.6467e+00 -1.1414e+00
3582 +6.517471663e-02 +6.517471663e-02 +6.686517472e+01 +6.686517472e+01 -2.0217e+00 -4.6462e+00 -1.1414e+00
3601 +5.280850987e-02 +5.280850987e-02 +6.685280851e+01 +6.685280851e+01 -2.0223e+00 -4.6467e+00 -1.1408e+00
3662 +3.964019970e-02 +3.964019970e-02 +6.683964020e+01 +6.683964020e+01 -2.0221e+00 -4.6465e+00 -1.1410e+00
3669 +1.975575697e-02 +1.975575697e-02 +6.681975576e+01 +6.681975576e+01 -2.0225e+00 -4.6468e+00 -1.1407e+00
3680 +1.496939211e-02 +1.496939211e-02 +6.681496939e+01 +6.681496939e+01 -2.0224e+00 -4.6467e+00 -1.1408e+00
3708 +9.717712121e-03 +9.717712121e-03 +6.680971771e+01 +6.680971771e+01 -2.0224e+00 -4.6467e+00 -1.1408e+00
3767 +5.125668598e-03 +5.125668598e-03 +6.680512567e+01 +6.680512567e+01 -2.0223e+00 -4.6467e+00 -1.1408e+00
3830 +3.279747946e-03 +3.279747946e-03 +6.680327975e+01 +6.680327975e+01 -2.0223e+00 -4.6467e+00 -1.1408e+00
3839 +2.260276509e-03 +2.260276509e-03 +6.680226028e+01 +6.680226028e+01 -2.0223e+00 -4.6467e+00 -1.1408e+00
3850 +1.186733772e-03 +1.186733772e-03 +6.680118673e+01 +6.680118673e+01 -2.0223e+00 -4.6467e+00 -1.1408e+00
3885 +5.753235764e-04 +5.753235764e-04 +6.680057532e+01 +6.680057532e+01 -2.0223e+00 -4.6467e+00 -1.1408e+00
3932 +1.725790442e-04 +1.725790442e-04 +6.680017258e+01 +6.680017258e+01 -2.0223e+00 -4.6467e+00 -1.1408e+00
3986 +1.185257756e-04 +1.185257756e-04 +6.680011853e+01 +6.680011853e+01 -2.0223e+00 -4.6467e+00 -1.1408e+00
4049 +9.162779924e-05 +9.162779924e-05 +6.680009163e+01 +6.680009163e+01 -2.0223e+00 -4.6467e+00 -1.1408e+00
4056 +1.664624347e-05 +1.664624347e-05 +6.680001665e+01 +6.680001665e+01 -2.0223e+00 -4.6467e+00 -1.1408e+00
4142 +8.319633181e-06 +8.319633181e-06 +6.680000832e+01 +6.680000832e+01 -2.0223e+00 -4.6467e+00 -1.1408e+00
4199 +6.256843847e-06 +6.256843847e-06 +6.680000626e+01 +6.680000626e+01 -2.0223e+00 -4.6467e+00 -1.1408e+00
4226 +3.636358144e-06 +3.636358144e-06 +6.680000364e+01 +6.680000364e+01 -2.0223e+00 -4.6467e+00 -1.1408e+00
4249 +1.941270483e-06 +1.941270483e-06 +6.680000194e+01 +6.680000194e+01 -2.0223e+00 -4.6467e+00 -1.1408e+00
4289 +6.531806775e-07 +6.531806775e-07 +6.680000065e+01 +6.680000065e+01 -2.0223e+00 -4.6467e+00 -1.1408e+00
4342 +3.664217729e-07 +3.664217729e-07 +6.680000037e+01 +6.680000037e+01 -2.0223e+00 -4.6467e+00 -1.1408e+00
4389 +1.044777491e-07 +1.044777491e-07 +6.680000010e+01 +6.680000010e+01 -2.0223e+00 -4.6467e+00 -1.1408e+00
4458 +7.203914265e-08 +7.203914265e-08 +6.680000007e+01 +6.680000007e+01 -2.0223e+00 -4.6467e+00 -1.1408e+00
4472 +3.411192040e-08 +3.411192040e-08 +6.680000003e+01 +6.680000003e+01 -2.0223e+00 -4.6467e+00 -1.1408e+00
4503 +1.853378251e-08 +1.853378251e-08 +6.680000002e+01 +6.680000002e+01 -2.0223e+00 -4.6467e+00 -1.1408e+00
4516 +1.021922458e-08 +1.021922458e-08 +6.680000001e+01 +6.680000001e+01 -2.0223e+00 -4.6467e+00 -1.1408e+00
4534 +9.006797086e-09 +9.006797086e-09 +6.680000001e+01 +6.680000001e+01 -2.0223e+00 -4.6467e+00 -1.1408e+00
4562 +4.187199920e-09 +4.187199920e-09 +6.680000000e+01 +6.680000000e+01 -2.0223e+00 -4.6467e+00 -1.1408e+00
4604 +1.376690761e-09 +1.376690761e-09 +6.680000000e+01 +6.680000000e+01 -2.0223e+00 -4.6467e+00 -1.1408e+00
4665 +8.463558743e-10 +8.463558743e-10 +6.680000000e+01 +6.680000000e+01 -2.0223e+00 -4.6467e+00 -1.1408e+00
4712 +1.754187906e-10 +1.754187906e-10 +6.680000000e+01 +6.680000000e+01 -2.0223e+00 -4.6467e+00 -1.1408e+00
% function evaluation | noise-free fitness - Fopt (9.625000000000e+01) | best noise-free fitness - Fopt | measured fitness | best measured fitness | x1 | x2...
1 +1.785741622e+01 +1.785741622e+01 +1.141074162e+02 +1.141074162e+02 -5.6614e-01 +1.8187e+00 -6.1237e-01
4 +1.326088112e+01 +1.326088112e+01 +1.095108811e+02 +1.095108811e+02 +3.2289e-01 +2.9572e+00 +2.3128e+00
8 +8.461545495e+00 +8.461545495e+00 +1.047115455e+02 +1.047115455e+02 -4.3951e-01 -4.8653e-01 -2.4275e-01
24 +5.693636020e+00 +5.693636020e+00 +1.019436360e+02 +1.019436360e+02 +1.1551e-01 +2.4398e+00 -5.6056e-03
33 +3.969430790e+00 +3.969430790e+00 +1.002194308e+02 +1.002194308e+02 -5.0240e-03 +3.6377e+00 -8.8738e-01
642 +2.471063273e+00 +2.471063273e+00 +9.872106327e+01 +9.872106327e+01 +5.3209e+00 +1.6404e+00 +4.7855e+00
709 +1.331508062e+00 +1.331508062e+00 +9.758150806e+01 +9.758150806e+01 +5.3101e+00 +1.6435e+00 +4.7738e+00
765 +7.019182438e-01 +7.019182438e-01 +9.695191824e+01 +9.695191824e+01 +5.3155e+00 +1.6408e+00 +4.7808e+00
807 +6.273627960e-01 +6.273627960e-01 +9.687736280e+01 +9.687736280e+01 +5.3154e+00 +1.6403e+00 +4.7808e+00
1270 +3.610073694e-01 +3.610073694e-01 +9.661100737e+01 +9.661100737e+01 +5.3158e+00 +1.6439e+00 +4.7841e+00
1284 +2.108246955e-01 +2.108246955e-01 +9.646082470e+01 +9.646082470e+01 +5.3155e+00 +1.6483e+00 +4.7872e+00
1412 +1.530510433e-01 +1.530510433e-01 +9.640305104e+01 +9.640305104e+01 +5.3158e+00 +1.6482e+00 +4.7877e+00
1759 +9.996964232e-02 +9.996964232e-02 +9.634996964e+01 +9.634996964e+01 +5.3159e+00 +1.6481e+00 +4.7878e+00
4547 +3.704722652e-02 +3.704722652e-02 +9.628704723e+01 +9.628704723e+01 +2.4480e+00 +2.1590e+00 -5.1390e+00
4695 +2.405885348e-02 +2.405885348e-02 +9.627405885e+01 +9.627405885e+01 +2.4480e+00 +2.1589e+00 -5.1392e+00
% function evaluation | noise-free fitness - Fopt (1.467200000000e+02) | best noise-free fitness - Fopt | measured fitness | best measured fitness | x1 | x2...
1 +4.467786792e+01 +4.467786792e+01 +1.913978679e+02 +1.913978679e+02 -3.4271e+00 +3.8985e+00 +1.5761e+00
2 +2.906579376e+01 +2.906579376e+01 +1.757857938e+02 +1.757857938e+02 -4.7285e+00 +3.4659e+00 -6.0151e-01
8 +2.241662015e+01 +2.241662015e+01 +1.691366202e+02 +1.691366202e+02 -3.3005e+00 +1.5932e+00 +1.9457e+00
9 +2.078390373e+00 +2.078390373e+00 +1.487983904e+02 +1.487983904e+02 -3.6045e+00 +2.1269e+00 +3.5173e+00
79 +8.886960299e-01 +8.886960299e-01 +1.476086960e+02 +1.476086960e+02 -4.4159e+00 +2.8921e+00 +4.2603e+00
4019 +3.858678225e-01 +3.858678225e-01 +1.471058678e+02 +1.471058678e+02 +1.0375e+00 +7.6492e-01 +3.4675e+00
4181 +2.218908444e-01 +2.218908444e-01 +1.469418908e+02 +1.469418908e+02 +1.0378e+00 +7.6571e-01 +3.4677e+00
4398 +1.584849493e-01 +1.584849493e-01 +1.468784849e+02 +1.468784849e+02 +1.0383e+00 +7.6630e-01 +3.4679e+00
4804 +9.462445576e-02 +9.462445576e-02 +1.468146245e+02 +1.468146245e+02 +1.0393e+00 +7.6710e-01 +3.4668e+00
4818 +5.028231179e-02 +5.028231179e-02 +1.467702823e+02 +1.467702823e+02 +1.0400e+00 +7.6757e-01 +3.4660e+00
4863 +1.856921960e-02 +1.856921960e-02 +1.467385692e+02 +1.467385692e+02 +1.0404e+00 +7.6798e-01 +3.4657e+00
4891 +1.233400847e-02 +1.233400847e-02 +1.467323340e+02 +1.467323340e+02 +1.0402e+00 +7.6778e-01 +3.4657e+00
4929 +2.810440667e-03 +2.810440667e-03 +1.467228104e+02 +1.467228104e+02 +1.0403e+00 +7.6785e-01 +3.4657e+00
% function evaluation | noise-free fitness - Fopt (-5.919800000000e+02) | best noise-free fitness - Fopt | measured fitness | best measured fitness | x1 | x2...
1 +4.240679659e+01 +4.240679659e+01 -5.495732034e+02 -5.495732034e+02 +2.5732e+00 -4.5615e-01 -1.9465e+00
3 +1.824313472e+01 +1.824313472e+01 -5.737368653e+02 -5.737368653e+02 +4.3130e-01 +1.0927e-01 -1.8816e+00
4 +6.611627828e+00 +6.611627828e+00 -5.853683722e+02 -5.853683722e+02 +3.4622e+00 +6.8235e-01 +9.7869e-01
36 +4.746473858e+00 +4.746473858e+00 -5.872335261e+02 -5.872335261e+02 +1.0617e+00 +2.8601e+00 -2.0349e+00
402 +3.188505880e+00 +3.188505880e+00 -5.887914941e+02 -5.887914941e+02 +8.6063e-01 +1.7456e+00 +4.4823e+00
968 +2.034516809e+00 +2.034516809e+00 -5.899454832e+02 -5.899454832e+02 -1.0839e+00 +3.3653e+00 -7.8756e-01
1249 +1.440592391e+00 +1.440592391e+00 -5.905394076e+02 -5.905394076e+02 -7.4099e-01 +3.3203e+00 -4.2383e-01
1287 +8.161013211e-01 +8.161013211e-01 -5.911638987e+02 -5.911638987e+02 -7.0816e-01 +3.3314e+00 -4.3159e-01
1353 +6.258299434e-01 +6.258299434e-01 -5.913541701e+02 -5.913541701e+02 -7.0429e-01 +3.3327e+00 -4.3156e-01
1384 +3.812842180e-01 +3.812842180e-01 -5.915987158e+02 -5.915987158e+02 -7.0666e-01 +3.3323e+00 -4.3129e-01
1543 +2.431271263e-01 +2.431271263e-01 -5.917368729e+02 -5.917368729e+02 -7.1268e-01 +3.3307e+00 -4.3071e-01
1593 +1.382383872e-01 +1.382383872e-01 -5.918417616e+02 -5.918417616e+02 -7.1679e-01 +3.3295e+00 -4.3036e-01
1620 +7.502749928e-02 +7.502749928e-02 -5.919049725e+02 -5.919049725e+02 -7.1854e-01 +3.3290e+00 -4.2991e-01
1641 +5.094092020e-02 +5.094092020e-02 -5.919290591e+02 -5.919290591e+02 -7.1876e-01 +3.3289e+00 -4.3010e-01
1649 +3.564966688e-02 +3.564966688e-02 -5.919443503e+02 -5.919443503e+02 -7.1846e-01 +3.3290e+00 -4.3000e-01
1669 +2.257661135e-02 +2.257661135e-02 -5.919574234e+02 -5.919574234e+02 -7.1891e-01 +3.3288e+00 -4.2996e-01
1679 +7.825850909e-03 +7.825850909e-03 -5.919721741e+02 -5.919721741e+02 -7.1897e-01 +3.3288e+00 -4.2995e-01
1746 +5.120226510e-03 +5.120226510e-03 -5.919748798e+02 -5.919748798e+02 -7.1905e-01 +3.3288e+00 -4.2995e-01
1765 +2.434819872e-03 +2.434819872e-03 -5.919775652e+02 -5.919775652e+02 -7.1911e-01 +3.3288e+00 -4.2994e-01
1811 +1.302635955e-03 +1.302635955e-03 -5.919786974e+02 -5.919786974e+02 -7.1909e-01 +3.3288e+00 -4.2994e-01
1830 +8.767491789e-04 +8.767491789e-04 -5.919791233e+02 -5.919791233e+02 -7.1908e-01 +3.3288e+00 -4.2995e-01
1849 +4.819382478e-04 +4.819382478e-04 -5.919795181e+02 -5.919795181e+02 -7.1909e-01 +3.3288e+00 -4.2995e-01
1891 +3.195102767e-04 +3.195102767e-04 -5.919796805e+02 -5.919796805e+02 -7.1908e-01 +3.3288e+00 -4.2995e-01
1901 +2.286681766e-04 +2.286681766e-04 -5.919797713e+02 -5.919797713e+02 -7.1908e-01 +3.3288e+00 -4.2995e-01
1933 +1.397107081e-04 +1.397107081e-04 -5.919798603e+02 -5.919798603e+02 -7.1908e-01 +3.3288e+00 -4.2995e-01
1935 +9.732362150e-05 +9.732362150e-05 -5.919799027e+02 -5.919799027e+02 -7.1908e-01 +3.3288e+00 -4.2995e-01
1982 +4.971565977e-05 +4.971565977e-05 -5.919799503e+02 -5.919799503e+02 -7.1908e-01 +3.3288e+00 -4.2995e-01
1992 +3.250632631e-05 +3.250632631e-05 -5.919799675e+02 -5.919799675e+02 -7.1908e-01 +3.3288e+00 -4.2995e-01
2006 +1.965800038e-05 +1.965800038e-05 -5.919799803e+02 -5.919799803e+02 -7.1908e-01 +3.3288e+00 -4.2995e-01
2028 +1.145786507e-05 +1.145786507e-05 -5.919799885e+02 -5.919799885e+02 -7.1908e-01 +3.3288e+00 -4.2995e-01
2094 +9.765432765e-06 +9.765432765e-06 -5.919799902e+02 -5.919799902e+02 -7.1908e-01 +3.3288e+00 -4.2995e-01
2133 +5.268913014e-06 +5.268913014e-06 -5.919799947e+02 -5.919799947e+02 -7.1908e-01 +3.3288e+00 -4.2995e-01
2135 +2.274264489e-06 +2.274264489e-06 -5.919799977e+02 -5.919799977e+02 -7.1908e-01 +3.3288e+00 -4.2995e-01
2146 +1.449986939e-06 +1.449986939e-06 -5.919799986e+02 -5.919799986e+02 -7.1908e-01 +3.3288e+00 -4.2995e-01
2179 +5.174134685e-07 +5.174134685e-07 -5.919799995e+02 -5.919799995e+02 -7.1908e-01 +3.3288e+00 -4.2995e-01
2222 +1.794126092e-07 +1.794126092e-07 -5.919799998e+02 -5.919799998e+02 -7.1908e-01 +3.3288e+00 -4.2995e-01
2251 +1.107478056e-07 +1.107478056e-07 -5.919799999e+02 -5.919799999e+02 -7.1908e-01 +3.3288e+00 -4.2995e-01
2267 +8.914412319e-08 +8.914412319e-08 -5.919799999e+02 -5.919799999e+02 -7.1908e-01 +3.3288e+00 -4.2995e-01
2296 +3.827153705e-08 +3.827153705e-08 -5.919800000e+02 -5.919800000e+02 -7.1908e-01 +3.3288e+00 -4.2995e-01
2336 +2.432614110e-08 +2.432614110e-08 -5.919800000e+02 -5.919800000e+02 -7.1908e-01 +3.3288e+00 -4.2995e-01
2371 +1.284149675e-08 +1.284149675e-08 -5.919800000e+02 -5.919800000e+02 -7.1908e-01 +3.3288e+00 -4.2995e-01
2387 +8.940560292e-09 +8.940560292e-09 -5.919800000e+02 -5.919800000e+02 -7.1908e-01 +3.3288e+00 -4.2995e-01
2404 +4.402863851e-09 +4.402863851e-09 -5.919800000e+02 -5.919800000e+02 -7.1908e-01 +3.3288e+00 -4.2995e-01
2436 +3.586933417e-09 +3.586933417e-09 -5.919800000e+02 -5.919800000e+02 -7.1908e-01 +3.3288e+00 -4.2995e-01
2454 +1.429043550e-09 +1.429043550e-09 -5.919800000e+02 -5.919800000e+02 -7.1908e-01 +3.3288e+00 -4.2995e-01
2470 +9.342784324e-10 +9.342784324e-10 -5.919800000e+02 -5.919800000e+02 -7.1908e-01 +3.3288e+00 -4.2995e-01
2511 +4.441744750e-10 +4.441744750e-10 -5.919800000e+02 -5.919800000e+02 -7.1908e-01 +3.3288e+00 -4.2995e-01
2518 +2.453361958e-10 +2.453361958e-10 -5.919800000e+02 -5.919800000e+02 -7.1908e-01 +3.3288e+00 -4.2995e-01
4853 +1.249418347e-10 +1.249418347e-10 -5.919800000e+02 -5.919800000e+02 +4.7119e+00 +1.3753e-01 -7.5102e-01
% function evaluation | noise-free fitness - Fopt (7.429000000000e+01) | best noise-free fitness - Fopt | measured fitness | best measured fitness | x1 | x2...
1 +2.557147620e+01 +2.557147620e+01 +9.986147620e+01 +9.986147620e+01 -5.9965e-01 +1.0651e+00 +2.5958e+00
7 +2.064773228e+01 +2.064773228e+01 +9.493773228e+01 +9.493773228e+01 +9.5984e-01 +2.9689e+00 -1.6112e-01
16 +1.473235408e+01 +1.473235408e+01 +8.902235408e+01 +8.902235408e+01 -1.7077e+00 -1.2009e+00 -6.8214e-01
25 +8.607967703e+00 +8.607967703e+00 +8.289796770e+01 +8.289796770e+01 -1.9975e+00 -9.9174e-03 +9.1611e-02
30 +5.373019965e+00 +5.373019965e+00 +7.966301996e+01 +7.966301996e+01 +9.0142e-01 -2.9148e+00 +1.7358e-01
37 +3.931636014e+00 +3.931636014e+00 +7.822163601e+01 +7.822163601e+01 -1.1366e+00 -2.0345e+00 +1.6771e+00
2268 +1.775383909e+00 +1.775383909e+00 +7.606538391e+01 +7.606538391e+01 -2.0143e+00 -2.9843e+00 +9.7161e-01
2321 +1.558983033e+00 +1.558983033e+00 +7.584898303e+01 +7.584898303e+01 -1.5609e+00 +6.6914e-01 -1.7312e+00
2919 +9.138251299e-01 +9.138251299e-01 +7.520382513e+01 +7.520382513e+01 -4.1308e+00 +4.2697e+00 +4.4249e+00
% function evaluation | noise-free fitness - Fopt (-3.490000000000e+00) | best noise-free fitness - Fopt | measured fitness | best measured fitness | x1 | x2...
1 +4.932617024e+01 +4.932617024e+01 +4.583617024e+01 +4.583617024e+01 -3.1581e+00 +5.5413e-01 +2.3731e+00
2 +1.649422455e+01 +1.649422455e+01 +1.300422455e+01 +1.300422455e+01 -4.4595e+00 +1.2163e-01 +1.9548e-01
3 +1.080552040e+01 +1.080552040e+01 +7.315520404e+00 +7.315520404e+00 -5.3000e+00 +1.1195e+00 +2.4380e+00
18 +6.547032873e+00 +6.547032873e+00 +3.057032873e+00 +3.057032873e+00 -1.4785e+00 -1.0152e+00 +2.8906e+00
57 +3.258007835e+00 +3.258007835e+00 -2.319921649e-01 -2.319921649e-01 -1.8589e+00 -7.5196e-01 +1.7512e+00
537 +1.596675414e+00 +1.596675414e+00 -1.893324586e+00 -1.893324586e+00 +3.5809e+00 -4.5240e+00 +3.6611e+00
2515 +1.350961549e+00 +1.350961549e+00 -2.139038451e+00 -2.139038451e+00 -3.1041e+00 +3.6955e+00 -1.4387e+00
% function evaluation | noise-free fitness - Fopt (-1.283000000000e+01) | best noise-free fitness - Fopt | measured fitness | best measured fitness | x1 | x2...
1 +2.772569757e+01 +2.772569757e+01 +1.489569757e+01 +1.489569757e+01 -3.3792e+00 -2.6456e+00 -8.4543e-01
2 +1.435880495e+01 +1.435880495e+01 +1.528804946e+00 +1.528804946e+00 -4.6806e+00 -3.0781e+00 -3.0230e+00
4 +8.821482799e+00 +8.821482799e+00 -4.008517201e+00 -4.008517201e+00 -2.4902e+00 -1.5071e+00 +2.0797e+00
41 +5.261086880e+00 +5.261086880e+00 -7.568913120e+00 -7.568913120e+00 -4.8382e+00 -1.3085e+00 -1.6748e+00
161 +1.581279563e+00 +1.581279563e+00 -1.124872044e+01 -1.124872044e+01 -3.4887e+00 -3.9308e+00 -3.3491e+00
549 +7.975147367e-01 +7.975147367e-01 -1.203248526e+01 -1.203248526e+01 -3.5312e+00 -3.6065e+00 -3.3159e+00
556 +5.652935076e-01 +5.652935076e-01 -1.226470649e+01 -1.226470649e+01 -3.5293e+00 -3.6050e+00 -3.3130e+00
621 +3.674343250e-01 +3.674343250e-01 -1.246256567e+01 -1.246256567e+01 -3.5290e+00 -3.6073e+00 -3.3220e+00
709 +2.439223750e-01 +2.439223750e-01 -1.258607763e+01 -1.258607763e+01 -3.5285e+00 -3.6090e+00 -3.3276e+00
813 +1.463771915e-01 +1.463771915e-01 -1.268362281e+01 -1.268362281e+01 -3.5292e+00 -3.6086e+00 -3.3258e+00
1002 +9.725959226e-02 +9.725959226e-02 -1.273274041e+01 -1.273274041e+01 -3.5290e+00 -3.6092e+00 -3.3282e+00
1049 +5.625643908e-02 +5.625643908e-02 -1.277374356e+01 -1.277374356e+01 -3.5289e+00 -3.6098e+00 -3.3305e+00
1055 +3.358534130e-02 +3.358534130e-02 -1.279641466e+01 -1.279641466e+01 -3.5287e+00 -3.6102e+00 -3.3319e+00
1062 +1.425859208e-02 +1.425859208e-02 -1.281574141e+01 -1.281574141e+01 -3.5288e+00 -3.6101e+00 -3.3317e+00
1132 +9.569578330e-03 +9.569578330e-03 -1.282043042e+01 -1.282043042e+01 -3.5288e+00 -3.6101e+00 -3.3318e+00
1160 +5.559230825e-03 +5.559230825e-03 -1.282444077e+01 -1.282444077e+01 -3.5288e+00 -3.6102e+00 -3.3318e+00
1174 +3.727691748e-03 +3.727691748e-03 -1.282627231e+01 -1.282627231e+01 -3.5288e+00 -3.6101e+00 -3.3318e+00
1203 +5.887445536e-04 +5.887445536e-04 -1.282941126e+01 -1.282941126e+01 -3.5288e+00 -3.6102e+00 -3.3318e+00
1292 +1.877750113e-04 +1.877750113e-04 -1.282981222e+01 -1.282981222e+01 -3.5288e+00 -3.6102e+00 -3.3318e+00
1344 +1.147310505e-04 +1.147310505e-04 -1.282988527e+01 -1.282988527e+01 -3.5288e+00 -3.6102e+00 -3.3318e+00
1352 +5.361582414e-05 +5.361582414e-05 -1.282994638e+01 -1.282994638e+01 -3.5288e+00 -3.6102e+00 -3.3318e+00
1384 +3.643389180e-05 +3.643389180e-05 -1.282996357e+01 -1.282996357e+01 -3.5288e+00 -3.6102e+00 -3.3318e+00
1391 +2.403214431e-05 +2.403214431e-05 -1.282997597e+01 -1.282997597e+01 -3.5288e+00 -3.6102e+00 -3.3318e+00
1426 +1.509257295e-05 +1.509257295e-05 -1.282998491e+01 -1.282998491e+01 -3.5288e+00 -3.6102e+00 -3.3318e+00
1437 +9.924498963e-06 +9.924498963e-06 -1.282999008e+01 -1.282999008e+01 -3.5288e+00 -3.6102e+00 -3.3318e+00
1447 +6.105825619e-06 +6.105825619e-06 -1.282999389e+01 -1.282999389e+01 -3.5288e+00 -3.6102e+00 -3.3318e+00
1499 +3.517514218e-06 +3.517514218e-06 -1.282999648e+01 -1.282999648e+01 -3.5288e+00 -3.6102e+00 -3.3318e+00
1501 +1.701177959e-06 +1.701177959e-06 -1.282999830e+01 -1.282999830e+01 -3.5288e+00 -3.6102e+00 -3.3318e+00
1511 +1.260293748e-06 +1.260293748e-06 -1.282999874e+01 -1.282999874e+01 -3.5288e+00 -3.6102e+00 -3.3318e+00
1558 +9.382352477e-07 +9.382352477e-07 -1.282999906e+01 -1.282999906e+01 -3.5288e+00 -3.6102e+00 -3.3318e+00
1572 +5.596828441e-07 +5.596828441e-07 -1.282999944e+01 -1.282999944e+01 -3.5288e+00 -3.6102e+00 -3.3318e+00
1575 +3.730011393e-07 +3.730011393e-07 -1.282999963e+01 -1.282999963e+01 -3.5288e+00 -3.6102e+00 -3.3318e+00
1609 +2.294728727e-07 +2.294728727e-07 -1.282999977e+01 -1.282999977e+01 -3.5288e+00 -3.6102e+00 -3.3318e+00
1623 +1.556490368e-07 +1.556490368e-07 -1.282999984e+01 -1.282999984e+01 -3.5288e+00 -3.6102e+00 -3.3318e+00
1635 +8.501406334e-08 +8.501406334e-08 -1.282999991e+01 -1.282999991e+01 -3.5288e+00 -3.6102e+00 -3.3318e+00
1665 +5.828656491e-08 +5.828656491e-08 -1.282999994e+01 -1.282999994e+01 -3.5288e+00 -3.6102e+00 -3.3318e+00
1694 +2.077745975e-08 +2.077745975e-08 -1.282999998e+01 -1.282999998e+01 -3.5288e+00 -3.6102e+00 -3.3318e+00
1730 +1.497730651e-08 +1.497730651e-08 -1.282999999e+01 -1.282999999e+01 -3.5288e+00 -3.6102e+00 -3.3318e+00
1744 +2.301133506e-09 +2.301133506e-09 -1.283000000e+01 -1.283000000e+01 -3.5288e+00 -3.6102e+00 -3.3318e+00
1810 +8.459402068e-10 +8.459402068e-10 -1.283000000e+01 -1.283000000e+01 -3.5288e+00 -3.6102e+00 -3.3318e+00
1842 +5.703828521e-10 +5.703828521e-10 -1.283000000e+01 -1.283000000e+01 -3.5288e+00 -3.6102e+00 -3.3318e+00
1862 +3.397797599e-10 +3.397797599e-10 -1.283000000e+01 -1.283000000e+01 -3.5288e+00 -3.6102e+00 -3.3318e+00
