% function evaluation | noise-free fitness - Fopt (-2.098800000000e+02) | best noise-free fitness - Fopt | measured fitness | best measured fitness | x1 | x2...
1 +2.289086707e+06 +2.289086707e+06 +2.288876827e+06 +2.288876827e+06 -2.8286e+00 +4.8101e+00 +3.3008e+00 +2.8012e+00 -1.4902e+00 +4.5463e+00 +3.9154e+00 +4.0371e+00 -2.1954e-01 +1.5007e+00
20 +1.286628407e+06 +1.286628407e+06 +1.286418527e+06 +1.286418527e+06 -3.6574e+00 +2.7731e-01 -4.9871e-01 +3.7778e+00 +1.5098e+00 +4.9429e+00 +3.0475e+00 +2.2570e+00 +9.7810e-01 +2.6030e+00
27 +5.438442613e+05 +5.438442613e+05 +5.436343813e+05 +5.436343813e+05 +1.5611e+00 -3.3548e+00 -4.3379e+00 -1.5562e+00 -5.0835e-01 +9.9842e-01 +3.2405e+00 +2.9882e+00 -1.7952e+00 +2.7472e+00
64 +1.346948294e+05 +1.346948294e+05 +1.344849494e+05 +1.344849494e+05 +4.2768e+00 -4.7718e+00 -5.0000e+00 -1.4985e+00 -1.3510e+00 -5.9123e-01 +4.5211e+00 -5.0879e-02 -7.5763e-01 +2.7648e+00
725 +8.928209022e+04 +8.928209022e+04 +8.907221022e+04 +8.907221022e+04 +2.7956e+00 -5.0000e+00 -4.4492e+00 -4.1622e+00 -4.4526e+00 +3.8480e+00 +0.0000e+00 +1.6257e-01 -9.6396e-01 +2.5201e+00
756 +3.833892223e+04 +3.833892223e+04 +3.812904223e+04 +3.812904223e+04 +4.8661e+00 -4.2234e+00 -4.2728e+00 -3.7303e+00 -3.9570e+00 +2.4294e+00 +2.1159e+00 -4.2933e-01 -1.3615e+00 +2.6063e+00
1433 +2.191481020e+04 +2.191481020e+04 +2.170493020e+04 +2.170493020e+04 +4.5893e+00 -5.0000e+00 -4.3305e+00 -3.9257e+00 -2.3663e+00 +2.5649e+00 +2.0321e+00 -1.9276e-01 -9.9602e-01 +2.6780e+00
1613 +1.342665006e+04 +1.342665006e+04 +1.321677006e+04 +1.321677006e+04 +4.5589e+00 -4.4976e+00 -5.0000e+00 -3.9113e+00 +1.4005e+00 +3.5319e+00 +2.3359e+00 +1.7007e-01 -1.1448e+00 +2.5422e+00
1658 +8.715372840e+03 +8.715372840e+03 +8.505492840e+03 +8.505492840e+03 +4.9586e+00 -4.5503e+00 -4.9762e+00 -1.0467e+00 +3.0312e+00 +2.7361e+00 +2.2417e+00 -3.8766e-01 -1.0455e+00 +2.6060e+00
2197 +6.266007370e+03 +6.266007370e+03 +6.056127370e+03 +6.056127370e+03 +3.7267e+00 -4.0072e+00 -5.0000e+00 -2.9945e+00 +1.6221e+00 +2.2838e+00 +1.9585e+00 -6.2015e-02 -1.1079e+00 +2.6141e+00
2335 +3.932240036e+03 +3.932240036e+03 +3.722360036e+03 +3.722360036e+03 +4.7349e+00 -3.2482e+00 -4.8978e+00 -1.7618e+00 +8.6928e-01 +2.5898e+00 +2.3443e+00 -1.1498e-01 -1.0750e+00 +2.6010e+00
2597 +2.339879515e+03 +2.339879515e+03 +2.129999515e+03 +2.129999515e+03 +4.0649e+00 -4.3014e+00 -5.0000e+00 +0.0000e+00 +1.6654e+00 +2.7516e+00 +2.3497e+00 -1.3861e-01 -1.1134e+00 +2.5998e+00
% function evaluation | noise-free fitness - Fopt (-9.209000000000e+01) | best noise-free fitness - Fopt | measured fitness | best measured fitness | x1 | x2...
1 +3.043198235e+07 +3.043198235e+07 +3.043189026e+07 +3.043189026e+07 -1.2757e-02 -2.9775e+00 -3.3615e+00 +2.7593e+00 +2.8218e+00 +3.8816e+00 -3.3367e+00 -3.8543e+00 -4.2298e+00 -3.3808e+00
2 +9.582790761e+06 +9.582790761e+06 +9.582698671e+06 +9.582698671e+06 +1.2770e+00 -1.6630e+00 -1.6918e+00 -2.8028e-01 +2.0167e+00 +2.9740e+00 +2.2448e+00 -5.1402e-02 -4.1556e+00 +3.8240e+00
3 +1.080962250e+06 +1.080962250e+06 +1.080870160e+06 +1.080870160e+06 +4.9487e+00 +1.7303e+00 +1.9946e+00 +3.8468e+00 -4.4188e+00 +9.7601e-01 -4.0390e+00 +3.5958e+00 +6.1036e-01 +2.4302e+00
34 +5.415882390e+05 +5.415882390e+05 +5.414961490e+05 +5.414961490e+05 -4.1791e-01 -3.9976e+00 -4.8654e+00 +4.6451e+00 +3.3909e+00 +3.8095e+00 -3.8435e+00 -4.7906e-01 -2.6619e-01 +1.8847e+00
101 +3.959869824e+05 +3.959869824e+05 +3.958948924e+05 +3.958948924e+05 +2.4634e+00 -8.6667e-02 +1.7316e-01 +5.0000e+00 +1.6274e+00 +2.2161e+00 +0.0000e+00 +1.7417e+00 +1.7307e-01 +2.1980e+00
216 +1.974072561e+05 +1.974072561e+05 +1.973151661e+05 +1.973151661e+05 +8.2664e-01 -7.4957e-01 -1.3080e+00 +4.6553e-01 +3.4859e+00 +3.0249e-01 -7.1772e-01 +1.9976e+00 -2.9993e-01 +1.6092e+00
304 +9.674576404e+04 +9.674576404e+04 +9.665367404e+04 +9.665367404e+04 -5.0000e+00 -4.6870e+00 -4.6494e+00 +4.1885e+00 +0.0000e+00 -1.9876e+00 +2.7357e-01 +1.0771e+00 +1.0158e+00 +1.6929e+00
685 +5.413142995e+04 +5.413142995e+04 +5.403933995e+04 +5.403933995e+04 +7.0787e-01 -5.0000e+00 -4.9594e+00 -1.7166e+00 +1.0257e+00 -3.9425e+00 -4.0646e-01 +9.3673e-01 -3.5985e-02 +1.6441e+00
1062 +1.675123377e+04 +1.675123377e+04 +1.665914377e+04 +1.665914377e+04 +3.4655e+00 -3.8506e+00 -4.9437e+00 -1.9631e+00 -3.3122e+00 -4.2500e+00 +1.6267e-01 +1.0436e+00 +3.2738e-01 +1.5906e+00
1382 +1.550237344e+04 +1.550237344e+04 +1.541028344e+04 +1.541028344e+04 +5.0000e+00 -4.7108e+00 -4.9398e+00 -2.1969e+00 -9.6816e-01 -4.5166e+00 +7.4245e-01 +9.4212e-01 +4.5510e-01 +1.5904e+00
1394 +6.703316866e+03 +6.703316866e+03 +6.611226866e+03 +6.611226866e+03 +3.8863e+00 -4.0412e+00 -4.9222e+00 -2.7093e+00 -2.1707e+00 -3.7108e+00 +4.5671e-01 +8.6197e-01 +4.2983e-01 +1.7272e+00
1427 +5.954470838e+03 +5.954470838e+03 +5.862380838e+03 +5.862380838e+03 +3.5900e+00 -4.1244e+00 -4.9012e+00 -3.0927e+00 -2.4095e+00 -3.1788e+00 -3.1219e-01 +8.7722e-01 +4.5313e-01 +1.6868e+00
1707 +3.137372212e+03 +3.137372212e+03 +3.045282212e+03 +3.045282212e+03 +2.4441e+00 -3.4863e+00 -4.9095e+00 -2.3101e+00 -9.9166e-01 -3.4394e+00 -1.3687e-01 +1.1650e+00 +4.2963e-01 +1.6767e+00
2198 +2.279765642e+03 +2.279765642e+03 +2.187675642e+03 +2.187675642e+03 +2.7642e+00 -4.4022e+00 -4.8994e+00 -2.5059e+00 -1.0537e+00 -4.1215e+00 +1.3907e-01 +8.8093e-01 +4.5914e-01 +1.6940e+00
2412 +1.421236314e+03 +1.421236314e+03 +1.329146314e+03 +1.329146314e+03 +5.0000e+00 -3.1109e+00 -4.8981e+00 -2.5270e+00 -8.6940e-01 -3.8481e+00 +4.3056e-02 +9.1671e-01 +4.7273e-01 +1.6820e+00
2597 +8.666803412e+02 +8.666803412e+02 +7.745903412e+02 +7.745903412e+02 +2.9840e+00 -4.0952e+00 -4.8622e+00 -2.6252e+00 -9.6593e-02 -3.9253e+00 -3.1367e-02 +1.0001e+00 +4.3353e-01 +1.6851e+00
3212 +5.997832446e+02 +5.997832446e+02 +5.076932446e+02 +5.076932446e+02 +3.1106e+00 -9.7934e-01 -4.6951e+00 -1.5127e+00 -1.9551e-01 -3.8044e+00 +6.8353e-03 +9.8363e-01 +4.4071e-01 +1.6907e+00
3523 +3.792918109e+02 +3.792918109e+02 +2.872018109e+02 +2.872018109e+02 +2.7187e+00 +0.0000e+00 -3.7661e+00 -1.8552e+00 -1.2031e-01 -3.7488e+00 +4.7444e-02 +9.8393e-01 +4.3373e-01 +1.6905e+00
% function evaluation | noise-free fitness - Fopt (-8.789000000000e+01) | best noise-free fitness - Fopt | measured fitness | best measured fitness | x1 | x2...
1 +2.186698899e+07 +2.186698899e+07 +2.186690110e+07 +2.186690110e+07 +9.9869e-01 +4.5649e+00 -3.0689e+00 -4.5185e-01 +4.7295e+00 +2.2343e+00 +1.1506e+00 +3.0271e+00 -4.0101e+00 -1.1873e+00
2 +1.820898368e+06 +1.820898368e+06 +1.820810478e+06 +1.820810478e+06 +3.4562e+00 -3.7805e+00 +4.8453e+00 +4.0137e+00 +1.6584e+00 -3.3069e+00 -3.6329e+00 -3.6416e+00 -3.5754e+00 +2.7372e+00
46 +8.533186736e+05 +8.533186736e+05 +8.532307836e+05 +8.532307836e+05 +4.5122e+00 +1.2539e+00 +1.5782e+00 +5.0000e+00 -2.5762e+00 -4.2295e+00 +1.1821e+00 +1.6422e+00 -4.0924e+00 +3.2312e+00
173 +2.047291892e+05 +2.047291892e+05 +2.046412992e+05 +2.046412992e+05 +2.1746e+00 +2.0300e-01 +1.1612e+00 +2.0553e+00 +3.4369e+00 -4.4704e+00 -1.5737e+00 +1.2345e+00 -1.7591e+00 +3.3145e+00
265 +1.249966167e+05 +1.249966167e+05 +1.249087267e+05 +1.249087267e+05 -2.0989e+00 -9.9016e-01 -5.4002e-01 +2.3541e+00 -2.0615e+00 -5.0000e+00 -2.1791e+00 +7.2611e-01 -2.5040e+00 +3.1966e+00
699 +6.050052562e+04 +6.050052562e+04 +6.041263562e+04 +6.041263562e+04 -1.6159e+00 +1.1919e+00 -2.8988e+00 +3.3232e+00 -8.6992e-01 -5.0000e+00 -2.8840e+00 +1.2326e+00 -2.3636e+00 +3.4881e+00
1453 +2.645506744e+04 +2.645506744e+04 +2.636717744e+04 +2.636717744e+04 +2.8107e+00 -1.8935e-01 -1.9957e+00 +1.9266e+00 -3.6588e-01 -2.2007e+00 -2.3850e+00 +1.0842e+00 -2.6710e+00 +3.4202e+00
1590 +1.491952337e+04 +1.491952337e+04 +1.483163337e+04 +1.483163337e+04 +3.2894e+00 -2.0786e+00 -5.0000e+00 +2.2623e+00 -3.4107e+00 -1.8393e+00 -2.2990e+00 +1.1951e+00 -2.5737e+00 +3.4355e+00
1745 +9.498132753e+03 +9.498132753e+03 +9.410242753e+03 +9.410242753e+03 -3.9463e+00 -2.3915e+00 -5.0000e+00 +9.1711e-01 -4.5973e+00 +0.0000e+00 -2.8501e+00 +1.5773e+00 -2.5699e+00 +3.5035e+00
1780 +4.752422288e+03 +4.752422288e+03 +4.664532288e+03 +4.664532288e+03 -3.5521e+00 -7.4553e-01 -2.2318e+00 +1.1482e+00 -5.0000e+00 -5.5787e-01 -3.1093e+00 +1.5233e+00 -2.6096e+00 +3.4499e+00
1933 +3.450022511e+03 +3.450022511e+03 +3.362132511e+03 +3.362132511e+03 +4.5756e-01 -2.4004e+00 -4.0264e+00 +6.8706e-01 -5.0000e+00 -5.5479e-01 -3.0590e+00 +1.4649e+00 -2.5513e+00 +3.4243e+00
2049 +2.188036273e+03 +2.188036273e+03 +2.100146273e+03 +2.100146273e+03 +5.0000e+00 -1.3014e-01 -3.0745e+00 +2.7350e-01 -2.0108e+00 -8.6148e-01 -2.9989e+00 +1.5071e+00 -2.5670e+00 +3.4416e+00
2129 +1.353126007e+03 +1.353126007e+03 +1.265236007e+03 +1.265236007e+03 +3.5785e+00 -1.0655e+00 -2.9984e+00 +8.3491e-02 -3.0634e+00 -7.1798e-01 -2.7910e+00 +1.4532e+00 -2.5344e+00 +3.4324e+00
2529 +8.850949792e+02 +8.850949792e+02 +7.972049792e+02 +7.972049792e+02 +3.6926e+00 +4.6694e+00 -2.2938e+00 +1.0230e-02 -3.3306e+00 -8.0744e-01 -2.9326e+00 +1.4578e+00 -2.5440e+00 +3.4319e+00
2945 +6.129109699e+02 +6.129109699e+02 +5.250209699e+02 +5.250209699e+02 +2.8878e+00 +4.6368e+00 -2.5917e-01 +7.8213e-02 -3.1442e+00 -6.5171e-01 -2.9507e+00 +1.4722e+00 -2.5385e+00 +3.4292e+00
% function evaluation | noise-free fitness - Fopt (3.201900000000e+02) | best noise-free fitness - Fopt | measured fitness | best measured fitness | x1 | x2...
1 +1.202367077e+07 +1.202367077e+07 +1.202399096e+07 +1.202399096e+07 +2.6703e+00 -2.2257e+00 -8.6052e-01 -1.2834e+00 +1.3564e+00 +3.1394e+00 +3.7071e+00 +4.3421e-01 +1.3565e+00 -2.8286e+00
2 +8.798230274e+06 +8.798230274e+06 +8.798550464e+06 +8.798550464e+06 -3.3315e+00 +2.4849e+00 +1.5608e+00 -4.0663e+00 +1.9622e+00 +4.9504e+00 -1.9848e+00 -3.8159e+00 -1.1178e+00 +2.3039e+00
3 +5.461664177e+06 +5.461664177e+06 +5.461984367e+06 +5.461984367e+06 +1.5720e+00 +4.6493e+00 -3.4525e+00 -5.7846e-01 +4.1202e+00 -5.0309e-01 +4.6065e+00 -4.3661e+00 +5.4749e-01 +9.0881e-01
8 +1.356033551e+06 +1.356033551e+06 +1.356353741e+06 +1.356353741e+06 +7.2188e-01 +2.2903e+00 -1.1854e+00 +5.4198e-01 -4.9887e+00 +3.6557e+00 +1.3923e+00 -4.9503e+00 -3.1307e+00 +7.7289e-01
16 +8.584373202e+05 +8.584373202e+05 +8.587575102e+05 +8.587575102e+05 -1.1043e+00 -4.2846e+00 +4.8737e+00 -3.3444e+00 -3.3597e+00 +2.9222e+00 +4.8083e-01 +6.1839e-01 -4.3559e+00 +4.0140e-01
19 +3.124207428e+05 +3.124207428e+05 +3.127409328e+05 +3.127409328e+05 -1.3761e+00 -2.5837e+00 -1.0244e+00 +4.4725e+00 -2.7047e+00 -9.5365e-01 +3.7482e+00 -2.5053e+00 -4.6211e+00 -6.9264e-02
215 +2.381871961e+05 +2.381871961e+05 +2.385073861e+05 +2.385073861e+05 -2.3139e+00 -2.2872e+00 -1.6208e+00 +4.4719e+00 -2.4317e+00 +3.1215e-01 +4.7660e+00 -7.9640e-01 -3.2102e+00 +1.2713e-01
363 +1.455113618e+05 +1.455113618e+05 +1.458315518e+05 +1.458315518e+05 -4.3672e+00 +0.0000e+00 -2.2767e+00 +4.1018e+00 +2.8673e-01 +3.7808e+00 +3.2144e+00 -2.9916e+00 -3.4302e+00 -4.0856e-01
448 +6.639124300e+04 +6.639124300e+04 +6.671143300e+04 +6.671143300e+04 +1.2962e+00 -3.2666e+00 -2.1692e+00 +4.6195e+00 -3.0283e+00 -9.2236e-01 +2.3631e+00 -1.2160e+00 -3.6510e+00 -1.4452e-01
648 +5.692518032e+04 +5.692518032e+04 +5.724537032e+04 +5.724537032e+04 +4.2099e+00 -2.8134e+00 -1.8134e+00 +4.2396e+00 -5.0000e+00 -4.9520e-01 +2.2063e+00 -1.6622e+00 -3.8359e+00 -1.2430e-01
1230 +3.847407253e+04 +3.847407253e+04 +3.879426253e+04 +3.879426253e+04 +4.5835e+00 -4.0670e+00 -3.7201e+00 +4.1627e+00 -5.0000e+00 +8.9222e-01 +1.8186e+00 -2.2857e+00 -3.6235e+00 -1.6628e-01
1243 +1.596138323e+04 +1.596138323e+04 +1.628157323e+04 +1.628157323e+04 +1.6573e+00 -2.3351e+00 +1.1697e+00 +1.7668e+00 -3.8244e+00 +2.2637e+00 +2.2936e+00 -1.7382e+00 -3.5563e+00 -2.7753e-01
1310 +1.163266007e+04 +1.163266007e+04 +1.195285007e+04 +1.195285007e+04 -3.4959e-01 -8.9777e-01 +1.6432e-01 +3.1699e+00 -4.9808e+00 +2.3365e+00 +2.6321e+00 -1.5250e+00 -3.5489e+00 -2.1392e-01
1658 +8.901577535e+03 +8.901577535e+03 +9.221767535e+03 +9.221767535e+03 +1.2763e+00 -6.7609e-01 -1.5311e+00 +3.1025e+00 -5.0000e+00 +3.8553e+00 +2.9213e+00 -1.7392e+00 -3.5167e+00 -1.2382e-01
1740 +5.235668679e+03 +5.235668679e+03 +5.555858679e+03 +5.555858679e+03 +1.6870e+00 +3.1823e-01 +1.3948e+00 +1.9121e+00 -4.8855e+00 +3.0906e+00 +2.4735e+00 -1.7945e+00 -3.5141e+00 -1.7952e-01
1916 +3.642608968e+03 +3.642608968e+03 +3.962798968e+03 +3.962798968e+03 +1.5508e-01 +1.1773e+00 +1.2416e+00 +2.0367e+00 -4.9598e+00 +3.3285e+00 +2.6214e+00 -1.6577e+00 -3.5637e+00 -1.8506e-01
2106 +2.085601351e+03 +2.085601351e+03 +2.405791351e+03 +2.405791351e+03 -3.0907e+00 +2.4143e+00 +1.4279e+00 +4.0006e-01 -4.9296e+00 +3.0658e+00 +2.8418e+00 -1.7822e+00 -3.5682e+00 -1.7930e-01
2233 +1.397265500e+03 +1.397265500e+03 +1.717455500e+03 +1.717455500e+03 -5.0000e+00 -7.8611e-01 +6.9050e-01 +0.0000e+00 -4.8946e+00 +3.6595e+00 +2.8752e+00 -1.8038e+00 -3.5925e+00 -1.7952e-01
2578 +9.891230192e+02 +9.891230192e+02 +1.309313019e+03 +1.309313019e+03 +1.2202e-01 -2.0368e+00 +1.0449e+00 +0.0000e+00 -4.5825e+00 +3.1524e+00 +2.7097e+00 -1.8050e+00 -3.5959e+00 -1.8047e-01
2693 +4.591313002e+02 +4.591313002e+02 +7.793213002e+02 +7.793213002e+02 -6.8231e-01 -5.0000e+00 +2.2505e+00 +0.0000e+00 -4.1325e+00 +3.3003e+00 +2.7569e+00 -1.8133e+00 -3.5976e+00 -1.9020e-01
2740 +3.212227819e+02 +3.212227819e+02 +6.414127819e+02 +6.414127819e+02 -4.1916e-01 -5.0000e+00 +2.9535e+00 +0.0000e+00 -3.7792e+00 +3.3421e+00 +2.7384e+00 -1.8014e+00 -3.6041e+00 -1.8997e-01
2793 +2.405605330e+02 +2.405605330e+02 +5.607505330e+02 +5.607505330e+02 -2.5865e+00 -4.0563e+00 +2.4464e+00 +0.0000e+00 -3.7762e+00 +3.3958e+00 +2.7511e+00 -1.8177e+00 -3.6007e+00 -1.8592e-01
2911 +1.528759604e+02 +1.528759604e+02 +4.730659604e+02 +4.730659604e+02 -1.5266e+00 -3.8561e+00 +2.2922e+00 +0.0000e+00 -3.5191e+00 +3.4386e+00 +2.7525e+00 -1.7748e+00 -3.6126e+00 -1.7834e-01
3080 +8.952136256e+01 +8.952136256e+01 +4.097113626e+02 +4.097113626e+02 -2.7357e+00 -2.4857e+00 +1.9294e+00 +0.0000e+00 -3.4986e+00 +3.4583e+00 +2.8304e+00 -1.7958e+00 -3.5987e+00 -1.8215e-01
3552 +6.222145054e+01 +6.222145054e+01 +3.824114505e+02 +3.824114505e+02 -8.1212e-01 -2.1479e+00 +1.4617e+00 +0.0000e+00 -3.4343e+00 +3.4579e+00 +2.7982e+00 -1.7944e+00 -3.6037e+00 -1.8019e-01
% function evaluation | noise-free fitness - Fopt (-1.042400000000e+02) | best noise-free fitness - Fopt | measured fitness | best measured fitness | x1 | x2...
1 +3.843758041e+07 +3.843758041e+07 +3.843747617e+07 +3.843747617e+07 -4.2055e+00 -1.1765e+00 -3.9875e+00 -4.6451e+00 -2.5601e+00 +3.7828e+00 +1.1158e+00 +2.2710e+00 -8.8691e-01 +2.8949e+00
3 +5.447551295e+05 +5.447551295e+05 +5.446508895e+05 +5.446508895e+05 +1.5151e+00 -3.1173e+00 +8.4161e-01 -4.3726e+00 -4.7284e-02 +2.3991e+00 -1.0390e+00 +8.0334e-01 +3.1501e+00 -2.9267e+00
141 +5.627407305e+04 +5.627407305e+04 +5.616983305e+04 +5.616983305e+04 +2.4014e+00 -1.6343e+00 -5.1283e-02 -5.8956e-01 +3.3613e+00 +5.2087e-01 +3.5267e+00 +3.1825e+00 +3.1006e+00 -2.9611e+00
961 +1.397328348e+04 +1.397328348e+04 +1.386904348e+04 +1.386904348e+04 -1.8192e-01 -1.6284e+00 +6.3860e-01 +5.0241e-01 +5.0000e+00 -3.7492e+00 +2.9253e+00 +3.4788e+00 +3.0405e+00 -3.0242e+00
1471 +8.988431223e+03 +8.988431223e+03 +8.884191223e+03 +8.884191223e+03 -5.0000e+00 -1.8445e+00 +1.4903e+00 +3.1785e+00 -2.3275e+00 -2.5890e+00 +2.8228e+00 +3.3341e+00 +3.0278e+00 -3.0238e+00
1591 +5.913708534e+03 +5.913708534e+03 +5.809468534e+03 +5.809468534e+03 -5.0000e+00 -1.7178e+00 +1.8424e+00 +3.2525e+00 +2.5670e-01 -2.9937e+00 +2.7521e+00 +3.3875e+00 +3.0823e+00 -2.9807e+00
1719 +2.890572203e+03 +2.890572203e+03 +2.786332203e+03 +2.786332203e+03 -5.0000e+00 -1.1771e+00 +1.9818e+00 +1.7761e+00 -3.3020e-02 -2.8594e+00 +2.8522e+00 +3.4016e+00 +3.0298e+00 -3.0041e+00
1774 +1.283415361e+03 +1.283415361e+03 +1.179175361e+03 +1.179175361e+03 +1.5038e-01 -2.0582e+00 +1.7796e+00 +3.4027e-01 +2.0147e-01 -3.7865e+00 +2.9449e+00 +3.3768e+00 +3.0124e+00 -2.9745e+00
1999 +9.328120217e+02 +9.328120217e+02 +8.285720217e+02 +8.285720217e+02 -5.0000e+00 -2.6385e+00 +2.0048e+00 +1.2627e+00 -3.8543e-01 -3.2643e+00 +2.8142e+00 +3.4345e+00 +2.9738e+00 -3.0069e+00
2020 +6.062468241e+02 +6.062468241e+02 +5.020068241e+02 +5.020068241e+02 -4.0147e+00 -3.0621e+00 +2.2884e+00 -5.4387e-01 +2.2370e-02 -3.6780e+00 +2.9295e+00 +3.4529e+00 +2.9956e+00 -2.9793e+00
2220 +2.507848485e+02 +2.507848485e+02 +1.465448485e+02 +1.465448485e+02 -3.9011e+00 -2.9262e+00 +2.0535e+00 +4.6218e-01 +1.5951e-01 -3.7310e+00 +2.7281e+00 +3.4301e+00 +2.9815e+00 -2.9955e+00
2300 +1.100265628e+02 +1.100265628e+02 +5.786562751e+00 +5.786562751e+00 -3.8961e+00 -2.8662e+00 +2.0545e+00 -6.9545e-01 +9.3469e-02 -3.7325e+00 +2.7881e+00 +3.4300e+00 +2.9826e+00 -2.9932e+00
2659 +6.244961718e+01 +6.244961718e+01 -4.179038282e+01 -4.179038282e+01 -3.7874e+00 -2.8968e+00 +1.7562e+00 -5.3863e-01 -2.6144e-01 -3.7162e+00 +2.7772e+00 +3.4287e+00 +2.9691e+00 -2.9946e+00
2850 +3.908428239e+01 +3.908428239e+01 -6.515571761e+01 -6.515571761e+01 -3.2900e+00 -3.6431e+00 +1.7547e+00 -6.9089e-01 +7.5633e-02 -3.7341e+00 +2.8127e+00 +3.4453e+00 +2.9687e+00 -2.9935e+00
2979 +2.364594148e+01 +2.364594148e+01 -8.059405852e+01 -8.059405852e+01 -2.8573e+00 -4.4149e+00 +1.5990e+00 -4.0498e-01 -1.4289e-01 -3.7248e+00 +2.8181e+00 +3.4273e+00 +2.9683e+00 -2.9953e+00
3274 +1.470089841e+01 +1.470089841e+01 -8.953910159e+01 -8.953910159e+01 -2.3352e+00 -4.1377e+00 +1.5616e+00 -5.9314e-01 -1.4420e-02 -3.7234e+00 +2.8038e+00 +3.4263e+00 +2.9677e+00 -2.9945e+00
3333 +9.492144666e+00 +9.492144666e+00 -9.474785533e+01 -9.474785533e+01 -1.7171e+00 -4.1538e+00 +1.3970e+00 -6.2652e-01 +1.5901e-02 -3.7149e+00 +2.8064e+00 +3.4341e+00 +2.9671e+00 -2.9933e+00
3416 +6.005456472e+00 +6.005456472e+00 -9.823454353e+01 -9.823454353e+01 -1.7853e+00 -4.2359e+00 +1.2387e+00 -4.7876e-01 -8.4129e-02 -3.7150e+00 +2.8065e+00 +3.4345e+00 +2.9669e+00 -2.9935e+00
3444 +3.928158999e+00 +3.928158999e+00 -1.003118410e+02 -1.003118410e+02 -5.1161e-01 -4.2198e+00 +1.4349e+00 -4.6224e-01 -5.0752e-02 -3.7016e+00 +2.8057e+00 +3.4303e+00 +2.9687e+00 -2.9939e+00
3524 +1.281136379e+00 +1.281136379e+00 -1.029588636e+02 -1.029588636e+02 -1.4395e-01 -3.8757e+00 +1.3530e+00 -4.9854e-01 -4.1607e-02 -3.7094e+00 +2.8055e+00 +3.4317e+00 +2.9671e+00 -2.9941e+00
3643 +5.637036652e-01 +5.637036652e-01 -1.036762963e+02 -1.036762963e+02 -1.9603e-02 -3.9015e+00 +1.3389e+00 -4.8180e-01 -5.2987e-02 -3.7103e+00 +2.8078e+00 +3.4341e+00 +2.9656e+00 -2.9939e+00
3907 +3.781127962e-01 +3.781127962e-01 -1.038618872e+02 -1.038618872e+02 -3.3459e-03 -3.8981e+00 +1.3020e+00 -4.8364e-01 -5.2702e-02 -3.7085e+00 +2.8100e+00 +3.4331e+00 +2.9655e+00 -2.9936e+00
3963 +2.466365453e-01 +2.466365453e-01 -1.039933635e+02 -1.039933635e+02 -8.6524e-03 -3.8747e+00 +1.3178e+00 -4.9744e-01 -5.3683e-02 -3.7053e+00 +2.8108e+00 +3.4334e+00 +2.9661e+00 -2.9938e+00
% function evaluation | noise-free fitness - Fopt (-3.570000000000e+01) | best noise-free fitness - Fopt | measured fitness | best measured fitness | x1 | x2...
1 +2.504609425e+07 +2.504609425e+07 +2.504605855e+07 +2.504605855e+07 -4.9508e+00 -1.5250e+00 -2.5142e+00 +2.3264e+00 -2.6456e+00 -1.0708e+00 +4.0350e+00 +3.1817e+00 +2.5780e+00 -2.5483e+00
2 +1.005704050e+07 +1.005704050e+07 +1.005700480e+07 +1.005700480e+07 +1.0200e+00 -1.0516e+00 -1.4843e+00 -2.8598e+00 -4.1329e+00 +4.0505e+00 +5.9048e-01 +3.0659e+00 +1.3950e+00 -7.5105e-01
4 +4.322588527e+06 +4.322588527e+06 +4.322552827e+06 +4.322552827e+06 -2.2144e-01 -6.5462e-02 +1.1021e+00 -2.2487e+00 -3.2936e+00 -2.8933e-01 -4.2011e+00 +2.9713e+00 +3.3916e+00 +2.5909e+00
7 +2.889070782e+06 +2.889070782e+06 +2.889035082e+06 +2.889035082e+06 +1.3579e+00 +1.7269e+00 +2.9814e+00 +2.0252e+00 -4.9378e+00 -4.5448e+00 +2.7756e+00 +5.6927e-01 -1.9037e+00 +8.7466e-01
19 +1.718966636e+06 +1.718966636e+06 +1.718930936e+06 +1.718930936e+06 +5.7220e-01 +3.9479e+00 +4.3142e+00 -2.8591e+00 +6.5007e-03 +4.8200e+00 -1.6794e+00 -3.1205e+00 +7.0900e-01 +3.1864e+00
20 +1.506385638e+06 +1.506385638e+06 +1.506349938e+06 +1.506349938e+06 +1.4540e+00 -2.4719e+00 +1.9781e-01 -4.5799e+00 -9.3478e-01 +3.5262e+00 +3.2936e+00 -4.0382e-01 +7.8805e-01 +1.2525e+00
32 +2.767358248e+05 +2.767358248e+05 +2.767001248e+05 +2.767001248e+05 +4.7962e+00 -2.3092e+00 -1.6532e+00 -1.8117e+00 -2.8942e-02 -7.4655e-01 -2.3717e+00 -3.9710e-01 -3.9821e-01 +2.2897e+00
208 +2.496948433e+05 +2.496948433e+05 +2.496591433e+05 +2.496591433e+05 +4.8360e+00 +0.0000e+00 -4.5241e-01 -2.9019e+00 +1.6153e+00 -1.2094e+00 +2.1449e-01 -1.8884e+00 +1.2636e-01 +2.0754e+00
331 +1.336064970e+05 +1.336064970e+05 +1.335707970e+05 +1.335707970e+05 +3.2616e+00 +1.3441e+00 +0.0000e+00 -1.4312e+00 +2.7658e-02 -1.5882e-01 +1.4254e-01 -2.8674e-03 -2.0830e-01 +2.3213e+00
376 +7.872822845e+04 +7.872822845e+04 +7.869252845e+04 +7.869252845e+04 +2.5719e+00 -4.5508e-01 -2.0289e+00 -4.7612e+00 -2.8613e+00 -1.4056e+00 +2.1505e+00 -1.1188e+00 -3.7560e-01 +2.4766e+00
419 +5.485797224e+04 +5.485797224e+04 +5.482227224e+04 +5.482227224e+04 +1.9031e+00 -8.5574e-01 -1.8952e+00 -4.2674e+00 -1.1909e+00 -4.1847e+00 +2.7349e+00 -7.0425e-01 -4.9621e-01 +2.4512e+00
499 +1.153017054e+04 +1.153017054e+04 +1.149447054e+04 +1.149447054e+04 +2.6814e+00 -9.0497e-01 -3.5245e+00 -4.4821e+00 -1.8791e+00 -4.1570e+00 +2.7431e+00 -7.1695e-01 -3.9155e-01 +2.2860e+00
1436 +9.967119038e+03 +9.967119038e+03 +9.931419038e+03 +9.931419038e+03 +2.6500e+00 -1.4789e+00 -3.6181e+00 -4.5001e+00 -2.0565e+00 -4.1588e+00 +2.7993e+00 -9.0955e-01 -4.2792e-01 +2.2821e+00
2165 +5.380149208e+03 +5.380149208e+03 +5.344449208e+03 +5.344449208e+03 +8.7465e-01 +2.5188e+00 -2.2755e+00 -3.8703e+00 -3.9413e+00 -3.7259e+00 +2.5122e+00 -8.4672e-01 -4.6802e-01 +2.2447e+00
2374 +3.975901410e+03 +3.975901410e+03 +3.940201410e+03 +3.940201410e+03 +1.8251e+00 -3.0520e-01 -1.1445e+00 -2.5000e+00 -4.4025e+00 -3.8757e+00 +2.7011e+00 -8.0200e-01 -4.0917e-01 +2.2400e+00
% function evaluation | noise-free fitness - Fopt (2.070000000000e+01) | best noise-free fitness - Fopt | measured fitness | best measured fitness | x1 | x2...
1 +2.658774013e+07 +2.658774013e+07 +2.658776083e+07 +2.658776083e+07 -1.0901e+00 +3.6521e+00 -4.4451e+00 +2.4664e+00 -3.4639e+00 -2.7007e-01 -2.6227e+00 -3.9869e+00 -3.5471e+00 +3.6347e+00
2 +1.209895141e+07 +1.209895141e+07 +1.209897211e+07 +1.209897211e+07 +1.0656e+00 +2.8181e+00 +4.3530e-01 -3.1672e+00 +4.6802e+00 +3.2782e+00 +4.6112e+00 -1.9862e+00 -1.1207e+00 -3.6116e+00
3 +8.872727910e+06 +8.872727910e+06 +8.872748610e+06 +8.872748610e+06 +3.1066e+00 +3.4039e+00 -4.2266e+00 -3.3216e+00 -1.2324e+00 -1.9326e+00 +2.7222e+00 -4.2682e+00 -3.6091e+00 -1.3949e-01
6 +4.466700081e+06 +4.466700081e+06 +4.466720781e+06 +4.466720781e+06 +2.2929e+00 +2.6099e+00 -1.5254e+00 -7.4359e-01 -2.2847e+00 +4.0177e+00 +2.7931e+00 +4.9266e+00 +1.0819e+00 -2.3771e+00
17 +7.101849983e+05 +7.101849983e+05 +7.102056983e+05 +7.102056983e+05 +3.6348e+00 +2.2148e+00 +4.3082e+00 +2.7714e+00 -2.9232e+00 -4.9978e+00 +2.7761e+00 +1.4697e+00 +2.8778e+00 +1.2201e-01
37 +3.451980417e+05 +3.451980417e+05 +3.452187417e+05 +3.452187417e+05 +2.0127e+00 -4.5683e+00 -3.0223e+00 -4.1400e-01 +3.4735e+00 +3.0320e+00 +2.7112e+00 +1.9531e+00 +3.3435e+00 -6.5587e-01
107 +2.065265235e+05 +2.065265235e+05 +2.065472235e+05 +2.065472235e+05 +2.7725e+00 -1.4034e+00 -5.0000e+00 +1.2583e+00 +8.2724e-01 -2.8519e+00 +2.3763e+00 +1.1824e+00 +1.6598e+00 -6.6128e-01
401 +1.539454075e+05 +1.539454075e+05 +1.539661075e+05 +1.539661075e+05 +2.3946e+00 -2.5617e+00 -5.5298e-01 +1.6432e+00 -8.1818e-02 -3.7473e+00 +2.6077e+00 +2.4309e+00 +2.1658e+00 -7.3010e-01
721 +8.927549718e+04 +8.927549718e+04 +8.929619718e+04 +8.929619718e+04 +4.2044e+00 -1.0137e+00 -9.4908e-01 +1.6626e+00 -2.6748e+00 +3.9050e-01 +1.1749e+00 +2.1927e+00 +2.0698e+00 -6.1127e-01
741 +4.529266632e+04 +4.529266632e+04 +4.531336632e+04 +4.531336632e+04 +5.0000e+00 -2.2840e+00 -4.0605e-01 +2.6703e+00 +1.1701e+00 +0.0000e+00 -9.5541e-01 +1.5073e+00 +2.6143e+00 -4.9108e-01
991 +1.360473822e+04 +1.360473822e+04 +1.362543822e+04 +1.362543822e+04 +5.0000e+00 -2.2360e+00 -8.3814e-01 +2.0607e+00 +1.3179e-02 -1.0226e+00 -7.8408e-01 +2.0268e+00 +2.3355e+00 -6.9731e-01
1582 +6.192143325e+03 +6.192143325e+03 +6.212843325e+03 +6.212843325e+03 +5.0000e+00 +5.0000e+00 -2.9062e-02 +5.0000e+00 +8.2198e-01 -2.8799e+00 -5.5912e-01 +1.8607e+00 +2.3210e+00 -6.4423e-01
1842 +2.923781410e+03 +2.923781410e+03 +2.944481410e+03 +2.944481410e+03 +5.0000e+00 +4.5643e+00 +2.0829e-01 +1.8730e+00 +9.9367e-01 -2.4126e+00 -7.9159e-01 +1.8601e+00 +2.4211e+00 -6.2227e-01
2051 +2.494016875e+03 +2.494016875e+03 +2.514716875e+03 +2.514716875e+03 +5.0000e+00 +4.5549e+00 +9.4445e-02 +1.0290e+00 +1.9419e+00 -1.9681e+00 -7.1173e-01 +1.8858e+00 +2.4742e+00 -6.3815e-01
2274 +1.550129838e+03 +1.550129838e+03 +1.570829838e+03 +1.570829838e+03 +5.0000e+00 +5.0000e+00 +6.0644e-01 +7.2528e-01 +1.9894e+00 -2.4680e+00 -7.6825e-01 +1.7821e+00 +2.3804e+00 -6.4484e-01
2531 +7.987180937e+02 +7.987180937e+02 +8.194180937e+02 +8.194180937e+02 +5.0000e+00 +7.8804e-01 -2.3189e+00 +2.5065e-01 +2.4522e+00 -2.0231e+00 -6.1097e-01 +1.8433e+00 +2.3731e+00 -6.4560e-01
2718 +2.529238432e+02 +2.529238432e+02 +2.736238432e+02 +2.736238432e+02 +5.0000e+00 +2.4329e+00 -1.3965e+00 +1.0309e+00 +2.8361e+00 -2.1080e+00 -6.9338e-01 +1.8111e+00 +2.3977e+00 -6.2207e-01
2892 +2.400078749e+02 +2.400078749e+02 +2.607078749e+02 +2.607078749e+02 +5.0000e+00 +2.7473e+00 -1.5851e+00 +1.5371e+00 +2.8484e+00 -2.0993e+00 -7.1139e-01 +1.8141e+00 +2.3979e+00 -6.2315e-01
3166 +1.577257617e+02 +1.577257617e+02 +1.784257617e+02 +1.784257617e+02 +5.0000e+00 +1.6297e+00 -2.9641e+00 +1.3412e+00 +2.8830e+00 -2.0985e+00 -6.8905e-01 +1.8219e+00 +2.3962e+00 -6.3171e-01
3286 +9.832200598e+01 +9.832200598e+01 +1.190220060e+02 +1.190220060e+02 +5.0000e+00 -4.4811e-01 -2.8846e+00 +1.2876e+00 +2.8911e+00 -2.0867e+00 -6.7270e-01 +1.8148e+00 +2.3915e+00 -6.3171e-01
% function evaluation | noise-free fitness - Fopt (3.807000000000e+01) | best noise-free fitness - Fopt | measured fitness | best measured fitness | x1 | x2...
1 +4.431670811e+07 +4.431670811e+07 +4.431674618e+07 +4.431674618e+07 -2.8213e-01 -3.4774e+00 +3.2632e+00 +4.4668e-01 -1.5096e+00 +8.8524e-01 -4.0967e+00 +3.0271e+00 +2.1101e+00 +2.5100e+00
2 +1.357672520e+07 +1.357672520e+07 +1.357676327e+07 +1.357676327e+07 -5.2881e-01 +1.4703e+00 +1.6854e-01 +4.0208e-01 +1.4593e+00 -3.0843e+00 -2.9391e+00 -1.7885e+00 +3.6581e+00 -8.0249e-01
4 +8.024506045e+06 +8.024506045e+06 +8.024544115e+06 +8.024544115e+06 +4.8947e+00 +3.0285e+00 -3.4600e+00 -3.8013e+00 -4.0023e+00 +1.7703e+00 +1.9681e+00 +8.8709e-01 -2.5665e-02 -1.2144e+00
5 +1.047873427e+06 +1.047873427e+06 +1.047911497e+06 +1.047911497e+06 +3.9139e+00 +4.3056e+00 -4.9810e+00 -7.8069e-01 +2.5228e+00 +1.4500e+00 +4.8629e+00 -2.2030e+00 -2.1379e+00 -4.5487e+00
40 +8.946298814e+05 +8.946298814e+05 +8.946679514e+05 +8.946679514e+05 +3.2262e+00 -3.3426e+00 -2.8046e+00 +1.7119e-01 -3.0914e+00 -1.9640e+00 +1.3599e+00 +8.2088e-01 -1.3418e+00 -3.8474e+00
53 +5.772015750e+05 +5.772015750e+05 +5.772396450e+05 +5.772396450e+05 +5.0000e+00 +2.9031e+00 -3.1879e+00 +8.4816e-01 -2.9384e+00 -1.6872e+00 +2.9123e+00 +1.2937e-01 -1.2274e+00 -3.7208e+00
126 +1.809078653e+05 +1.809078653e+05 +1.809459353e+05 +1.809459353e+05 +4.8903e+00 +5.0000e+00 +0.0000e+00 +4.8432e+00 -2.8068e+00 -5.0000e+00 +2.3817e+00 -4.6108e+00 -1.6372e+00 -3.7828e+00
155 +1.120603383e+05 +1.120603383e+05 +1.120984083e+05 +1.120984083e+05 +4.7328e+00 +5.0000e+00 -3.6351e+00 +4.1562e+00 +1.8562e-01 -5.0000e+00 -5.1204e-01 -3.4471e+00 -1.1078e+00 -3.6074e+00
389 +6.576772244e+04 +6.576772244e+04 +6.580579244e+04 +6.580579244e+04 +2.2175e+00 +5.0000e+00 -5.0000e+00 -1.0475e+00 -1.4898e+00 +0.0000e+00 +2.4215e+00 -3.8536e+00 -1.0369e+00 -3.8541e+00
641 +6.250741003e+04 +6.250741003e+04 +6.254548003e+04 +6.254548003e+04 +4.8821e+00 +5.0000e+00 -4.5784e+00 -3.5415e+00 -5.1550e-02 +6.3754e-01 +1.0212e+00 -4.0115e+00 -9.3640e-01 -3.6453e+00
1049 +2.794056060e+04 +2.794056060e+04 +2.797863060e+04 +2.797863060e+04 +4.5358e+00 +5.0000e+00 -5.0000e+00 -4.9844e+00 +3.8969e-01 +1.1901e+00 +2.0935e+00 -3.3894e+00 -1.1646e+00 -3.6185e+00
1181 +2.221699216e+04 +2.221699216e+04 +2.225506216e+04 +2.225506216e+04 +4.5903e+00 +5.0000e+00 -5.0000e+00 -4.5598e+00 -3.6664e-01 +2.3028e-01 +1.8953e+00 -3.4146e+00 -1.1257e+00 -3.6041e+00
1461 +1.541558532e+04 +1.541558532e+04 +1.545365532e+04 +1.545365532e+04 +4.4433e+00 +5.0000e+00 -5.0000e+00 -3.5152e+00 -1.4171e-01 -4.3801e-02 +2.4661e+00 -3.4148e+00 -1.1312e+00 -3.7067e+00
1469 +8.978671708e+03 +8.978671708e+03 +9.016741708e+03 +9.016741708e+03 +4.1947e+00 +5.0000e+00 -5.0000e+00 -3.3450e+00 +1.1534e+00 -1.3676e+00 +2.4437e+00 -3.3485e+00 -1.2656e+00 -3.7042e+00
1994 +6.157382507e+03 +6.157382507e+03 +6.195452507e+03 +6.195452507e+03 +2.6568e+00 +5.0000e+00 -5.0000e+00 -2.7954e+00 +1.6040e+00 -9.9393e-01 +2.1009e+00 -3.2989e+00 -1.2012e+00 -3.6759e+00
2175 +3.826120444e+03 +3.826120444e+03 +3.864190444e+03 +3.864190444e+03 +3.2437e+00 +5.0000e+00 -5.0000e+00 -1.0376e+00 +3.4215e+00 -8.9332e-01 +2.1198e+00 -3.4891e+00 -1.1717e+00 -3.6967e+00
2245 +2.458225754e+03 +2.458225754e+03 +2.496295754e+03 +2.496295754e+03 +3.7500e+00 +4.7540e+00 -5.0000e+00 +0.0000e+00 +2.9147e+00 -1.1243e+00 +2.3885e+00 -3.4297e+00 -1.2177e+00 -3.6888e+00
2723 +1.500271129e+03 +1.500271129e+03 +1.538341129e+03 +1.538341129e+03 +4.7079e+00 +4.9967e+00 -2.7410e+00 -9.7174e-03 +3.0286e+00 -1.0428e+00 +2.1556e+00 -3.3918e+00 -1.1841e+00 -3.6705e+00
% function evaluation | noise-free fitness - Fopt (-4.542000000000e+01) | best noise-free fitness - Fopt | measured fitness | best measured fitness | x1 | x2...
1 +3.418571143e+07 +3.418571143e+07 +3.418566601e+07 +3.418566601e+07 +4.1756e+00 +2.9415e+00 +7.7674e-01 +4.1035e+00 -1.9222e+00 +2.0781e+00 -3.1023e+00 +3.7059e+00 +4.3884e+00 +3.2930e+00
2 +7.516021129e+06 +7.516021129e+06 +7.515975709e+06 +7.515975709e+06 -3.3341e+00 -3.7512e+00 -4.2124e+00 +1.5620e+00 +5.7837e-01 +2.8619e+00 -7.0005e-01 -3.0197e+00 -1.6815e+00 -4.0521e+00
4 +2.199937246e+06 +2.199937246e+06 +2.199891826e+06 +2.199891826e+06 -4.7371e+00 -4.4679e+00 +2.5137e+00 +4.2810e+00 +1.9523e+00 -1.0245e-01 +2.4157e+00 +2.0855e+00 -1.1655e+00 -4.0499e-01
5 +6.564007024e+05 +6.564007024e+05 +6.563552824e+05 +6.563552824e+05 -1.8991e+00 -4.7778e+00 +2.0731e+00 -1.2780e+00 -3.5331e-01 +2.8939e+00 +1.0572e+00 +1.0956e+00 -1.1079e+00 -1.8729e+00
40 +1.608565382e+05 +1.608565382e+05 +1.608111182e+05 +1.608111182e+05 -1.5975e+00 -2.7443e+00 +1.0624e+00 -2.4873e+00 -4.5591e+00 -1.9410e+00 +1.6792e+00 +4.5826e+00 -1.8326e+00 -1.7807e+00
124 +9.879757252e+04 +9.879757252e+04 +9.875215252e+04 +9.875215252e+04 -7.9486e-01 -2.3976e+00 +9.8683e-02 +0.0000e+00 -3.1220e+00 -1.7366e+00 +3.1773e+00 +4.0508e+00 -1.6487e+00 -1.6225e+00
482 +5.896503283e+04 +5.896503283e+04 +5.891961283e+04 +5.891961283e+04 -5.3911e-01 -2.6049e+00 +6.7031e-01 -4.1886e+00 -3.8947e+00 -8.9855e-01 +3.0646e+00 +3.8360e+00 -1.8465e+00 -1.5855e+00
1227 +1.113277272e+04 +1.113277272e+04 +1.108735272e+04 +1.108735272e+04 -1.2095e+00 -1.5520e+00 +1.0558e+00 -1.2851e+00 -6.9262e-01 +2.1199e+00 +3.6649e+00 +3.5594e+00 -2.0859e+00 -1.6992e+00
1585 +9.167262531e+03 +9.167262531e+03 +9.121842531e+03 +9.121842531e+03 -1.8452e+00 -7.3541e-01 +8.1899e-01 -6.9279e-01 -1.1481e+00 +4.8138e-01 +3.7674e+00 +3.5531e+00 -2.2030e+00 -1.6300e+00
1606 +5.589378080e+03 +5.589378080e+03 +5.543958080e+03 +5.543958080e+03 -1.0135e+00 -3.9515e-01 +1.0060e+00 -1.7762e+00 -4.8389e-01 +1.3721e+00 +3.5149e+00 +3.6063e+00 -2.1316e+00 -1.6280e+00
2093 +3.838007216e+03 +3.838007216e+03 +3.792587216e+03 +3.792587216e+03 -7.9132e-01 -5.2405e-01 +1.0999e+00 +1.5996e-01 +0.0000e+00 +1.0208e+00 +3.6328e+00 +3.6999e+00 -2.1354e+00 -1.6329e+00
% function evaluation | noise-free fitness - Fopt (6.695000000000e+01) | best noise-free fitness - Fopt | measured fitness | best measured fitness | x1 | x2...
1 +1.645887251e+07 +1.645887251e+07 +1.645893946e+07 +1.645893946e+07 +3.9746e+00 +2.0786e+00 +2.0835e+00 -2.7532e-01 +3.1973e+00 +2.0138e+00 -5.0747e-01 +4.9543e+00 -2.7331e+00 +2.5910e+00
2 +6.882967127e+06 +6.882967127e+06 +6.883034077e+06 +6.883034077e+06 -1.5601e+00 +2.6269e+00 +4.4205e+00 -4.7316e-01 +1.6324e+00 -3.8087e+00 +1.0944e+00 +8.7091e-01 +3.7473e+00 -1.8645e+00
3 +2.742399844e+06 +2.742399844e+06 +2.742466794e+06 +2.742466794e+06 -8.1583e-02 -2.9662e+00 -4.3911e+00 -1.1386e+00 -2.6075e+00 -1.3294e+00 -9.6865e-01 -3.9109e+00 +2.1843e-01 -9.0351e-01
4 +1.607281744e+06 +1.607281744e+06 +1.607348694e+06 +1.607348694e+06 -2.6480e+00 +1.5812e-01 +6.3841e-01 -2.8949e+00 -1.7469e-01 -3.5348e+00 +3.8368e-01 +4.5758e+00 -6.0789e-01 -2.2402e+00
10 +7.272901509e+05 +7.272901509e+05 +7.273571009e+05 +7.273571009e+05 -2.2319e+00 -1.7424e+00 -1.3070e+00 -1.7518e+00 +3.7553e-01 +1.1206e-01 -9.4195e-01 +1.8809e+00 -7.5003e-01 -1.8663e+00
50 +5.902044238e+05 +5.902044238e+05 +5.902713738e+05 +5.902713738e+05 -1.0833e+00 -5.0000e+00 -1.8154e+00 -4.6496e+00 +2.0709e+00 -1.2275e+00 -1.8011e+00 +1.0976e+00 -1.1310e+00 -1.0525e+00
83 +3.002382328e+05 +3.002382328e+05 +3.003051828e+05 +3.003051828e+05 -3.6741e-02 -4.9761e+00 +1.3703e+00 -4.6141e+00 -9.5079e-01 -5.6534e-01 +1.0534e+00 +9.3601e-01 -1.5379e+00 -1.7069e+00
90 +2.326628118e+05 +2.326628118e+05 +2.327297618e+05 +2.327297618e+05 +2.1098e+00 -3.3214e+00 +1.7889e+00 -5.0000e+00 -2.8311e+00 -2.5017e+00 +3.1989e+00 +3.0194e+00 -1.2413e+00 -1.4039e+00
189 +1.556422792e+05 +1.556422792e+05 +1.557092292e+05 +1.557092292e+05 +2.0350e+00 -1.0261e+00 +2.3759e-01 -4.3163e-02 -8.2608e-01 +2.4995e-01 +2.6659e+00 +6.1670e-01 -1.9512e+00 -1.4378e+00
545 +5.290483555e+04 +5.290483555e+04 +5.297178555e+04 +5.297178555e+04 +2.0275e+00 -1.5752e+00 -3.5261e+00 -3.8269e+00 -3.8210e+00 +2.0177e+00 +3.9942e+00 +1.1929e+00 -1.7090e+00 -1.4319e+00
1063 +3.106669554e+04 +3.106669554e+04 +3.113364554e+04 +3.113364554e+04 +3.6949e+00 +0.0000e+00 -2.0459e+00 -2.5750e+00 -4.2766e+00 +2.9897e+00 +4.1371e+00 +1.7176e+00 -1.6843e+00 -1.3331e+00
1223 +1.986346072e+04 +1.986346072e+04 +1.993041072e+04 +1.993041072e+04 +4.0611e+00 -1.7783e+00 -3.0849e+00 -3.1941e+00 -1.6607e+00 +3.6601e+00 +4.0522e+00 +1.5874e+00 -1.8033e+00 -1.4247e+00
1316 +1.252545405e+04 +1.252545405e+04 +1.259240405e+04 +1.259240405e+04 +3.8763e+00 -9.3048e-01 -3.1989e+00 -4.8417e+00 -8.4913e-01 +3.6521e+00 +3.9809e+00 +1.9154e+00 -1.7811e+00 -1.4101e+00
1384 +9.745485553e+03 +9.745485553e+03 +9.812435553e+03 +9.812435553e+03 +3.8199e+00 +1.0855e+00 -4.9339e+00 -4.9357e+00 +3.0571e+00 +3.5933e+00 +3.8226e+00 +2.0196e+00 -1.5867e+00 -1.3660e+00
1776 +4.068577538e+03 +4.068577538e+03 +4.135527538e+03 +4.135527538e+03 +5.0000e+00 -1.6671e+00 -2.7438e+00 -3.3534e+00 +1.6067e+00 +3.4729e+00 +4.0224e+00 +1.9610e+00 -1.6938e+00 -1.3812e+00
1824 +3.929667550e+03 +3.929667550e+03 +3.996617550e+03 +3.996617550e+03 +5.0000e+00 -3.1900e+00 -3.0427e+00 -3.5045e+00 +1.6404e+00 +3.5441e+00 +3.9892e+00 +1.8350e+00 -1.7004e+00 -1.3633e+00
2217 +1.886122508e+03 +1.886122508e+03 +1.953072508e+03 +1.953072508e+03 +5.0000e+00 -5.0000e+00 -4.7262e+00 -2.3809e+00 +3.7599e+00 +3.3163e+00 +3.8563e+00 +1.8914e+00 -1.7286e+00 -1.3642e+00
2318 +1.541497912e+03 +1.541497912e+03 +1.608447912e+03 +1.608447912e+03 +5.0000e+00 -5.0000e+00 -4.5048e+00 -1.4528e+00 +3.8511e+00 +3.3271e+00 +3.8465e+00 +1.8955e+00 -1.7368e+00 -1.3623e+00
2479 +9.452281912e+02 +9.452281912e+02 +1.012178191e+03 +1.012178191e+03 +5.0000e+00 -1.7400e+00 -4.2688e+00 -1.0059e+00 +2.5809e+00 +3.9420e+00 +3.9700e+00 +1.8850e+00 -1.7886e+00 -1.3767e+00
2595 +5.913863707e+02 +5.913863707e+02 +6.583363707e+02 +6.583363707e+02 +5.0000e+00 -5.9421e-01 -3.9485e+00 -1.0676e+00 +2.7192e+00 +3.9630e+00 +3.9945e+00 +1.8612e+00 -1.7387e+00 -1.3779e+00
2739 +3.802414607e+02 +3.802414607e+02 +4.471914607e+02 +4.471914607e+02 +5.0000e+00 -5.2973e-01 -4.0648e+00 -2.6815e-01 +2.8407e+00 +3.9050e+00 +3.9979e+00 +1.8850e+00 -1.7566e+00 -1.3746e+00
2896 +2.315875078e+02 +2.315875078e+02 +2.985375078e+02 +2.985375078e+02 +5.0000e+00 -1.8426e-01 -3.4656e+00 +0.0000e+00 +3.4338e+00 +3.6830e+00 +3.9362e+00 +1.8632e+00 -1.7479e+00 -1.3728e+00
2952 +1.334833132e+02 +1.334833132e+02 +2.004333132e+02 +2.004333132e+02 +5.0000e+00 -1.9410e-01 -2.9963e+00 +0.0000e+00 +3.4287e+00 +3.7195e+00 +3.9996e+00 +1.8831e+00 -1.7528e+00 -1.3730e+00
3315 +9.848673451e+01 +9.848673451e+01 +1.654367345e+02 +1.654367345e+02 +5.0000e+00 -5.1007e-01 -2.5000e+00 +0.0000e+00 +3.4898e+00 +3.7583e+00 +3.9958e+00 +1.8811e+00 -1.7515e+00 -1.3752e+00
% function evaluation | noise-free fitness - Fopt (5.832000000000e+01) | best noise-free fitness - Fopt | measured fitness | best measured fitness | x1 | x2...
1 +1.920590736e+06 +1.920590736e+06 +1.920649056e+06 +1.920649056e+06 -9.1217e-01 +2.2926e-01 -3.7515e+00 -1.4957e-01 +3.0961e+00 +1.9275e+00 -2.4958e+00 +4.9266e+00 +7.8174e-01 -4.9041e+00
21 +8.699878875e+05 +8.699878875e+05 +8.700462075e+05 +8.700462075e+05 -5.7541e-01 -3.0396e+00 +1.1168e+00 +4.9409e+00 +4.1282e+00 +3.2142e+00 +4.5699e+00 +4.3713e-01 +3.6156e+00 -3.6728e+00
155 +4.669580188e+05 +4.669580188e+05 +4.670163388e+05 +4.670163388e+05 +2.0355e+00 -4.0894e+00 -6.4773e-01 +1.9561e+00 +3.1469e-01 +4.4078e+00 +4.0767e+00 +1.4934e+00 +2.3051e+00 -4.0088e+00
175 +2.743372253e+05 +2.743372253e+05 +2.743955453e+05 +2.743955453e+05 +5.0000e+00 -1.8276e+00 -5.0000e+00 +1.6882e+00 -9.1410e-04 +8.2710e-01 +0.0000e+00 +1.1673e+00 +3.0597e+00 -3.7973e+00
210 +1.850409630e+05 +1.850409630e+05 +1.850992830e+05 +1.850992830e+05 +1.0162e+00 +0.0000e+00 -4.6693e+00 -4.3994e-01 -2.6525e+00 -8.8910e-01 +2.0179e-01 +1.5938e+00 +2.7805e+00 -3.7456e+00
238 +1.269445622e+05 +1.269445622e+05 +1.270028822e+05 +1.270028822e+05 +1.5831e+00 -2.3181e+00 -5.0000e+00 +4.9219e+00 +9.9145e-01 +7.3888e-01 +1.5280e+00 +1.9625e+00 +2.8428e+00 -3.9165e+00
252 +8.939696084e+04 +8.939696084e+04 +8.945528084e+04 +8.945528084e+04 +5.0000e+00 +1.2583e+00 -5.0000e+00 +5.0000e+00 +2.1281e+00 -4.0060e+00 -3.3855e-01 +2.3117e+00 +2.4158e+00 -4.1519e+00
372 +4.434762683e+04 +4.434762683e+04 +4.440594683e+04 +4.440594683e+04 +3.3082e+00 -2.5578e-01 -5.0000e+00 +5.0000e+00 -1.7944e+00 -2.1550e+00 +3.8239e-01 +2.2701e+00 +2.4751e+00 -3.9444e+00
662 +3.068187863e+04 +3.068187863e+04 +3.074019863e+04 +3.074019863e+04 +2.9339e+00 -2.1518e+00 -5.0000e+00 +5.0000e+00 +2.0296e-02 -3.5486e+00 -7.5507e-02 +3.0715e+00 +2.8373e+00 -3.8503e+00
837 +9.578828931e+03 +9.578828931e+03 +9.637148931e+03 +9.637148931e+03 +4.5570e+00 -1.5090e+00 -5.0000e+00 +5.0000e+00 -2.8909e+00 -2.5350e+00 -5.1354e-01 +2.8607e+00 +2.7688e+00 -3.9724e+00
1449 +6.043622924e+03 +6.043622924e+03 +6.101942924e+03 +6.101942924e+03 +4.4818e+00 -2.1004e+00 -5.0000e+00 +5.0000e+00 -4.6827e+00 -4.0227e+00 +2.6970e-01 +2.9828e+00 +2.6745e+00 -4.0014e+00
2098 +3.900721424e+03 +3.900721424e+03 +3.959041424e+03 +3.959041424e+03 +4.7700e+00 -2.1036e+00 -5.0000e+00 +5.0000e+00 -3.7833e+00 -3.2442e+00 +8.9858e-02 +2.9455e+00 +2.6854e+00 -4.0029e+00
% function evaluation | noise-free fitness - Fopt (1.932700000000e+02) | best noise-free fitness - Fopt | measured fitness | best measured fitness | x1 | x2...
1 +1.068668781e+07 +1.068668781e+07 +1.068688108e+07 +1.068688108e+07 +1.0145e+00 +4.1000e+00 -1.9316e+00 +1.2080e+00 -2.0133e+00 -4.6591e+00 -1.1055e+00 +3.1009e+00 +2.0178e+00 +9.3669e-01
2 +2.787545434e+06 +2.787545434e+06 +2.787738704e+06 +2.787738704e+06 -4.2215e+00 +1.4858e+00 +4.1185e+00 -3.2872e+00 -7.8283e-02 -1.5192e+00 +3.1297e+00 -2.6696e+00 +1.6158e+00 -2.1842e+00
12 +2.376701972e+06 +2.376701972e+06 +2.376895242e+06 +2.376895242e+06 +2.9873e+00 +2.1135e-01 -4.5639e+00 -2.8194e+00 -2.8204e+00 -4.6208e+00 -4.2575e+00 -2.8366e+00 +1.5649e+00 -9.7983e-01
19 +2.000225641e+05 +2.000225641e+05 +2.002158341e+05 +2.002158341e+05 +2.9229e+00 -4.3375e+00 -3.7459e+00 +1.9148e+00 -2.5400e-01 -3.5582e+00 -4.1784e+00 -2.3773e+00 -1.2167e+00 -1.1910e+00
195 +1.446787601e+05 +1.446787601e+05 +1.448720301e+05 +1.448720301e+05 +3.6186e+00 -1.7386e+00 -5.0000e+00 +1.9590e+00 +1.0020e+00 -4.5829e+00 -4.1285e+00 -2.7000e+00 -1.1904e+00 -1.3272e+00
355 +6.891267900e+04 +6.891267900e+04 +6.910594900e+04 +6.910594900e+04 +4.5503e+00 -3.1954e+00 -5.0000e+00 +2.6177e+00 +2.8885e+00 -5.0000e+00 -3.1220e+00 -2.7433e+00 -1.4033e+00 -1.3386e+00
535 +3.682668921e+04 +3.682668921e+04 +3.701995921e+04 +3.701995921e+04 +4.2979e+00 -5.0000e+00 -3.2652e+00 +4.0296e-01 +4.9770e+00 -2.4300e+00 -1.3323e+00 -3.5048e+00 -1.6302e+00 -1.5075e+00
768 +1.071786639e+04 +1.071786639e+04 +1.091113639e+04 +1.091113639e+04 +4.2834e+00 -5.0000e+00 -1.3277e+00 +3.2050e+00 +2.8080e+00 -1.9371e+00 -8.2314e-01 -2.9217e+00 -1.5889e+00 -1.4443e+00
1048 +7.651086792e+03 +7.651086792e+03 +7.844356792e+03 +7.844356792e+03 +4.0588e+00 -5.0000e+00 +0.0000e+00 +5.0000e+00 +2.9401e+00 -4.6141e+00 -6.2632e-01 -2.9132e+00 -1.5117e+00 -1.4578e+00
1361 +6.296056753e+03 +6.296056753e+03 +6.489326753e+03 +6.489326753e+03 +2.6067e+00 -5.0000e+00 -1.1186e-01 +4.9749e+00 +3.6540e+00 -4.5413e+00 -7.0040e-01 -2.8571e+00 -1.4975e+00 -1.4314e+00
1481 +2.722583523e+03 +2.722583523e+03 +2.915853523e+03 +2.915853523e+03 +2.5884e+00 -5.0000e+00 -3.3101e-02 +4.9750e+00 +3.9138e+00 -4.5242e+00 -7.0215e-01 -2.8182e+00 -1.5966e+00 -1.4373e+00
1745 +2.342030557e+03 +2.342030557e+03 +2.535300557e+03 +2.535300557e+03 +3.3686e+00 -4.8193e+00 +2.2565e+00 +4.9429e+00 +3.4931e+00 -4.1577e+00 -7.4599e-01 -2.7195e+00 -1.5689e+00 -1.4123e+00
1841 +1.515051317e+03 +1.515051317e+03 +1.708321317e+03 +1.708321317e+03 +2.3900e+00 -4.5819e+00 -3.1400e+00 +4.9806e+00 +3.0989e+00 -4.2665e+00 -8.3806e-01 -2.7050e+00 -1.6000e+00 -1.4382e+00
2081 +7.888984171e+02 +7.888984171e+02 +9.821684171e+02 +9.821684171e+02 +3.4701e+00 -4.1049e+00 -1.9829e+00 +4.9839e+00 +3.4874e+00 -4.0258e+00 -1.0305e+00 -2.7478e+00 -1.5842e+00 -1.4336e+00
2199 +5.609592026e+02 +5.609592026e+02 +7.542292026e+02 +7.542292026e+02 +3.5268e+00 -4.1278e+00 -1.0854e+00 +4.9803e+00 +3.6460e+00 -3.7569e+00 -1.0239e+00 -2.7267e+00 -1.5863e+00 -1.4393e+00
2403 +2.973206838e+02 +2.973206838e+02 +4.905906838e+02 +4.905906838e+02 +3.2642e+00 -4.4972e+00 -2.5505e-01 +4.9718e+00 +3.2914e+00 -3.8446e+00 -1.0234e+00 -2.6985e+00 -1.6029e+00 -1.4323e+00
2508 +2.066588812e+02 +2.066588812e+02 +3.999288812e+02 +3.999288812e+02 +3.7022e+00 -3.9858e+00 +1.3635e+00 +4.8577e+00 +3.3126e+00 -3.8519e+00 -9.6301e-01 -2.6795e+00 -1.6082e+00 -1.4417e+00
2624 +1.073903564e+02 +1.073903564e+02 +3.006603564e+02 +3.006603564e+02 +3.7400e+00 -3.9704e+00 +1.6211e+00 +4.7958e+00 +3.3973e+00 -3.8858e+00 -1.0438e+00 -2.7040e+00 -1.6169e+00 -1.4319e+00
2728 +8.997104769e+01 +8.997104769e+01 +2.832410477e+02 +2.832410477e+02 +3.6397e+00 -3.9069e+00 +1.5176e+00 +4.7973e+00 +3.5208e+00 -3.8847e+00 -1.0099e+00 -2.7017e+00 -1.6137e+00 -1.4359e+00
2881 +4.674356828e+01 +4.674356828e+01 +2.400135683e+02 +2.400135683e+02 +3.5398e+00 -3.6392e+00 +1.8158e+00 +4.4626e+00 +3.5023e+00 -3.8263e+00 -1.0192e+00 -2.7155e+00 -1.6095e+00 -1.4404e+00
2933 +3.617870107e+01 +3.617870107e+01 +2.294487011e+02 +2.294487011e+02 +3.7011e+00 -3.4698e+00 +1.8350e+00 +4.4030e+00 +3.4593e+00 -3.8538e+00 -1.0234e+00 -2.7164e+00 -1.6082e+00 -1.4405e+00
3041 +2.104391581e+01 +2.104391581e+01 +2.143139158e+02 +2.143139158e+02 +3.9076e+00 -3.5573e+00 +1.8955e+00 +4.1089e+00 +3.3972e+00 -3.8968e+00 -1.0377e+00 -2.7255e+00 -1.6069e+00 -1.4386e+00
3110 +1.481885696e+01 +1.481885696e+01 +2.080888570e+02 +2.080888570e+02 +3.8267e+00 -3.3808e+00 +1.6563e+00 +4.0528e+00 +3.4082e+00 -3.8798e+00 -1.0382e+00 -2.7198e+00 -1.6090e+00 -1.4380e+00
3268 +9.038427148e+00 +9.038427148e+00 +2.023084271e+02 +2.023084271e+02 +2.5178e+00 -3.2359e+00 +1.7698e+00 +3.9857e+00 +3.4440e+00 -3.8805e+00 -1.0508e+00 -2.7155e+00 -1.6133e+00 -1.4382e+00
3344 +5.070479190e+00 +5.070479190e+00 +1.983404792e+02 +1.983404792e+02 +2.5343e+00 -3.0084e+00 +2.2338e+00 +4.1558e+00 +3.4345e+00 -3.8778e+00 -1.0420e+00 -2.7160e+00 -1.6125e+00 -1.4375e+00
3440 +3.522752847e+00 +3.522752847e+00 +1.967927528e+02 +1.967927528e+02 +2.5000e+00 -3.3347e+00 +1.8748e+00 +4.0019e+00 +3.4219e+00 -3.8781e+00 -1.0264e+00 -2.7190e+00 -1.6120e+00 -1.4383e+00
3511 +2.142648535e+00 +2.142648535e+00 +1.954126485e+02 +1.954126485e+02 +2.5271e+00 -3.1496e+00 +2.0620e+00 +4.0615e+00 +3.4326e+00 -3.8756e+00 -1.0290e+00 -2.7208e+00 -1.6127e+00 -1.4372e+00
3614 +1.290978344e+00 +1.290978344e+00 +1.945609783e+02 +1.945609783e+02 +2.5000e+00 -3.5862e+00 +2.1577e+00 +3.9988e+00 +3.3945e+00 -3.8727e+00 -1.0344e+00 -2.7162e+00 -1.6148e+00 -1.4378e+00
3635 +7.192577613e-01 +7.192577613e-01 +1.939892578e+02 +1.939892578e+02 +2.5142e+00 -3.4904e+00 +2.0864e+00 +3.9640e+00 +3.4179e+00 -3.8700e+00 -1.0280e+00 -2.7177e+00 -1.6141e+00 -1.4376e+00
3642 +5.237816421e-01 +5.237816421e-01 +1.937937816e+02 +1.937937816e+02 +2.5000e+00 -3.3638e+00 +2.1436e+00 +3.9749e+00 +3.4172e+00 -3.8660e+00 -1.0344e+00 -2.7178e+00 -1.6143e+00 -1.4378e+00
3785 +3.410320731e-01 +3.410320731e-01 +1.936110321e+02 +1.936110321e+02 +2.5063e+00 -3.3543e+00 +2.1661e+00 +3.9899e+00 +3.4142e+00 -3.8711e+00 -1.0322e+00 -2.7180e+00 -1.6143e+00 -1.4376e+00
3957 +2.505261462e-01 +2.505261462e-01 +1.935205261e+02 +1.935205261e+02 +2.5048e+00 -3.3815e+00 +2.1754e+00 +3.9845e+00 +3.4183e+00 -3.8689e+00 -1.0325e+00 -2.7178e+00 -1.6137e+00 -1.4375e+00
% function evaluation | noise-free fitness - Fopt (-4.190100000000e+02) | best noise-free fitness - Fopt | measured fitness | best measured fitness | x1 | x2...
1 +1.336764846e+07 +1.336764846e+07 +1.336722945e+07 +1.336722945e+07 -8.1521e-01 +1.9820e+00 -1.5585e+00 +3.3024e+00 -1.5837e+00 +3.4661e+00 -8.0137e-01 +2.9922e+00 -4.0749e+00 -1.1333e+00
2 +2.993262377e+06 +2.993262377e+06 +2.992843367e+06 +2.992843367e+06 -1.3346e+00 -2.6893e+00 -4.9478e+00 -4.9308e+00 +2.3747e+00 -7.7289e-01 +6.8930e-01 -9.7890e-01 +4.2100e+00 -3.1055e+00
3 +3.554255648e+05 +3.554255648e+05 +3.550065548e+05 +3.550065548e+05 +1.2298e-01 +2.1498e-01 +1.9111e+00 +2.9133e-01 -1.1379e+00 +4.2208e+00 +1.5270e+00 +2.2087e+00 +9.9674e-01 -3.8812e+00
16 +1.681315228e+05 +1.681315228e+05 +1.677125128e+05 +1.677125128e+05 +4.6582e-01 -1.7172e+00 +3.1791e+00 +1.8019e+00 +2.8368e+00 +4.5338e-02 -2.6682e+00 -9.6527e-01 +6.3983e-01 -4.1269e+00
228 +5.989554748e+04 +5.989554748e+04 +5.947653748e+04 +5.947653748e+04 -1.0395e+00 +5.0000e+00 +1.5744e+00 +3.0898e+00 +5.0000e+00 +1.0470e+00 -1.0611e+00 +4.5936e-01 +1.0450e+00 -3.9387e+00
1079 +3.670080514e+04 +3.670080514e+04 +3.628179514e+04 +3.628179514e+04 -2.5274e+00 +1.1231e+00 +1.8052e+00 +2.4645e+00 +3.7742e+00 -1.5646e+00 -5.0141e-01 +5.0719e-01 +7.0505e-01 -3.9214e+00
1585 +2.295630412e+04 +2.295630412e+04 +2.253729412e+04 +2.253729412e+04 -5.0000e+00 -1.3624e+00 +2.3995e+00 +1.3251e+00 +9.6278e-01 -2.5607e+00 -2.5279e+00 +4.8740e-01 +8.8406e-01 -3.9496e+00
1698 +8.198455037e+03 +8.198455037e+03 +7.779445037e+03 +7.779445037e+03 -5.0000e+00 -2.8245e+00 +8.6182e-01 +2.2360e+00 +4.7353e-01 -1.9578e+00 -1.6370e+00 +2.1478e-01 +9.3274e-01 -3.9239e+00
1966 +6.132821978e+03 +6.132821978e+03 +5.713811978e+03 +5.713811978e+03 -5.0000e+00 -2.7185e+00 +1.3262e+00 +2.4278e+00 +4.7583e-02 -1.7750e+00 -1.3756e+00 +1.7575e-01 +8.0503e-01 -3.9337e+00
2191 +3.366667816e+03 +3.366667816e+03 +2.947657816e+03 +2.947657816e+03 -5.0000e+00 -2.9061e+00 +2.4532e+00 +0.0000e+00 +5.8684e-03 -1.8566e+00 -1.4857e+00 +2.4382e-01 +8.8422e-01 -3.8992e+00
2733 +2.498258469e+03 +2.498258469e+03 +2.079248469e+03 +2.079248469e+03 -5.0000e+00 -3.0327e+00 +0.0000e+00 +0.0000e+00 +6.8712e-03 -1.8085e+00 -1.5066e+00 +2.4305e-01 +8.4670e-01 -3.9079e+00
% function evaluation | noise-free fitness - Fopt (4.076100000000e+02) | best noise-free fitness - Fopt | measured fitness | best measured fitness | x1 | x2...
1 +1.379060754e+06 +1.379060754e+06 +1.379468364e+06 +1.379468364e+06 -3.3500e+00 +1.4525e+00 -4.1409e+00 -2.0007e+00 -1.3481e+00 +4.2752e+00 -1.1310e+00 -9.8652e-01 +1.1271e+00 +3.3153e+00
2 +6.397706237e+05 +6.397706237e+05 +6.401782337e+05 +6.401782337e+05 -1.8727e+00 -1.9043e+00 -2.2869e+00 +1.4727e+00 +1.6260e+00 -3.1499e+00 +4.0713e+00 -3.1688e+00 +3.3959e+00 +2.6381e+00
48 +6.304197740e+05 +6.304197740e+05 +6.308273840e+05 +6.308273840e+05 -1.8314e+00 -6.6073e-01 -3.2251e+00 +4.2463e+00 +1.7557e+00 -1.0364e-01 +2.1999e+00 -2.3682e+00 +2.5708e+00 +2.5101e+00
164 +2.320158210e+05 +2.320158210e+05 +2.324234310e+05 +2.324234310e+05 +4.8789e+00 -1.7695e+00 -8.6452e-01 -3.8466e+00 -2.3035e+00 +3.6950e+00 -6.2216e-01 -1.0024e+00 +4.4358e+00 +2.9317e+00
364 +1.167322576e+05 +1.167322576e+05 +1.171398676e+05 +1.171398676e+05 +4.9381e+00 -1.8169e+00 -3.5002e-01 -3.1334e+00 -5.0000e+00 +3.4001e+00 +3.8079e-01 -2.3449e+00 +3.4278e+00 +2.8803e+00
399 +9.916231142e+04 +9.916231142e+04 +9.956992142e+04 +9.956992142e+04 +5.0000e+00 -2.0770e+00 +1.3423e-01 -4.8775e+00 -5.0000e+00 +2.6440e+00 -8.9926e-01 -1.2777e+00 +3.4106e+00 +3.1684e+00
874 +6.124207608e+04 +6.124207608e+04 +6.164968608e+04 +6.164968608e+04 +5.0000e+00 -4.9822e+00 -1.5396e+00 -4.9187e+00 -5.0000e+00 +2.5930e+00 -2.9753e+00 -2.6388e+00 +3.5246e+00 +3.0558e+00
1226 +3.951144761e+04 +3.951144761e+04 +3.991905761e+04 +3.991905761e+04 +5.0000e+00 -4.5061e+00 +2.9544e+00 -4.9378e+00 -4.9959e+00 +2.9146e+00 -1.5165e+00 -1.7490e+00 +3.5989e+00 +2.9448e+00
1606 +2.222904788e+04 +2.222904788e+04 +2.263665788e+04 +2.263665788e+04 +4.9695e+00 -5.0000e+00 +2.8618e+00 -2.1020e+00 -4.0885e+00 +2.1424e+00 -1.8369e+00 -1.8500e+00 +3.5639e+00 +3.0240e+00
1899 +1.454239630e+04 +1.454239630e+04 +1.495000630e+04 +1.495000630e+04 +4.9208e+00 -5.0000e+00 +3.8319e+00 -1.3365e+00 -1.5046e+00 +2.0050e+00 -1.6106e+00 -2.0573e+00 +3.5250e+00 +3.0645e+00
2006 +9.880287830e+03 +9.880287830e+03 +1.028789783e+04 +1.028789783e+04 +4.9274e+00 -5.0000e+00 +1.4314e+00 -5.2926e-01 -1.2891e+00 +1.4949e+00 -2.0147e+00 -2.0353e+00 +3.5719e+00 +3.0384e+00
2069 +5.961645775e+03 +5.961645775e+03 +6.369255775e+03 +6.369255775e+03 +4.8741e+00 -5.0000e+00 +1.5149e+00 +0.0000e+00 -4.0870e-01 +2.3552e+00 -1.9118e+00 -1.8741e+00 +3.5517e+00 +2.9843e+00
2391 +3.931749803e+03 +3.931749803e+03 +4.339359803e+03 +4.339359803e+03 +4.9388e+00 -5.0000e+00 +5.5687e-01 +0.0000e+00 +0.0000e+00 +1.9101e+00 -1.8712e+00 -2.0535e+00 +3.5444e+00 +2.9952e+00
% function evaluation | noise-free fitness - Fopt (2.872000000000e+01) | best noise-free fitness - Fopt | measured fitness | best measured fitness | x1 | x2...
1 +3.395131192e+06 +3.395131192e+06 +3.395159912e+06 +3.395159912e+06 +5.5810e-01 +2.4063e+00 +4.5649e+00 -4.4066e+00 -2.2836e+00 -5.7585e-01 +3.4052e+00 +1.3181e+00 -1.8601e+00 -3.8294e+00
8 +2.023402591e+05 +2.023402591e+05 +2.023689791e+05 +2.023689791e+05 -2.2644e-01 +3.3282e+00 -4.5592e+00 -2.2709e+00 +4.9418e+00 -2.7636e-01 +2.0045e+00 +2.3680e+00 +1.6124e+00 -3.4203e+00
78 +4.921195721e+04 +4.921195721e+04 +4.924067721e+04 +4.924067721e+04 -3.0747e+00 +2.6702e+00 -5.0000e+00 -3.8883e+00 +2.5235e+00 -8.3799e-01 +9.8279e-01 +1.5636e+00 +2.1507e+00 -3.5838e+00
88 +2.996372170e+04 +2.996372170e+04 +2.999244170e+04 +2.999244170e+04 -5.0000e+00 +0.0000e+00 -5.0000e+00 -3.6246e+00 +9.5597e-01 -6.6195e-01 +5.4878e-01 +1.2068e+00 +1.9793e+00 -3.6817e+00
803 +2.299412079e+04 +2.299412079e+04 +2.302284079e+04 +2.302284079e+04 -5.0000e+00 +8.5584e-01 -5.0000e+00 -2.7294e+00 +2.9756e-02 -6.1943e-01 -1.0787e+00 +1.4675e+00 +1.9935e+00 -3.7381e+00
973 +1.411234385e+04 +1.411234385e+04 +1.414106385e+04 +1.414106385e+04 -5.0000e+00 +1.0764e+00 -5.0000e+00 -1.9907e+00 -1.2204e+00 -2.2658e-01 -3.2381e-01 +1.6125e+00 +2.1097e+00 -3.6532e+00
1213 +6.136927204e+03 +6.136927204e+03 +6.165647204e+03 +6.165647204e+03 -5.0000e+00 +9.7281e-01 -5.0000e+00 -2.2607e+00 -1.5928e+00 -1.2735e+00 -3.5212e-01 +1.5903e+00 +2.0670e+00 -3.6563e+00
1618 +3.300945035e+03 +3.300945035e+03 +3.329665035e+03 +3.329665035e+03 -5.0000e+00 +1.9348e+00 -5.0000e+00 -1.0276e+00 -2.0762e+00 -2.3531e+00 -3.5603e-01 +1.9589e+00 +2.0139e+00 -3.7114e+00
1798 +9.569487054e+02 +9.569487054e+02 +9.856687054e+02 +9.856687054e+02 -5.0000e+00 -3.0501e-01 -5.0000e+00 +0.0000e+00 -1.9737e+00 -1.9885e+00 -1.5485e-01 +1.9108e+00 +1.9898e+00 -3.6679e+00
2204 +6.115988787e+02 +6.115988787e+02 +6.403188787e+02 +6.403188787e+02 -5.0000e+00 -5.7981e-01 -5.0000e+00 +0.0000e+00 -1.8589e+00 -2.1013e+00 -2.3842e-02 +1.8424e+00 +2.0064e+00 -3.6713e+00
2340 +3.369643869e+02 +3.369643869e+02 +3.656843869e+02 +3.656843869e+02 -5.0000e+00 -8.4998e-01 -5.0000e+00 -5.5934e-02 -1.9514e+00 -2.3395e+00 -1.2933e-01 +1.7873e+00 +1.9972e+00 -3.6752e+00
2348 +2.270669763e+02 +2.270669763e+02 +2.557869763e+02 +2.557869763e+02 -5.0000e+00 -9.1828e-01 -5.0000e+00 +0.0000e+00 -1.9171e+00 -2.1098e+00 -2.1018e-01 +1.8137e+00 +2.0118e+00 -3.6729e+00
2780 +1.436084768e+02 +1.436084768e+02 +1.723284768e+02 +1.723284768e+02 -5.0000e+00 -2.2339e+00 -5.0000e+00 +0.0000e+00 -1.7816e+00 -2.1147e+00 -2.2664e-01 +1.8008e+00 +1.9968e+00 -3.6767e+00
