% function evaluation | noise-free fitness - Fopt (-1.694000000000e+01) | best noise-free fitness - Fopt | measured fitness | best measured fitness | x1 | x2...
1 +1.672598243e+01 +1.672598243e+01 -2.140175720e-01 -2.140175720e-01 +1.6762e+00 -5.6416e-01
3 +9.611567305e+00 +9.611567305e+00 -7.328432695e+00 -7.328432695e+00 +4.9002e+00 +9.7428e-01
26 +2.219687422e+00 +2.219687422e+00 -1.472031258e+01 -1.472031258e+01 +3.9896e+00 +6.8509e-01
304 +8.867629633e-01 +8.867629633e-01 -1.605323704e+01 -1.605323704e+01 +3.3601e+00 +3.2237e+00
735 +3.312480907e-01 +3.312480907e-01 -1.660875191e+01 -1.660875191e+01 +3.6869e+00 +2.7178e+00
1823 +2.482697126e-01 +2.482697126e-01 -1.669173029e+01 -1.669173029e+01 +3.5264e+00 +2.7284e+00
2205 +1.083443631e-01 +1.083443631e-01 -1.683165564e+01 -1.683165564e+01 +3.6420e+00 +2.6451e+00
2206 +9.770487537e-02 +9.770487537e-02 -1.684229512e+01 -1.684229512e+01 +3.6264e+00 +2.6463e+00
4592 +5.764499997e-02 +5.764499997e-02 -1.688235500e+01 -1.688235500e+01 +3.6264e+00 +2.5733e+00
4958 +3.761207319e-02 +3.761207319e-02 -1.690238793e+01 -1.690238793e+01 +3.6420e+00 +2.5733e+00
% function evaluation | noise-free fitness - Fopt (1.881000000000e+01) | best noise-free fitness - Fopt | measured fitness | best measured fitness | x1 | x2...
1 +2.582722300e+02 +2.582722300e+02 +2.770822300e+02 +2.770822300e+02 +4.7371e+00 -4.9989e+00
2 +9.823706112e+00 +9.823706112e+00 +2.863370611e+01 +2.863370611e+01 +1.1159e-01 -1.0120e+00
3 +2.064376725e+00 +2.064376725e+00 +2.087437673e+01 +2.087437673e+01 +6.2968e-01 +1.4774e+00
292 +8.417007462e-01 +8.417007462e-01 +1.965170075e+01 +1.965170075e+01 +4.1492e-01 +1.8887e+00
323 +5.381284448e-01 +5.381284448e-01 +1.934812844e+01 +1.934812844e+01 -4.2675e-01 +1.6947e+00
659 +2.648125460e-01 +2.648125460e-01 +1.907481255e+01 +1.907481255e+01 -1.7675e-01 +1.6949e+00
1160 +2.432575092e-01 +2.432575092e-01 +1.905325751e+01 +1.905325751e+01 +8.9050e-02 +1.6952e+00
1254 +1.390993202e-01 +1.390993202e-01 +1.894909932e+01 +1.894909932e+01 -2.1334e-01 +1.7540e+00
1699 +6.302012025e-02 +6.302012025e-02 +1.887302012e+01 +1.887302012e+01 -1.5572e-01 +1.7572e+00
2564 +3.548355363e-02 +3.548355363e-02 +1.884548355e+01 +1.884548355e+01 -1.8088e-01 +1.7851e+00
3421 +2.076929075e-02 +2.076929075e-02 +1.883076929e+01 +1.883076929e+01 -1.8088e-01 +1.7807e+00
% function evaluation | noise-free fitness - Fopt (2.731500000000e+02) | best noise-free fitness - Fopt | measured fitness | best measured fitness | x1 | x2...
1 +5.123493456e+01 +5.123493456e+01 +3.243849346e+02 +3.243849346e+02 -2.0006e+00 -1.9127e+00
2 +6.300423547e+00 +6.300423547e+00 +2.794504235e+02 +2.794504235e+02 -3.6554e+00 -2.7871e-01
38 +2.137553944e+00 +2.137553944e+00 +2.752875539e+02 +2.752875539e+02 -4.0931e+00 +3.3331e+00
50 +9.287499611e-01 +9.287499611e-01 +2.740787500e+02 +2.740787500e+02 -3.7901e+00 +3.8351e+00
547 +2.991843422e-01 +2.991843422e-01 +2.734491843e+02 +2.734491843e+02 -3.4339e+00 +3.9882e+00
875 +2.456471779e-01 +2.456471779e-01 +2.733956472e+02 +2.733956472e+02 -3.5384e+00 +3.9882e+00
1649 +1.057173386e-01 +1.057173386e-01 +2.732557173e+02 +2.732557173e+02 -3.5148e+00 +3.8713e+00
1785 +9.763009105e-02 +9.763009105e-02 +2.732476301e+02 +2.732476301e+02 -3.5265e+00 +3.8091e+00
1968 +4.318259936e-03 +4.318259936e-03 +2.731543183e+02 +2.731543183e+02 -3.5773e+00 +3.7568e+00
3867 +3.023185537e-03 +3.023185537e-03 +2.731530232e+02 +2.731530232e+02 -3.5778e+00 +3.7568e+00
% function evaluation | noise-free fitness - Fopt (3.718000000000e+01) | best noise-free fitness - Fopt | measured fitness | best measured fitness | x1 | x2...
1 +2.013249555e+01 +2.013249555e+01 +5.731249555e+01 +5.731249555e+01 -5.5492e-01 -4.5000e+00
6 +2.219888843e+00 +2.219888843e+00 +3.939988884e+01 +3.939988884e+01 -4.6802e+00 +2.3089e+00
44 +1.193542464e+00 +1.193542464e+00 +3.837354246e+01 +3.837354246e+01 -4.3661e+00 +2.0730e+00
362 +7.425884309e-01 +7.425884309e-01 +3.792258843e+01 +3.792258843e+01 -3.1550e+00 +2.0105e+00
537 +1.149045796e-01 +1.149045796e-01 +3.729490458e+01 +3.729490458e+01 -3.8644e+00 +2.0456e+00
1378 +6.282428100e-02 +6.282428100e-02 +3.724282428e+01 +3.724282428e+01 -3.8644e+00 +2.0417e+00
2342 +3.297982446e-02 +3.297982446e-02 +3.721297982e+01 +3.721297982e+01 -3.9009e+00 +2.0724e+00
2732 +4.878403925e-03 +4.878403925e-03 +3.718487840e+01 +3.718487840e+01 -3.9009e+00 +2.0612e+00
3426 +3.169361248e-03 +3.169361248e-03 +3.718316936e+01 +3.718316936e+01 -3.9007e+00 +2.0611e+00
4158 +3.693658352e-04 +3.693658352e-04 +3.718036937e+01 +3.718036937e+01 -3.8989e+00 +2.0600e+00
% function evaluation | noise-free fitness - Fopt (-1.479000000000e+02) | best noise-free fitness - Fopt | measured fitness | best measured fitness | x1 | x2...
1 +2.802977496e+01 +2.802977496e+01 -1.198702250e+02 -1.198702250e+02 +2.0025e+00 +1.4181e-02
4 +1.505009543e+01 +1.505009543e+01 -1.328499046e+02 -1.328499046e+02 -3.3447e+00 +3.2699e+00
9 +1.137984119e+00 +1.137984119e+00 -1.467620159e+02 -1.467620159e+02 -1.8802e+00 +7.5759e-01
355 +8.947297903e-01 +8.947297903e-01 -1.470052702e+02 -1.470052702e+02 -1.3990e+00 -2.0682e-01
377 +2.418248403e-01 +2.418248403e-01 -1.476581752e+02 -1.476581752e+02 -1.5510e+00 +3.8504e-02
1907 +1.573588360e-01 +1.573588360e-01 -1.477426412e+02 -1.477426412e+02 -1.7549e+00 +2.5146e-01
2375 +3.230186633e-02 +3.230186633e-02 -1.478676981e+02 -1.478676981e+02 -1.6548e+00 +1.1304e-01
% function evaluation | noise-free fitness - Fopt (-2.218900000000e+02) | best noise-free fitness - Fopt | measured fitness | best measured fitness | x1 | x2...
1 +1.550002968e+02 +1.550002968e+02 -6.688970325e+01 -6.688970325e+01 +2.5507e+00 +2.4527e+00
2 +5.472604075e+01 +5.472604075e+01 -1.671639592e+02 -1.671639592e+02 +1.4799e-01 -6.8114e-01
4 +2.858471296e+01 +2.858471296e+01 -1.933052870e+02 -1.933052870e+02 -2.9014e+00 -4.6306e+00
6 +6.338811792e+00 +6.338811792e+00 -2.155511882e+02 -2.155511882e+02 -2.6621e+00 +1.8540e+00
21 +2.445674903e+00 +2.445674903e+00 -2.194443251e+02 -2.194443251e+02 -3.6561e+00 -7.0039e-01
150 +1.401134830e+00 +1.401134830e+00 -2.204888652e+02 -2.204888652e+02 -4.8996e+00 +9.7890e-01
423 +2.677432609e-01 +2.677432609e-01 -2.216222567e+02 -2.216222567e+02 -3.7485e+00 +1.0701e-01
668 +7.650901428e-02 +7.650901428e-02 -2.218134910e+02 -2.218134910e+02 -3.8633e+00 +2.1895e-01
1853 +6.100314041e-02 +6.100314041e-02 -2.218289969e+02 -2.218289969e+02 -3.8662e+00 +2.1944e-01
3146 +3.854053721e-02 +3.854053721e-02 -2.218514595e+02 -2.218514595e+02 -3.9142e+00 +2.2774e-01
4311 +1.439012755e-02 +1.439012755e-02 -2.218756099e+02 -2.218756099e+02 -3.9337e+00 +2.4299e-01
% function evaluation | noise-free fitness - Fopt (1.195400000000e+02) | best noise-free fitness - Fopt | measured fitness | best measured fitness | x1 | x2...
1 +2.285360015e+01 +2.285360015e+01 +1.423936002e+02 +1.423936002e+02 -4.2908e+00 -2.1558e+00
3 +3.184440443e+00 +3.184440443e+00 +1.227244404e+02 +1.227244404e+02 +2.5259e+00 +6.4377e-01
33 +2.419488698e+00 +2.419488698e+00 +1.219594887e+02 +1.219594887e+02 +1.4345e+00 +4.2221e-01
212 +9.108061300e-01 +9.108061300e-01 +1.204508061e+02 +1.204508061e+02 +1.6329e+00 +6.3499e-01
885 +6.248200268e-01 +6.248200268e-01 +1.201648200e+02 +1.201648200e+02 +1.8569e+00 +8.2450e-01
1157 +2.552368983e-01 +2.552368983e-01 +1.197952369e+02 +1.197952369e+02 +1.2918e+00 +9.4141e-01
1305 +1.279470600e-01 +1.279470600e-01 +1.196679471e+02 +1.196679471e+02 +1.3889e+00 +9.4141e-01
2236 +9.952591031e-02 +9.952591031e-02 +1.196395259e+02 +1.196395259e+02 +1.3748e+00 +9.4154e-01
2578 +5.768283475e-02 +5.768283475e-02 +1.195976828e+02 +1.195976828e+02 +1.3555e+00 +9.0444e-01
2609 +3.952809860e-02 +3.952809860e-02 +1.195795281e+02 +1.195795281e+02 +1.2913e+00 +9.1041e-01
3407 +1.485496979e-02 +1.485496979e-02 +1.195548550e+02 +1.195548550e+02 +1.3264e+00 +9.1017e-01
4594 +9.134590599e-03 +9.134590599e-03 +1.195491346e+02 +1.195491346e+02 +1.3246e+00 +9.1058e-01
5041 +4.589563482e-03 +4.589563482e-03 +1.195445896e+02 +1.195445896e+02 +1.3215e+00 +9.0821e-01
% function evaluation | noise-free fitness - Fopt (6.983000000000e+01) | best noise-free fitness - Fopt | measured fitness | best measured fitness | x1 | x2...
1 +1.606116257e+01 +1.606116257e+01 +8.589116257e+01 +8.589116257e+01 +4.3492e+00 -3.0338e+00
2 +1.406396274e+01 +1.406396274e+01 +8.389396274e+01 +8.389396274e+01 -2.7290e+00 +3.0818e+00
4 +1.299820145e+00 +1.299820145e+00 +7.112982014e+01 +7.112982014e+01 -2.8253e+00 -1.8108e+00
254 +2.638339690e-01 +2.638339690e-01 +7.009383397e+01 +7.009383397e+01 -3.1335e+00 -1.4672e+00
1033 +1.573473195e-01 +1.573473195e-01 +6.998734732e+01 +6.998734732e+01 -2.7558e+00 -1.5158e+00
1424 +9.825962664e-02 +9.825962664e-02 +6.992825963e+01 +6.992825963e+01 -2.9714e+00 -1.4638e+00
1825 +3.196977878e-02 +3.196977878e-02 +6.986196978e+01 +6.986196978e+01 -2.8388e+00 -1.4672e+00
2152 +2.280541543e-02 +2.280541543e-02 +6.985280542e+01 +6.985280542e+01 -2.8721e+00 -1.4594e+00
3107 +7.802128059e-03 +7.802128059e-03 +6.983780213e+01 +6.983780213e+01 -2.8700e+00 -1.4573e+00
4878 +5.722720872e-03 +5.722720872e-03 +6.983572272e+01 +6.983572272e+01 -2.8637e+00 -1.4574e+00
% function evaluation | noise-free fitness - Fopt (7.000000000000e-02) | best noise-free fitness - Fopt | measured fitness | best measured fitness | x1 | x2...
1 +3.089917049e+01 +3.089917049e+01 +3.096917049e+01 +3.096917049e+01 -4.3650e-01 +2.0874e+00
3 +1.222314859e+01 +1.222314859e+01 +1.229314859e+01 +1.229314859e+01 +6.3916e-01 +9.4306e-01
7 +6.809815371e+00 +6.809815371e+00 +6.879815371e+00 +6.879815371e+00 +2.5219e+00 -4.8401e-01
29 +4.393715903e+00 +4.393715903e+00 +4.463715903e+00 +4.463715903e+00 +4.3023e+00 -3.0208e+00
50 +2.441816564e+00 +2.441816564e+00 +2.511816564e+00 +2.511816564e+00 +3.5679e+00 -2.4538e+00
81 +1.414635220e+00 +1.414635220e+00 +1.484635220e+00 +1.484635220e+00 +3.4390e+00 -2.3909e+00
105 +6.024769869e-01 +6.024769869e-01 +6.724769869e-01 +6.724769869e-01 +3.9583e+00 -2.4457e+00
727 +3.242894885e-01 +3.242894885e-01 +3.942894885e-01 +3.942894885e-01 +3.7744e+00 -1.9585e+00
728 +9.866712708e-02 +9.866712708e-02 +1.686671271e-01 +1.686671271e-01 +3.7744e+00 -1.9975e+00
1292 +5.779455092e-02 +5.779455092e-02 +1.277945509e-01 +1.277945509e-01 +3.7527e+00 -2.0473e+00
1961 +3.354205386e-02 +3.354205386e-02 +1.035420539e-01 +1.035420539e-01 +3.7561e+00 -2.0135e+00
3089 +9.489460491e-03 +9.489460491e-03 +7.948946049e-02 +7.948946049e-02 +3.7397e+00 -1.9975e+00
% function evaluation | noise-free fitness - Fopt (4.960000000000e+00) | best noise-free fitness - Fopt | measured fitness | best measured fitness | x1 | x2...
1 +2.604408922e+01 +2.604408922e+01 +3.100408922e+01 +3.100408922e+01 +2.5547e-01 +2.1215e+00
2 +8.695248080e+00 +8.695248080e+00 +1.365524808e+01 +1.365524808e+01 +4.3761e+00 -3.2319e+00
10 +2.867003011e+00 +2.867003011e+00 +7.827003011e+00 +7.827003011e+00 +2.3836e+00 +2.7577e+00
83 +1.912010094e+00 +1.912010094e+00 +6.872010094e+00 +6.872010094e+00 +3.7008e+00 +2.2487e+00
92 +1.266173433e+00 +1.266173433e+00 +6.226173433e+00 +6.226173433e+00 +3.3711e+00 +2.0691e+00
441 +6.577086843e-01 +6.577086843e-01 +5.617708684e+00 +5.617708684e+00 +3.3688e+00 +1.8157e+00
709 +4.284427309e-01 +4.284427309e-01 +5.388442731e+00 +5.388442731e+00 +3.5725e+00 +1.4904e+00
1137 +2.676221763e-01 +2.676221763e-01 +5.227622176e+00 +5.227622176e+00 +3.2680e+00 +1.9234e+00
1191 +3.061458828e-02 +3.061458828e-02 +4.990614588e+00 +4.990614588e+00 +3.2679e+00 +1.8159e+00
1930 +1.827042210e-02 +1.827042210e-02 +4.978270422e+00 +4.978270422e+00 +3.2659e+00 +1.8196e+00
2887 +1.270783805e-02 +1.270783805e-02 +4.972707838e+00 +4.972707838e+00 +3.2668e+00 +1.8139e+00
3056 +7.873965874e-03 +7.873965874e-03 +4.967873966e+00 +4.967873966e+00 +3.2659e+00 +1.8139e+00
3916 +3.120571819e-03 +3.120571819e-03 +4.963120572e+00 +4.963120572e+00 +3.2605e+00 +1.8159e+00
% function evaluation | noise-free fitness - Fopt (1.923000000000e+02) | best noise-free fitness - Fopt | measured fitness | best measured fitness | x1 | x2...
1 +2.467263916e+01 +2.467263916e+01 +2.169726392e+02 +2.169726392e+02 +2.6897e+00 -2.1699e+00
6 +7.851984798e+00 +7.851984798e+00 +2.001519848e+02 +2.001519848e+02 -4.6748e+00 +4.4406e+00
8 +2.624919249e+00 +2.624919249e+00 +1.949249192e+02 +1.949249192e+02 -3.4935e+00 +3.5271e+00
72 +6.342119559e-01 +6.342119559e-01 +1.929342120e+02 +1.929342120e+02 -2.8156e+00 +4.0981e+00
689 +6.169768996e-01 +6.169768996e-01 +1.929169769e+02 +1.929169769e+02 -3.1141e+00 +4.1371e+00
1039 +1.844444828e-01 +1.844444828e-01 +1.924844445e+02 +1.924844445e+02 -3.0336e+00 +4.0981e+00
1182 +1.208744694e-01 +1.208744694e-01 +1.924208745e+02 +1.924208745e+02 -3.0374e+00 +4.0356e+00
1768 +7.630977257e-02 +7.630977257e-02 +1.923763098e+02 +1.923763098e+02 -3.0024e+00 +4.0366e+00
3068 +3.515640543e-02 +3.515640543e-02 +1.923351564e+02 +1.923351564e+02 -3.0024e+00 +3.9827e+00
4123 +1.519424632e-02 +1.519424632e-02 +1.923151942e+02 +1.923151942e+02 -3.0110e+00 +3.9827e+00
4412 +9.083033014e-03 +9.083033014e-03 +1.923090830e+02 +1.923090830e+02 -3.0101e+00 +3.9827e+00
4556 +4.243948484e-03 +4.243948484e-03 +1.923042439e+02 +1.923042439e+02 -3.0128e+00 +3.9808e+00
% function evaluation | noise-free fitness - Fopt (4.971000000000e+01) | best noise-free fitness - Fopt | measured fitness | best measured fitness | x1 | x2...
1 +2.803884416e+01 +2.803884416e+01 +7.774884416e+01 +7.774884416e+01 -2.7043e+00 +2.8273e+00
8 +3.160668721e+00 +3.160668721e+00 +5.287066872e+01 +5.287066872e+01 +2.2102e+00 -4.8584e+00
58 +5.258809200e-01 +5.258809200e-01 +5.023588092e+01 +5.023588092e+01 +3.6748e+00 -3.9248e+00
939 +3.128999004e-01 +3.128999004e-01 +5.002289990e+01 +5.002289990e+01 +3.6280e+00 -3.7233e+00
1138 +6.234433277e-02 +6.234433277e-02 +4.977234433e+01 +4.977234433e+01 +3.6748e+00 -3.7291e+00
2639 +1.635208922e-02 +1.635208922e-02 +4.972635209e+01 +4.972635209e+01 +3.7373e+00 -3.6999e+00
% function evaluation | noise-free fitness - Fopt (2.051200000000e+02) | best noise-free fitness - Fopt | measured fitness | best measured fitness | x1 | x2...
1 +1.998331563e+01 +1.998331563e+01 +2.251033156e+02 +2.251033156e+02 -2.6687e+00 -3.0919e+00
7 +1.221214617e+01 +1.221214617e+01 +2.173321462e+02 +2.173321462e+02 -2.4056e+00 +2.4211e+00
22 +5.232794047e+00 +5.232794047e+00 +2.103527940e+02 +2.103527940e+02 -6.3434e-01 +4.1355e+00
42 +3.201014875e+00 +3.201014875e+00 +2.083210149e+02 +2.083210149e+02 -2.4769e+00 +4.9413e+00
83 +2.199975700e+00 +2.199975700e+00 +2.073199757e+02 +2.073199757e+02 -4.8572e-01 +3.8165e+00
689 +1.439596709e+00 +1.439596709e+00 +2.065595967e+02 +2.065595967e+02 -9.2673e-01 +2.9187e+00
805 +5.522596337e-01 +5.522596337e-01 +2.056722596e+02 +2.056722596e+02 -1.0126e+00 +3.4045e+00
1925 +3.631309333e-01 +3.631309333e-01 +2.054831309e+02 +2.054831309e+02 -1.1336e+00 +4.1835e+00
2085 +1.418615262e-01 +1.418615262e-01 +2.052618615e+02 +2.052618615e+02 -1.1520e+00 +3.8851e+00
2260 +5.762453717e-02 +5.762453717e-02 +2.051776245e+02 +2.051776245e+02 -1.2123e+00 +3.9045e+00
2847 +2.686787368e-02 +2.686787368e-02 +2.051468679e+02 +2.051468679e+02 -1.1997e+00 +3.9163e+00
2891 +1.417505569e-02 +1.417505569e-02 +2.051341751e+02 +2.051341751e+02 -1.1961e+00 +3.9160e+00
3827 +7.789054839e-03 +7.789054839e-03 +2.051277891e+02 +2.051277891e+02 -1.1930e+00 +3.9007e+00
4244 +3.084750073e-03 +3.084750073e-03 +2.051230848e+02 +2.051230848e+02 -1.1930e+00 +3.9077e+00
% function evaluation | noise-free fitness - Fopt (-1.729000000000e+02) | best noise-free fitness - Fopt | measured fitness | best measured fitness | x1 | x2...
1 +4.270974820e+01 +4.270974820e+01 -1.301902518e+02 -1.301902518e+02 +3.2562e+00 +7.1177e-02
2 +9.673019075e+00 +9.673019075e+00 -1.632269809e+02 -1.632269809e+02 -4.0292e+00 +6.1661e-01
13 +2.764184243e+00 +2.764184243e+00 -1.701358158e+02 -1.701358158e+02 -3.5805e+00 -7.5390e-01
50 +1.610660968e+00 +1.610660968e+00 -1.712893390e+02 -1.712893390e+02 -2.2431e+00 +9.1024e-02
86 +1.400186764e+00 +1.400186764e+00 -1.714998132e+02 -1.714998132e+02 -3.4855e+00 -1.5938e+00
405 +8.280130228e-01 +8.280130228e-01 -1.720719870e+02 -1.720719870e+02 -2.9711e+00 -6.1058e-01
497 +3.826953289e-01 +3.826953289e-01 -1.725173047e+02 -1.725173047e+02 -3.0775e+00 -1.2802e+00
1019 +5.818630134e-02 +5.818630134e-02 -1.728418137e+02 -1.728418137e+02 -2.8923e+00 -9.8365e-01
2361 +3.386066817e-02 +3.386066817e-02 -1.728661393e+02 -1.728661393e+02 -2.9174e+00 -9.9930e-01
% function evaluation | noise-free fitness - Fopt (-3.506200000000e+02) | best noise-free fitness - Fopt | measured fitness | best measured fitness | x1 | x2...
1 +2.429569389e+02 +2.429569389e+02 -1.076630611e+02 -1.076630611e+02 +1.4728e+00 +1.1088e+00
2 +4.476589603e+01 +4.476589603e+01 -3.058541040e+02 -3.058541040e+02 -1.7535e+00 +2.2258e+00
4 +2.005300232e+01 +2.005300232e+01 -3.305669977e+02 -3.305669977e+02 -2.5811e+00 -4.5337e-01
6 +5.329957898e+00 +5.329957898e+00 -3.452900421e+02 -3.452900421e+02 -3.6731e+00 -2.4644e+00
29 +2.881438783e+00 +2.881438783e+00 -3.477385612e+02 -3.477385612e+02 -3.4447e+00 -1.6575e+00
220 +2.259939675e+00 +2.259939675e+00 -3.483600603e+02 -3.483600603e+02 -3.3239e+00 -4.0644e+00
385 +1.474776415e+00 +1.474776415e+00 -3.491452236e+02 -3.491452236e+02 -4.2057e+00 -3.8221e+00
395 +4.879248438e-01 +4.879248438e-01 -3.501320752e+02 -3.501320752e+02 -4.0772e+00 -4.0644e+00
651 +3.712362496e-01 +3.712362496e-01 -3.502487638e+02 -3.502487638e+02 -4.0772e+00 -4.0019e+00
1188 +2.436601863e-01 +2.436601863e-01 -3.503763398e+02 -3.503763398e+02 -4.0184e+00 -3.8373e+00
2307 +1.211314743e-01 +1.211314743e-01 -3.504988685e+02 -3.504988685e+02 -3.9206e+00 -3.8222e+00
3261 +9.338389722e-02 +9.338389722e-02 -3.505266161e+02 -3.505266161e+02 -3.9206e+00 -3.7539e+00
3457 +1.637440955e-02 +1.637440955e-02 -3.506036256e+02 -3.506036256e+02 -3.9168e+00 -3.7539e+00
