% function evaluation | noise-free fitness - Fopt (-1.694000000000e+01) | best noise-free fitness - Fopt | measured fitness | best measured fitness | x1 | x2...
1 +4.815915772e+02 +4.815915772e+02 +4.646515772e+02 +4.646515772e+02 -3.3910e+00 -3.3163e+00 +2.4405e+00 +1.0270e+00 +1.3176e+00 -2.6926e+00 +4.2849e+00 -4.3930e-01 +4.3988e+00 -1.2845e+00
2 +3.916791388e+01 +3.916791388e+01 +2.222791388e+01 +2.222791388e+01 +3.9382e+00 +4.7439e+00 +4.1963e+00 -2.4553e+00 +2.5634e+00 -1.7898e+00 -2.3168e+00 -4.0028e+00 -3.2096e+00 +3.0140e+00
4 +1.788973269e+01 +1.788973269e+01 +9.497326851e-01 +9.497326851e-01 +2.1055e+00 +2.0047e+00 -2.3274e+00 -2.7719e+00 -2.1429e+00 -1.7095e+00 +1.0033e+00 -2.3641e+00 +2.3563e+00 -4.0592e+00
29 +1.440262162e+01 +1.440262162e+01 -2.537378379e+00 -2.537378379e+00 -3.0324e-01 +3.5472e+00 -1.9180e+00 -1.2012e+00 +2.3255e+00 -2.6012e+00 +2.8710e+00 -7.2790e-03 -1.4063e+00 -3.9405e+00
42 +7.747138630e+00 +7.747138630e+00 -9.192861370e+00 -9.192861370e+00 +1.9892e+00 +3.6319e+00 -8.0375e-01 -1.3442e-01 +3.2403e+00 -4.6042e+00 +2.6832e+00 -2.4404e+00 -2.3566e+00 -1.9860e+00
61 +3.712163619e+00 +3.712163619e+00 -1.322783638e+01 -1.322783638e+01 +3.3413e+00 +1.1788e+00 -8.4871e-01 +2.6793e+00 +2.9935e-01 -2.8174e+00 +3.9834e+00 -2.9735e+00 +1.4396e+00 -5.0000e+00
1501 +2.276900066e+00 +2.276900066e+00 -1.466309993e+01 -1.466309993e+01 +3.7305e+00 +2.6040e+00 -6.8324e-01 +1.5510e+00 +2.4562e+00 -2.8678e+00 +3.9275e+00 -2.8275e+00 -1.6253e-01 -1.5929e+00
1603 +1.381214456e+00 +1.381214456e+00 -1.555878554e+01 -1.555878554e+01 +3.6618e+00 +2.6181e+00 -6.7552e-01 +2.2792e+00 +1.2632e+00 -2.8571e+00 +3.8642e+00 -2.9232e+00 -1.2829e+00 -2.2495e+00
2996 +9.400946135e-01 +9.400946135e-01 -1.599990539e+01 -1.599990539e+01 +3.5118e+00 +2.4636e+00 -5.4869e-01 +1.2729e+00 +1.3257e+00 -2.0023e+00 +4.0898e+00 -2.1826e+00 +1.2625e-01 -2.0902e+00
3183 +4.818011719e-01 +4.818011719e-01 -1.645819883e+01 -1.645819883e+01 +3.5431e+00 +2.4187e+00 -5.3903e-01 +1.8131e+00 +1.0300e+00 -1.9267e+00 +3.4803e+00 -2.3442e+00 -2.8604e-01 -2.0870e+00
3767 +3.125184495e-01 +3.125184495e-01 -1.662748155e+01 -1.662748155e+01 +3.5028e+00 +2.4938e+00 -6.3712e-01 +1.8209e+00 +1.0618e+00 -1.7410e+00 +3.6403e+00 -2.3123e+00 -1.6761e-01 -2.1176e+00
3912 +2.319441559e-01 +2.319441559e-01 -1.670805584e+01 -1.670805584e+01 +3.4863e+00 +2.5320e+00 -6.0206e-01 +1.8109e+00 +1.1460e+00 -1.7982e+00 +3.5505e+00 -2.2034e+00 -1.5848e-01 -2.1246e+00
4215 +1.572929144e-01 +1.572929144e-01 -1.678270709e+01 -1.678270709e+01 +3.4895e+00 +2.5419e+00 -6.3901e-01 +1.8159e+00 +1.1784e+00 -1.8448e+00 +3.6350e+00 -2.2186e+00 -1.4463e-01 -2.1698e+00
% function evaluation | noise-free fitness - Fopt (1.881000000000e+01) | best noise-free fitness - Fopt | measured fitness | best measured fitness | x1 | x2...
1 +2.314707478e+01 +2.314707478e+01 +4.195707478e+01 +4.195707478e+01 -1.2882e+00 +7.2147e-02 -4.3024e+00 +4.3434e+00 -5.5759e-02 -5.3390e-01 -2.3604e+00 -4.2254e+00 -3.1374e-02 +4.5680e+00
7 +1.405750644e+01 +1.405750644e+01 +3.286750644e+01 +3.286750644e+01 +7.8354e-01 +3.5861e+00 -1.3974e+00 +2.6438e+00 +2.5879e+00 +8.3712e-01 -3.1675e+00 +1.6597e+00 +3.4900e+00 +4.4602e+00
32 +9.695267193e+00 +9.695267193e+00 +2.850526719e+01 +2.850526719e+01 +3.8603e+00 +4.7629e+00 -1.7428e+00 -1.0755e+00 -1.2669e+00 -1.5349e+00 +6.5572e-01 +1.4210e+00 +2.3889e+00 +3.0357e+00
315 +6.097197175e+00 +6.097197175e+00 +2.490719717e+01 +2.490719717e+01 +1.3769e+00 +1.0361e+00 -1.4480e+00 +0.0000e+00 +1.8642e+00 -2.2799e+00 -2.6962e+00 +9.6659e-01 +3.9331e+00 +3.2574e+00
921 +2.984239963e+00 +2.984239963e+00 +2.179423996e+01 +2.179423996e+01 +7.2541e-01 +7.0524e-01 -1.3590e+00 -3.2194e-01 +2.1508e+00 -3.5694e+00 -7.9777e-01 +5.2519e-01 +9.8480e-01 +3.7575e+00
1164 +2.360159929e+00 +2.360159929e+00 +2.117015993e+01 +2.117015993e+01 +4.6534e-01 +8.0587e-01 -1.3211e+00 +1.9515e-01 +2.1667e+00 -3.5176e+00 -3.8944e-01 -3.3055e-03 +6.6774e-01 +3.4659e+00
1868 +1.582329085e+00 +1.582329085e+00 +2.039232908e+01 +2.039232908e+01 -1.2675e+00 +1.7847e+00 -1.1856e-01 -7.4687e-02 +1.6327e+00 -3.6560e+00 +8.3222e-01 +5.7048e-01 +5.6030e-01 +2.7316e+00
2730 +8.183833161e-01 +8.183833161e-01 +1.962838332e+01 +1.962838332e+01 -3.7860e-01 +2.4160e+00 -1.1553e+00 -2.9573e-01 +1.4567e+00 -3.0774e+00 +3.7296e-01 +5.5614e-01 +1.3035e-01 +3.3638e+00
4925 +5.772647814e-01 +5.772647814e-01 +1.938726478e+01 +1.938726478e+01 -3.0306e-01 +2.4451e+00 -1.1492e+00 +0.0000e+00 +1.4533e+00 -3.1074e+00 +8.7691e-01 +7.0577e-01 +0.0000e+00 +3.1250e+00
% function evaluation | noise-free fitness - Fopt (2.731500000000e+02) | best noise-free fitness - Fopt | measured fitness | best measured fitness | x1 | x2...
1 +2.237527735e+01 +2.237527735e+01 +2.955252774e+02 +2.955252774e+02 -2.0989e+00 +1.4646e+00 +4.0007e+00 +1.0953e+00 -4.5332e+00 -4.1453e+00 +4.9858e+00 -9.8315e-01 +9.9346e-01 -4.6924e-01
3 +1.003156515e+01 +1.003156515e+01 +2.831815652e+02 +2.831815652e+02 +5.2354e-01 +1.4945e+00 -9.4356e-01 +3.9921e+00 +1.3038e+00 -3.0284e+00 +7.4621e-01 +7.4339e-01 -2.2472e+00 +4.7404e+00
59 +9.588498476e+00 +9.588498476e+00 +2.827384985e+02 +2.827384985e+02 -4.4590e+00 +1.3295e-01 -6.7523e-01 +2.3904e+00 -1.9605e+00 -2.4330e+00 +1.5151e-01 +3.1337e-01 -5.0000e+00 +3.4469e+00
112 +6.175907431e+00 +6.175907431e+00 +2.793259074e+02 +2.793259074e+02 -4.2433e+00 +3.2740e+00 -1.8969e+00 +3.1280e+00 +1.1336e+00 -5.0000e+00 +1.5730e+00 +1.0745e+00 -1.8786e+00 +3.1971e+00
333 +3.913345588e+00 +3.913345588e+00 +2.770633456e+02 +2.770633456e+02 -2.1922e+00 +5.0000e+00 +1.7526e+00 +8.0654e-01 +9.7368e-01 -5.0000e+00 +3.9036e-01 -6.9512e-01 +0.0000e+00 +2.5070e+00
1124 +2.402919342e+00 +2.402919342e+00 +2.755529193e+02 +2.755529193e+02 -4.3346e+00 +3.5788e+00 -2.8266e-01 +1.7293e+00 +1.8555e+00 -5.0000e+00 -1.0731e+00 -1.0764e+00 -1.5329e+00 +3.9102e+00
1875 +1.556975954e+00 +1.556975954e+00 +2.747069760e+02 +2.747069760e+02 -3.8384e+00 +3.6412e+00 -1.1532e+00 +1.9324e+00 +2.2082e+00 -5.0000e+00 -1.4327e+00 -1.2142e+00 -1.3274e+00 +3.7654e+00
2716 +8.835315091e-01 +8.835315091e-01 +2.740335315e+02 +2.740335315e+02 -3.3932e+00 +3.1877e+00 -8.2115e-01 +1.9761e+00 +2.1287e+00 -5.0000e+00 -1.1199e+00 -1.2129e+00 -1.6994e+00 +3.7828e+00
3366 +5.786689827e-01 +5.786689827e-01 +2.737286690e+02 +2.737286690e+02 -3.3673e+00 +3.0752e+00 -9.8487e-01 +2.1770e+00 +2.0599e+00 -5.0000e+00 -1.1774e+00 -1.2117e+00 -1.6423e+00 +3.7670e+00
% function evaluation | noise-free fitness - Fopt (3.718000000000e+01) | best noise-free fitness - Fopt | measured fitness | best measured fitness | x1 | x2...
1 +5.025207864e+01 +5.025207864e+01 +8.743207864e+01 +8.743207864e+01 +2.5629e+00 -2.2710e+00 +4.0258e+00 -7.2212e-02 +4.0893e+00 +2.6727e+00 +1.5023e+00 +4.8151e+00 -8.5870e-01 +3.2473e+00
2 +3.889555763e+01 +3.889555763e+01 +7.607555763e+01 +7.607555763e+01 -4.3578e-01 +4.6423e+00 -3.4424e+00 -2.2820e+00 -1.7090e+00 +4.0836e+00 -4.0103e-01 +1.8258e+00 -3.7359e+00 -2.6194e+00
5 +2.425384018e+01 +2.425384018e+01 +6.143384018e+01 +6.143384018e+01 -7.9463e-01 +1.5901e+00 +9.4687e-01 +4.5028e+00 +1.9325e+00 +1.9144e+00 -4.3673e+00 +4.2489e-01 +3.2300e+00 -4.2558e+00
9 +1.300126931e+01 +1.300126931e+01 +5.018126931e+01 +5.018126931e+01 -4.2791e+00 +4.7149e+00 -3.8510e+00 +3.3586e+00 -1.0901e+00 -1.0971e+00 -1.1968e+00 -1.6611e+00 -1.0927e+00 -2.7998e+00
53 +9.881444602e+00 +9.881444602e+00 +4.706144460e+01 +4.706144460e+01 -2.9945e+00 -7.3212e-01 -8.4042e-01 +3.9173e+00 -3.8270e+00 -2.5990e-01 -1.7349e+00 -3.7887e+00 -1.3260e+00 -2.2229e+00
469 +6.300032371e+00 +6.300032371e+00 +4.348003237e+01 +4.348003237e+01 -2.4260e+00 +2.7659e-01 -2.4153e-01 +2.1982e+00 -5.0000e+00 -3.3363e+00 +2.6770e-01 -3.5064e+00 +2.7366e+00 +2.0687e+00
931 +3.830726275e+00 +3.830726275e+00 +4.101072627e+01 +4.101072627e+01 -4.1486e+00 -6.2296e-01 +3.3967e-01 +3.1849e+00 -5.0000e+00 -1.3683e+00 -2.7791e-01 -3.4800e+00 +8.5576e-01 +1.7895e+00
1203 +1.815118505e+00 +1.815118505e+00 +3.899511851e+01 +3.899511851e+01 -3.8721e+00 +1.8155e-02 +1.8844e+00 +1.6256e+00 -5.0000e+00 -1.3144e+00 +1.8053e-01 -3.6707e+00 +1.9344e-01 +3.6314e+00
2273 +1.355312202e+00 +1.355312202e+00 +3.853531220e+01 +3.853531220e+01 -3.7471e+00 +1.2054e-01 +1.9510e+00 +1.3559e+00 -5.0000e+00 -9.8737e-01 +3.5641e-01 -3.4461e+00 +2.9051e-02 +3.9071e+00
2850 +9.484726097e-01 +9.484726097e-01 +3.812847261e+01 +3.812847261e+01 -3.6024e+00 +2.4514e-01 +1.9278e+00 +1.2117e+00 -5.0000e+00 -1.2832e+00 +8.8609e-02 -4.0108e+00 -3.0293e-01 +3.9003e+00
3285 +5.551076126e-01 +5.551076126e-01 +3.773510761e+01 +3.773510761e+01 -3.5492e+00 +3.6583e-01 +1.9418e+00 +1.2531e+00 -5.0000e+00 -1.4236e+00 +5.4187e-02 -4.0450e+00 -3.0517e-01 +4.1531e+00
4035 +3.913962733e-01 +3.913962733e-01 +3.757139627e+01 +3.757139627e+01 -3.6317e+00 +4.1837e-01 +1.9886e+00 +1.2465e+00 -5.0000e+00 -1.4218e+00 +3.6281e-02 -4.0702e+00 -2.1200e-01 +4.2014e+00
% function evaluation | noise-free fitness - Fopt (-1.479000000000e+02) | best noise-free fitness - Fopt | measured fitness | best measured fitness | x1 | x2...
1 +1.525212118e+01 +1.525212118e+01 -1.326478788e+02 -1.326478788e+02 +9.6121e-01 +5.0684e-02 -4.8377e+00 +1.1580e+00 +3.3191e+00 +3.5508e+00 -2.4586e+00 +2.6485e+00 -3.2993e+00 -2.0495e+00
119 +9.670136301e+00 +9.670136301e+00 -1.382298637e+02 -1.382298637e+02 -1.6360e+00 +3.3550e+00 +8.2466e-01 -1.5490e+00 -1.1437e+00 -6.7568e-02 -2.0579e+00 +2.0727e+00 +2.9450e+00 +6.0784e-01
339 +4.491762161e+00 +4.491762161e+00 -1.434082378e+02 -1.434082378e+02 +9.4239e-02 +7.2266e-01 +8.6013e-01 -2.1221e+00 +6.0760e-01 +0.0000e+00 -7.2283e-01 -1.0137e+00 -1.0400e+00 -1.4745e+00
1114 +3.228874207e+00 +3.228874207e+00 -1.446711258e+02 -1.446711258e+02 -1.1927e+00 +1.7537e+00 +9.9707e-01 -5.0931e-01 -7.9996e-01 +2.5630e+00 +6.1813e-01 -2.3526e+00 +1.0638e-02 -5.7595e-01
1715 +2.072848245e+00 +2.072848245e+00 -1.458271518e+02 -1.458271518e+02 -1.1682e+00 +2.1531e+00 +1.5635e+00 -1.5450e+00 -3.2940e-01 +1.1838e+00 -1.4150e+00 -1.9965e+00 -1.0050e+00 -2.0849e-02
2128 +1.085830392e+00 +1.085830392e+00 -1.468141696e+02 -1.468141696e+02 -9.3930e-01 +1.6191e+00 +2.4387e+00 -1.1291e+00 -1.2692e-01 +9.8211e-01 -1.1457e+00 -1.5158e+00 -1.0668e+00 -2.1637e-02
2768 +9.145160962e-01 +9.145160962e-01 -1.469854839e+02 -1.469854839e+02 -9.5564e-01 +1.6056e+00 +2.4551e+00 -1.1373e+00 -1.2304e-01 +9.9132e-01 -1.1508e+00 -1.5686e+00 -1.0673e+00 -1.1827e-02
3272 +5.763451413e-01 +5.763451413e-01 -1.473236549e+02 -1.473236549e+02 -9.5807e-01 +1.7353e+00 +2.2136e+00 -1.1670e+00 -1.0820e-01 +1.2956e+00 -1.2615e+00 -1.5350e+00 -1.0497e+00 -3.1847e-03
3942 +3.647139922e-01 +3.647139922e-01 -1.475352860e+02 -1.475352860e+02 -1.0838e+00 +1.7092e+00 +2.1880e+00 -1.1707e+00 -2.2384e-01 +1.2330e+00 -1.2219e+00 -1.5668e+00 -1.0906e+00 -2.2639e-02
% function evaluation | noise-free fitness - Fopt (-2.218900000000e+02) | best noise-free fitness - Fopt | measured fitness | best measured fitness | x1 | x2...
1 +4.563525098e+01 +4.563525098e+01 -1.762547490e+02 -1.762547490e+02 -2.9789e+00 -2.8243e+00 +3.7257e+00 -4.0341e+00 -9.1387e-01 -6.0459e-01 +1.6825e+00 +3.7043e+00 +4.0955e+00 -3.7087e+00
2 +2.012201093e+01 +2.012201093e+01 -2.017679891e+02 -2.017679891e+02 -2.1359e+00 +4.3221e+00 +3.6162e-01 +8.8490e-01 +3.6619e+00 +3.3049e-01 +1.8010e+00 +2.9366e+00 -3.1710e+00 +4.7651e+00
16 +1.385033008e+01 +1.385033008e+01 -2.080396699e+02 -2.080396699e+02 +3.2019e+00 +2.4446e+00 -2.5506e+00 +3.2373e+00 -3.3199e+00 -9.0204e-02 +4.5268e+00 -4.9425e+00 -1.6329e-01 -4.7256e+00
121 +8.756091049e+00 +8.756091049e+00 -2.131339090e+02 -2.131339090e+02 -1.5955e+00 +0.0000e+00 -6.5267e-01 +2.8908e+00 +4.9567e-01 +2.8308e+00 +2.6848e+00 +4.6590e-01 -1.7995e-01 -3.5723e+00
195 +5.445271711e+00 +5.445271711e+00 -2.164447283e+02 -2.164447283e+02 -1.1407e+00 +1.6023e+00 -7.4545e-01 -3.5830e-01 -2.7368e+00 +5.0455e-01 +3.9705e+00 +0.0000e+00 -1.1986e+00 +3.7462e-01
275 +3.914684219e+00 +3.914684219e+00 -2.179753158e+02 -2.179753158e+02 -2.7678e+00 +2.0741e+00 -4.7256e-01 +8.1888e-02 -4.5625e-01 +8.9335e-01 +4.9605e+00 -6.3008e-01 -1.3211e+00 -8.5212e-01
1673 +2.423229219e+00 +2.423229219e+00 -2.194667708e+02 -2.194667708e+02 -4.4250e+00 -8.4070e-01 -4.1558e-01 +1.7739e+00 -1.8205e+00 +2.2115e+00 +4.9893e+00 +9.6487e-02 +3.1959e+00 -1.2049e+00
% function evaluation | noise-free fitness - Fopt (1.195400000000e+02) | best noise-free fitness - Fopt | measured fitness | best measured fitness | x1 | x2...
1 +3.297117469e+01 +3.297117469e+01 +1.525111747e+02 +1.525111747e+02 -1.8578e+00 -2.8109e+00 +2.8847e+00 +1.0101e+00 -1.7786e+00 -3.1360e+00 -1.3076e+00 +2.5929e+00 +4.8050e-01 +3.8079e+00
2 +1.969361556e+01 +1.969361556e+01 +1.392336156e+02 +1.392336156e+02 +2.4303e+00 +1.4264e+00 +2.6108e+00 +4.6045e+00 +4.0754e+00 -7.1650e-01 +1.1904e+00 +3.0166e+00 +7.8974e-04 -5.0527e-01
5 +1.292482362e+01 +1.292482362e+01 +1.324648236e+02 +1.324648236e+02 -2.7132e+00 +9.6237e-01 +3.2149e+00 -5.0567e-01 +9.4178e-01 -4.4015e+00 +3.9381e-01 +1.0183e+00 +4.0986e+00 -3.6184e+00
61 +5.388180392e+00 +5.388180392e+00 +1.249281804e+02 +1.249281804e+02 +2.6543e+00 +6.7862e-01 -3.6459e+00 +5.4859e-02 +3.2441e+00 -3.4028e+00 +1.8389e+00 +5.0000e+00 -4.8051e-01 -3.1922e+00
92 +3.679092699e+00 +3.679092699e+00 +1.232190927e+02 +1.232190927e+02 +2.8949e+00 +6.4231e-01 -3.1113e+00 +7.9849e-02 +6.2684e-01 -1.5874e+00 +2.0781e+00 +3.5614e+00 -4.0558e-02 -3.0485e+00
1139 +2.065079240e+00 +2.065079240e+00 +1.216050792e+02 +1.216050792e+02 +1.5533e+00 +8.2263e-01 -3.1066e+00 +4.2462e-01 +1.0800e+00 -1.9189e+00 +2.0073e+00 +4.2608e+00 +6.6563e-02 -2.1947e+00
1626 +1.553418131e+00 +1.553418131e+00 +1.210934181e+02 +1.210934181e+02 +1.5447e+00 +4.5096e-01 -3.0254e+00 -5.1804e-01 +2.8445e+00 -1.8635e+00 +3.2331e+00 +4.3495e+00 -8.2728e-02 -1.2894e+00
2260 +8.796541947e-01 +8.796541947e-01 +1.204196542e+02 +1.204196542e+02 +1.4910e+00 +7.0630e-01 -3.1699e+00 -3.3868e-01 +3.2121e+00 -1.7514e+00 +3.3682e+00 +4.0463e+00 +2.6816e-01 -8.7739e-01
2449 +5.912951341e-01 +5.912951341e-01 +1.201312951e+02 +1.201312951e+02 +1.5896e+00 +7.8103e-01 -3.1245e+00 -2.8852e-01 +3.5178e+00 -1.7074e+00 +3.2808e+00 +3.4300e+00 +2.4400e-01 -8.4117e-01
2920 +3.814635656e-01 +3.814635656e-01 +1.199214636e+02 +1.199214636e+02 +1.4358e+00 +1.0130e+00 -2.9987e+00 +2.5660e-02 +3.7942e+00 -1.6686e+00 +3.5722e+00 +3.4858e+00 +3.9379e-01 -4.9664e-01
3621 +2.435082191e-01 +2.435082191e-01 +1.197835082e+02 +1.197835082e+02 +1.2653e+00 +1.0153e+00 -3.0212e+00 -2.3565e-01 +3.7889e+00 -1.5824e+00 +3.5643e+00 +3.4449e+00 +4.2882e-01 -9.1148e-01
4063 +1.436843068e-01 +1.436843068e-01 +1.196836843e+02 +1.196836843e+02 +1.3103e+00 +1.0233e+00 -3.0023e+00 -3.1555e-01 +3.8053e+00 -1.5366e+00 +3.4678e+00 +3.4464e+00 +3.1248e-01 -9.2842e-01
4503 +9.946050014e-02 +9.946050014e-02 +1.196394605e+02 +1.196394605e+02 +1.3204e+00 +1.0230e+00 -3.0087e+00 -3.1667e-01 +3.8059e+00 -1.5360e+00 +3.4708e+00 +3.4441e+00 +3.2201e-01 -9.3666e-01
% function evaluation | noise-free fitness - Fopt (6.983000000000e+01) | best noise-free fitness - Fopt | measured fitness | best measured fitness | x1 | x2...
1 +2.437616604e+01 +2.437616604e+01 +9.420616604e+01 +9.420616604e+01 +2.7072e+00 -4.5331e+00 -3.6087e+00 -1.9608e+00 +2.8146e+00 +9.7921e-01 -4.2134e+00 +4.5280e+00 +3.3183e+00 +4.9442e+00
11 +1.182959734e+01 +1.182959734e+01 +8.165959734e+01 +8.165959734e+01 -3.7094e+00 +1.2999e+00 -2.5771e+00 -2.3153e+00 +3.3760e+00 +3.2269e+00 -4.4970e+00 +5.0819e-01 +2.5932e+00 -3.7097e+00
42 +8.791338954e+00 +8.791338954e+00 +7.862133895e+01 +7.862133895e+01 -3.8146e+00 -2.2793e+00 -3.2647e+00 -1.4187e+00 +4.6389e+00 +1.7267e+00 -2.3961e+00 +4.1589e+00 +3.0966e+00 -2.0401e+00
91 +6.296497772e+00 +6.296497772e+00 +7.612649777e+01 +7.612649777e+01 -3.7291e+00 -1.7787e+00 +0.0000e+00 -4.4299e+00 +2.9370e-01 +2.1636e+00 -4.3050e-01 +9.1201e-01 +4.5685e+00 +0.0000e+00
510 +3.607899539e+00 +3.607899539e+00 +7.343789954e+01 +7.343789954e+01 -2.9355e+00 -1.6628e+00 -9.6861e-01 -5.0000e+00 +5.4241e-01 +4.6106e+00 -6.2833e-01 +1.8350e+00 +5.0000e+00 +2.0919e+00
2053 +2.505234220e+00 +2.505234220e+00 +7.233523422e+01 +7.233523422e+01 -2.7691e+00 -4.2873e-01 -3.2572e+00 -3.6264e+00 +1.0111e+00 +4.5514e+00 -1.4496e+00 +1.9762e+00 +4.8386e+00 +4.1857e-01
2992 +1.420817233e+00 +1.420817233e+00 +7.125081723e+01 +7.125081723e+01 -2.8081e+00 -1.0306e+00 -2.5176e+00 -3.7546e+00 +9.4338e-01 +3.3921e+00 -2.0499e+00 +2.5000e+00 +3.7500e+00 -1.7011e+00
3406 +9.910060630e-01 +9.910060630e-01 +7.082100606e+01 +7.082100606e+01 -2.9566e+00 -1.1304e+00 -2.3164e+00 -3.4211e+00 +9.9538e-01 +3.3908e+00 -2.1221e+00 +2.5000e+00 +3.7500e+00 -1.5949e+00
4710 +6.206305804e-01 +6.206305804e-01 +7.045063058e+01 +7.045063058e+01 -3.0071e+00 -1.0417e+00 -2.3407e+00 -3.4954e+00 +9.7667e-01 +3.4568e+00 -2.1592e+00 +2.5000e+00 +3.7526e+00 -1.5711e+00
% function evaluation | noise-free fitness - Fopt (7.000000000000e-02) | best noise-free fitness - Fopt | measured fitness | best measured fitness | x1 | x2...
1 +1.998311942e+01 +1.998311942e+01 +2.005311942e+01 +2.005311942e+01 +4.7355e+00 -3.4294e+00 -2.7431e+00 -4.0133e+00 -9.8079e-01 -1.4933e+00 +3.2832e+00 -6.2260e-01 -4.1466e+00 +7.0592e-01
11 +1.051053546e+01 +1.051053546e+01 +1.058053546e+01 +1.058053546e+01 +1.7444e+00 -3.8967e+00 +3.5406e+00 -4.2735e+00 -1.4822e+00 -9.2108e-01 +4.6726e+00 -3.1888e+00 +2.3232e+00 +1.4198e+00
66 +7.436138064e+00 +7.436138064e+00 +7.506138064e+00 +7.506138064e+00 +5.0000e+00 -2.1660e+00 +3.4080e+00 -4.3660e-01 -6.2671e-01 +3.4277e+00 +5.0000e+00 -2.4448e+00 -1.5890e+00 +2.2088e-02
279 +4.299523739e+00 +4.299523739e+00 +4.369523739e+00 +4.369523739e+00 +4.6675e+00 -2.3755e-01 +9.4129e-01 -4.6938e+00 -2.9686e-01 +0.0000e+00 +4.8471e+00 -3.6333e+00 -1.7552e+00 +0.0000e+00
473 +3.921309994e+00 +3.921309994e+00 +3.991309994e+00 +3.991309994e+00 +5.0000e+00 -1.7567e+00 +3.3665e+00 -5.0000e+00 -2.9499e-01 +7.2239e-01 +4.6542e+00 -2.2542e+00 -1.8562e+00 +1.0076e+00
1302 +2.259947632e+00 +2.259947632e+00 +2.329947632e+00 +2.329947632e+00 +4.4846e+00 -1.6722e+00 +1.5814e+00 -5.0000e+00 +1.1349e+00 +8.7603e-01 +4.6575e+00 -2.3090e+00 -2.1612e+00 +1.3000e+00
2233 +1.566748991e+00 +1.566748991e+00 +1.636748991e+00 +1.636748991e+00 +4.6599e+00 -1.5798e+00 +2.3731e+00 -4.2255e+00 +9.6778e-01 +9.5424e-01 +4.4625e+00 -2.6711e+00 -1.7672e+00 +6.5000e-01
3025 +9.572664382e-01 +9.572664382e-01 +1.027266438e+00 +1.027266438e+00 +3.7500e+00 -1.5814e+00 +2.2045e+00 -3.8239e+00 +6.0280e-02 +1.3283e+00 +3.9990e+00 -2.4638e+00 -1.9826e+00 +8.8407e-01
3127 +6.181114101e-01 +6.181114101e-01 +6.881114101e-01 +6.881114101e-01 +3.7500e+00 -1.3320e+00 +2.0950e+00 -3.7500e+00 +1.2574e+00 +1.6469e+00 +3.8667e+00 -2.7047e+00 -2.5000e+00 -4.9269e-02
4342 +3.949086370e-01 +3.949086370e-01 +4.649086370e-01 +4.649086370e-01 +3.7500e+00 -1.3426e+00 +2.0454e+00 -3.7500e+00 +1.3578e+00 +2.0155e+00 +4.0241e+00 -2.6920e+00 -2.5000e+00 -1.4136e-01
% function evaluation | noise-free fitness - Fopt (4.960000000000e+00) | best noise-free fitness - Fopt | measured fitness | best measured fitness | x1 | x2...
1 +6.396052737e+01 +6.396052737e+01 +6.892052737e+01 +6.892052737e+01 +3.2937e+00 +2.4537e+00 +1.5561e+00 +1.7150e+00 +4.0128e-01 +4.7421e+00 -1.0684e+00 -1.6497e+00 +7.5878e-02 -4.9510e+00
2 +5.709772320e+01 +5.709772320e+01 +6.205772320e+01 +6.205772320e+01 -1.3053e+00 -6.9884e-01 +4.9914e+00 -4.6749e-01 +5.3174e-01 -4.0259e+00 +2.9818e+00 +4.1101e+00 +3.2458e+00 +8.4148e-01
4 +3.111379822e+01 +3.111379822e+01 +3.607379822e+01 +3.607379822e+01 +1.3771e+00 +3.0896e+00 -4.4874e+00 +3.7835e+00 +3.9408e+00 +2.8943e+00 -2.8584e-01 +4.5716e+00 -1.3010e+00 -4.2671e+00
12 +1.598675171e+01 +1.598675171e+01 +2.094675171e+01 +2.094675171e+01 -4.9543e+00 -9.0559e-01 -4.4530e+00 -4.5864e-01 -8.2397e-01 -4.5635e+00 +3.0996e+00 +9.8934e-01 -2.5588e+00 -6.2708e-01
29 +1.343744100e+01 +1.343744100e+01 +1.839744100e+01 +1.839744100e+01 -7.8149e-01 +4.6413e+00 -2.5189e+00 +1.1152e+00 +2.6007e+00 -3.6282e+00 +6.1066e-01 +4.5826e+00 -7.8750e-01 -4.6460e+00
81 +7.937634092e+00 +7.937634092e+00 +1.289763409e+01 +1.289763409e+01 +2.1118e+00 +7.6789e-01 -2.7188e+00 -4.2999e+00 +0.0000e+00 -5.0000e+00 +3.8171e+00 +5.0000e+00 -4.8747e+00 -3.7974e+00
157 +5.655822859e+00 +5.655822859e+00 +1.061582286e+01 +1.061582286e+01 +5.0000e+00 +0.0000e+00 -6.0073e-01 -3.8508e+00 -1.6040e+00 -2.8605e+00 +3.0862e+00 +2.6888e+00 -2.0855e+00 -2.7585e-01
454 +3.313631995e+00 +3.313631995e+00 +8.273631995e+00 +8.273631995e+00 +5.0000e+00 +2.0061e+00 -2.1173e+00 -4.2383e+00 -1.9262e+00 -4.6536e+00 +4.0582e+00 +3.5648e+00 -2.7142e+00 -3.3823e+00
680 +2.121067376e+00 +2.121067376e+00 +7.081067376e+00 +7.081067376e+00 +4.2102e+00 +3.2052e+00 -2.3353e+00 -4.0982e+00 -1.3740e+00 -4.5134e+00 +5.0000e+00 +3.3054e+00 -3.9282e+00 -2.8338e+00
1434 +1.487776866e+00 +1.487776866e+00 +6.447776866e+00 +6.447776866e+00 +4.4673e+00 +3.3587e+00 -2.7257e+00 -3.2068e+00 -1.9007e+00 -4.8678e+00 +4.8584e+00 +3.2578e+00 -3.3153e+00 -2.9540e+00
2547 +9.559384787e-01 +9.559384787e-01 +5.915938479e+00 +5.915938479e+00 +3.6799e+00 +2.8661e+00 -3.1128e+00 -3.5569e+00 -1.9499e+00 -4.9152e+00 +4.5318e+00 +3.0438e+00 -3.6389e+00 -4.0387e+00
3718 +6.308979475e-01 +6.308979475e-01 +5.590897947e+00 +5.590897947e+00 +3.7261e+00 +2.9443e+00 -2.9666e+00 -3.6747e+00 -1.9517e+00 -4.8950e+00 +4.4710e+00 +3.1205e+00 -3.7431e+00 -3.9068e+00
% function evaluation | noise-free fitness - Fopt (1.923000000000e+02) | best noise-free fitness - Fopt | measured fitness | best measured fitness | x1 | x2...
1 +5.453646822e+01 +5.453646822e+01 +2.468364682e+02 +2.468364682e+02 +4.4127e+00 -3.6027e+00 -1.6152e+00 -3.7820e+00 +1.4145e+00 -2.2555e-01 +4.1898e-01 +1.7028e+00 -4.1725e+00 -2.8529e+00
2 +2.291717010e+01 +2.291717010e+01 +2.152171701e+02 +2.152171701e+02 -3.4114e+00 -4.7056e-01 -2.8357e+00 -1.4699e+00 -2.3872e+00 -2.7593e+00 +9.6826e-01 +4.1202e+00 -3.1380e+00 -4.8857e+00
4 +1.530333427e+01 +1.530333427e+01 +2.076033343e+02 +2.076033343e+02 -2.1916e+00 +2.8934e+00 -3.8837e+00 +2.9457e+00 -1.9978e+00 +2.5283e+00 +3.6922e+00 -4.1436e-02 +3.5425e-01 +3.9628e+00
18 +9.999128968e+00 +9.999128968e+00 +2.022991290e+02 +2.022991290e+02 -2.9393e+00 +4.7598e+00 -3.4504e+00 +2.5263e+00 -2.7510e+00 -7.0564e-01 +1.4709e-01 -1.8455e+00 -9.8318e-01 +1.8333e+00
84 +6.248878960e+00 +6.248878960e+00 +1.985488790e+02 +1.985488790e+02 -1.9233e+00 +3.4757e+00 -3.3342e+00 +1.5720e+00 -4.4283e+00 +2.3980e+00 -3.5451e-02 +0.0000e+00 +1.3936e-01 -6.5697e-01
705 +3.096656744e+00 +3.096656744e+00 +1.953966567e+02 +1.953966567e+02 -3.3569e+00 +3.8870e+00 -3.4855e+00 +0.0000e+00 -3.4684e+00 -8.6046e-01 +1.0009e+00 -1.0367e-01 +3.3283e+00 +0.0000e+00
1217 +2.158529580e+00 +2.158529580e+00 +1.944585296e+02 +1.944585296e+02 -2.7498e+00 +3.8903e+00 -3.8555e+00 -1.9494e+00 -3.1895e+00 +1.8137e-01 -1.7505e-01 +2.0262e+00 +3.1996e+00 +2.2209e-01
1574 +1.407390301e+00 +1.407390301e+00 +1.937073903e+02 +1.937073903e+02 -2.9934e+00 +4.1256e+00 -3.3641e+00 -1.5622e+00 -3.6221e+00 +1.1730e-01 -5.1666e-01 +1.5564e+00 +2.2778e+00 +5.7955e-01
1583 +8.930443753e-01 +8.930443753e-01 +1.931930444e+02 +1.931930444e+02 -2.5514e+00 +3.5474e+00 -2.2201e+00 -1.1258e+00 -3.9202e+00 -1.8339e-01 +7.4728e-02 +1.9539e+00 +2.6870e+00 +4.7103e-02
2302 +5.996227502e-01 +5.996227502e-01 +1.928996228e+02 +1.928996228e+02 -2.7279e+00 +3.9187e+00 -2.6007e+00 -1.0267e+00 -3.9484e+00 -1.6913e-01 -3.0386e-01 +2.0797e+00 +2.4959e+00 -4.2493e-02
2931 +3.333081672e-01 +3.333081672e-01 +1.926333082e+02 +1.926333082e+02 -2.7272e+00 +3.5158e+00 -2.7297e+00 -9.2339e-01 -3.8579e+00 -1.9145e-01 -5.7079e-02 +1.9633e+00 +2.6584e+00 -3.1509e-03
3320 +2.373450175e-01 +2.373450175e-01 +1.925373450e+02 +1.925373450e+02 -2.6948e+00 +3.4651e+00 -2.7202e+00 -9.8733e-01 -3.9011e+00 -1.8036e-01 -2.7793e-01 +1.9285e+00 +2.8056e+00 -1.9840e-02
3676 +1.498971337e-01 +1.498971337e-01 +1.924498971e+02 +1.924498971e+02 -2.7837e+00 +3.6900e+00 -2.6812e+00 -1.0440e+00 -3.9275e+00 -1.9192e-01 -2.1250e-01 +1.9075e+00 +2.7407e+00 -9.1212e-03
4279 +9.699059086e-02 +9.699059086e-02 +1.923969906e+02 +1.923969906e+02 -2.7713e+00 +3.7105e+00 -2.6837e+00 -1.0337e+00 -3.9135e+00 -1.9972e-01 -2.0813e-01 +1.9006e+00 +2.7329e+00 -1.6744e-02
% function evaluation | noise-free fitness - Fopt (4.971000000000e+01) | best noise-free fitness - Fopt | measured fitness | best measured fitness | x1 | x2...
1 +1.808843692e+01 +1.808843692e+01 +6.779843692e+01 +6.779843692e+01 -5.0268e-01 -4.4319e+00 -1.8929e+00 +3.5016e+00 -1.7452e+00 +4.6276e+00 +1.8205e-01 +3.6293e-01 -3.1619e+00 +1.0366e+00
17 +1.253406001e+01 +1.253406001e+01 +6.224406001e+01 +6.224406001e+01 +3.6325e+00 -1.1227e+00 +2.8006e+00 -1.3639e+00 +1.6507e+00 -3.5563e+00 -4.7494e+00 -1.9351e+00 +4.5190e+00 +4.5354e+00
75 +7.773672203e+00 +7.773672203e+00 +5.748367220e+01 +5.748367220e+01 +3.2985e-01 -5.0000e+00 -1.3800e-01 +2.4001e+00 -1.4721e+00 +5.0000e+00 -5.0000e+00 -1.9281e+00 +1.9341e+00 +1.0409e+00
218 +5.131297055e+00 +5.131297055e+00 +5.484129705e+01 +5.484129705e+01 +3.7264e+00 -3.9549e+00 -3.2969e+00 -1.4708e+00 -1.5061e+00 +2.2058e+00 -5.0000e+00 -5.6944e-01 -3.7465e-01 +4.2220e+00
297 +3.866264016e+00 +3.866264016e+00 +5.357626402e+01 +5.357626402e+01 +5.0000e+00 -5.0000e+00 -9.1430e-01 +2.5437e+00 -1.7456e+00 +4.2325e+00 -4.3803e+00 +2.9466e-01 -8.4217e-01 +1.4555e+00
695 +2.281494304e+00 +2.281494304e+00 +5.199149430e+01 +5.199149430e+01 +5.0000e+00 -4.9282e+00 +3.2418e-01 +2.5970e+00 -2.5313e+00 +3.2303e+00 -3.5866e+00 +9.0754e-02 -1.9329e+00 +2.7725e+00
2290 +1.374358880e+00 +1.374358880e+00 +5.108435888e+01 +5.108435888e+01 +4.8679e+00 -4.2217e+00 -9.6982e-01 +2.5115e+00 -1.6511e+00 +3.4459e+00 -2.8788e+00 -9.1405e-01 -3.1633e-01 +2.0956e+00
2597 +8.888513004e-01 +8.888513004e-01 +5.059885130e+01 +5.059885130e+01 +3.3345e+00 -3.8481e+00 -1.0938e+00 +2.6606e+00 -1.4823e+00 +3.9174e+00 -3.4862e+00 -1.0623e+00 -9.0755e-01 +2.4596e+00
2754 +6.258405734e-01 +6.258405734e-01 +5.033584057e+01 +5.033584057e+01 +4.0824e+00 -3.8834e+00 -1.1435e+00 +2.4809e+00 -1.3844e+00 +3.4774e+00 -2.9872e+00 -9.8804e-01 -9.5047e-01 +2.7121e+00
3329 +3.106382392e-01 +3.106382392e-01 +5.002063824e+01 +5.002063824e+01 +3.6606e+00 -3.9578e+00 -1.3965e+00 +2.3980e+00 -1.4195e+00 +3.6667e+00 -3.0564e+00 -1.0530e+00 -7.1142e-01 +2.9723e+00
3724 +2.080772414e-01 +2.080772414e-01 +4.991807724e+01 +4.991807724e+01 +3.8225e+00 -3.7500e+00 -1.3290e+00 +2.2906e+00 -1.2994e+00 +3.7077e+00 -3.0994e+00 -1.0406e+00 -8.1653e-01 +3.0090e+00
3956 +1.546883642e-01 +1.546883642e-01 +4.986468836e+01 +4.986468836e+01 +3.6763e+00 -3.7712e+00 -1.3292e+00 +2.3486e+00 -1.4339e+00 +3.7207e+00 -3.0258e+00 -9.3675e-01 -8.0350e-01 +2.7931e+00
4297 +9.044220395e-02 +9.044220395e-02 +4.980044220e+01 +4.980044220e+01 +3.6699e+00 -3.7860e+00 -1.3774e+00 +2.3727e+00 -1.4514e+00 +3.7229e+00 -3.0343e+00 -9.2623e-01 -7.9826e-01 +2.8092e+00
4941 +5.961264752e-02 +5.961264752e-02 +4.976961265e+01 +4.976961265e+01 +3.6537e+00 -3.7799e+00 -1.4038e+00 +2.3629e+00 -1.4314e+00 +3.7404e+00 -3.0376e+00 -9.3203e-01 -8.0007e-01 +2.8021e+00
% function evaluation | noise-free fitness - Fopt (2.051200000000e+02) | best noise-free fitness - Fopt | measured fitness | best measured fitness | x1 | x2...
1 +2.475890458e+01 +2.475890458e+01 +2.298789046e+02 +2.298789046e+02 -2.8028e+00 +9.1692e-01 +4.7884e+00 +3.4088e+00 -3.5767e+00 -2.0296e+00 +1.5497e+00 +4.0777e+00 +4.3016e+00 +3.9585e+00
13 +1.206555077e+01 +1.206555077e+01 +2.171855508e+02 +2.171855508e+02 -2.8360e-01 -2.9956e-01 -4.0561e+00 -7.4238e-02 +3.3411e+00 -5.8322e-01 +2.6328e+00 -4.4886e-01 +4.8618e+00 +2.4104e+00
73 +7.297283631e+00 +7.297283631e+00 +2.124172836e+02 +2.124172836e+02 -2.1934e+00 +2.7783e+00 -4.1948e+00 +1.3305e+00 -9.4041e-01 +3.4022e-02 +4.4444e+00 +2.8268e+00 +4.8459e+00 +1.9708e+00
176 +5.090327800e+00 +5.090327800e+00 +2.102103278e+02 +2.102103278e+02 -4.5038e-02 +1.5479e+00 -4.3342e+00 -2.7148e+00 -2.8337e+00 +5.8091e-01 +2.0213e+00 +3.2510e-01 +4.4072e+00 +3.4156e+00
585 +3.122928911e+00 +3.122928911e+00 +2.082429289e+02 +2.082429289e+02 -1.8655e+00 +4.8358e+00 -4.9716e+00 -2.5988e+00 -1.3007e+00 +0.0000e+00 -6.3654e-01 +3.3144e+00 +3.0475e+00 +4.4410e+00
1370 +2.224100908e+00 +2.224100908e+00 +2.073441009e+02 +2.073441009e+02 -1.0593e+00 +2.7798e+00 -3.6899e+00 -2.3218e+00 -2.0181e+00 +1.5328e+00 +3.7291e+00 +3.2995e+00 +3.1199e+00 +4.2980e+00
1616 +1.583189300e+00 +1.583189300e+00 +2.067031893e+02 +2.067031893e+02 -7.6194e-01 +3.9529e+00 -3.9481e+00 -2.4014e+00 -2.1223e+00 +2.2393e+00 +2.5000e+00 +3.2532e+00 +3.0620e+00 +3.4390e+00
2091 +9.854261609e-01 +9.854261609e-01 +2.061054262e+02 +2.061054262e+02 -4.3887e-01 +3.9031e+00 -3.9290e+00 -2.4693e+00 -2.0971e+00 +1.5455e+00 +2.8126e+00 +3.2605e+00 +3.5594e+00 +3.2439e+00
2241 +5.430099151e-01 +5.430099151e-01 +2.056630099e+02 +2.056630099e+02 -5.1616e-01 +4.3490e+00 -3.3710e+00 -2.0874e+00 -1.9554e+00 +1.5355e+00 +2.8499e+00 +3.7629e+00 +3.6744e+00 +3.2950e+00
3008 +3.962655587e-01 +3.962655587e-01 +2.055162656e+02 +2.055162656e+02 -4.9659e-01 +4.4083e+00 -3.1654e+00 -2.0211e+00 -1.9517e+00 +1.4454e+00 +3.0337e+00 +3.8056e+00 +3.8340e+00 +3.2067e+00
3816 +1.739726173e-01 +1.739726173e-01 +2.052939726e+02 +2.052939726e+02 -7.0857e-01 +4.0070e+00 -3.3361e+00 -2.1843e+00 -2.0619e+00 +1.4105e+00 +3.0723e+00 +3.6600e+00 +3.8245e+00 +3.3378e+00
4121 +1.531339261e-01 +1.531339261e-01 +2.052731339e+02 +2.052731339e+02 -7.1355e-01 +4.0388e+00 -3.3389e+00 -2.1744e+00 -1.9645e+00 +1.4388e+00 +3.0252e+00 +3.6600e+00 +3.8750e+00 +3.3166e+00
4262 +9.156276866e-02 +9.156276866e-02 +2.052115628e+02 +2.052115628e+02 -7.1630e-01 +4.0840e+00 -3.3618e+00 -2.2253e+00 -1.9839e+00 +1.4765e+00 +2.9825e+00 +3.6455e+00 +3.8863e+00 +3.3427e+00
4751 +6.205705834e-02 +6.205705834e-02 +2.051820571e+02 +2.051820571e+02 -7.1134e-01 +4.0707e+00 -3.3411e+00 -2.2266e+00 -1.9923e+00 +1.4770e+00 +2.9852e+00 +3.6479e+00 +3.8862e+00 +3.3450e+00
% function evaluation | noise-free fitness - Fopt (-1.729000000000e+02) | best noise-free fitness - Fopt | measured fitness | best measured fitness | x1 | x2...
1 +2.500614647e+01 +2.500614647e+01 -1.478938535e+02 -1.478938535e+02 -4.9537e+00 +3.8421e+00 +4.5382e+00 -4.1258e+00 +3.7856e+00 +4.5748e+00 -1.7377e+00 -3.1421e+00 +2.1256e+00 -3.7804e+00
5 +1.406509643e+01 +1.406509643e+01 -1.588349036e+02 -1.588349036e+02 -5.7424e-01 +4.4160e+00 +2.5098e+00 +4.1168e+00 +2.5321e+00 -2.6426e-01 -4.1753e+00 -3.1031e-01 +2.8009e-01 -1.8238e+00
77 +9.398071730e+00 +9.398071730e+00 -1.635019283e+02 -1.635019283e+02 +8.0229e-01 -7.4784e-01 +3.3059e-01 -5.0000e+00 +2.6236e+00 -1.5656e+00 +3.0362e+00 -7.1752e-01 +3.9152e-02 +7.3057e-01
200 +4.314065727e+00 +4.314065727e+00 -1.685859343e+02 -1.685859343e+02 -3.0067e+00 -4.5925e-01 +4.1408e+00 -2.3351e+00 -6.5940e-01 -2.0319e+00 +5.6504e-01 +0.0000e+00 -3.2481e+00 -2.0988e-02
510 +3.769676325e+00 +3.769676325e+00 -1.691303237e+02 -1.691303237e+02 -4.3805e+00 -5.9416e-01 +4.9998e+00 -2.8778e+00 -1.1038e+00 -2.3253e+00 +5.5370e-01 +7.5434e-01 -3.6490e+00 +8.1609e-02
1300 +2.377103505e+00 +2.377103505e+00 -1.705228965e+02 -1.705228965e+02 -4.1432e+00 +4.5503e-01 +4.1953e+00 -2.8789e+00 -2.3321e+00 -1.5508e+00 +1.5415e+00 +1.3206e+00 -2.3961e+00 +2.0217e-01
1852 +1.529358463e+00 +1.529358463e+00 -1.713706415e+02 -1.713706415e+02 -3.5626e+00 -1.0117e+00 +3.8083e+00 -4.2732e+00 -3.7060e+00 -1.8404e+00 +2.1181e-01 +1.3868e+00 -4.4691e+00 +1.8016e+00
2469 +9.251934297e-01 +9.251934297e-01 -1.719748066e+02 -1.719748066e+02 -2.7645e+00 -1.1774e+00 +4.2964e+00 -3.0478e+00 -3.6737e+00 -6.8119e-01 +6.9674e-01 +1.2096e+00 -3.5473e+00 +1.3099e+00
3081 +6.082416172e-01 +6.082416172e-01 -1.722917584e+02 -1.722917584e+02 -2.9049e+00 -1.3665e+00 +4.0776e+00 -3.6473e+00 -3.3357e+00 -1.5105e+00 +8.4972e-01 +1.1213e+00 -3.4972e+00 +1.5449e+00
3462 +3.618314991e-01 +3.618314991e-01 -1.725381685e+02 -1.725381685e+02 -3.1125e+00 -6.4924e-01 +4.1764e+00 -3.9147e+00 -3.6278e+00 -1.0967e+00 +6.3998e-01 +1.2222e+00 -3.5792e+00 +1.6143e+00
% function evaluation | noise-free fitness - Fopt (-3.506200000000e+02) | best noise-free fitness - Fopt | measured fitness | best measured fitness | x1 | x2...
1 +1.812129271e+01 +1.812129271e+01 -3.324987073e+02 -3.324987073e+02 +1.8558e+00 +4.9261e-01 -8.4296e-01 -2.7174e+00 -2.2866e+00 +3.6749e+00 +4.6978e+00 +2.4540e+00 -4.7274e+00 +2.7934e-01
10 +1.551112805e+01 +1.551112805e+01 -3.351088720e+02 -3.351088720e+02 -3.1556e+00 +1.4823e+00 +2.0568e+00 +2.0288e+00 +1.3373e+00 -2.9766e+00 +4.6356e-02 -2.1445e-01 +2.7389e-01 +2.7874e+00
117 +9.739486634e+00 +9.739486634e+00 -3.408805134e+02 -3.408805134e+02 -3.1322e+00 +0.0000e+00 -2.6716e+00 -3.1399e-01 -1.1832e+00 +1.0840e+00 +1.9772e+00 -1.7204e+00 +0.0000e+00 +2.4860e+00
515 +5.837919935e+00 +5.837919935e+00 -3.447820801e+02 -3.447820801e+02 -4.3502e+00 +3.8582e-01 -4.4589e+00 +1.5995e+00 -2.7891e+00 +5.0000e+00 +5.0000e+00 +1.3191e+00 -2.8876e+00 +4.9366e+00
640 +3.854408804e+00 +3.854408804e+00 -3.467655912e+02 -3.467655912e+02 -4.1510e+00 +6.2255e-01 -4.6333e+00 +2.1485e+00 +3.2032e-01 +5.0000e+00 +5.0000e+00 +0.0000e+00 -2.7284e+00 +4.1405e+00
3935 +2.480585830e+00 +2.480585830e+00 -3.481394142e+02 -3.481394142e+02 -3.4194e+00 -3.4056e+00 -1.9596e+00 -7.0285e-01 -1.1335e-01 +4.8666e+00 +4.5195e+00 +2.4115e-01 -3.1149e+00 +1.7228e+00
