% function evaluation | noise-free fitness - Fopt (1.238300000000e+02) | best noise-free fitness - Fopt | measured fitness | best measured fitness | x1 | x2...
1 +1.354743784e+05 +1.354743784e+05 +1.355982084e+05 +1.355982084e+05 -8.1805e-01 +1.7639e+00 -5.9572e-01 -3.6380e+00 +1.0667e-01 +1.3858e+00 -1.8519e+00 -3.8487e+00 +3.1002e+00 +3.6569e-01 +3.3879e+00 -1.9977e+00 -3.3264e+00 +9.6096e-01 +1.4666e+00 -4.6822e-01 +1.5264e+00 +3.7002e+00 -7.3539e-01 -1.6751e+00
42 +8.882020708e+04 +8.882020708e+04 +8.894403708e+04 +8.894403708e+04 +1.0813e+00 +1.4521e+00 +2.8130e-01 -1.4726e+00 -1.8525e+00 -1.5790e-02 +1.2166e+00 -1.1102e-01 +2.5592e+00 +8.4883e-01 +3.2401e+00 -1.6360e+00 -5.9247e+00 +4.7179e-02 +2.3229e+00 +1.8469e+00 +1.7452e+00 +1.6258e+00 +3.4686e+00 -1.7046e+00
54 +4.469179491e+04 +4.469179491e+04 +4.481562491e+04 +4.481562491e+04 -1.0112e+00 +6.5162e-01 +2.5347e+00 -5.4329e-01 -6.6627e-01 -1.4854e+00 -1.5061e+00 -2.8221e+00 +1.6571e+00 -1.3938e+00 +2.2291e+00 -2.3421e+00 -2.6165e+00 -2.1892e+00 +1.4728e+00 +8.0405e-01 -2.6189e+00 +1.6302e+00 +2.8959e+00 -2.1074e+00
96 +1.710092445e+04 +1.710092445e+04 +1.722475445e+04 +1.722475445e+04 -1.5874e+00 -8.6995e-01 -1.1819e+00 +4.3655e-01 +1.5609e+00 -2.2993e+00 -2.3961e-01 -2.3644e+00 +5.4382e-01 -4.4887e-01 +3.9259e-02 -1.7585e+00 -1.0073e+00 -2.1082e+00 +6.0723e-01 +1.0535e+00 -1.5284e+00 -1.1377e+00 -2.3095e-01 +6.9786e-01
141 +1.504144216e+04 +1.504144216e+04 +1.516527216e+04 +1.516527216e+04 -2.7621e-01 +3.3885e-01 -2.2263e+00 +9.8904e-01 +2.7149e+00 -6.7200e-02 +1.3006e+00 -3.9231e+00 -3.1505e+00 +5.6887e-01 -8.5868e-01 -2.7900e+00 -2.6590e+00 -1.0740e+00 +2.3220e+00 -7.2745e-01 -2.0295e+00 +1.8494e+00 -1.6770e-01 +8.5323e-01
204 +6.324485322e+03 +6.324485322e+03 +6.448315322e+03 +6.448315322e+03 +9.2348e-01 +3.3970e+00 +1.0110e+00 +1.7220e-01 +2.0242e-01 -7.4738e-02 +1.3856e+00 -1.7194e+00 +1.5992e+00 +4.0475e-01 -9.7690e-01 -3.5499e-01 -1.8712e+00 +1.4090e-01 +2.0303e+00 -4.8021e-01 -6.0352e-01 +1.7550e+00 +1.9043e-01 +4.8704e-01
223 +5.595831381e+03 +5.595831381e+03 +5.719661381e+03 +5.719661381e+03 +7.2435e-01 +1.4470e+00 -4.9828e-01 -9.8595e-01 -7.4501e-01 +7.5900e-01 +1.4108e+00 +1.5512e+00 +2.4019e-01 -1.5838e-01 -7.2825e-01 +6.8323e-03 -1.3735e+00 -1.8525e+00 +1.0418e+00 +1.9735e-01 -1.6305e+00 +3.4118e-02 +1.7828e+00 +6.3628e-01
229 +3.680358432e+03 +3.680358432e+03 +3.804188432e+03 +3.804188432e+03 +8.9311e-01 +1.8608e+00 -2.3035e-01 +2.0918e-01 -9.2196e-01 +1.5967e+00 -1.5342e+00 -5.2106e-01 +6.6898e-01 +8.4386e-02 -5.9280e-02 +2.6976e-01 -1.3924e+00 +1.0780e+00 +2.7000e-01 +4.0024e-01 -1.0040e+00 +1.4914e+00 -5.6322e-01 -6.9344e-03
252 +1.980227081e+03 +1.980227081e+03 +2.104057081e+03 +2.104057081e+03 -5.8884e-02 -6.4733e-02 -1.8715e+00 +3.5105e-01 +1.8586e-01 +1.1549e+00 +6.6862e-01 -1.0576e+00 -2.8649e-01 +5.5108e-01 -2.2920e+00 -8.0663e-01 -1.6974e+00 +4.3675e-01 +5.7320e-01 -1.0176e+00 -9.8886e-01 +1.2865e+00 +1.8070e-01 +2.2540e-01
344 +1.485307951e+03 +1.485307951e+03 +1.609137951e+03 +1.609137951e+03 -4.7064e-02 +5.4237e-01 +3.9013e-01 +4.0022e-02 -1.1072e+00 +1.6650e+00 +2.2680e-01 -4.3628e-01 +1.0110e+00 -9.7569e-01 -1.8033e-02 -2.0637e-01 -1.2521e-01 +4.8330e-01 +7.8390e-01 -7.6541e-01 -7.6136e-01 +3.7035e-01 +5.4121e-01 -9.7003e-01
380 +9.766560244e+02 +9.766560244e+02 +1.100486024e+03 +1.100486024e+03 -4.8809e-02 +8.2081e-01 +8.6882e-01 +3.8826e-01 -1.3992e-01 +1.6098e+00 +1.3000e+00 -7.3826e-01 +1.0946e-01 -5.0235e-01 +4.1491e-01 -2.1422e-01 +9.7473e-01 -2.3045e-02 +2.0156e+00 -9.2902e-01 -1.2775e+00 +4.5040e-01 -4.1030e-01 -1.9740e-02
408 +5.142349582e+02 +5.142349582e+02 +6.380649582e+02 +6.380649582e+02 +2.5083e-01 +4.9558e-02 +2.0183e-01 -9.0279e-01 +3.7246e-02 +8.8288e-01 +9.2952e-01 +4.0747e-01 -3.5726e-01 -1.6495e+00 +3.4306e-01 -4.7408e-01 -2.5267e-01 +5.2792e-01 +1.1885e+00 +6.5959e-01 -9.3061e-01 +3.3496e-02 -7.2340e-01 -6.1561e-01
459 +3.379948636e+02 +3.379948636e+02 +4.618248636e+02 +4.618248636e+02 -7.6564e-01 -5.2954e-02 +2.3100e-01 -4.7258e-01 -3.1009e-01 +8.0904e-01 +8.1470e-01 -5.5114e-01 -3.6230e-01 -6.9757e-01 -1.0368e-01 -3.2251e-01 -1.9910e-01 +5.9052e-01 +1.3217e+00 -8.2597e-02 -4.9251e-01 +8.8146e-02 -4.8660e-02 -5.3906e-01
483 +2.311686293e+02 +2.311686293e+02 +3.549986293e+02 +3.549986293e+02 -9.2213e-01 +4.2760e-01 +5.7667e-01 -5.1435e-02 -5.9183e-01 +5.5169e-01 +9.7345e-01 +8.3887e-02 +4.1299e-03 -7.2843e-01 +2.9449e-01 -7.1658e-02 -5.7475e-01 +2.5301e-01 +1.1634e+00 +6.3837e-01 -8.6701e-01 +3.5813e-01 -2.4505e-01 -6.0802e-01
587 +1.542075797e+02 +1.542075797e+02 +2.780375797e+02 +2.780375797e+02 -3.3273e-02 +1.1165e-01 +5.7475e-01 +1.8008e-01 -5.2072e-01 +1.4743e-01 +6.5991e-01 +4.2153e-01 -7.8683e-02 -6.1547e-01 +1.4824e-01 -8.0900e-01 -8.0989e-02 +1.3670e-01 +7.5273e-01 +6.5741e-02 -9.5402e-01 +1.5952e-01 -2.2164e-01 +2.5083e-01
623 +9.783271959e+01 +9.783271959e+01 +2.216627196e+02 +2.216627196e+02 -6.4976e-02 +1.6082e-01 +2.5496e-01 +5.8849e-02 -3.4676e-01 +3.7057e-01 +7.7749e-01 -7.2424e-02 +1.2956e-01 -6.6956e-01 +4.3195e-01 -4.3347e-01 -3.0353e-01 +2.4514e-01 +8.5514e-01 +1.1405e-01 -9.1914e-01 +2.3412e-01 -2.7074e-01 +2.1621e-01
710 +6.035741001e+01 +6.035741001e+01 +1.841874100e+02 +1.841874100e+02 -1.8475e-01 +5.1237e-02 +5.6708e-01 +2.4800e-02 -4.6206e-01 +6.1560e-01 +7.6722e-01 +4.3158e-01 -3.8995e-02 -1.0442e+00 +1.4374e-01 +1.5603e-01 -2.9348e-02 -2.1510e-02 +7.1332e-01 +2.8837e-01 -1.0867e+00 +1.4578e-01 -1.2488e-01 +2.1912e-01
855 +3.593121168e+01 +3.593121168e+01 +1.597612117e+02 +1.597612117e+02 -1.2800e-01 -4.1692e-02 +6.1427e-01 +1.3211e-01 -4.0665e-01 +6.4685e-02 +9.6733e-01 +1.5513e-01 -6.7593e-02 -1.1827e+00 +1.7668e-01 +2.1109e-02 -1.2909e-01 +7.0218e-02 +7.8754e-01 +4.9791e-01 -1.0800e+00 +8.3104e-02 -3.5634e-01 +4.8725e-03
976 +2.469526295e+01 +2.469526295e+01 +1.485252629e+02 +1.485252629e+02 -8.4710e-02 -8.8958e-02 +7.5932e-01 -2.3445e-02 -4.3077e-01 +2.6086e-01 +9.5236e-01 +2.4388e-01 -5.1488e-02 -1.1717e+00 +2.6791e-02 +1.0537e-01 +2.4495e-02 -1.4817e-02 +9.8633e-01 +4.6884e-01 -1.0042e+00 +3.1726e-01 -2.3205e-01 +8.3700e-02
4552 +1.581454751e+01 +1.581454751e+01 +1.396445475e+02 +1.396445475e+02 -1.9447e-01 -5.0817e-01 +2.0154e-01 +6.4219e-02 +4.2707e-02 +5.0892e-01 +1.1425e+00 +4.2555e-01 -2.4743e-01 -7.0987e-01 -3.8617e-01 +4.0899e-01 +4.6447e-01 -1.3982e-01 +6.3623e-01 +4.2119e-01 -7.0424e-01 +8.5250e-01 +2.5684e-01 +9.2035e-01
% function evaluation | noise-free fitness - Fopt (4.751000000000e+01) | best noise-free fitness - Fopt | measured fitness | best measured fitness | x1 | x2...
1 +2.966328788e+05 +2.966328788e+05 +2.966803888e+05 +2.966803888e+05 -9.4898e-02 -3.8901e+00 +1.5743e+00 -2.4924e+00 -3.1329e+00 -2.5841e+00 +2.8081e+00 -3.0056e+00 -2.6629e+00 -3.6764e+00 -1.2346e+00 -1.3855e+00 +3.3871e+00 +2.9433e+00 -2.7075e+00 +3.4627e-01 -1.4950e+00 -2.1802e+00 +6.3416e-01 -2.2512e+00
14 +2.243583029e+05 +2.243583029e+05 +2.244058129e+05 +2.244058129e+05 +1.0796e+00 -4.0968e+00 -5.4278e-01 +2.6868e-01 +2.6791e+00 -2.7416e+00 +2.4278e+00 -4.6122e+00 +4.5161e-01 -1.8075e-01 -4.4282e+00 -1.2846e+00 +2.3569e+00 -6.3825e-01 -3.2659e+00 -1.1352e+00 -2.1338e+00 +1.3154e+00 +5.1527e-01 -5.9469e+00
16 +8.959453073e+04 +8.959453073e+04 +8.964204073e+04 +8.964204073e+04 -1.9075e+00 -2.8364e+00 -3.9923e-01 +5.5778e-01 -1.1190e+00 -1.1061e+00 +3.6363e+00 -5.0676e-02 -1.4366e+00 -3.5263e+00 -2.3403e+00 +3.5364e-01 +2.6961e+00 -4.1487e+00 -2.6790e+00 +8.2697e-01 +2.4090e-01 +5.5491e-01 -1.7405e+00 -4.0987e+00
73 +3.593403540e+04 +3.593403540e+04 +3.598154540e+04 +3.598154540e+04 -2.4542e+00 -7.9892e-01 +6.5142e-02 +1.8463e-01 -3.7701e-01 -1.6358e+00 +1.5809e+00 -2.5045e+00 +1.3981e-01 -1.5043e+00 +1.8333e+00 +1.2045e+00 +4.2847e+00 -2.4337e+00 -1.8932e+00 +6.8656e-01 -6.3324e-01 +5.4054e-01 -1.1959e+00 -4.7754e+00
104 +2.091207754e+04 +2.091207754e+04 +2.095958754e+04 +2.095958754e+04 +2.1089e-01 -8.9931e-01 -4.0911e-01 -2.5659e-01 -6.4452e-01 +5.8253e-01 +2.6986e-01 -2.6405e-01 -1.0421e+00 -1.5227e+00 -1.2689e+00 -3.4041e+00 +3.6641e+00 -1.5049e+00 -1.6404e+00 +1.2047e+00 +6.1190e-02 +7.8968e-01 -1.2654e+00 -2.0815e+00
129 +1.381248843e+04 +1.381248843e+04 +1.385999843e+04 +1.385999843e+04 -1.6193e+00 -1.1865e+00 +1.6159e+00 +9.8019e-01 +2.3037e+00 -2.6269e+00 +1.7908e+00 -1.8537e+00 -9.2960e-01 +8.9510e-01 -1.5832e+00 -1.2915e+00 +2.0612e+00 -1.4032e+00 -2.0041e+00 -1.9826e-01 -1.2346e+00 -9.4202e-01 +1.0949e+00 -4.0746e-01
173 +9.293261758e+03 +9.293261758e+03 +9.340771758e+03 +9.340771758e+03 +6.7875e-01 +1.2454e-01 -2.6952e-01 +4.6129e-01 +7.1947e-01 +2.4676e-01 -8.3150e-01 -1.0866e+00 +1.5357e+00 +7.7784e-02 +5.5684e-01 -2.7103e+00 +3.0737e+00 -1.0663e-01 -4.0509e-01 +1.2573e+00 -6.3115e-01 -1.2511e+00 +7.5954e-01 -2.2176e+00
207 +5.004090258e+03 +5.004090258e+03 +5.051600258e+03 +5.051600258e+03 -9.3034e-01 +3.7160e-01 +6.9734e-01 +3.5577e-01 +1.0602e+00 -1.2000e+00 -7.6903e-01 -1.3743e-01 -1.0805e-01 +1.5372e+00 +1.1247e-01 +4.8438e-01 +2.3815e+00 -1.8324e-01 -4.0312e-01 -7.7505e-01 -1.1025e+00 +8.2020e-01 +6.9302e-01 -3.5527e-01
243 +3.942566792e+03 +3.942566792e+03 +3.990076792e+03 +3.990076792e+03 +3.9228e-01 +2.1862e+00 -6.0727e-02 +7.2773e-01 -1.4067e-01 +4.8257e-01 +1.3578e+00 -3.4491e-01 +1.6921e+00 +2.6059e-01 +5.9276e-01 -1.6743e+00 +4.6087e-01 -1.5693e+00 +1.5675e-01 -2.1809e-01 -1.2620e-01 +9.9180e-01 +7.3780e-01 -1.0082e+00
258 +2.301556023e+03 +2.301556023e+03 +2.349066023e+03 +2.349066023e+03 -6.6098e-01 +1.1451e+00 -3.5092e-01 -9.2106e-02 -2.2166e-01 +6.7755e-01 +1.3103e+00 +1.0903e-01 +9.5686e-01 +3.0696e-01 +1.2396e+00 -9.1136e-01 +1.4591e+00 -7.3453e-02 -6.1592e-01 -1.3301e+00 -5.6304e-01 +1.0316e+00 -4.6966e-01 -4.4197e-01
273 +1.464971155e+03 +1.464971155e+03 +1.512481155e+03 +1.512481155e+03 +3.5349e-01 -9.7947e-02 -4.7413e-01 -4.1359e-02 -3.1394e-01 -9.9670e-02 +1.2105e+00 -1.8689e-01 +6.2427e-01 +1.8514e+00 -6.6885e-01 -3.6238e-01 +8.9967e-01 +3.3198e-01 -5.6467e-01 -1.2630e+00 +4.2649e-01 +5.4392e-01 +6.0941e-01 -6.9584e-01
352 +9.823110145e+02 +9.823110145e+02 +1.029821015e+03 +1.029821015e+03 +7.0397e-01 +4.3414e-01 -1.3407e-01 -1.3658e+00 -1.4299e+00 -2.4524e-01 +9.4799e-01 +2.1125e-01 +1.4663e+00 +2.9151e-01 +6.0060e-01 +6.2020e-01 +1.8134e+00 +3.7060e-01 +1.6372e-01 +7.9597e-01 +9.7840e-02 +7.6996e-01 -1.2437e+00 +6.4122e-01
417 +6.131186872e+02 +6.131186872e+02 +6.606286872e+02 +6.606286872e+02 -4.3129e-01 -3.1341e-01 -3.6633e-01 -1.1388e-01 +4.2616e-01 -5.9143e-01 +7.3655e-01 +1.0155e+00 +4.2064e-01 +4.4038e-01 -2.8632e-02 +1.7909e-01 +7.1961e-01 -2.7207e-01 +9.7909e-01 -5.6067e-02 -1.0407e+00 -2.1410e-02 +2.5306e-03 +2.5604e-01
530 +3.736922802e+02 +3.736922802e+02 +4.212022802e+02 +4.212022802e+02 -4.8254e-02 +2.8575e-01 +2.5112e-02 +1.7146e-01 -1.9919e-01 -7.3552e-02 -7.6453e-02 +5.6720e-01 +9.3791e-02 +7.6922e-01 +2.5948e-01 +2.4519e-01 +5.3508e-01 -7.6244e-01 +6.9617e-01 +1.5918e-01 +8.7513e-02 +5.9039e-01 +1.0983e-01 +3.7694e-01
576 +2.096392836e+02 +2.096392836e+02 +2.571492836e+02 +2.571492836e+02 +7.4825e-01 +4.5514e-01 +2.2448e-01 -4.4122e-01 -2.8680e-01 -2.6182e-01 +1.1498e+00 -2.6368e-01 +5.2674e-01 +5.5685e-01 +8.8708e-01 +5.2364e-01 +4.7191e-01 -2.8370e-01 +5.9437e-01 +6.2011e-01 +3.3442e-02 +5.4432e-01 -4.3622e-01 +2.1605e-01
620 +1.529981857e+02 +1.529981857e+02 +2.005081857e+02 +2.005081857e+02 +5.0730e-01 +2.0296e-01 +2.5365e-01 -5.8317e-01 -9.2243e-02 -3.2457e-01 +5.3821e-01 +1.4513e-01 +5.6873e-01 +1.6646e-01 +2.1850e-01 +1.4125e-01 +1.1766e-01 -6.7087e-01 +4.3282e-01 +2.4980e-01 -2.8875e-01 +6.7897e-02 -1.0751e-01 +4.6559e-01
666 +8.816107101e+01 +8.816107101e+01 +1.356710710e+02 +1.356710710e+02 +2.1396e-01 -1.5677e-01 +1.1062e-01 -3.1910e-01 -3.1378e-03 +1.9277e-01 +7.5589e-01 -3.2111e-02 +1.0528e-01 +1.5020e-01 +1.3212e-01 +2.1320e-01 +2.4497e-01 -4.2630e-01 +5.0080e-01 +1.7676e-01 -1.1069e-01 +1.0326e-01 -3.1415e-02 -5.1182e-03
810 +5.403693817e+01 +5.403693817e+01 +1.015469382e+02 +1.015469382e+02 +4.1725e-01 +7.4510e-02 +2.5909e-01 -5.4399e-01 +2.0439e-01 +1.6419e-01 +1.0563e+00 -2.8478e-01 +2.6134e-01 -5.2883e-02 +4.7211e-01 +1.0435e-01 +3.4727e-01 -4.7324e-01 +4.8120e-01 +2.6601e-01 -2.0974e-01 +3.5677e-01 -1.3988e-01 -1.3541e-01
894 +3.928385539e+01 +3.928385539e+01 +8.679385539e+01 +8.679385539e+01 +2.8372e-01 +9.4049e-02 +6.8251e-02 -3.6712e-01 +1.7061e-01 +1.0182e-01 +9.2112e-01 -1.7500e-02 +3.6709e-01 +1.1536e-01 +4.6335e-01 +2.1912e-01 +5.2188e-01 -6.7469e-01 +4.6876e-01 +3.9246e-01 -3.3742e-01 +1.8699e-01 -1.9396e-01 +7.6459e-02
976 +2.447091037e+01 +2.447091037e+01 +7.198091037e+01 +7.198091037e+01 +4.6931e-01 +1.1743e-01 +3.8326e-02 -4.6145e-01 +1.2037e-01 +2.7129e-01 +1.0516e+00 -9.2752e-02 +3.3095e-01 +3.4065e-02 +5.3741e-01 +2.1230e-01 +6.0841e-01 -7.0035e-01 +5.2450e-01 +3.7102e-01 -2.7680e-01 +2.2867e-01 -1.6515e-01 +1.2760e-01
2409 +1.582752048e+01 +1.582752048e+01 +6.333752048e+01 +6.333752048e+01 +3.6925e-01 +1.4186e-01 -9.4045e-02 -3.1909e-01 +2.4671e-01 +3.8928e-01 +1.1676e+00 -2.5928e-01 +3.2382e-01 +4.4222e-02 +7.1445e-01 +2.7455e-01 +4.8808e-01 -7.3591e-01 +4.9040e-01 +3.6262e-01 -2.6392e-01 +3.1965e-01 -1.3146e-01 +2.3966e-01
% function evaluation | noise-free fitness - Fopt (5.534000000000e+01) | best noise-free fitness - Fopt | measured fitness | best measured fitness | x1 | x2...
1 +9.241255771e+04 +9.241255771e+04 +9.246789771e+04 +9.246789771e+04 +1.1690e+00 +3.2477e-02 -4.6375e-01 -1.2720e-01 -6.1914e-01 -2.3225e+00 -1.7727e+00 +3.4974e+00 +1.9280e+00 +1.5975e+00 -2.5893e-01 -2.9727e+00 +1.6910e+00 +1.3135e+00 -3.9536e+00 +2.3629e+00 +6.9299e-01 +4.2737e-01 -2.6932e+00 +6.3465e-02
48 +5.863293177e+04 +5.863293177e+04 +5.868827177e+04 +5.868827177e+04 +1.1450e-01 +1.0466e+00 -3.7441e-01 -1.0731e+00 -7.9406e-01 +5.6640e-02 -8.2425e-01 +1.7260e+00 -1.1813e+00 +1.2194e+00 +1.2586e+00 +1.5677e+00 +5.6596e-01 +2.4684e+00 -5.3815e-01 +3.5707e+00 -3.9510e-01 -1.1697e+00 -5.0245e+00 -2.0769e+00
84 +3.336637024e+04 +3.336637024e+04 +3.342171024e+04 +3.342171024e+04 +2.4983e-01 +9.1468e-01 +4.7537e-01 +9.0341e-01 -4.1214e+00 -1.3838e+00 -1.3923e+00 +7.5986e-02 -3.0399e-01 -1.7266e+00 +4.1128e-01 -5.8141e-01 -7.3943e-01 +1.4546e+00 -1.8936e+00 +7.7579e-01 +3.9992e-01 -2.9940e+00 -2.8367e+00 -4.1401e-01
92 +9.295980144e+03 +9.295980144e+03 +9.351320144e+03 +9.351320144e+03 +2.2628e-01 +1.0651e+00 -4.4882e-01 -3.0502e-01 -1.6109e+00 +3.5410e+00 +1.5125e+00 +2.5038e+00 -8.0197e-01 +2.7800e-01 +1.1918e+00 +2.3479e-01 -5.0913e-01 +9.1836e-01 +8.4708e-01 +1.4273e+00 +3.0259e-01 -7.5281e-01 -1.2079e+00 -2.4013e+00
158 +5.861631608e+03 +5.861631608e+03 +5.916971608e+03 +5.916971608e+03 +9.2012e-01 +5.3469e-01 -1.9211e-01 +1.6491e-01 -1.7202e+00 -5.7345e-01 -1.0952e+00 +5.0517e-01 -8.1026e-01 +1.5387e+00 +6.5379e-01 -6.3507e-01 +3.3282e+00 -1.3942e+00 +1.1429e+00 +1.0052e+00 +5.0396e-01 +6.7299e-01 +1.4399e-01 -4.4804e-01
159 +3.581952855e+03 +3.581952855e+03 +3.637292855e+03 +3.637292855e+03 -4.8824e-01 +4.9135e-01 -1.2402e+00 -2.6818e-01 -1.3935e+00 +6.5888e-01 -3.2236e-01 +6.5102e-01 -2.5094e-01 -6.8428e-01 -1.2285e+00 +4.0354e-01 +1.5607e+00 +1.5645e+00 -1.1540e+00 +1.8097e+00 +1.0617e+00 -6.3084e-02 +9.5916e-01 -5.7463e-01
207 +1.890623827e+03 +1.890623827e+03 +1.945963827e+03 +1.945963827e+03 -1.6637e+00 +1.1435e+00 -1.7397e-01 -1.0344e+00 -2.1969e+00 +1.0875e+00 +3.6798e-01 +1.4760e+00 +3.2867e-01 -1.3899e-01 -5.3137e-01 -1.4475e+00 -3.1744e-01 +5.0586e-01 -6.9752e-02 -3.0770e-01 +3.0312e-01 -1.5885e+00 +6.3877e-01 -3.6214e-01
253 +1.554084382e+03 +1.554084382e+03 +1.609424382e+03 +1.609424382e+03 -1.7349e-01 +7.7457e-01 -1.1707e-01 -1.6380e-02 -8.7898e-01 +6.9214e-01 +4.6896e-01 +2.0975e+00 +3.7186e-01 +6.5740e-02 -1.0819e+00 -5.2602e-01 +1.6598e+00 -1.6343e-02 +6.8452e-01 +1.3198e+00 +1.0689e+00 -1.7019e+00 -9.4439e-02 +9.8280e-03
309 +9.004792634e+02 +9.004792634e+02 +9.558192634e+02 +9.558192634e+02 -4.5170e-01 -8.2476e-01 -3.8057e-01 -8.5162e-01 -9.8733e-01 +6.7541e-01 +2.4637e-01 +9.8263e-01 -6.5546e-01 -6.8780e-02 -5.3872e-01 +1.4967e-01 +6.7602e-01 +4.2791e-01 +5.7937e-01 +1.3457e+00 +1.6334e+00 -2.0965e-01 -2.8529e-01 -6.1284e-01
343 +6.107325490e+02 +6.107325490e+02 +6.660725490e+02 +6.660725490e+02 +3.8590e-01 -5.5877e-02 -1.0262e-02 -5.3823e-01 -1.2956e+00 +9.5605e-02 -2.4529e-01 +3.1487e-01 -2.4540e-01 -4.0851e-02 -7.1173e-01 +5.1943e-01 +2.3699e-01 -4.0501e-02 +3.6095e-01 +5.5970e-01 +7.0929e-01 -1.4272e+00 +2.3659e-01 -1.0712e-01
363 +3.372901684e+02 +3.372901684e+02 +3.926301684e+02 +3.926301684e+02 -2.0009e-01 +4.9236e-01 +1.0057e-01 +3.3586e-01 -1.2730e+00 +4.5086e-01 -2.2909e-01 +2.0679e-01 -7.7375e-01 +3.4673e-01 -3.1903e-01 +8.8705e-01 +3.5490e-01 -6.1155e-01 +5.7339e-01 +9.0975e-01 +1.1049e+00 -1.2251e+00 +8.0970e-01 -4.0418e-01
464 +2.075530421e+02 +2.075530421e+02 +2.628930421e+02 +2.628930421e+02 -3.6191e-01 -1.6988e-01 +1.7370e-01 -4.6414e-02 -1.4436e+00 +3.5387e-01 +5.5357e-02 +3.6140e-01 -6.6227e-01 +6.9913e-01 +2.4315e-02 +7.5908e-02 +5.0918e-01 -2.5091e-01 +4.1081e-01 +6.0923e-01 +1.0199e+00 -5.0747e-01 +8.6046e-01 -4.4102e-01
584 +1.213899017e+02 +1.213899017e+02 +1.767299017e+02 +1.767299017e+02 -6.2518e-01 +4.9704e-02 -7.0313e-02 +1.4187e-01 -1.2353e+00 -1.5576e-02 -8.2345e-02 +3.4933e-01 -7.0769e-01 +1.4355e-01 -2.0789e-02 +7.4732e-02 -8.8590e-02 -2.1215e-01 +9.1824e-01 +4.1309e-01 +7.0012e-01 -1.6448e-01 +5.9753e-01 +3.5228e-01
591 +9.997628722e+01 +9.997628722e+01 +1.553162872e+02 +1.553162872e+02 -6.9424e-01 +1.1100e-01 -2.3942e-01 +3.6868e-01 -1.0146e+00 -5.2653e-02 -2.2563e-01 +3.2336e-01 -5.8824e-01 +5.0869e-01 -1.1350e-01 +5.6753e-01 +2.9795e-01 -7.2990e-02 +5.0408e-01 +5.6363e-02 +6.0919e-01 +6.0289e-02 +5.3828e-01 +1.3183e-01
709 +4.048028215e+01 +4.048028215e+01 +9.582028215e+01 +9.582028215e+01 -7.3830e-01 +4.4144e-01 -2.8241e-01 +6.9554e-02 -1.1040e+00 +4.5564e-01 -2.7641e-01 +5.1464e-01 -4.3299e-01 +7.0350e-01 +4.2586e-01 +8.4603e-02 +5.1139e-02 -3.9244e-01 +1.4863e-01 +1.7277e-01 +4.6048e-01 -3.1480e-01 +4.4749e-01 -2.9079e-01
827 +3.533129219e+01 +3.533129219e+01 +9.067129219e+01 +9.067129219e+01 -8.0275e-01 +4.1645e-01 -1.4610e-02 +3.3328e-02 -1.1932e+00 +2.9940e-01 -1.2306e-01 +5.1687e-01 -3.7824e-01 +7.4800e-01 +3.9474e-01 +2.7215e-01 +2.1446e-01 -2.3803e-01 +2.0305e-01 -5.0086e-02 +6.9359e-01 -4.4235e-01 +3.7660e-01 -1.9040e-01
869 +2.491152734e+01 +2.491152734e+01 +8.025152734e+01 +8.025152734e+01 -8.5034e-01 +3.9988e-01 +4.3134e-02 +2.1548e-01 -1.0966e+00 +2.8995e-01 -1.8827e-01 +4.6908e-01 -4.7238e-01 +7.1487e-01 +2.7168e-01 +2.7396e-01 +2.1781e-01 -4.9246e-01 +1.5756e-01 -1.8357e-02 +6.5633e-01 -2.4388e-01 +3.5981e-01 -2.2591e-01
2378 +1.583878105e+01 +1.583878105e+01 +7.117878105e+01 +7.117878105e+01 -1.5462e-01 +5.7199e-01 -1.2414e-01 +4.7023e-01 -1.2710e+00 +5.4423e-01 -3.0146e-01 +5.8621e-01 +1.5533e-02 +5.9222e-01 +4.3760e-01 -1.2525e-01 +1.1098e-01 -2.4248e-01 +1.0514e-01 -7.1002e-02 +4.6800e-01 -3.1530e-01 +3.1588e-01 -2.8684e-02
% function evaluation | noise-free fitness - Fopt (-9.033000000000e+01) | best noise-free fitness - Fopt | measured fitness | best measured fitness | x1 | x2...
1 +3.126754079e+05 +3.126754079e+05 +3.125850779e+05 +3.125850779e+05 -2.5783e+00 +3.2493e+00 +3.5963e+00 +2.9984e+00 -3.8508e+00 +2.2256e+00 +2.6993e+00 +1.7432e+00 -3.3408e+00 -3.1382e+00 +2.3645e+00 -8.0965e-01 +2.2441e+00 -5.0713e-01 +2.5476e+00 -2.9516e+00 +9.0626e-01 -2.1619e+00 +1.3898e+00 +8.6371e-01
7 +2.141971816e+05 +2.141971816e+05 +2.141068516e+05 +2.141068516e+05 +1.2766e+00 +2.8106e+00 +2.7767e+00 +2.1736e+00 -6.0602e+00 +2.3772e+00 +4.3805e+00 +1.2059e+00 -3.7304e+00 +1.7941e+00 +1.3791e+00 -3.8974e-01 +6.7878e-01 -9.9659e-01 +3.1633e+00 -8.1049e-01 +2.7180e-01 -4.4179e+00 +4.8377e-01 -1.5961e+00
25 +1.206905032e+05 +1.206905032e+05 +1.206001732e+05 +1.206001732e+05 +4.6760e-01 -1.9913e+00 +1.6801e+00 +3.9113e+00 -4.4229e+00 +2.3883e+00 -8.2556e-01 +2.8390e+00 -2.0393e+00 +1.8015e+00 +1.8994e+00 -4.9113e-01 -1.4622e+00 +9.9619e-01 +4.6494e+00 -1.1429e-01 +7.7705e-01 -3.4975e+00 -6.5190e-01 -1.5851e+00
48 +7.260781188e+04 +7.260781188e+04 +7.251748188e+04 +7.251748188e+04 -7.1373e-01 -1.0665e-01 +3.7288e+00 +3.4684e-02 -3.8274e+00 -1.3155e+00 +1.6878e+00 -1.1800e+00 -3.3641e+00 +7.6871e-01 +1.5174e+00 +6.8448e-01 +1.7557e+00 +3.8805e-01 +1.7272e+00 -2.1170e+00 +5.2366e+00 -3.0677e+00 -2.2330e+00 -2.7721e+00
68 +4.458466214e+04 +4.458466214e+04 +4.449433214e+04 +4.449433214e+04 +1.2037e+00 -1.9971e+00 +1.6040e+00 -3.8609e-01 -1.2456e-01 -3.1880e+00 +4.0181e+00 -1.5335e+00 -1.7504e+00 +3.0519e-01 +4.9809e-01 +1.8284e+00 +4.1393e-01 -1.1555e+00 +3.2694e+00 -6.3802e-01 +4.4621e+00 +9.8999e-01 -9.2993e-01 -1.8239e+00
119 +2.653169947e+04 +2.653169947e+04 +2.644136947e+04 +2.644136947e+04 -4.0439e-01 -8.4837e-01 +5.1577e-01 +3.2208e-01 -7.2528e-01 -2.2930e+00 -1.8754e+00 -9.4413e-01 +1.7718e+00 -2.1901e-01 -7.4883e-01 +3.3960e+00 +6.0604e-01 -7.3310e-01 +9.6428e-01 -2.5054e+00 +2.6961e+00 +1.0777e-01 -2.4949e+00 +3.6030e-01
125 +2.359125056e+04 +2.359125056e+04 +2.350092056e+04 +2.350092056e+04 +1.6325e+00 -1.2420e+00 +2.7233e+00 -1.4668e-01 -3.6350e-02 -2.2390e+00 -9.8415e-01 +2.1432e+00 +2.7226e+00 +1.3030e+00 -2.5418e+00 -1.7661e+00 -5.8312e-01 +3.5181e+00 +3.0865e+00 -1.7174e+00 +2.0027e+00 -1.0797e+00 -3.3221e+00 -1.1110e+00
195 +1.033787963e+04 +1.033787963e+04 +1.024754963e+04 +1.024754963e+04 +1.3570e+00 -1.1570e+00 +2.2816e+00 -6.9559e-01 +1.3533e+00 -2.4445e+00 -5.6471e-01 -9.8633e-01 +4.6623e-01 +1.6906e+00 -1.3259e+00 +2.4573e-01 -2.4513e-01 +1.9129e+00 -1.6831e-01 -9.6439e-01 +2.8198e+00 +1.8898e-01 -3.6695e+00 -1.4515e+00
206 +9.369420985e+03 +9.369420985e+03 +9.279090985e+03 +9.279090985e+03 +2.6795e+00 -1.3789e-01 +1.9388e+00 +2.2088e-01 +1.1532e+00 -2.2188e+00 +2.4905e-01 -8.4417e-01 +4.1096e-01 -2.0766e-01 +9.8774e-01 +2.0005e-01 +6.6069e-01 +1.6398e+00 +1.3557e-01 -2.3132e+00 +9.3425e-01 -2.9898e+00 -1.7134e+00 -2.7018e-01
256 +3.055670746e+03 +3.055670746e+03 +2.965340746e+03 +2.965340746e+03 +9.2068e-01 -1.4371e+00 +6.9655e-01 +7.6880e-01 +6.9159e-01 -1.3269e-01 -1.1713e-01 +1.5522e+00 +1.7319e+00 -1.2328e+00 -1.3211e+00 -4.3564e-02 -2.0228e+00 +7.4993e-01 +9.5905e-01 +9.0173e-01 +4.3160e-01 -6.0426e-03 -8.4533e-01 -1.6019e+00
333 +2.452541248e+03 +2.452541248e+03 +2.362211248e+03 +2.362211248e+03 -7.9782e-01 -7.8398e-01 +1.6350e+00 +2.0543e+00 +9.6433e-01 -1.1670e-01 +1.7600e-01 +2.8190e-01 +1.1510e+00 -5.2799e-02 -4.6881e-01 -2.9398e-01 -1.0247e+00 +2.8201e-01 +2.1920e-01 +2.2872e-01 +1.0083e-01 +8.7649e-01 -1.4576e+00 -2.6798e+00
371 +1.437379048e+03 +1.437379048e+03 +1.347049048e+03 +1.347049048e+03 +7.9243e-01 -1.6590e+00 +7.3831e-01 +1.1939e+00 +1.3019e-01 +4.3400e-01 -2.9302e-01 +4.0868e-01 +6.5483e-01 -3.3215e-01 -1.0808e+00 -3.8882e-01 -2.2385e+00 +1.0555e+00 +4.8634e-01 +4.5319e-02 +8.8147e-01 +1.1837e+00 -9.7184e-01 -3.6646e-01
428 +7.164354883e+02 +7.164354883e+02 +6.261054883e+02 +6.261054883e+02 -3.4239e-01 -1.1334e+00 +1.1373e+00 +8.8532e-01 +5.8499e-01 -1.7384e-01 -8.6238e-02 -2.9592e-01 +5.9755e-01 +2.5786e-01 -9.8973e-01 -1.2624e+00 -8.9870e-01 -2.0971e-01 +6.8493e-01 -2.0084e-01 +5.3243e-01 +5.5827e-01 -6.0019e-01 +2.9611e-01
478 +6.177785286e+02 +6.177785286e+02 +5.274485286e+02 +5.274485286e+02 -1.3534e-04 -8.3911e-01 +3.7806e-01 +8.5018e-01 -1.8429e-01 -5.0284e-01 -9.6785e-01 -6.5885e-02 +7.7662e-01 +3.6798e-02 -8.2333e-01 -3.0209e-01 -1.7514e+00 -2.7302e-01 +3.4722e-01 +5.2796e-01 +1.6893e+00 +2.3443e-01 -1.0423e+00 -3.9316e-01
483 +2.894899283e+02 +2.894899283e+02 +1.991599283e+02 +1.991599283e+02 +5.5726e-01 -3.9333e-01 +6.0530e-01 +4.7532e-01 -3.4385e-01 +1.3112e-01 -2.5135e-01 -4.4001e-01 +7.0325e-01 +1.4198e-02 -6.8292e-01 -6.4591e-01 -1.4588e+00 -1.3826e-01 +3.8107e-01 +2.8585e-01 +1.0073e+00 +1.5924e-01 -9.1561e-01 -8.6504e-01
545 +2.461018647e+02 +2.461018647e+02 +1.557718647e+02 +1.557718647e+02 +3.0267e-01 +7.9282e-02 +2.2932e-01 -2.9998e-01 +3.5273e-01 +8.9585e-02 -6.4016e-01 +4.2193e-01 +2.3897e-01 +3.7406e-01 -5.2055e-01 -1.1525e-01 -1.3369e+00 -4.4214e-01 -3.5903e-01 -5.9431e-02 +2.4475e-01 +1.9092e-01 -8.4239e-02 -3.5817e-01
591 +1.340512558e+02 +1.340512558e+02 +4.372125580e+01 +4.372125580e+01 -1.6744e-02 +4.8525e-01 +1.5669e-02 -6.7224e-02 -1.0940e-02 +8.8958e-02 +8.7291e-02 +5.6882e-01 +2.1059e-01 +3.4304e-01 -3.3122e-01 -3.3033e-01 -8.2246e-01 -2.8130e-01 +1.7065e-01 +6.1681e-01 +5.2847e-01 +4.7527e-01 -4.5924e-01 -4.9664e-01
684 +6.639224753e+01 +6.639224753e+01 -2.393775247e+01 -2.393775247e+01 +4.7896e-01 -1.1517e-01 +3.3940e-01 +4.8212e-01 -2.1466e-01 -1.5152e-01 -3.2624e-01 +2.9159e-01 +4.4231e-01 -1.4909e-01 -7.9597e-01 -6.9303e-01 -9.2967e-01 +4.9798e-01 +1.6200e-01 +5.8130e-01 +3.3210e-01 +4.5310e-01 -6.5465e-01 -6.4095e-01
738 +5.305631929e+01 +5.305631929e+01 -3.727368071e+01 -3.727368071e+01 +3.5622e-01 -7.6575e-02 +2.8536e-01 +4.2555e-01 +2.8476e-01 +1.9044e-01 -1.9623e-01 +3.1588e-01 +4.1783e-01 +4.0906e-02 -6.9596e-01 -3.2213e-01 -8.9294e-01 +1.5085e-01 -1.0029e-01 +9.8991e-01 +2.1959e-01 +7.6205e-01 -8.2085e-01 -3.4525e-01
867 +3.948497748e+01 +3.948497748e+01 -5.084502252e+01 -5.084502252e+01 +3.5241e-01 -9.9695e-02 +2.0462e-01 +4.5320e-01 +9.4399e-02 +6.3567e-02 -3.3310e-01 -9.4384e-02 +5.8435e-01 +1.4240e-01 -6.0582e-01 -4.0539e-01 -1.0731e+00 +4.3568e-01 -1.4347e-01 +6.5174e-01 +2.9186e-01 +6.8106e-01 -7.4014e-01 -3.2025e-01
1040 +2.497325625e+01 +2.497325625e+01 -6.535674375e+01 -6.535674375e+01 +2.7740e-01 -1.0078e-01 +3.0754e-01 +4.5327e-01 +3.5262e-02 -8.5416e-02 -2.0153e-01 +4.8855e-03 +4.8683e-01 +5.9909e-02 -7.4865e-01 -4.2911e-01 -1.1663e+00 +2.5112e-01 -2.1783e-02 +7.5454e-01 +3.7201e-01 +6.2245e-01 -6.4223e-01 -3.6193e-01
3364 +1.582927696e+01 +1.582927696e+01 -7.450072304e+01 -7.450072304e+01 +3.4132e-01 -1.9311e-01 +1.8216e-01 +4.1409e-01 -2.5084e-01 -1.7933e-01 +3.3397e-01 +3.6258e-01 +7.7170e-01 -1.1310e-01 -7.7957e-01 -1.6261e-01 -7.6283e-01 -2.8375e-01 +1.9238e-01 +7.8969e-01 +5.3209e-01 +3.2642e-01 -5.4687e-01 -3.1847e-01
% function evaluation | noise-free fitness - Fopt (6.561000000000e+01) | best noise-free fitness - Fopt | measured fitness | best measured fitness | x1 | x2...
1 +2.542713991e+05 +2.542713991e+05 +2.543370091e+05 +2.543370091e+05 -2.7879e+00 +1.8560e+00 +2.4621e+00 -2.8168e+00 +3.9555e+00 -2.1175e+00 +1.4871e+00 +1.5266e+00 +3.3682e+00 -3.0504e+00 +1.5568e+00 +1.7838e+00 -1.2220e+00 -3.8894e+00 -8.3877e-01 -3.4994e+00 +1.8034e+00 +3.6234e+00 -1.5916e+00 +3.0107e+00
7 +1.314460526e+05 +1.314460526e+05 +1.315116626e+05 +1.315116626e+05 +1.0670e+00 +1.4172e+00 +1.6426e+00 -3.6416e+00 +1.7461e+00 -1.9659e+00 +3.1683e+00 +9.8925e-01 +2.9786e+00 +1.8819e+00 +5.7140e-01 +2.2038e+00 -2.7873e+00 -4.3788e+00 -2.2312e-01 -1.3584e+00 +1.1690e+00 +1.3674e+00 -2.4976e+00 +5.5084e-01
46 +9.980374871e+04 +9.980374871e+04 +9.986935871e+04 +9.986935871e+04 -1.7291e+00 +2.2742e+00 +2.6055e+00 -2.3353e+00 +1.0579e+00 -1.5264e+00 -1.0916e-01 +3.0304e+00 +3.6855e+00 +1.0507e+00 -6.1816e-01 -1.3734e+00 -8.3718e-01 -3.4925e+00 +4.1814e-01 -4.0537e+00 +8.6272e-01 +5.8613e-01 -1.0617e+00 -1.7570e+00
54 +6.078991343e+04 +6.078991343e+04 +6.085552343e+04 +6.085552343e+04 +2.5028e+00 +9.6513e-01 +1.8976e+00 -2.0994e+00 +4.5699e+00 -5.0156e-01 +7.4836e-02 -1.2649e+00 +2.9455e+00 +5.7224e-01 +2.1436e-01 -1.6176e+00 -1.1452e+00 -1.7114e+00 -1.5291e+00 +4.1894e-01 +2.8256e+00 +2.8392e+00 -2.0395e+00 -2.2677e+00
96 +3.700622809e+04 +3.700622809e+04 +3.707183809e+04 +3.707183809e+04 -8.1494e-02 +6.1327e-01 +2.8170e+00 -2.7341e+00 -9.5719e-01 -6.9991e-01 -1.2137e+00 +2.2183e+00 +2.3317e+00 +6.9078e-01 +2.3679e+00 -2.7148e+00 +2.2854e+00 -1.8975e+00 +4.2126e-02 -2.3978e-01 +1.5890e+00 +3.5268e+00 +1.0043e+00 -3.0193e-01
115 +2.376230740e+04 +2.376230740e+04 +2.382791740e+04 +2.382791740e+04 +8.0022e-01 -9.9061e-01 +1.9935e+00 -2.2407e+00 -2.7084e-01 +1.5630e+00 -2.8428e+00 +2.7034e+00 +7.2255e-01 +1.9293e+00 +2.8244e-01 -1.0425e+00 -1.3928e+00 -1.8776e+00 +2.2981e+00 -6.4159e-01 +5.1793e-01 +2.9652e+00 -9.9446e-01 -2.3003e-01
171 +4.138518569e+03 +4.138518569e+03 +4.204128569e+03 +4.204128569e+03 +1.0042e+00 -1.1722e+00 +1.5462e+00 -2.2355e+00 -1.0221e+00 +2.0210e+00 +5.2679e-01 +2.6530e+00 +1.8201e+00 -4.6101e-01 -7.7687e-01 +1.2355e+00 +3.2171e-01 +3.7999e-01 -1.1999e+00 -7.7291e-01 -2.1012e-01 +1.1153e+00 +2.2941e-01 -1.6549e-01
273 +2.964536656e+03 +2.964536656e+03 +3.030146656e+03 +3.030146656e+03 -1.6231e-01 -1.1894e+00 +1.9227e+00 -2.8694e+00 -1.3871e+00 -3.4076e-01 +7.0916e-02 +1.9023e+00 +9.0355e-01 +9.9020e-01 -4.4337e-01 +6.4752e-01 -7.7188e-01 -2.6397e-01 -6.4680e-02 +7.5670e-01 -6.3132e-02 -9.8662e-02 +1.2971e+00 -9.5168e-01
286 +2.347590253e+03 +2.347590253e+03 +2.413200253e+03 +2.413200253e+03 +3.9066e-01 -2.5119e+00 +3.7858e-01 -3.2696e+00 -2.9101e-01 +5.7722e-01 -1.3042e+00 +1.7167e+00 +1.6449e+00 +1.8914e-01 -3.0267e-01 +1.3842e-01 -8.7113e-02 -1.0794e-01 +7.7658e-01 -1.6333e-02 -3.8585e-02 -5.3342e-01 -5.8701e-02 -7.3301e-01
346 +7.884587175e+02 +7.884587175e+02 +8.540687175e+02 +8.540687175e+02 +5.8943e-01 -8.8949e-01 +3.4451e-01 -1.5186e+00 -6.0339e-01 +9.8166e-01 +2.2986e-01 +1.7169e+00 +6.9639e-01 -4.3438e-01 -2.6343e-01 -8.9229e-01 -5.9364e-01 +5.9734e-01 +2.6215e-01 +7.0008e-01 +3.7240e-01 +1.2822e+00 -4.3072e-02 -9.9549e-01
482 +5.956549094e+02 +5.956549094e+02 +6.612649094e+02 +6.612649094e+02 +3.2440e-02 -2.9774e-01 +1.3912e-01 -9.1901e-01 +2.6648e-01 +7.3731e-01 -1.1725e+00 +6.4947e-01 -3.9198e-01 +5.3689e-01 +1.1072e+00 +8.1621e-02 -1.3708e+00 +1.1606e-01 +1.6413e-01 -4.4947e-01 -5.3877e-01 -3.8352e-01 +2.3163e-01 +4.9194e-01
566 +3.664516698e+02 +3.664516698e+02 +4.320616698e+02 +4.320616698e+02 -7.0341e-01 +3.9497e-02 -1.3471e-01 -4.2610e-01 -2.6136e-02 +9.8499e-01 -5.3845e-01 +1.1324e+00 -1.2967e-01 +2.7605e-01 +2.0986e-01 -5.5611e-01 -1.0147e+00 +1.7333e-01 -6.5095e-01 -6.1782e-01 -6.4438e-01 +6.4014e-01 +6.8520e-01 -6.1314e-01
592 +2.472397936e+02 +2.472397936e+02 +3.128497936e+02 +3.128497936e+02 +2.0826e-01 -5.7601e-01 +1.5020e-01 -4.0207e-01 +7.5283e-01 +9.1372e-01 -2.4401e-02 +6.9282e-01 -3.6402e-01 +4.7539e-01 +2.5186e-01 -3.7821e-01 -4.0848e-01 +5.0688e-01 -7.4443e-01 -3.3205e-01 -9.0803e-01 +2.6420e-01 +7.2710e-01 -4.6360e-01
620 +1.046315071e+02 +1.046315071e+02 +1.702415071e+02 +1.702415071e+02 -1.7280e-01 -1.5378e-01 -1.2945e-01 -7.1260e-01 +6.2965e-01 +8.8092e-01 -8.5059e-01 +6.3987e-01 -1.5833e-01 +6.6144e-01 +2.6148e-01 -8.3630e-01 -5.8528e-01 +1.7211e-01 -4.0815e-01 -4.2362e-01 -3.4470e-01 +2.0864e-01 +5.8344e-01 -8.2178e-01
701 +9.841145296e+01 +9.841145296e+01 +1.640214530e+02 +1.640214530e+02 -4.0578e-01 -9.7533e-02 +6.5513e-02 -8.6629e-01 -8.4132e-02 +5.8754e-01 -2.2657e-01 +7.0324e-01 +1.3642e-01 +3.0268e-01 -6.6291e-02 -9.1871e-01 -4.5542e-01 +1.1439e-01 -7.3254e-01 -6.9571e-02 -2.1597e-01 +1.4666e-01 +4.1354e-01 -5.6228e-01
760 +6.199519318e+01 +6.199519318e+01 +1.276051932e+02 +1.276051932e+02 -4.1572e-01 -3.1451e-01 +1.1426e-04 -7.5191e-01 +4.9503e-01 +7.0187e-01 -3.5774e-01 +7.5241e-01 -1.5384e-01 +4.1650e-01 +9.6940e-02 -6.3909e-01 -6.4908e-01 -1.5623e-01 -7.6324e-01 +2.6845e-01 -1.1260e-01 +5.4225e-01 +3.3813e-01 -6.1067e-01
901 +3.658247230e+01 +3.658247230e+01 +1.021924723e+02 +1.021924723e+02 -3.2981e-01 -2.6991e-01 -5.1783e-02 -8.4650e-01 +5.3053e-01 +6.8781e-01 -3.6928e-01 +9.3360e-01 -3.0347e-02 +3.3223e-01 -4.0985e-02 -6.7136e-01 -5.0324e-01 -9.5006e-02 -4.1950e-01 +1.7982e-01 -1.5834e-01 +1.2775e-01 +4.6069e-01 -6.7282e-01
1073 +2.395650696e+01 +2.395650696e+01 +8.956650696e+01 +8.956650696e+01 -3.3985e-01 -3.0863e-01 +1.1804e-01 -8.5962e-01 +5.7685e-01 +8.0986e-01 -5.6848e-01 +8.9842e-01 +4.8352e-02 +9.0052e-02 -4.5365e-02 -6.0646e-01 -5.1638e-01 +4.0687e-02 -4.5705e-01 +2.4307e-01 -1.8160e-01 +3.0267e-01 +4.7736e-01 -5.6594e-01
3477 +1.578019397e+01 +1.578019397e+01 +8.139019397e+01 +8.139019397e+01 +4.3260e-01 -1.8255e-01 -2.2545e-01 -3.2530e-01 +4.6136e-01 +1.1698e+00 -1.4827e-01 +8.7551e-01 +4.7830e-01 +2.2689e-01 -2.1862e-01 -5.3889e-01 -3.8565e-01 -1.2784e-01 -2.1331e-01 -8.0835e-02 -2.5540e-01 +2.0558e-01 +3.6784e-01 -4.6674e-01
% function evaluation | noise-free fitness - Fopt (-2.900800000000e+02) | best noise-free fitness - Fopt | measured fitness | best measured fitness | x1 | x2...
1 +3.706205964e+05 +3.706205964e+05 +3.703305164e+05 +3.703305164e+05 -1.2454e+00 -1.7852e+00 +1.1383e+00 -3.5765e+00 -2.7602e+00 +3.3423e+00 +3.2878e+00 -1.4070e+00 -3.4061e+00 -1.9207e+00 -3.6865e+00 +3.6421e+00 +3.6418e+00 +2.0479e+00 +3.4529e+00 -3.0311e+00 +4.9570e-01 +1.0234e+00 +3.8211e-01 -1.5578e+00
15 +1.926489203e+05 +1.926489203e+05 +1.923588403e+05 +1.923588403e+05 +3.2285e+00 -1.8973e-02 +1.6560e+00 -4.5028e+00 +6.7932e-01 +2.0114e+00 +5.8894e-01 -3.2496e+00 -2.1518e+00 -1.4917e+00 -2.6567e+00 +1.5646e+00 +1.8766e+00 +4.3704e+00 +9.3115e-01 -1.0328e+00 -2.0729e+00 -2.2999e-01 +2.0241e+00 -3.9239e+00
46 +1.277388773e+05 +1.277388773e+05 +1.274487973e+05 +1.274487973e+05 +4.9309e-01 +7.8478e-02 -1.2236e+00 -2.8223e+00 -1.0660e+00 +8.7133e-01 +1.3613e+00 -2.5479e+00 -2.8677e+00 -3.2021e+00 -1.8849e-01 -2.7293e-02 +4.8660e+00 +3.9177e+00 -8.3657e-01 +1.0555e+00 +2.1728e+00 +1.4298e-01 +1.5846e+00 -5.6299e+00
69 +4.536125108e+04 +4.536125108e+04 +4.507117108e+04 +4.507117108e+04 +1.6411e+00 +1.0629e+00 -2.0816e+00 -1.1758e+00 -5.2964e-01 -3.2795e-01 +3.9499e+00 -9.0992e-01 -2.8441e+00 -1.6848e+00 +1.3313e+00 +1.1105e+00 +1.0047e+00 +4.8363e+00 -1.4516e+00 -1.6588e+00 +3.8350e-01 -3.1192e+00 -8.8226e-01 -2.6020e+00
100 +3.310136054e+04 +3.310136054e+04 +3.281128054e+04 +3.281128054e+04 +1.7674e+00 +1.3130e+00 +3.5240e+00 -3.0182e+00 -9.4213e-01 -1.1464e+00 +2.8048e+00 +4.2538e-02 -3.3594e+00 +1.0013e+00 +6.4663e-01 -2.1878e-01 +1.5236e+00 +3.9114e-01 -1.9907e-01 +6.9424e-01 +1.5893e-01 -8.1140e-01 +1.8233e-01 -4.0980e-01
130 +2.368971605e+04 +2.368971605e+04 +2.339963605e+04 +2.339963605e+04 -1.0215e+00 +2.3804e+00 +1.0309e+00 -1.8220e+00 +2.4051e+00 -3.7489e+00 +8.8697e-01 -6.5642e-01 +2.1910e-01 -1.0243e+00 +2.5487e+00 +1.9238e-01 -1.4098e+00 -1.8989e+00 +1.9868e+00 +1.0502e+00 +7.6317e-01 +1.4411e+00 -4.8750e-01 +2.9986e+00
190 +1.436957975e+04 +1.436957975e+04 +1.407949975e+04 +1.407949975e+04 +1.7165e-01 -1.9449e+00 +1.0079e+00 -3.1393e+00 +2.6869e+00 -4.0628e-01 +7.5593e-01 -1.4976e+00 +9.2318e-02 +1.2679e+00 -4.7830e-01 -3.6287e-01 -7.5136e-01 -1.4060e+00 +1.3254e-01 -1.4758e+00 +5.4443e-01 -1.5281e+00 +1.4049e+00 -2.8089e-01
214 +9.397191161e+03 +9.397191161e+03 +9.107111161e+03 +9.107111161e+03 +6.8124e-01 +6.1768e-01 +5.0957e-01 -3.1438e+00 -4.8963e-01 -8.2221e-02 +8.3842e-01 -9.4527e-01 -1.0923e+00 +3.1540e+00 +5.3466e-01 -1.1022e+00 +3.2378e-01 -8.3127e-01 -1.5445e+00 -1.5715e+00 +4.1694e-01 -3.4787e-01 -2.0007e+00 +3.2099e-01
249 +1.506778748e+03 +1.506778748e+03 +1.216698748e+03 +1.216698748e+03 -1.2497e+00 +7.0383e-01 -1.9399e-01 -9.5832e-01 -7.9322e-01 -8.0481e-01 +7.3762e-01 -2.4121e-01 -1.1972e+00 +1.0184e+00 +5.2985e-01 -1.1721e-01 +4.0215e-01 -1.0875e+00 +8.7013e-01 +1.6903e-02 +4.3923e-01 +1.1425e-01 -8.5741e-01 -8.8698e-01
348 +8.942342221e+02 +8.942342221e+02 +6.041542221e+02 +6.041542221e+02 +5.7794e-01 +6.9853e-01 +1.8127e-02 -9.0216e-01 +2.3422e-01 +3.7144e-01 -3.6068e-01 -9.8406e-03 +5.1983e-01 -4.3220e-01 +1.2262e+00 -1.6992e+00 +5.6599e-01 +9.1856e-02 +1.9892e-01 -7.0806e-02 -6.7807e-02 +7.4451e-01 -2.3754e-01 +7.0011e-01
453 +4.822628232e+02 +4.822628232e+02 +1.921828232e+02 +1.921828232e+02 -1.2181e-01 +1.4288e+00 -9.7608e-02 -1.0145e+00 -1.8308e-01 -2.2016e-01 +3.6117e-01 -3.4214e-01 -1.1680e-01 +2.0389e-01 +2.9363e-01 -1.5876e+00 -4.2150e-01 -1.9376e-01 +8.6756e-02 -1.8542e-01 +8.8612e-01 +6.7577e-01 -1.8971e-01 +1.6411e-01
483 +3.642267232e+02 +3.642267232e+02 +7.414672323e+01 +7.414672323e+01 +5.0648e-02 +1.2191e+00 +2.8531e-01 -8.5812e-01 +3.4371e-01 +3.8537e-01 -4.8513e-01 -1.4178e-01 -5.7855e-01 -1.5424e-01 +3.8133e-01 -8.9897e-01 -7.4461e-01 -8.9409e-02 -3.2006e-01 -2.7105e-01 +6.5381e-01 +4.7055e-01 +5.6862e-01 +4.2872e-01
568 +2.445085294e+02 +2.445085294e+02 -4.557147055e+01 -4.557147055e+01 +3.5368e-01 +1.3611e+00 -8.0962e-02 -9.8930e-01 +2.9399e-01 -4.7062e-01 -1.4488e-01 +3.4096e-03 -5.6913e-01 +1.5176e-01 +4.7557e-01 -6.2724e-01 -7.4729e-01 +2.2961e-01 -3.0047e-01 +1.1236e-01 +3.8236e-01 +4.2868e-01 +2.4085e-01 +4.4147e-01
641 +1.561449428e+02 +1.561449428e+02 -1.339350572e+02 -1.339350572e+02 -1.7337e-02 +8.1683e-01 -1.6162e-01 -9.9090e-01 +7.7037e-02 -5.6117e-01 -2.8688e-01 -3.0032e-01 -8.3306e-01 -4.3482e-01 +3.5977e-01 -6.7243e-01 -8.2250e-01 +3.2966e-01 -8.9243e-02 +1.5241e-01 +3.6161e-01 +6.8793e-01 +3.5201e-01 +2.5243e-01
738 +9.765955666e+01 +9.765955666e+01 -1.924204433e+02 -1.924204433e+02 -3.3967e-01 +3.6484e-01 -1.5144e-01 -9.8706e-01 +4.2500e-02 -2.7347e-01 -4.9967e-01 -5.1493e-01 -6.4362e-01 -1.0609e-01 -4.1765e-03 -9.4707e-01 -8.8300e-01 +1.4874e-01 -4.3577e-01 +3.6264e-01 +3.8590e-01 +5.7428e-01 +9.2879e-02 +1.0074e-01
925 +5.660250747e+01 +5.660250747e+01 -2.334774925e+02 -2.334774925e+02 -2.9625e-01 +3.9574e-01 -2.4403e-01 -6.5875e-01 -3.6537e-02 -3.3027e-01 -2.8499e-02 -6.6934e-01 -5.1986e-01 -8.1812e-02 +4.8119e-01 -6.5913e-01 -9.1756e-01 -7.3687e-02 -7.7871e-01 +5.0498e-02 +4.6482e-01 +4.5253e-01 -1.9787e-01 -2.9277e-01
1007 +3.740198720e+01 +3.740198720e+01 -2.526780128e+02 -2.526780128e+02 -6.0109e-01 +3.0687e-01 -3.9483e-01 -6.9961e-01 -1.8593e-01 -3.7505e-01 +3.3239e-01 -7.7331e-01 -6.1289e-01 -3.6960e-03 +4.5435e-01 -5.8359e-01 -9.6433e-01 -3.4441e-01 -1.0258e+00 -1.4901e-01 +2.6647e-01 +6.8613e-01 -3.4096e-01 -3.2079e-01
1210 +2.466640722e+01 +2.466640722e+01 -2.654135928e+02 -2.654135928e+02 -5.0909e-01 +1.9443e-01 -4.0766e-01 -6.1468e-01 -1.8415e-01 -4.8319e-01 +1.7803e-01 -9.1137e-01 -6.0512e-01 -5.4503e-02 +4.5657e-01 -5.0749e-01 -7.6587e-01 -4.5914e-01 -7.7844e-01 -9.4732e-02 +4.9561e-01 +5.7395e-01 -3.8855e-01 -2.9948e-01
% function evaluation | noise-free fitness - Fopt (2.510000000000e+01) | best noise-free fitness - Fopt | measured fitness | best measured fitness | x1 | x2...
1 +1.446681835e+05 +1.446681835e+05 +1.446932835e+05 +1.446932835e+05 -2.3489e+00 -1.2989e+00 -2.2874e+00 -3.4627e-01 -3.2335e+00 -3.8593e+00 +1.6973e+00 +1.3946e+00 -2.2655e+00 -3.5303e+00 +1.0426e+00 -1.1672e+00 -3.1106e+00 +3.7581e+00 +2.3027e+00 +1.3012e+00 -3.3421e+00 -2.0707e+00 +1.9626e+00 +1.9296e+00
18 +6.550281497e+04 +6.550281497e+04 +6.552791497e+04 +6.552791497e+04 -2.5283e+00 +8.5894e-01 -2.0481e+00 -1.3636e+00 -3.3449e+00 -3.2992e+00 +2.7993e+00 +1.0644e+00 -2.4346e+00 +1.3919e+00 +1.0482e+00 -6.3348e-01 -3.9845e+00 +3.1497e+00 +2.5326e+00 -8.5129e-01 -2.2505e+00 +6.3520e-01 -5.5768e-01 -8.8125e-01
60 +4.960127335e+04 +4.960127335e+04 +4.962637335e+04 +4.962637335e+04 -2.6116e+00 -2.8787e-01 +1.4898e+00 +2.7094e+00 +5.8740e-01 +1.0382e+00 +1.4212e+00 +8.3952e-01 -2.7813e+00 -1.6417e+00 -1.4940e+00 +8.2860e-01 -2.6594e+00 +2.2914e+00 +2.9112e+00 +9.2286e-01 -1.5181e+00 +1.9846e+00 -6.7165e-02 -5.4724e-01
104 +2.941204736e+04 +2.941204736e+04 +2.943714736e+04 +2.943714736e+04 -1.1772e+00 -4.7519e-01 -7.8720e-01 -3.9912e-01 -5.1270e+00 -6.8430e-01 +5.5866e-01 +2.7309e-02 -9.5113e-01 -4.0788e-01 -5.8932e-01 +6.5808e-01 -1.0072e+00 -8.7425e-01 -7.4018e-01 +2.2566e+00 -2.3811e+00 +1.0086e+00 +2.6404e+00 -5.4415e-01
112 +3.911059816e+03 +3.911059816e+03 +3.936159816e+03 +3.936159816e+03 -3.3620e-01 +5.4166e-01 -1.6015e+00 +1.8182e+00 -1.2942e+00 +2.3546e-01 +1.1413e+00 +1.8333e+00 -1.7475e+00 -1.1485e+00 -1.2765e+00 +1.0414e+00 -6.7543e-01 +2.3033e+00 -3.6799e-01 +1.1738e+00 +5.3972e-01 -1.1841e+00 -8.1094e-01 -1.6633e+00
286 +1.621285176e+03 +1.621285176e+03 +1.646385176e+03 +1.646385176e+03 -4.7881e-01 +1.3696e-01 -8.7706e-02 +1.8412e+00 -7.7170e-01 +3.1614e-01 -4.6509e-01 +1.2434e+00 +6.0601e-02 -3.5793e-01 +1.2159e+00 +3.1137e-01 -1.4130e-01 +2.8754e-02 +1.8817e-01 -4.9603e-01 -1.5624e+00 -3.8209e-02 +8.9281e-01 +1.3764e-01
335 +8.326735178e+02 +8.326735178e+02 +8.577735178e+02 +8.577735178e+02 -1.4608e+00 -5.2930e-01 +9.1007e-02 +4.1313e-01 -8.2278e-02 +2.5688e-01 -3.0816e-01 +4.7560e-01 -2.8916e-01 -5.6254e-01 +2.7617e-01 +4.7672e-01 -1.1264e+00 +2.1105e-01 -3.5387e-01 -8.6026e-01 -9.8910e-01 -3.2137e-01 +2.4654e-01 -1.3013e+00
379 +6.236683182e+02 +6.236683182e+02 +6.487683182e+02 +6.487683182e+02 -1.0692e+00 +1.0577e+00 +2.5466e-01 +9.0237e-01 -3.2480e-01 +6.7277e-02 -2.4267e-01 +7.8521e-01 -8.3976e-02 +9.2346e-02 -5.1621e-01 -1.0559e-01 -1.4679e+00 +1.5065e+00 -3.6683e-01 -8.9951e-01 +3.0184e-01 -8.1621e-01 -9.2968e-01 -5.3233e-01
452 +3.913907657e+02 +3.913907657e+02 +4.164907657e+02 +4.164907657e+02 -2.2738e-01 +1.2646e+00 -3.2977e-01 +1.2367e+00 -7.4237e-02 +1.7975e-01 +8.2018e-03 +1.0269e+00 -4.6288e-02 -6.1645e-01 +3.3867e-01 +2.3157e-01 -1.0109e+00 -2.1285e-01 -9.6348e-02 -7.7320e-01 -3.1582e-01 -7.3359e-01 +8.1192e-02 -4.9474e-01
540 +1.968361818e+02 +1.968361818e+02 +2.219361818e+02 +2.219361818e+02 -2.9869e-01 +3.0478e-01 -7.6723e-01 +1.0627e+00 +5.1376e-01 -3.5272e-01 +3.8407e-01 +6.1874e-02 +5.9340e-02 -2.5110e-01 +6.6760e-01 +2.2718e-01 -7.6924e-01 +1.2375e-01 +6.0417e-02 -5.9458e-01 -5.6312e-02 -1.0714e+00 -3.9590e-01 +6.2320e-01
616 +1.192365277e+02 +1.192365277e+02 +1.443365277e+02 +1.443365277e+02 +1.5724e-01 +8.4414e-02 -7.2326e-01 +1.0831e+00 +4.5034e-01 -6.1525e-02 +1.3197e-01 +5.3801e-01 -8.8554e-02 -1.2653e-01 +6.6270e-01 +3.2844e-01 -7.6426e-01 +3.1722e-01 +3.9856e-02 -2.0437e-01 +1.5175e-01 -8.1132e-01 +7.8090e-03 -1.3157e-01
639 +9.205294905e+01 +9.205294905e+01 +1.171529490e+02 +1.171529490e+02 -3.4619e-03 +1.4032e-01 -6.8119e-01 +1.0579e+00 +4.0381e-01 -2.9450e-01 +4.4895e-01 +4.3438e-01 -2.2155e-01 +7.2073e-02 +7.7453e-01 +2.8612e-01 -4.3482e-01 -1.4547e-01 +2.3880e-01 -4.9676e-01 +1.7543e-01 -9.0467e-01 -1.5227e-01 +8.4040e-01
701 +6.288244696e+01 +6.288244696e+01 +8.798244696e+01 +8.798244696e+01 +1.7765e-01 +9.2450e-03 -6.0810e-01 +1.0632e+00 +2.8452e-01 -3.2124e-01 +4.9586e-01 +2.5836e-01 +3.1843e-01 +2.3832e-01 +7.8268e-01 +1.3389e-01 -6.2421e-01 -1.5600e-01 -2.6110e-01 -5.5400e-01 -2.1411e-01 -5.5020e-01 +2.7944e-01 +4.2128e-01
820 +3.657009800e+01 +3.657009800e+01 +6.167009800e+01 +6.167009800e+01 +1.2868e-01 +3.5574e-01 -6.5974e-01 +1.4202e+00 +4.4467e-01 -2.8694e-01 +4.1911e-01 +3.0218e-01 -5.5196e-03 +5.0394e-02 +8.7728e-01 +2.0321e-01 -5.6574e-01 -9.3620e-02 -1.9800e-01 -4.9536e-01 -8.2574e-02 -5.9396e-01 +1.4328e-01 +6.1371e-01
914 +2.187208002e+01 +2.187208002e+01 +4.697208002e+01 +4.697208002e+01 +1.5010e-01 +1.1599e-01 -6.6956e-01 +1.3570e+00 +3.9223e-01 -3.0527e-01 +2.0854e-01 +3.5833e-01 -5.7689e-02 +1.8223e-01 +8.9919e-01 +1.0878e-01 -3.8529e-01 -1.0187e-01 +8.8847e-03 -3.5599e-01 +3.7962e-03 -5.4623e-01 +2.4177e-01 +4.3614e-01
2801 +1.584584613e+01 +1.584584613e+01 +4.094584613e+01 +4.094584613e+01 +2.6384e-01 +1.0159e-01 -4.2961e-01 +1.1948e+00 +1.5442e-01 -6.7794e-02 +3.8716e-01 +4.4337e-01 +3.0414e-01 -1.2110e-01 +1.0720e+00 -3.2373e-02 -3.3393e-01 -3.0374e-02 -5.2747e-01 -2.5622e-01 +1.0110e-01 +6.6461e-02 +3.1961e-01 +3.2866e-01
% function evaluation | noise-free fitness - Fopt (-8.756000000000e+01) | best noise-free fitness - Fopt | measured fitness | best measured fitness | x1 | x2...
1 +2.802229970e+05 +2.802229970e+05 +2.801354370e+05 +2.801354370e+05 -1.7547e+00 -4.4434e-01 -2.6801e+00 +1.7196e+00 +1.6734e+00 +8.8716e-01 +3.4208e+00 -3.5767e+00 -1.5442e+00 -2.5398e+00 -2.3639e+00 +3.4621e+00 +2.0899e+00 -3.2399e+00 -3.0400e+00 +2.3260e+00 -3.6027e+00 -3.7278e+00 -9.2706e-02 +1.8729e+00
20 +1.429142485e+05 +1.429142485e+05 +1.428266885e+05 +1.428266885e+05 +2.2814e-01 -6.5352e-01 -2.2158e+00 -2.8622e+00 +4.8558e+00 +3.1153e-02 +3.8356e+00 -2.5315e+00 +2.8142e+00 -5.3249e-01 -1.9670e+00 +1.2977e+00 +2.0477e+00 -2.1156e+00 -1.6763e+00 +2.4861e+00 -5.1632e+00 -1.4181e+00 -9.9836e-01 -9.1849e-01
50 +9.515689565e+04 +9.515689565e+04 +9.506933565e+04 +9.506933565e+04 -3.7477e-01 +1.5443e+00 -1.3247e+00 +1.2171e-01 +6.3374e+00 +1.6602e-01 +1.8990e+00 -2.4271e+00 +1.0408e+00 -3.0699e+00 -2.9192e+00 +8.0174e-01 -1.6436e+00 -4.8483e-01 -5.0663e-01 +8.0846e-01 +2.7482e+00 +1.1233e+00 -2.0958e+00 +2.2057e+00
75 +6.138215675e+04 +6.138215675e+04 +6.129459675e+04 +6.129459675e+04 -4.3766e-01 -2.7886e+00 +9.7753e-02 +1.2743e-01 +4.1200e+00 +2.4056e+00 +9.9481e-01 +1.1159e-01 -2.5102e+00 -1.3764e+00 +2.1434e+00 +5.6192e-01 +2.1778e+00 +5.1990e-01 +1.2503e+00 +6.2218e-01 +1.5517e+00 +2.6513e+00 -3.0388e+00 +2.2072e+00
104 +2.787859325e+04 +2.787859325e+04 +2.779103325e+04 +2.779103325e+04 -4.6350e-01 -3.9900e-01 -2.1977e+00 +1.5705e+00 +4.3082e+00 +2.8759e+00 +1.5111e+00 -1.0530e+00 -1.8479e+00 -9.1594e-01 -1.3779e+00 +4.6484e-01 +8.6926e-01 +8.1787e-01 +4.8450e-01 -5.8839e-01 -2.5761e-01 +6.2714e-01 -4.2836e-01 -2.6905e-01
118 +1.572123322e+04 +1.572123322e+04 +1.563367322e+04 +1.563367322e+04 -1.7741e+00 +1.2568e-01 -1.4794e-01 +1.0344e+00 +3.7148e+00 +6.3476e-01 -3.2365e-01 +1.0231e+00 -8.3435e-01 +1.7666e-01 -6.4466e-01 +4.8817e-01 +4.8679e-02 -6.2606e-01 -7.3443e-01 +5.2145e-02 -1.3790e-01 +4.3837e+00 +1.6965e+00 +7.9377e-01
173 +9.371593270e+03 +9.371593270e+03 +9.284033270e+03 +9.284033270e+03 +3.1565e-02 -2.2891e+00 -6.4857e-01 +2.1602e-01 +2.0167e+00 -7.2746e-01 -9.6652e-01 +4.1791e-01 -1.0166e+00 -9.8340e-01 +2.1474e+00 +2.1779e+00 +9.1817e-01 -1.1703e-01 -5.8267e-01 +6.7841e-01 -1.3806e+00 +1.4554e+00 -9.4517e-01 +2.2235e+00
215 +5.697582424e+03 +5.697582424e+03 +5.610022424e+03 +5.610022424e+03 -6.0868e-01 -1.3483e-01 +5.3093e-01 +1.7941e-01 -1.6200e+00 -2.9795e+00 +2.0749e-02 +1.4481e+00 +6.4290e-01 -4.4750e-01 +1.9251e+00 -4.1589e-01 +5.2073e-01 +1.6970e+00 +1.7355e+00 -1.5037e-01 +3.1748e-01 +1.4581e+00 +2.2097e-01 +5.2960e-02
285 +1.930816495e+03 +1.930816495e+03 +1.843256495e+03 +1.843256495e+03 +4.6190e-01 -1.1600e+00 -4.8377e-01 +9.4590e-01 +1.2388e+00 -3.4147e-01 +5.0871e-01 -5.3473e-01 -1.7969e-01 -4.9256e-01 +1.1355e+00 -5.4908e-02 +1.2240e+00 -1.0763e+00 -5.6850e-01 +1.4525e+00 -1.1267e+00 +1.1976e+00 +6.5647e-02 -9.2984e-01
382 +9.600011043e+02 +9.600011043e+02 +8.724411043e+02 +8.724411043e+02 +3.9479e-01 -1.2435e+00 -4.2802e-01 +5.7868e-01 -3.4934e-01 +3.1978e-02 -1.9551e+00 +6.5590e-01 +3.1993e-01 -6.3007e-01 -8.5627e-01 +1.1736e-01 +1.0221e+00 -4.6475e-01 -8.9955e-01 +3.0984e-01 -2.4397e-01 -1.2374e-01 +1.0089e+00 +9.3358e-01
390 +6.126315583e+02 +6.126315583e+02 +5.250715583e+02 +5.250715583e+02 -5.6620e-01 -6.4022e-01 -7.9908e-01 +5.4298e-01 -6.1752e-02 -3.2685e-01 -1.0050e+00 +8.8232e-01 +1.8236e-01 -5.1032e-01 +3.7848e-01 +7.0121e-01 +1.5189e+00 -5.6139e-01 -6.4160e-01 +6.2312e-01 +5.0617e-01 +5.7754e-01 +1.4098e+00 +1.1151e-02
476 +3.711592752e+02 +3.711592752e+02 +2.835992752e+02 +2.835992752e+02 -1.5962e-01 -5.6115e-01 -1.3866e-01 +3.4272e-01 -1.2142e-01 -1.0159e-01 -1.0560e+00 +1.5358e+00 -9.5567e-03 -8.5811e-01 +1.0641e-01 -1.9397e-02 +8.5877e-01 +1.7112e-01 -5.4689e-02 +8.4296e-01 +5.8768e-02 +8.1502e-01 +4.2370e-01 +1.4793e-01
524 +1.580863168e+02 +1.580863168e+02 +7.052631678e+01 +7.052631678e+01 -1.8993e-01 -2.7787e-01 -8.6988e-01 +5.4021e-01 +1.6028e-01 -1.1529e+00 -1.0466e+00 +6.2806e-01 -3.6252e-01 -5.5741e-01 -1.3957e-02 +1.3403e-01 +2.3703e-01 +2.7014e-01 -1.5659e-01 +2.2011e-02 +2.1805e-02 +5.9580e-01 +5.4687e-02 +4.4883e-01
651 +9.145709253e+01 +9.145709253e+01 +3.897092530e+00 +3.897092530e+00 +1.5860e-01 -1.4270e-01 -3.8269e-01 +2.9382e-01 +6.2293e-02 -6.7786e-01 -7.2086e-01 +2.7150e-01 -2.1035e-01 -6.2594e-01 +1.0830e-01 -2.0588e-01 +4.5187e-01 -7.4796e-02 -1.2303e-01 +6.8129e-01 +8.7185e-02 +2.4174e-01 +5.6677e-01 +6.5424e-01
687 +5.583772626e+01 +5.583772626e+01 -3.172227374e+01 -3.172227374e+01 -3.9161e-02 -2.6622e-01 -3.8928e-01 +3.8441e-01 +1.3133e-01 -8.9147e-01 -1.1057e+00 +3.1206e-01 -3.0878e-01 -5.2261e-01 -8.5797e-02 +1.4549e-01 +3.7883e-01 -6.5165e-02 -5.2080e-01 +2.8948e-01 -2.6829e-01 +2.2083e-01 +5.8790e-01 +4.6067e-01
775 +3.532170606e+01 +3.532170606e+01 -5.223829394e+01 -5.223829394e+01 +1.0482e-01 -2.6860e-01 -3.4636e-01 -5.7878e-03 +8.6452e-02 -8.1819e-01 -1.2692e+00 +3.3989e-01 -1.4560e-01 -6.6636e-01 +3.6176e-03 +9.9867e-02 +3.9408e-01 -1.8674e-01 -4.0833e-01 +5.2946e-01 -3.2838e-01 +5.3134e-01 +3.9932e-01 +4.9260e-01
950 +2.352934465e+01 +2.352934465e+01 -6.403065535e+01 -6.403065535e+01 -8.1328e-03 -2.1158e-01 -4.6993e-01 +8.8646e-02 +1.0215e-01 -8.2519e-01 -1.1523e+00 +4.5672e-01 -9.1824e-02 -6.2770e-01 +5.4713e-02 +1.3076e-01 +3.7415e-01 -1.3445e-01 -6.7081e-01 +7.2006e-01 -3.3661e-01 +5.2651e-01 +3.0414e-01 +5.1902e-01
2931 +1.583483423e+01 +1.583483423e+01 -7.172516577e+01 -7.172516577e+01 -8.8110e-02 +2.5246e-02 -5.0855e-01 +3.9557e-01 +2.4378e-01 -8.1649e-01 -9.8782e-01 +1.6276e-01 +1.7509e-01 -4.4374e-01 -1.6919e-01 +5.1080e-02 +4.7115e-01 +3.1967e-01 +6.4579e-02 +5.5923e-01 +7.9141e-03 +5.1546e-01 +5.7041e-02 +8.2345e-01
% function evaluation | noise-free fitness - Fopt (6.007000000000e+01) | best noise-free fitness - Fopt | measured fitness | best measured fitness | x1 | x2...
1 +6.491393371e+04 +6.491393371e+04 +6.497400371e+04 +6.497400371e+04 -2.7984e-01 -3.4332e-01 +2.6793e-01 +3.5386e+00 +2.3874e+00 -2.7527e+00 +1.3999e+00 -2.2301e+00 -2.9671e+00 +9.2869e-01 -3.5016e+00 -2.6000e+00 -2.5256e+00 +1.3520e+00 -3.3562e+00 +2.1037e+00 -1.7916e+00 +2.9370e+00 -2.3802e+00 -2.8789e+00
39 +4.152653318e+04 +4.152653318e+04 +4.158660318e+04 +4.158660318e+04 -1.7051e+00 +6.0584e-01 +1.4353e+00 +3.9157e+00 +1.1836e+00 +5.3288e-01 +2.8200e-01 -9.7820e-01 +2.5630e+00 +3.1126e+00 -9.1991e-01 -4.9656e-02 -2.7398e+00 +8.7048e-01 -2.6173e+00 +2.0409e+00 +1.0736e+00 +1.4867e+00 -1.3138e-01 +6.5336e-01
84 +2.311578675e+04 +2.311578675e+04 +2.317585675e+04 +2.317585675e+04 +1.1650e-01 +1.9402e+00 -3.7615e-01 +2.2085e+00 -1.2409e+00 +7.7636e-01 +1.0109e+00 +4.7660e-02 +2.0054e+00 -8.5861e-02 -3.2983e+00 -1.5994e-01 -1.4470e+00 -1.9152e+00 -2.8766e-01 -2.5251e+00 -2.9676e+00 -7.7334e-01 -6.8948e-01 -8.0817e-02
90 +1.233729097e+04 +1.233729097e+04 +1.239736097e+04 +1.239736097e+04 +4.8439e-01 +1.2010e+00 -7.5260e-01 -6.9076e-01 +1.7198e-01 +2.0378e+00 -1.0417e+00 +8.5606e-01 +8.7402e-01 -6.4715e-01 -3.0122e+00 -2.0279e+00 +2.4019e-01 -8.2960e-01 -6.4016e-01 -4.2015e-02 -7.7422e-01 -6.5053e-01 -1.6914e+00 -1.6814e+00
182 +7.190476099e+03 +7.190476099e+03 +7.250546099e+03 +7.250546099e+03 -6.3932e-01 +2.3148e-01 +1.6245e+00 +1.6563e+00 +1.8349e+00 -1.1414e+00 -8.2304e-01 -6.5909e-01 -1.6037e-02 -9.3877e-01 -1.2305e+00 +1.3737e+00 -1.2455e+00 -2.6727e-01 +1.3613e+00 -4.0099e-01 +3.8989e-01 -1.1538e+00 -3.0749e+00 -8.9654e-02
210 +4.348630123e+03 +4.348630123e+03 +4.408700123e+03 +4.408700123e+03 +4.4219e-01 +2.7319e-01 +1.8259e+00 +9.0678e-01 +3.2011e-01 -4.3291e-01 -1.5288e-01 -2.0953e+00 +1.4493e-01 -4.2570e-01 -1.0673e+00 +1.9880e+00 -6.0613e-01 -7.9605e-01 +1.2853e+00 +6.5109e-02 +1.2384e-01 -2.4114e-01 -2.3004e+00 -1.5019e+00
235 +2.787969723e+03 +2.787969723e+03 +2.848039723e+03 +2.848039723e+03 +9.1459e-01 +5.1218e-01 +1.2512e+00 +1.7520e+00 +1.1448e+00 -5.3763e-02 +1.4582e+00 -6.6523e-01 -8.9689e-01 -7.2350e-01 -4.5802e-01 +8.9255e-01 -2.4057e-01 -4.3737e-01 +1.3428e-01 -1.2723e+00 +8.9334e-01 +6.9356e-01 -1.0139e+00 -1.5892e+00
275 +2.494365029e+03 +2.494365029e+03 +2.554435029e+03 +2.554435029e+03 +4.0131e-01 -7.7174e-01 +6.7283e-01 +6.3204e-01 +6.9182e-01 -1.5730e+00 +8.7161e-01 -8.9156e-01 -1.8064e+00 +5.6363e-01 -4.3555e-01 +5.6930e-01 -1.9814e+00 -5.6461e-01 -7.1705e-01 -2.4327e-01 +1.9484e-01 +1.4130e+00 -1.6053e+00 -1.7283e+00
392 +7.639980949e+02 +7.639980949e+02 +8.240680949e+02 +8.240680949e+02 -7.7433e-02 +9.1591e-02 +7.7175e-01 +1.4699e-01 +5.6056e-01 -1.6481e-02 +1.4628e-01 -3.7110e-01 -1.9383e+00 -4.1321e-01 +5.3671e-01 -2.9222e-01 +3.7027e-02 -8.8079e-01 -9.7001e-01 -2.2790e-01 +4.4418e-01 -4.3520e-01 -4.4615e-01 -5.6777e-01
481 +4.825263860e+02 +4.825263860e+02 +5.425963860e+02 +5.425963860e+02 +1.5875e-01 +8.0308e-01 -2.5824e-02 +3.5731e-01 -6.5576e-01 +6.1092e-01 +2.2081e-01 -3.2735e-01 -1.3083e+00 -6.4509e-01 -4.6024e-01 -3.9885e-02 +2.8404e-01 -1.7802e-01 +8.4175e-03 -2.7892e-01 -5.9496e-01 +2.2955e-01 +8.6701e-02 -1.8603e-01
483 +3.454674520e+02 +3.454674520e+02 +4.055374520e+02 +4.055374520e+02 +5.1164e-02 +2.2293e-01 +5.0657e-01 +1.0030e-02 +1.0547e-01 -1.1559e-01 -5.7829e-01 -7.7715e-01 -1.0281e+00 -3.7089e-01 -3.0253e-02 -1.8808e-01 +4.9786e-01 +2.8168e-01 +3.5760e-02 -2.2021e-02 -6.6667e-01 -1.0269e-01 +4.4331e-01 -3.5508e-01
566 +1.894077595e+02 +1.894077595e+02 +2.494777595e+02 +2.494777595e+02 -3.7165e-01 -3.0563e-01 +1.3532e-02 +9.9374e-01 +2.3773e-01 -2.3845e-01 -4.1524e-02 -4.2033e-01 -8.9357e-01 +1.1280e-01 -6.2417e-01 -4.0125e-01 -1.6221e-02 +6.0893e-01 -5.3641e-01 +1.0550e-01 -2.9507e-01 +8.2455e-01 -3.3328e-01 -7.6041e-01
669 +1.330797916e+02 +1.330797916e+02 +1.931497916e+02 +1.931497916e+02 -9.8897e-02 -1.0915e-01 +4.5941e-01 +4.3335e-01 +3.8927e-01 -3.3818e-01 -8.1863e-02 -5.3090e-01 -3.8358e-01 +2.7920e-01 -5.1859e-01 -1.3372e-01 +2.7002e-01 -4.0514e-01 +1.2697e-01 -6.1641e-01 -3.0298e-01 +8.2673e-02 -4.3278e-01 -4.2039e-01
749 +9.879914393e+01 +9.879914393e+01 +1.588691439e+02 +1.588691439e+02 +1.2007e-01 -2.7666e-01 -1.4389e-01 +8.8687e-01 +1.8079e-01 -8.2019e-01 -2.1458e-01 -6.2938e-01 -2.8033e-01 +3.1273e-01 -5.1015e-01 -3.1725e-01 -7.7552e-03 -4.8560e-01 -3.9122e-01 -5.1195e-01 +1.6235e-01 +2.9104e-01 -5.8424e-01 -1.7401e-02
804 +6.000317904e+01 +6.000317904e+01 +1.200731790e+02 +1.200731790e+02 -1.6310e-01 -5.8539e-01 +8.4624e-02 +9.1827e-01 +4.1738e-01 -8.0337e-01 -1.9150e-01 -8.4865e-01 -6.9769e-01 +1.3312e-02 -5.0379e-01 -6.2558e-01 -3.2116e-02 -4.4162e-01 -4.0308e-01 -5.0348e-01 +1.2849e-01 +3.1168e-01 -6.8741e-01 -5.4547e-01
933 +3.499440678e+01 +3.499440678e+01 +9.506440678e+01 +9.506440678e+01 -2.1804e-01 -3.3298e-01 +3.1693e-01 +1.1612e+00 +3.9166e-01 -7.0694e-01 -3.2982e-01 -6.9043e-01 -4.3863e-01 -5.3179e-02 -6.4447e-01 -4.1298e-01 +2.4042e-01 -4.7120e-01 -4.7735e-01 -3.9787e-01 +8.3049e-02 +4.2761e-01 -4.0178e-01 -3.4105e-01
1073 +2.490806676e+01 +2.490806676e+01 +8.497806676e+01 +8.497806676e+01 -3.0879e-01 -4.4397e-01 +3.2856e-01 +1.1379e+00 +5.2549e-01 -6.5683e-01 -2.4669e-01 -6.3490e-01 -4.6945e-01 -1.5267e-01 -6.7693e-01 -5.0242e-01 +1.7687e-02 -2.7687e-01 -4.0208e-01 -5.3477e-01 +1.1686e-01 +4.1248e-01 -5.4236e-01 -2.7472e-01
4220 +1.584201782e+01 +1.584201782e+01 +7.591201782e+01 +7.591201782e+01 +2.0294e-02 -2.0629e-01 +5.4184e-01 +1.0687e+00 +5.6780e-01 -1.9588e-01 -1.6858e-01 -6.2879e-01 -2.8359e-01 -4.4945e-01 -7.8630e-01 -2.2491e-01 +6.5794e-02 -5.9792e-02 +5.3693e-01 -6.6352e-01 +8.9377e-02 +1.4427e-02 -1.3657e-01 -2.5059e-01
% function evaluation | noise-free fitness - Fopt (-1.366300000000e+02) | best noise-free fitness - Fopt | measured fitness | best measured fitness | x1 | x2...
1 +9.898952511e+04 +9.898952511e+04 +9.885289511e+04 +9.885289511e+04 -3.3804e+00 -8.5116e-01 -1.2628e+00 -1.9403e+00 -7.7171e-01 +1.8835e-01 +2.6844e+00 +7.4106e-01 +6.6662e-01 -3.1872e-02 +2.2376e+00 -3.5174e+00 -1.3032e+00 +9.9111e-01 +3.4106e+00 -4.7731e-01 -2.9034e+00 +1.3592e+00 -2.3293e+00 +1.5626e+00
48 +5.375813426e+04 +5.375813426e+04 +5.362150426e+04 +5.362150426e+04 +7.4191e-01 -4.9507e-01 -2.2832e+00 -1.0019e+00 +5.7898e-01 -2.2042e+00 +1.9493e+00 +1.8294e+00 +5.4976e-01 -9.8384e-01 -1.9935e-01 -3.8868e-01 -4.1968e+00 -1.3795e+00 +3.4609e+00 +2.1002e+00 -1.1491e+00 -6.8389e-01 -1.1360e+00 -3.1191e+00
57 +1.386250219e+04 +1.386250219e+04 +1.372587219e+04 +1.372587219e+04 -1.7844e+00 -2.4128e+00 -2.7471e+00 -5.9167e-01 +4.0214e-01 -1.3521e-01 +1.6262e+00 +2.1614e+00 -4.8793e-01 +1.9194e-01 +4.7545e-01 -2.9135e-01 -5.8842e-01 -1.4606e+00 +2.0621e+00 +2.3701e+00 +1.0342e+00 -1.8963e+00 -2.7196e-01 -2.1370e+00
118 +7.863149086e+03 +7.863149086e+03 +7.726519086e+03 +7.726519086e+03 -4.3065e-03 -6.9188e-01 -1.3196e+00 -2.9011e+00 -1.8842e+00 +1.4190e+00 +1.6610e+00 +1.7424e+00 +1.8489e-01 -4.0552e-01 -1.5030e+00 -1.2208e+00 +1.2580e+00 -1.9270e+00 +1.0815e+00 +1.3127e+00 +4.3904e-01 -1.9422e+00 +1.8947e+00 -5.0099e-01
173 +6.308310277e+03 +6.308310277e+03 +6.171680277e+03 +6.171680277e+03 +7.5514e-02 -1.0128e+00 -7.2089e-01 -2.9515e+00 -1.8147e-01 -4.5663e-02 +1.1161e+00 +6.9227e-01 +3.6751e-01 -1.6130e+00 +3.2925e-01 -2.7017e+00 -1.3224e+00 -8.0586e-01 +1.3721e+00 +2.0404e-01 -4.1508e-01 -1.4439e+00 -8.4659e-03 -2.3826e-01
182 +3.598839384e+03 +3.598839384e+03 +3.462209384e+03 +3.462209384e+03 +1.3972e+00 -1.6397e+00 +4.8600e-01 -2.9699e+00 -6.1260e-01 -3.0746e-01 +9.6661e-01 -1.1276e-01 +2.9873e-01 -7.2453e-01 +1.3111e-01 -8.2321e-01 -1.4121e-03 -1.7360e+00 +1.0847e+00 -1.8510e-01 +8.1145e-03 -5.6017e-01 +5.3671e-01 -5.1977e-01
221 +2.417852407e+03 +2.417852407e+03 +2.281222407e+03 +2.281222407e+03 +5.8397e-01 -6.1129e-01 -7.8264e-01 -1.3377e+00 +1.4472e+00 -2.0187e-01 +1.3456e+00 -3.6174e-01 -9.6074e-01 -3.3761e-01 +1.4118e-01 -5.7457e-02 +7.6931e-02 -2.2403e+00 +2.7252e-01 +2.9792e-01 -4.1885e-01 -8.2947e-02 +3.5492e-01 -1.0197e+00
235 +1.328713665e+03 +1.328713665e+03 +1.192083665e+03 +1.192083665e+03 +4.2560e-01 -9.6258e-01 -2.9976e-01 -3.6961e-01 +6.5760e-01 +8.5326e-01 +4.2264e-01 +9.1000e-02 -1.6091e-01 +6.3004e-02 -1.6490e-02 -3.6409e-01 -1.8190e-01 -1.5430e+00 +1.7222e+00 +2.8531e-01 +1.0440e+00 -1.2050e+00 +1.1423e+00 -9.4389e-01
256 +9.803551039e+02 +9.803551039e+02 +8.437251039e+02 +8.437251039e+02 +9.8638e-01 +1.1477e-01 +2.6129e-01 -7.5481e-01 -4.1988e-02 -6.6085e-02 +2.8926e-01 +2.0574e-01 +5.2924e-01 +6.8697e-01 +1.0925e+00 -5.0757e-01 -1.1821e-01 -1.1460e+00 +1.2339e+00 +1.1515e+00 +4.5813e-01 -4.4678e-01 -4.2438e-01 +5.8523e-01
384 +3.069483491e+02 +3.069483491e+02 +1.703183491e+02 +1.703183491e+02 +7.4537e-01 +2.9298e-01 +4.0939e-01 -1.1888e+00 -4.8040e-01 +1.3180e-01 -1.6461e-01 -4.8607e-01 -6.8086e-01 +5.4902e-01 +5.4422e-02 +4.8943e-01 -1.5738e-01 -3.1717e-01 +2.3460e-03 +1.4635e+00 +2.2060e-01 +3.6626e-01 -1.9740e-01 -1.0952e-01
428 +2.083154958e+02 +2.083154958e+02 +7.168549584e+01 +7.168549584e+01 +8.1377e-02 +2.1435e-01 +1.6296e-01 -6.8345e-01 -7.5464e-01 -1.6598e-01 -3.1802e-01 +2.5451e-01 -2.3379e-01 +8.5015e-01 -6.4099e-02 +1.4505e-01 -1.0791e-01 -1.7119e-01 +2.7202e-01 +1.4339e+00 +7.9239e-01 +2.6259e-01 -1.7834e-01 +4.7612e-01
471 +1.522112852e+02 +1.522112852e+02 +1.558128521e+01 +1.558128521e+01 +2.8897e-02 +4.7140e-01 +1.0089e+00 -1.2189e+00 -1.3403e-01 -4.2805e-01 -2.5705e-01 +1.4730e-01 -8.7985e-02 +2.3908e-02 +3.5509e-01 -2.7500e-01 +1.6992e-02 -5.3142e-01 +3.1506e-02 +1.2153e+00 +3.2355e-01 +5.7548e-01 +3.2269e-01 +2.6865e-02
557 +9.716457507e+01 +9.716457507e+01 -3.946542493e+01 -3.946542493e+01 +1.8367e-01 +1.6165e-02 +3.6895e-01 -5.0916e-01 -6.9759e-01 -4.6575e-01 +1.3632e-01 -9.0076e-02 -1.6039e-01 +2.4396e-01 +1.9588e-01 -2.3387e-01 -2.1734e-01 -3.2984e-01 -5.7561e-02 +8.4666e-01 +6.4031e-01 +1.7389e-01 +5.9095e-01 -1.0510e-01
592 +5.896275980e+01 +5.896275980e+01 -7.766724020e+01 -7.766724020e+01 +5.7873e-01 +4.7073e-01 +2.8312e-01 -9.8505e-01 -4.8305e-01 -6.9564e-02 +7.8396e-03 -5.4082e-02 +3.0309e-02 +2.3378e-01 +3.8860e-04 -1.8377e-01 -2.3692e-01 -2.9780e-01 -3.1684e-01 +1.2310e+00 +8.7601e-01 +1.1632e-01 +3.8275e-01 -3.8215e-01
752 +3.593519910e+01 +3.593519910e+01 -1.006948009e+02 -1.006948009e+02 +6.4654e-01 +2.3042e-01 +3.3915e-01 -8.6676e-01 -5.4902e-01 -5.1555e-02 -6.2533e-02 +2.6606e-01 -5.0906e-02 +1.2876e-01 +4.5280e-01 -5.1403e-01 -1.0968e-01 -5.6455e-01 -9.7765e-02 +1.2109e+00 +8.0420e-01 +2.0750e-01 +2.8787e-01 -1.0475e-01
897 +2.424071977e+01 +2.424071977e+01 -1.123892802e+02 -1.123892802e+02 +5.7797e-01 +2.2049e-01 +3.7110e-01 -8.6811e-01 -5.5203e-01 +4.7667e-03 +6.1005e-02 +5.8152e-02 +1.9026e-02 +2.0809e-01 +3.2590e-01 -3.3254e-01 -1.6443e-01 -5.2146e-01 -2.6544e-01 +1.1926e+00 +9.2755e-01 +2.1128e-01 +3.6217e-01 -1.5246e-01
3696 +1.584272755e+01 +1.584272755e+01 -1.207872724e+02 -1.207872724e+02 +3.8508e-01 -6.6563e-02 +5.3358e-01 -8.5661e-01 +1.1308e-01 +6.8193e-02 +1.2153e-01 +3.5647e-01 -8.5848e-02 +1.7669e-01 +3.4927e-01 -6.5275e-01 +2.9127e-01 -4.2822e-01 +3.4049e-01 +9.3992e-01 +7.1492e-01 +1.4408e-01 +5.3566e-01 +1.8026e-01
% function evaluation | noise-free fitness - Fopt (1.639300000000e+02) | best noise-free fitness - Fopt | measured fitness | best measured fitness | x1 | x2...
1 +1.115155886e+05 +1.115155886e+05 +1.116795186e+05 +1.116795186e+05 +1.6341e+00 -2.2276e+00 -1.0478e-01 +6.8057e-01 +3.6914e+00 +3.5336e+00 +9.4441e-01 +2.2672e-01 +8.4849e-01 +1.3664e+00 -3.9164e+00 -3.2729e+00 -2.5791e+00 +1.9133e+00 +1.4424e+00 -1.0299e+00 +6.1376e-01 +2.5025e+00 -1.7706e+00 +2.7531e+00
18 +6.895185210e+04 +6.895185210e+04 +6.911578210e+04 +6.911578210e+04 +5.3410e-01 -2.4154e+00 +1.7767e+00 +1.2293e+00 +2.1688e+00 +4.5652e-02 -2.4411e-01 -5.4287e-01 -6.4026e-01 +8.6027e-01 -4.3405e+00 -2.7549e+00 -1.6983e+00 +1.7154e+00 +1.7636e+00 -8.5934e-01 +1.8059e+00 +4.2048e+00 +1.0628e+00 +2.0208e-02
32 +4.107827243e+04 +4.107827243e+04 +4.124220243e+04 +4.124220243e+04 -2.4050e+00 -2.5593e+00 +1.9672e-01 +2.7232e+00 +2.7931e+00 -1.6170e-01 +2.0669e+00 +3.8407e+00 +1.0676e+00 +1.2759e+00 -2.3282e+00 -1.4428e+00 -1.5160e+00 +1.1955e+00 -4.7952e-01 +6.5720e-01 +6.5719e-01 +3.6118e+00 +9.1432e-01 +6.3126e-01
73 +2.580765949e+04 +2.580765949e+04 +2.597158949e+04 +2.597158949e+04 +1.7404e+00 -2.7110e+00 +1.1344e+00 +1.6432e+00 +1.4002e+00 -6.0132e-01 +1.8131e+00 -7.1590e-01 -1.9185e+00 -1.5376e+00 -1.2025e+00 -1.9017e+00 -4.0071e-01 +8.0289e-01 +1.1537e+00 -1.6012e+00 -9.9800e-01 +1.3418e+00 +1.9206e-01 +2.6083e+00
93 +1.355126529e+04 +1.355126529e+04 +1.371519529e+04 +1.371519529e+04 -8.2584e-02 -1.0181e-02 -1.7649e+00 +1.1367e+00 +2.6989e+00 +6.3895e-01 +3.0959e+00 -1.5851e+00 -7.5959e-01 +8.1217e-01 -1.3105e+00 +1.1754e+00 +1.0286e+00 +1.9427e+00 -2.1192e+00 -6.9266e-01 +3.7086e-01 +2.0522e+00 +9.3604e-01 -4.5842e-01
131 +9.690513191e+03 +9.690513191e+03 +9.854443191e+03 +9.854443191e+03 -1.4598e+00 -1.5659e+00 +9.7603e-01 -5.1614e-01 +2.1355e+00 +7.9251e-01 +1.7395e+00 +1.1292e-01 +9.3144e-01 -1.0306e+00 -6.5474e-01 -1.2769e+00 +5.3730e-01 -7.4080e-01 -6.5433e-01 -2.4761e+00 +1.8626e+00 +9.1448e-01 -5.5889e-01 +1.3458e+00
162 +6.226994650e+03 +6.226994650e+03 +6.390924650e+03 +6.390924650e+03 +6.6415e-02 -1.3651e+00 +4.6031e-01 -1.4161e+00 +2.3684e-02 +4.5093e-01 -3.6290e-01 +4.7021e-01 +1.0463e+00 -1.5555e-01 -8.8326e-02 -1.3507e+00 +5.2789e-01 +9.9492e-02 +5.4738e-01 -1.4475e+00 +2.0045e+00 +2.9682e+00 +2.1789e+00 +5.9517e-01
183 +3.857587292e+03 +3.857587292e+03 +4.021517292e+03 +4.021517292e+03 -1.0924e-01 -2.3462e+00 +1.4995e+00 -1.2882e-01 +4.1330e-01 +1.7036e+00 +1.7798e-01 +1.4621e+00 +2.3340e-01 -1.3528e+00 +4.6899e-01 -6.1560e-02 +1.5965e+00 +7.4572e-01 +7.9803e-01 -1.6654e-01 -9.9184e-01 +1.2521e+00 -2.5094e-01 +1.1754e+00
202 +1.871867880e+03 +1.871867880e+03 +2.035797880e+03 +2.035797880e+03 -6.0932e-01 -7.7614e-01 +1.6274e-01 +2.8147e-01 +1.8183e-01 +1.9555e+00 -4.2352e-01 +8.9388e-01 +3.5033e-01 +7.9128e-01 -8.2480e-01 -1.3044e+00 +6.4040e-01 -1.0227e-01 +5.7422e-01 +5.3651e-01 -1.3271e+00 +1.3857e+00 +2.3257e-01 -3.2609e-02
255 +6.923904118e+02 +6.923904118e+02 +8.563204118e+02 +8.563204118e+02 -3.1678e-01 -8.2651e-03 +5.0509e-01 -8.9354e-01 -1.1947e-02 +1.2865e+00 +6.5199e-01 +1.4187e+00 +2.7517e-01 +5.7891e-01 -2.2138e-01 +8.3163e-01 +7.8446e-03 +7.2861e-01 -2.9147e-01 -1.9290e-01 -3.8505e-01 +1.0056e+00 +6.7318e-02 -1.0526e-02
348 +4.362661613e+02 +4.362661613e+02 +6.001961613e+02 +6.001961613e+02 -5.8647e-01 -2.0610e-01 +4.3188e-01 +4.2686e-01 -3.8499e-01 +5.8354e-01 +6.2739e-01 +8.8741e-01 -2.5579e-01 -1.3782e-01 -4.0133e-01 -2.4176e-01 +5.0197e-01 +5.1488e-01 +3.4401e-01 -8.8579e-02 -9.8897e-02 +8.4579e-01 -1.3553e-01 -6.3468e-01
411 +3.768574312e+02 +3.768574312e+02 +5.407874312e+02 +5.407874312e+02 -9.3524e-01 -6.3246e-01 +4.7332e-01 +6.3051e-02 -5.9979e-01 +9.8317e-01 +4.7796e-01 +5.9397e-01 -7.3403e-01 -5.7307e-02 -2.6544e-01 -3.3427e-01 -1.2756e-01 +3.6000e-01 +5.9263e-01 +8.9566e-02 +1.3113e-03 +6.8637e-01 -2.1031e-01 -2.3846e-01
548 +2.264041391e+02 +2.264041391e+02 +3.903341391e+02 +3.903341391e+02 -5.2955e-01 -7.2971e-01 +5.5204e-01 +4.9427e-01 -1.2157e-01 +8.6797e-01 +4.3295e-01 +6.8832e-01 -1.5648e-01 -2.2917e-01 +2.9107e-01 -9.0525e-03 +1.2988e-01 +9.9316e-03 +3.7743e-01 -3.7144e-01 +2.6038e-01 +2.6444e-02 -3.1042e-01 -4.2792e-01
576 +1.547104245e+02 +1.547104245e+02 +3.186404245e+02 +3.186404245e+02 -3.0162e-01 -7.5382e-01 +2.4456e-01 +4.5405e-01 +3.1820e-01 +5.5482e-01 +2.6777e-01 +7.4866e-01 -1.1332e-01 +2.8467e-01 -2.0885e-02 -1.2661e-01 -7.7982e-02 -1.3477e-01 -1.3201e-01 -3.4888e-04 -5.5103e-02 +5.4619e-01 +1.4212e-01 -3.4022e-01
704 +7.782197493e+01 +7.782197493e+01 +2.417519749e+02 +2.417519749e+02 -2.1941e-01 -2.1810e-01 +3.5641e-01 +6.6395e-01 +3.3196e-01 +7.4314e-01 +5.9729e-01 +9.3760e-01 +2.0387e-01 -5.9531e-02 +3.1807e-02 +1.3668e-01 -2.0833e-01 -3.1039e-01 +2.9285e-01 +2.2317e-01 -2.1146e-01 +3.1748e-01 +2.3882e-01 +1.8481e-01
777 +5.802581152e+01 +5.802581152e+01 +2.219558115e+02 +2.219558115e+02 -1.9392e-01 -2.9221e-01 +4.0101e-01 +4.5288e-01 +4.0495e-01 +6.7650e-01 +6.6026e-01 +1.1329e+00 +3.7756e-01 -6.0869e-02 +6.4705e-02 -4.1145e-01 -3.3577e-01 -1.9157e-01 +2.4642e-02 -6.3663e-02 -2.9534e-01 +7.0083e-01 +5.4587e-01 +3.4304e-01
789 +3.760733941e+01 +3.760733941e+01 +2.015373394e+02 +2.015373394e+02 -2.0832e-01 -2.4114e-01 +5.7722e-01 +5.5626e-01 +3.6563e-01 +5.4322e-01 +3.9493e-01 +1.0855e+00 +4.8576e-01 -1.4981e-01 -5.2606e-02 -4.0619e-01 -3.4640e-02 -8.8794e-02 +4.4918e-02 -2.0976e-01 -2.5216e-01 +3.8541e-01 +3.8036e-01 +1.2720e-01
995 +2.086599140e+01 +2.086599140e+01 +1.847959914e+02 +1.847959914e+02 -2.7882e-01 -3.1805e-01 +3.6516e-01 +6.3378e-01 +4.0664e-01 +7.3392e-01 +4.5646e-01 +1.1802e+00 +5.2510e-01 +5.6971e-02 -4.9842e-02 -1.9870e-01 -1.6345e-01 -3.6312e-01 +1.6594e-01 -1.9092e-01 -2.3831e-01 +3.7411e-01 +4.0560e-01 +8.9772e-02
1424 +1.581587886e+01 +1.581587886e+01 +1.797458789e+02 +1.797458789e+02 -2.8429e-01 -3.7710e-01 +2.9882e-01 +6.4237e-01 +4.1029e-01 +7.8810e-01 +3.8123e-01 +1.2218e+00 +5.8339e-01 -1.8346e-02 -3.5595e-02 -2.9298e-01 -1.5365e-01 -2.7890e-01 +4.7260e-02 -1.4074e-01 -2.4885e-01 +3.3159e-01 +3.6872e-01 +1.1228e-01
% function evaluation | noise-free fitness - Fopt (-5.002000000000e+01) | best noise-free fitness - Fopt | measured fitness | best measured fitness | x1 | x2...
1 +2.048766323e+05 +2.048766323e+05 +2.048266123e+05 +2.048266123e+05 -1.8578e+00 -3.8089e+00 -9.2248e-01 -9.9493e-01 -2.7511e-01 -3.7240e+00 -2.6845e+00 -3.2891e-01 +6.8782e-01 -1.9653e+00 +1.1194e+00 -3.0669e+00 +3.8008e+00 -2.9608e+00 +1.9039e+00 -3.3023e+00 +4.1585e-01 +3.6843e+00 -1.8210e+00 -8.9641e-01
5 +9.097694121e+04 +9.097694121e+04 +9.092692121e+04 +9.092692121e+04 -2.6630e-01 -1.8064e+00 -1.7991e-02 -1.6098e-01 +2.3402e+00 -5.5070e+00 -3.4407e+00 -1.8953e+00 +1.0169e+00 -5.4093e-01 +9.9361e-01 -2.9300e+00 +1.8615e+00 -1.0375e+00 +3.8721e+00 -7.6597e-01 -2.8494e+00 +6.7668e-01 -2.0979e+00 +1.8366e+00
32 +5.712505473e+04 +5.712505473e+04 +5.707503473e+04 +5.707503473e+04 -1.1934e+00 -2.8886e+00 -7.8928e-02 +1.0872e+00 +6.9247e-01 -2.4817e+00 -3.0977e+00 +6.1099e-01 +1.6077e+00 -3.1472e+00 +1.2709e-01 -4.1150e+00 +5.1156e-01 -8.2198e-01 +3.9703e+00 -6.9486e-01 -3.5536e+00 +3.0595e+00 -9.7109e-01 -2.5059e-01
55 +3.837667535e+04 +3.837667535e+04 +3.832665535e+04 +3.832665535e+04 -1.7407e+00 -1.0947e+00 +1.2645e+00 -4.0233e-01 +2.9241e-02 -3.0201e+00 -2.0058e+00 +1.0434e+00 +1.7659e-01 -3.7089e+00 +4.7506e-01 -1.4218e+00 -9.4281e-01 -2.3990e+00 +3.2689e+00 -5.9711e-01 -1.2554e+00 +2.4239e+00 -3.8304e-01 +4.0951e+00
57 +2.502379577e+04 +2.502379577e+04 +2.497377577e+04 +2.497377577e+04 -2.1909e+00 -2.1882e+00 +5.3473e-01 -1.1285e+00 +1.7441e+00 -3.0829e+00 -1.9924e+00 -1.1174e+00 -1.1281e+00 +2.6365e-01 +5.8340e-01 -3.0467e+00 +1.6722e-02 -1.4468e+00 +1.2155e+00 +2.7155e+00 -1.6879e+00 +1.5007e+00 -1.3711e-02 +7.7440e-01
96 +1.166524676e+04 +1.166524676e+04 +1.161522676e+04 +1.161522676e+04 -1.0946e+00 -5.6498e-01 +8.7995e-01 +9.4828e-01 +4.3160e-01 +1.3130e+00 -2.8840e-01 -1.2571e+00 -1.2051e+00 -1.9160e+00 +9.8174e-01 -2.8413e+00 +1.4455e+00 +8.8453e-02 +1.9931e+00 -1.1618e-01 -2.3930e+00 +2.0585e+00 +4.0156e-02 +3.9013e+00
115 +6.397194352e+03 +6.397194352e+03 +6.347174352e+03 +6.347174352e+03 -8.1970e-01 -1.6302e+00 +8.3689e-01 +1.4172e+00 +2.4839e-01 +6.5628e-01 -1.3626e+00 -1.5642e+00 -1.2341e+00 -5.7581e-01 +1.0207e+00 -2.2313e+00 -8.3131e-01 +9.9025e-01 +2.6585e+00 +9.8872e-01 -1.0534e+00 +2.9984e-01 -1.3041e+00 +2.4937e+00
204 +3.641993265e+03 +3.641993265e+03 +3.591973265e+03 +3.591973265e+03 -1.4017e+00 -2.5496e+00 -8.9794e-01 -1.5976e+00 +1.0191e+00 -4.2764e-01 -9.3812e-01 -2.7467e-01 +8.9752e-01 -7.3894e-02 +3.6048e-01 -1.4336e+00 +2.1131e+00 +4.8381e-01 +1.6931e+00 +9.4884e-02 -1.0241e+00 -5.0505e-01 -1.0534e+00 +2.8345e+00
276 +2.107726371e+03 +2.107726371e+03 +2.057706371e+03 +2.057706371e+03 -7.2060e-01 -1.8988e+00 -5.8145e-01 -2.1822e+00 -7.2015e-01 +3.2602e-01 -1.2781e+00 -2.0842e+00 -5.5523e-01 -5.7041e-01 +2.2594e-01 -1.3104e+00 +1.1805e+00 -4.5315e-01 +3.2496e-01 +3.0230e-01 -1.5797e+00 +1.8428e-01 -1.6708e+00 +1.5473e+00
327 +8.498893348e+02 +8.498893348e+02 +7.998693348e+02 +7.998693348e+02 -1.9534e-01 -1.4154e+00 +5.8001e-01 -8.8680e-01 -4.2419e-01 +1.5917e+00 +2.4331e-01 -1.5685e+00 -9.0783e-02 -1.7009e-01 +5.6432e-01 -1.2404e+00 +6.3055e-01 +8.0636e-01 +1.3975e+00 +1.2478e+00 -2.2142e-01 -2.7611e-01 -6.9400e-01 +2.4899e+00
408 +3.986063529e+02 +3.986063529e+02 +3.485863529e+02 +3.485863529e+02 -5.1812e-01 -1.1088e+00 +1.1374e+00 -3.1855e-01 -2.5940e-01 -1.2232e-02 -6.8244e-01 -6.9255e-01 -3.4840e-01 +2.6328e-01 +4.2294e-01 -1.4071e+00 +4.6043e-01 +5.7878e-01 +9.8462e-01 -1.7487e-01 -4.8182e-01 -3.0433e-01 -9.3655e-01 +2.1841e+00
444 +3.530818986e+02 +3.530818986e+02 +3.030618986e+02 +3.030618986e+02 -6.3122e-01 -1.7167e+00 +3.9060e-01 -7.6318e-01 -2.2318e-01 +9.8816e-01 -5.2066e-01 -5.4590e-01 +7.8006e-01 -2.2748e-01 +4.7608e-01 -1.5703e+00 +8.3013e-01 +1.0368e+00 +8.4227e-01 +7.3502e-01 -4.9590e-01 -8.5407e-01 -1.4738e+00 +2.7346e+00
557 +1.984696771e+02 +1.984696771e+02 +1.484496771e+02 +1.484496771e+02 -2.1981e-01 -9.6622e-01 +6.0316e-01 -2.1980e-01 -5.1401e-01 +6.0298e-01 -3.0771e-02 -1.5777e-01 -1.3800e-01 +1.3395e-01 +4.3974e-01 -1.1841e+00 +1.0917e+00 +7.7237e-01 +7.6845e-01 +5.5384e-01 -2.6649e-01 +2.5220e-02 -9.1176e-01 +1.9201e+00
752 +1.424597944e+02 +1.424597944e+02 +9.243979436e+01 +9.243979436e+01 -1.6462e-01 -8.3661e-01 +7.8438e-01 -5.3604e-01 -4.1619e-01 +6.1362e-01 -5.4211e-02 -5.0235e-01 +5.4686e-01 +5.5155e-01 +3.9628e-01 -7.7279e-01 +1.0323e+00 +5.4636e-01 +1.4373e-01 +4.6676e-01 -4.7703e-02 -2.9994e-01 -8.3852e-01 +1.9780e+00
1029 +9.930577691e+01 +9.930577691e+01 +4.928577691e+01 +4.928577691e+01 -2.8141e-02 -1.1560e+00 +6.4671e-01 -3.7751e-01 -7.9494e-01 +5.4352e-01 -3.7614e-01 -4.3857e-01 +5.3288e-01 +5.0251e-01 +4.4490e-01 -1.0491e+00 +1.1885e+00 +5.7078e-01 +2.3491e-01 +6.9554e-01 -2.1244e-02 -2.2517e-01 -4.6027e-01 +2.0452e+00
% function evaluation | noise-free fitness - Fopt (5.888600000000e+02) | best noise-free fitness - Fopt | measured fitness | best measured fitness | x1 | x2...
1 +3.647980286e+05 +3.647980286e+05 +3.653868886e+05 +3.653868886e+05 +9.4883e-01 +3.8888e+00 -2.0504e+00 -3.8812e+00 -2.5829e+00 +3.2169e+00 +3.9752e+00 -3.0838e+00 -3.3276e+00 -3.4465e+00 -5.8915e-01 +2.4132e+00 -2.1096e+00 +7.4518e-01 +3.8631e+00 -3.9593e+00 -2.9104e+00 -7.0520e-01 -8.7561e-01 -3.0786e+00
16 +2.232533673e+05 +2.232533673e+05 +2.238422273e+05 +2.238422273e+05 +3.8691e-01 +5.4667e-01 -1.4491e+00 -4.3053e+00 -1.2323e+00 -1.3777e+00 -1.2880e+00 -2.5275e+00 -8.5845e-01 -5.4872e+00 +7.7333e-01 +3.9731e+00 -1.4047e+00 +2.8372e+00 +1.4049e+00 -1.3462e+00 -5.9575e-01 +4.3639e-01 +3.0634e-01 -5.5405e+00
17 +1.380609072e+05 +1.380609072e+05 +1.386497672e+05 +1.386497672e+05 +1.3728e+00 +4.4314e+00 -6.8985e-01 -2.0084e+00 +1.8943e+00 +3.9846e+00 +1.4587e+00 -1.6967e+00 -3.4396e+00 -3.1442e+00 -2.4333e+00 +2.5073e+00 -2.3539e+00 +3.6424e+00 +1.0369e-01 -1.7224e+00 -3.1609e+00 +2.5957e-01 +9.4285e-01 -2.0485e+00
39 +8.766757647e+04 +8.766757647e+04 +8.825643647e+04 +8.825643647e+04 -7.4751e-01 +4.4947e+00 +2.2992e-01 -3.7839e+00 +2.5543e+00 +2.3490e-01 -9.1733e-01 -2.4939e+00 -4.4846e+00 +8.2282e-02 -2.5203e+00 +4.8668e+00 +3.9724e-01 -2.5944e+00 +2.7263e+00 -5.4356e-01 +1.3872e+00 -1.1043e+00 -1.0665e+00 -3.4841e-01
50 +3.264387821e+04 +3.264387821e+04 +3.323273821e+04 +3.323273821e+04 +2.9859e+00 +2.7290e+00 +1.2222e+00 -2.6020e+00 -4.8654e-01 +2.3256e+00 -9.9312e-02 -1.9426e+00 -1.0518e+00 -6.8189e-01 +1.9312e-01 +5.0662e+00 +1.6730e+00 -2.8835e-01 +1.4756e+00 +1.3525e+00 -2.2996e+00 -1.4232e+00 +1.7534e+00 +4.7043e-01
143 +2.129053981e+04 +2.129053981e+04 +2.187939981e+04 +2.187939981e+04 +1.6829e+00 -5.3480e-03 +2.1486e+00 -1.4621e+00 -1.7896e+00 +1.4382e+00 -3.0001e+00 -4.2533e-01 +2.0355e+00 +3.4884e+00 +3.9930e-01 +2.1136e+00 +1.4904e+00 +1.6170e+00 -1.0239e+00 -7.8719e-01 -9.3549e-01 -2.6662e+00 +4.0633e-01 -1.4778e+00
189 +1.400457669e+04 +1.400457669e+04 +1.459343669e+04 +1.459343669e+04 +2.2903e+00 -5.7934e-01 +9.3159e-01 -6.4279e-01 -1.6998e+00 -6.3726e-01 +3.5271e-01 -1.7284e+00 -1.0407e+00 +1.7408e+00 +4.8254e-02 +2.9733e+00 +2.6035e+00 +2.5261e-02 +3.0143e-01 +1.1139e+00 +5.0608e-01 -3.0186e-01 -1.9817e+00 +8.3287e-02
206 +9.753385245e+03 +9.753385245e+03 +1.034224524e+04 +1.034224524e+04 +3.1384e+00 +5.8009e-01 +6.6321e-01 -1.1131e+00 -1.4466e+00 +2.1212e+00 -3.9177e-01 -1.5103e-01 -4.4750e-01 +2.6367e+00 +1.7870e-01 -5.0424e-02 +2.4365e+00 -1.2394e+00 +1.5053e+00 -8.2318e-01 +2.1786e+00 -6.3129e-01 +3.0641e-01 +3.6188e-01
255 +5.457305207e+03 +5.457305207e+03 +6.046165207e+03 +6.046165207e+03 -5.1487e-01 +1.1631e+00 -2.3755e-01 +9.3142e-02 -1.4484e+00 +1.1259e+00 -5.8817e-01 -1.2073e+00 -1.4459e-01 +2.4156e+00 -1.0173e+00 +1.8243e-01 +1.6068e+00 -1.2270e+00 +1.1581e+00 -1.0007e+00 +1.2329e+00 -9.9064e-01 -7.1762e-01 +5.8199e-01
294 +2.701060206e+03 +2.701060206e+03 +3.289920206e+03 +3.289920206e+03 +2.1283e-01 -1.0316e+00 +1.7006e+00 -1.6377e-01 -1.9678e+00 +1.3705e+00 -8.2913e-01 -3.1472e-01 +3.5596e-01 +9.1657e-01 -1.4930e+00 +6.4695e-02 +6.8322e-01 -4.1295e-01 -1.0412e-01 -2.4631e-01 -2.6252e-02 +5.2608e-01 +2.9006e-01 -9.6508e-01
339 +1.273968679e+03 +1.273968679e+03 +1.862828679e+03 +1.862828679e+03 +6.2668e-01 -2.8505e-02 +1.2223e+00 -4.2874e-01 -2.7564e-02 +1.3308e+00 -1.8425e-01 +9.5781e-01 -6.6346e-01 +9.5412e-01 -7.9489e-01 -8.8369e-01 +1.2198e+00 +9.7033e-02 -1.2865e-01 -5.6500e-01 -5.0763e-01 -5.4012e-01 +1.1131e+00 -6.3376e-01
407 +7.012886814e+02 +7.012886814e+02 +1.290148681e+03 +1.290148681e+03 +2.5342e-01 +6.9651e-01 -6.6731e-01 -8.6399e-01 -5.6519e-01 +7.9623e-01 +6.8176e-01 -3.2139e-01 +1.6450e-01 +2.8773e-01 -4.1174e-01 -1.1409e+00 +9.5597e-01 +6.3258e-01 -1.0234e+00 +2.1501e-01 -1.0129e-01 +5.2729e-01 -3.0922e-03 -9.4028e-01
474 +5.351797319e+02 +5.351797319e+02 +1.124039732e+03 +1.124039732e+03 -1.7607e-01 -1.2857e-01 +1.2557e+00 -1.1507e+00 -4.5058e-01 +6.6529e-01 -2.8543e-01 +1.2892e-01 +4.0488e-01 -9.4087e-01 -7.7834e-01 -9.9941e-01 +5.3380e-01 +5.0238e-01 -2.4711e-01 +3.4865e-01 -4.2275e-01 +5.6063e-01 -3.1635e-01 +7.0418e-01
510 +3.799339998e+02 +3.799339998e+02 +9.687939998e+02 +9.687939998e+02 -7.2074e-02 -3.1845e-01 +1.4963e+00 -7.5969e-01 -4.3116e-01 +1.9356e-01 +4.3442e-01 +2.2518e-01 -3.9713e-01 -3.8138e-01 -2.8630e-01 -6.2057e-01 +4.4294e-01 +2.0021e-01 -2.4545e-01 -1.4494e-01 -8.2010e-01 -1.1580e-01 +6.6082e-02 +5.6189e-01
588 +1.796833382e+02 +1.796833382e+02 +7.685433382e+02 +7.685433382e+02 +1.6119e-01 -1.2809e-01 +9.9975e-01 -1.0048e+00 -2.0209e-01 +9.7614e-01 +4.0437e-01 -2.6082e-01 -2.9542e-03 -2.7665e-01 -5.9591e-01 -1.8600e-01 +7.1500e-01 +1.6309e-01 -8.2340e-01 -1.3360e-01 -8.6704e-01 +4.6032e-02 +1.5820e-01 +5.9042e-01
650 +1.141650529e+02 +1.141650529e+02 +7.030250529e+02 +7.030250529e+02 +6.7781e-01 -3.0193e-01 +5.8250e-01 -7.6298e-01 +1.2689e-01 +1.1439e+00 -1.6764e-01 -7.6438e-02 +2.9178e-01 +4.8503e-01 -7.0123e-01 -1.0548e-01 +3.1594e-01 +6.3508e-01 -9.2281e-01 -1.2933e-01 -9.6623e-01 +3.7211e-02 +3.4065e-01 +3.2343e-01
748 +6.184220859e+01 +6.184220859e+01 +6.507022086e+02 +6.507022086e+02 +5.7752e-01 -2.8392e-01 +5.8594e-01 -9.1155e-01 -2.4330e-01 +9.0338e-01 -3.3732e-01 -1.4797e-01 +5.5598e-01 -4.0159e-01 -3.1696e-01 -2.1569e-01 +8.2178e-01 +1.8424e-01 -9.4167e-01 +1.2067e-01 -9.6609e-01 -1.4729e-01 +3.5708e-01 +3.2098e-01
914 +3.746949428e+01 +3.746949428e+01 +6.263294943e+02 +6.263294943e+02 +5.2584e-01 -1.4661e-01 +4.5558e-01 -6.0942e-01 -3.1961e-01 +9.0085e-01 -4.8217e-01 -2.4029e-01 +5.3333e-01 -1.1817e-01 -4.7247e-01 +5.4048e-03 +6.7081e-01 +7.5963e-02 -8.3236e-01 -2.5049e-01 -1.0165e+00 -1.1304e-01 +2.8702e-01 +2.7170e-01
991 +2.501417268e+01 +2.501417268e+01 +6.138741727e+02 +6.138741727e+02 +6.2991e-01 -2.2261e-01 +5.1119e-01 -7.3573e-01 -2.1897e-01 +9.0413e-01 -4.0691e-01 -4.0954e-01 +4.1921e-01 -8.6653e-02 -4.8093e-01 -1.6637e-01 +6.9700e-01 +2.2755e-01 -8.3686e-01 -3.5217e-01 -1.0623e+00 -5.1892e-02 +3.6742e-01 +3.1757e-01
4861 +1.584338356e+01 +1.584338356e+01 +6.047033836e+02 +6.047033836e+02 +3.9192e-01 +3.6814e-01 +4.1623e-01 -3.7457e-01 -7.3246e-01 +8.9976e-01 -1.5735e-01 +1.8337e-01 +8.0339e-01 -2.2320e-01 -6.2251e-01 -8.3624e-01 +7.0377e-01 -3.7516e-01 -3.3708e-01 -3.1061e-01 -6.2485e-01 -4.5833e-02 +9.3103e-01 +3.6014e-02
% function evaluation | noise-free fitness - Fopt (-3.294000000000e+01) | best noise-free fitness - Fopt | measured fitness | best measured fitness | x1 | x2...
1 +1.291243922e+05 +1.291243922e+05 +1.290914522e+05 +1.290914522e+05 +1.8269e+00 -1.8145e+00 +2.0910e+00 -2.2412e+00 -3.1379e+00 -3.2503e+00 -3.3281e+00 -6.4115e-01 -2.3374e+00 -3.4711e+00 +1.6876e+00 -4.9248e-01 -4.4011e-02 -3.7335e-02 +2.5263e+00 +1.3834e-01 +3.7686e+00 -3.5557e+00 +1.9237e+00 +3.1140e+00
31 +8.318972694e+04 +8.318972694e+04 +8.315678694e+04 +8.315678694e+04 +1.4887e+00 +3.7929e+00 +5.4871e-01 -1.9816e+00 +2.4335e-01 -3.0329e+00 -2.6834e+00 +1.4170e+00 -4.2206e+00 -3.6164e+00 -4.9423e-02 -2.9490e+00 +1.5539e+00 -4.3646e+00 +2.3761e+00 -9.4938e-01 +2.4300e+00 -2.0176e+00 +2.0011e+00 +1.5440e+00
32 +4.249753686e+04 +4.249753686e+04 +4.246459686e+04 +4.246459686e+04 +2.1121e+00 -1.5653e+00 +2.3856e+00 -1.0124e+00 -2.3146e+00 -4.5645e+00 -3.0582e+00 +1.5191e-01 -2.0563e+00 +2.7493e-01 -9.2990e-01 +1.1515e+00 +1.6227e+00 -2.3551e+00 +3.5011e+00 +2.6148e+00 +3.2543e+00 +2.2986e+00 -1.5983e+00 +6.8605e-01
36 +3.641683500e+04 +3.641683500e+04 +3.638389500e+04 +3.638389500e+04 +2.2342e-01 -1.0714e-01 -2.5565e+00 -1.6249e-02 -1.2527e+00 -2.7595e+00 -2.5357e+00 -4.2252e-02 -1.6217e+00 -1.8146e+00 -1.6605e+00 +5.8581e-01 -2.6054e-01 -9.6152e-01 +3.5319e+00 -2.5564e-01 +1.3917e+00 -4.5653e+00 -2.6098e+00 -7.0708e-01
96 +1.989295092e+04 +1.989295092e+04 +1.986001092e+04 +1.986001092e+04 +1.7472e+00 +5.3621e-01 -1.4941e+00 +2.3057e+00 -3.3307e+00 -3.2348e+00 -3.6387e+00 +2.3644e+00 -2.5292e+00 -2.5297e+00 -1.5568e+00 +2.0068e+00 +3.0817e+00 -1.7039e+00 +1.5903e+00 -5.7237e-01 +1.5471e+00 +8.7793e-02 -2.6997e+00 -1.4577e-01
147 +1.153667201e+04 +1.153667201e+04 +1.150373201e+04 +1.150373201e+04 -5.2118e-01 +1.0461e+00 +6.7214e-02 -7.1399e-01 -2.6617e+00 -2.7663e+00 -4.0920e+00 +3.9183e+00 -1.6061e+00 -4.3282e-01 -2.2679e-01 -8.9904e-01 +4.1740e+00 -3.0898e+00 +2.2715e-01 +6.9832e-02 +3.3912e+00 -1.5784e-01 -4.3975e-01 +5.8029e-01
191 +9.977667259e+03 +9.977667259e+03 +9.944727259e+03 +9.944727259e+03 -1.9188e+00 +5.1601e-01 -7.3707e-01 -1.2629e+00 -2.7341e+00 -2.8294e+00 -4.1364e+00 +1.8076e+00 -1.8050e+00 -2.4072e+00 +6.3396e-01 +2.9111e-01 +4.2069e+00 -2.1364e+00 +2.3941e+00 +9.9720e-01 +1.9543e+00 -1.1410e+00 +4.9147e-01 -1.9489e+00
243 +5.365676525e+03 +5.365676525e+03 +5.332736525e+03 +5.332736525e+03 +1.6135e-02 +2.1373e+00 -1.2837e+00 -6.8535e-01 -5.6490e-01 -1.9026e+00 -1.2817e+00 +2.4455e+00 -1.6639e+00 +3.8364e-01 -2.9678e-03 +7.0513e-01 +3.3028e+00 -1.1540e+00 +6.6054e-01 +1.9301e-01 +1.7509e+00 +3.7250e-01 +1.2799e+00 -8.1604e-01
305 +3.804238538e+03 +3.804238538e+03 +3.771298538e+03 +3.771298538e+03 -9.7048e-02 +1.1245e+00 -1.7356e-01 -5.0135e-01 -1.0746e+00 -7.1023e-01 -1.2166e+00 +2.7645e+00 -1.7609e+00 -1.3429e+00 +1.0559e+00 -1.0665e+00 +2.2314e+00 -2.0368e+00 +2.4065e-01 +5.8664e-01 +1.8215e+00 +7.3275e-02 -1.0956e-01 -9.9049e-01
359 +2.277835975e+03 +2.277835975e+03 +2.244895975e+03 +2.244895975e+03 -1.1408e+00 +9.9755e-01 -7.8224e-01 -9.9678e-01 -9.5127e-01 -6.5777e-01 -9.6227e-01 +1.6122e+00 -5.1985e-01 -6.4855e-01 -7.0458e-01 -1.3433e+00 +1.3882e+00 -1.4486e+00 +2.0776e+00 +5.6269e-01 +1.1566e+00 +6.5524e-02 +1.0508e-01 +6.9716e-01
371 +1.290137122e+03 +1.290137122e+03 +1.257197122e+03 +1.257197122e+03 -7.0755e-01 +5.7245e-01 -3.9448e-01 +9.8703e-02 -9.2478e-01 -3.1713e-01 -1.5803e+00 +8.9665e-01 -4.5585e-01 -7.2217e-01 +3.6104e-01 -7.9757e-01 +1.8509e+00 -1.3880e+00 +3.2275e-01 -2.3008e-01 +1.2458e+00 +3.9006e-01 +1.5150e-01 -3.0253e-01
419 +8.640849905e+02 +8.640849905e+02 +8.311449905e+02 +8.311449905e+02 -8.0627e-01 +7.6088e-01 +4.7794e-01 -1.2397e+00 -1.4318e+00 -4.4332e-01 -1.0753e+00 +2.2306e-01 +5.1056e-01 -6.6914e-01 -8.4920e-01 -1.3155e+00 +1.4105e+00 -7.8677e-01 +9.4296e-01 +1.6687e-01 +4.0120e-01 -2.3929e-01 +1.6450e-01 -4.2445e-02
452 +5.736382603e+02 +5.736382603e+02 +5.406982603e+02 +5.406982603e+02 +6.8315e-02 -7.5088e-01 +4.5560e-01 -1.1014e+00 -3.3162e-01 +5.3146e-01 -4.3517e-01 -8.4606e-02 -1.4940e-01 -4.7192e-01 +3.3771e-01 -1.3319e-01 +9.6774e-01 -1.0271e+00 +4.4256e-01 -3.4427e-01 +7.0025e-02 +7.0535e-01 +6.9573e-02 +4.8121e-02
483 +3.694151177e+02 +3.694151177e+02 +3.364751177e+02 +3.364751177e+02 -2.3598e-01 -2.6510e-01 +9.6864e-02 -1.1084e+00 -5.2536e-01 +1.2717e-02 -2.9869e-01 +7.4568e-02 -4.4271e-03 -6.5537e-01 -5.4527e-02 -7.1694e-01 +1.0231e+00 -9.1744e-01 +7.9327e-01 -3.0188e-01 +7.6173e-01 +4.4740e-01 +2.9861e-01 -1.7802e-01
522 +2.172097006e+02 +2.172097006e+02 +1.842697006e+02 +1.842697006e+02 +3.5669e-02 +2.7769e-01 -1.6729e-03 -8.6017e-01 -1.8077e-01 -3.9228e-01 -7.4934e-01 +1.0884e-01 +2.5576e-01 -3.8807e-01 -4.9204e-01 -5.0551e-01 +2.4731e-01 -1.2946e+00 +5.0492e-01 -8.5987e-01 -3.6182e-01 +2.8459e-01 +3.9917e-01 -2.7917e-02
591 +1.218066044e+02 +1.218066044e+02 +8.886660439e+01 +8.886660439e+01 +1.6460e-01 -3.5321e-01 -1.2015e-01 -3.6564e-01 -3.7714e-02 -7.8664e-02 -2.2448e-01 +1.6415e-01 +5.5672e-01 -3.9059e-01 -2.6551e-01 -4.6195e-01 +7.9435e-01 -3.6226e-01 +2.9220e-01 -5.4861e-01 +2.3347e-01 -1.3062e-02 +5.1742e-01 +6.2838e-01
630 +9.873950847e+01 +9.873950847e+01 +6.579950847e+01 +6.579950847e+01 -1.1080e-01 -3.9230e-01 +7.5504e-02 -7.7305e-01 -2.3216e-01 -8.2210e-02 -2.0205e-01 -7.7502e-02 +5.8086e-01 -4.0397e-01 -1.0651e-01 -9.0302e-01 +5.8330e-01 -6.3781e-01 +1.5981e-01 -1.0065e+00 +3.1018e-01 +4.5329e-01 +2.4583e-01 +5.5206e-01
764 +6.109299837e+01 +6.109299837e+01 +2.815299837e+01 +2.815299837e+01 -2.6742e-01 -2.9449e-01 +3.8704e-02 -6.2099e-01 -1.7511e-01 -1.4383e-01 -6.5075e-01 -2.8343e-01 +7.2176e-01 -1.8974e-01 -2.8804e-01 -2.8959e-01 +5.8686e-01 -7.4444e-01 +3.3398e-01 -7.2743e-01 -1.1735e-01 +4.3946e-01 +4.2039e-01 +4.5664e-01
865 +3.384128307e+01 +3.384128307e+01 +9.012830690e-01 +9.012830690e-01 -4.4328e-01 -3.4160e-01 +2.1525e-01 -6.8373e-01 -4.3674e-01 -2.4316e-01 -8.7375e-01 -1.4138e-02 +6.0315e-01 -1.3562e-01 -4.5037e-01 -5.3033e-01 +7.1585e-01 -5.0915e-01 +3.8082e-01 -7.9811e-01 -1.0627e-01 +3.4997e-01 +3.8108e-01 +3.8852e-01
1002 +2.470503593e+01 +2.470503593e+01 -8.234964075e+00 -8.234964075e+00 -5.3838e-01 -3.5307e-01 +3.2115e-01 -8.0411e-01 -3.5796e-01 -7.4982e-02 -8.9745e-01 -2.1640e-02 +5.0484e-01 -2.3839e-01 -6.3268e-01 -5.6736e-01 +3.0169e-01 -8.5737e-01 +4.0726e-01 -6.5385e-01 -6.3840e-02 +9.3441e-02 +3.4632e-01 +4.6379e-01
2968 +1.584024972e+01 +1.584024972e+01 -1.709975028e+01 -1.709975028e+01 -3.6388e-01 -2.5422e-01 -1.9234e-04 -5.9918e-01 -2.6180e-01 +1.0713e-02 -5.0924e-01 +1.5261e-02 +1.7325e-01 -8.4035e-01 -6.6169e-01 -6.9919e-01 +1.1686e-01 -7.8469e-01 +5.4365e-01 -3.6524e-01 +2.0065e-01 +1.1413e-01 -2.6790e-01 +5.2343e-01
% function evaluation | noise-free fitness - Fopt (-1.116200000000e+02) | best noise-free fitness - Fopt | measured fitness | best measured fitness | x1 | x2...
1 +1.853871917e+05 +1.853871917e+05 +1.852755717e+05 +1.852755717e+05 -3.4875e-02 -3.2383e+00 +3.2315e+00 -2.5161e+00 +1.2929e+00 -2.6905e-01 -3.1175e+00 +1.7773e+00 +4.5002e-02 -2.8723e+00 -3.2522e+00 -2.7623e+00 -2.3832e+00 +1.7623e+00 +1.9492e+00 -1.0497e+00 -3.4117e+00 -2.7593e+00 +8.7297e-01 -2.1457e+00
9 +7.719837231e+04 +7.719837231e+04 +7.708675231e+04 +7.708675231e+04 -4.5288e+00 -1.8992e+00 +8.9747e-01 +2.0497e-01 +1.4734e+00 -2.4970e+00 -2.9396e+00 +1.6586e-02 +1.5161e-01 -1.0649e+00 -4.5990e+00 -6.0196e-01 +6.0890e-01 -1.6628e+00 +1.1417e+00 -6.9956e-01 -1.3661e+00 -1.1357e+00 -1.0662e+00 -2.9563e+00
39 +5.495628981e+04 +5.495628981e+04 +5.484466981e+04 +5.484466981e+04 -8.9244e-01 -4.3218e+00 +3.7532e-01 -6.2491e-01 +1.1727e+00 +2.3205e+00 -1.4392e+00 +9.2622e-01 -2.9444e-01 -1.8502e-01 -5.2526e-01 -3.4810e+00 -1.3576e+00 +1.3994e+00 -2.7628e+00 -3.1400e+00 +7.5003e-01 +1.7799e+00 -2.2025e+00 +1.4924e-01
89 +1.146777982e+04 +1.146777982e+04 +1.135615982e+04 +1.135615982e+04 -1.9523e+00 -7.7304e-01 -1.4701e+00 -3.5919e-01 -2.0190e+00 -3.2536e-01 -6.0806e-01 -2.0158e+00 +1.5361e+00 +5.1358e-01 -1.2034e+00 +8.0155e-01 -7.1611e-02 +1.3114e-02 -3.2222e-02 +1.7884e-01 -2.7238e+00 -5.5039e-01 -1.4486e-01 +1.9850e+00
118 +8.206620014e+03 +8.206620014e+03 +8.095000014e+03 +8.095000014e+03 +2.3580e-01 +4.7846e-01 +1.4393e+00 +2.6033e+00 -1.1627e+00 -1.5519e+00 +1.1904e+00 -1.4247e+00 -1.1881e+00 +2.1598e-01 -8.2791e-01 -1.1491e+00 -9.9033e-01 -1.5649e-01 -1.1893e-01 -1.1022e+00 -1.0911e+00 +2.8626e-01 +1.7018e-01 +1.8161e+00
210 +5.244296715e+03 +5.244296715e+03 +5.132676715e+03 +5.132676715e+03 +4.0102e-01 +1.7923e+00 -1.3899e-01 -1.5974e+00 -2.3394e-01 +3.7422e-01 -1.2364e+00 -8.5012e-01 -6.7307e-02 +2.3917e+00 -5.5038e-01 -4.4207e-01 +3.3521e-01 +1.7035e+00 +9.7642e-02 -1.0365e+00 -7.9533e-01 +4.6787e-02 +1.3145e+00 -2.2767e-01
246 +3.857037850e+03 +3.857037850e+03 +3.745417850e+03 +3.745417850e+03 -4.8238e-01 -1.1259e+00 +1.0017e+00 -3.8778e-01 -2.7623e-01 -8.2790e-01 -2.8416e-01 -1.5155e+00 -6.8595e-01 +1.8030e+00 -3.9443e-01 -1.4714e+00 +2.9515e-01 -3.4463e-02 -1.3518e-01 +1.4099e-01 +3.3580e-01 -2.2546e+00 -5.0256e-01 -8.7908e-01
285 +1.808950630e+03 +1.808950630e+03 +1.697330630e+03 +1.697330630e+03 +4.1466e-02 -1.1884e-01 +1.7361e+00 +2.1299e-01 -2.5900e-02 -9.0998e-01 -9.1455e-01 -1.1830e+00 +1.3760e-01 +1.0201e+00 -1.3726e+00 +8.6211e-01 -1.1890e-01 +6.3160e-01 -2.2570e-01 -4.0170e-01 -7.6533e-01 +1.1055e-02 +3.6101e-01 -8.4738e-02
299 +7.747300938e+02 +7.747300938e+02 +6.631100938e+02 +6.631100938e+02 +9.5795e-03 -2.0213e-01 +1.1033e+00 -9.6235e-01 -2.8920e-01 -3.1466e-01 -1.7364e+00 -5.5108e-01 +1.2943e-01 +1.4746e+00 -1.5033e+00 -1.1448e+00 -3.0039e-01 -3.5131e-01 +1.8096e-01 -2.3850e-01 -7.0487e-01 +1.3779e-01 -5.5584e-01 +7.1797e-01
488 +5.832494138e+02 +5.832494138e+02 +4.716294138e+02 +4.716294138e+02 +1.9467e-01 -3.6092e-01 +1.9643e+00 +1.5918e-01 -1.4974e-03 -5.7479e-01 -1.3371e+00 +5.9840e-01 +1.1378e-02 -3.2841e-02 -4.3052e-01 -4.2788e-01 -3.8704e-01 +7.3185e-01 -5.4330e-01 +7.8344e-01 -8.8188e-01 -4.0533e-01 -3.4853e-02 +8.9930e-01
537 +3.728689353e+02 +3.728689353e+02 +2.612489353e+02 +2.612489353e+02 -3.1290e-02 -1.2968e+00 +1.1155e+00 -1.6904e-01 -4.2972e-01 -2.4954e-01 -1.0250e+00 -1.7481e-01 -4.8093e-01 +7.5706e-01 -5.7206e-01 -1.0402e-01 -9.3392e-01 +3.1055e-01 -3.4219e-01 +2.4613e-01 -1.2292e+00 -6.2761e-01 +6.8980e-02 +7.6100e-01
592 +1.728993679e+02 +1.728993679e+02 +6.127936789e+01 +6.127936789e+01 -6.0666e-01 -6.0465e-01 +1.3030e+00 -2.7603e-01 -2.6090e-01 -2.1636e-01 -8.5493e-01 +7.0693e-02 -6.5077e-01 +5.8357e-01 -6.2190e-01 +1.2197e-01 -4.9539e-01 +3.6173e-01 -1.1424e-01 +1.2745e-01 -1.0210e+00 -1.0185e-01 -1.7695e-01 +7.1241e-01
626 +1.480716747e+02 +1.480716747e+02 +3.645167474e+01 +3.645167474e+01 -6.2979e-01 -3.8022e-01 +8.5343e-01 -4.2557e-01 +1.9299e-01 -1.1149e-01 -8.8997e-01 -5.0058e-01 -4.5101e-01 +9.1518e-01 -5.6233e-01 +2.4867e-01 -3.3416e-01 +3.4842e-01 -2.4899e-01 -2.7829e-03 -9.7287e-01 -1.2625e-01 -8.9044e-03 +1.1697e+00
709 +9.570908544e+01 +9.570908544e+01 -1.591091456e+01 -1.591091456e+01 -6.2708e-01 -5.0356e-01 +6.1011e-01 -4.1456e-01 -2.6239e-01 -1.5988e-01 -6.5781e-01 -5.3060e-01 -1.0649e-01 +9.5162e-01 -4.2603e-01 -1.3250e-01 -3.4842e-01 +4.8027e-01 -4.1948e-01 -4.4235e-02 -5.4550e-01 -3.2645e-01 -3.0589e-01 +5.6990e-01
765 +5.648886737e+01 +5.648886737e+01 -5.513113263e+01 -5.513113263e+01 -6.6178e-01 +3.4821e-02 +1.2510e+00 -4.7360e-01 -1.6185e-01 -1.1266e-01 -4.6980e-01 -4.3318e-01 -6.7327e-01 +7.0659e-01 +3.2182e-02 -1.0710e-01 -4.8671e-01 +1.3407e-01 +2.2745e-01 +7.8688e-02 -8.7814e-01 -1.0028e-01 -2.3710e-01 +7.2281e-01
917 +3.730585744e+01 +3.730585744e+01 -7.431414256e+01 -7.431414256e+01 -8.6994e-01 +7.0188e-02 +9.1621e-01 -2.5165e-01 -1.1442e-01 -2.7311e-01 -4.9752e-01 -5.1742e-01 -4.5800e-01 +8.0785e-01 +1.0101e-01 +2.7173e-02 -4.1292e-01 +2.4449e-01 -6.6927e-03 -1.8567e-01 -8.7185e-01 -3.6124e-01 -2.8116e-01 +4.4230e-01
1073 +2.440054172e+01 +2.440054172e+01 -8.721945828e+01 -8.721945828e+01 -7.6546e-01 -5.6308e-02 +1.0518e+00 -3.1025e-01 -9.2828e-02 -3.8381e-01 -4.3294e-01 -6.2320e-01 -5.2194e-01 +8.5456e-01 +1.5331e-01 -1.8504e-01 -4.2681e-01 +1.6060e-01 -9.3787e-02 -1.3600e-01 -8.6672e-01 -1.7666e-01 -4.8920e-01 +6.5459e-01
