% function evaluation | noise-free fitness - Fopt (1.000000000000e+03) | best noise-free fitness - Fopt | measured fitness | best measured fitness | x1 | x2...
1 +5.276847740e+03 +5.276847740e+03 +6.276847740e+03 +6.276847740e+03 -4.1167e+00 -4.4283e+00
2 +7.076727356e+01 +7.076727356e+01 +1.070767274e+03 +1.070767274e+03 +4.9856e-01 -9.0485e-02
6 +3.857115645e+01 +3.857115645e+01 +1.038571156e+03 +1.038571156e+03 +8.8608e-01 +9.5237e-01
36 +1.577487780e+01 +1.577487780e+01 +1.015774878e+03 +1.015774878e+03 -3.9592e+00 +3.3221e+00
50 +8.396739079e+00 +8.396739079e+00 +1.008396739e+03 +1.008396739e+03 -2.4593e+00 +2.4271e+00
90 +5.381890460e+00 +5.381890460e+00 +1.005381890e+03 +1.005381890e+03 -5.0000e+00 +4.1187e+00
178 +2.516804347e+00 +2.516804347e+00 +1.002516804e+03 +1.002516804e+03 -4.1125e+00 +3.4145e+00
198 +2.159785367e+00 +2.159785367e+00 +1.002159785e+03 +1.002159785e+03 -3.4496e+00 +3.7628e+00
849 +1.448204732e+00 +1.448204732e+00 +1.001448205e+03 +1.001448205e+03 -3.4231e+00 +2.8609e+00
1298 +4.422512016e-01 +4.422512016e-01 +1.000442251e+03 +1.000442251e+03 -3.0702e+00 +3.0255e+00
1809 +4.744058201e-02 +4.744058201e-02 +1.000047441e+03 +1.000047441e+03 -3.0681e+00 +3.0108e+00
2067 +3.661075165e-02 +3.661075165e-02 +1.000036611e+03 +1.000036611e+03 -3.0609e+00 +3.0084e+00
2129 +4.825954893e-03 +4.825954893e-03 +1.000004826e+03 +1.000004826e+03 -3.0583e+00 +3.0006e+00
2209 +2.513742916e-03 +2.513742916e-03 +1.000002514e+03 +1.000002514e+03 -3.0583e+00 +3.0012e+00
2264 +1.232757256e-03 +1.232757256e-03 +1.000001233e+03 +1.000001233e+03 -3.0561e+00 +3.0021e+00
2489 +3.410806175e-05 +3.410806175e-05 +1.000000034e+03 +1.000000034e+03 -3.0570e+00 +3.0019e+00
3009 +7.581006003e-06 +7.581006003e-06 +1.000000008e+03 +1.000000008e+03 -3.0570e+00 +3.0017e+00
3178 +3.410328077e-06 +3.410328077e-06 +1.000000003e+03 +1.000000003e+03 -3.0568e+00 +3.0016e+00
3235 +2.272424354e-06 +2.272424354e-06 +1.000000002e+03 +1.000000002e+03 -3.0568e+00 +3.0016e+00
3258 +4.233447726e-08 +4.233447726e-08 +1.000000000e+03 +1.000000000e+03 -3.0568e+00 +3.0016e+00
3378 +3.287368600e-09 +3.287368600e-09 +1.000000000e+03 +1.000000000e+03 -3.0568e+00 +3.0016e+00
3595 +1.232706381e-09 +1.232706381e-09 +1.000000000e+03 +1.000000000e+03 -3.0568e+00 +3.0016e+00
3761 +9.746372598e-10 +9.746372598e-10 +1.000000000e+03 +1.000000000e+03 -3.0568e+00 +3.0016e+00
3972 +5.989022611e-10 +5.989022611e-10 +1.000000000e+03 +1.000000000e+03 -3.0568e+00 +3.0016e+00
4218 +1.618900569e-10 +1.618900569e-10 +1.000000000e+03 +1.000000000e+03 -3.0568e+00 +3.0016e+00
4252 +1.106172931e-10 +1.106172931e-10 +1.000000000e+03 +1.000000000e+03 -3.0568e+00 +3.0016e+00
4264 +2.967226465e-11 +2.967226465e-11 +1.000000000e+03 +1.000000000e+03 -3.0568e+00 +3.0016e+00
4281 +6.366462912e-12 +6.366462912e-12 +1.000000000e+03 +1.000000000e+03 -3.0568e+00 +3.0016e+00
4401 +2.160049917e-12 +2.160049917e-12 +1.000000000e+03 +1.000000000e+03 -3.0568e+00 +3.0016e+00
4481 +0.000000000e+00 +0.000000000e+00 +1.000000000e+03 +1.000000000e+03 -3.0568e+00 +3.0016e+00
% function evaluation | noise-free fitness - Fopt (7.003000000000e+01) | best noise-free fitness - Fopt | measured fitness | best measured fitness | x1 | x2...
1 +4.884349041e+02 +4.884349041e+02 +5.584649041e+02 +5.584649041e+02 +4.4953e+00 -1.8572e+00
2 +1.225997434e+02 +1.225997434e+02 +1.926297434e+02 +1.926297434e+02 -3.9094e+00 +2.2093e+00
3 +9.984687444e+01 +9.984687444e+01 +1.698768744e+02 +1.698768744e+02 -1.8539e+00 +1.2500e+00
4 +2.986536149e+01 +2.986536149e+01 +9.989536149e+01 +9.989536149e+01 -2.4199e+00 -3.2865e+00
24 +1.934509439e+01 +1.934509439e+01 +8.937509439e+01 +8.937509439e+01 -1.8239e+00 -1.9236e+00
98 +1.306424641e+01 +1.306424641e+01 +8.309424641e+01 +8.309424641e+01 +6.1394e-01 -3.1096e+00
157 +4.014449371e+00 +4.014449371e+00 +7.404444937e+01 +7.404444937e+01 -1.0603e+00 -1.6956e+00
823 +3.869668171e+00 +3.869668171e+00 +7.389966817e+01 +7.389966817e+01 -9.4674e-01 -2.0899e+00
833 +1.438056039e+00 +1.438056039e+00 +7.146805604e+01 +7.146805604e+01 -7.0188e-01 -2.9089e+00
1902 +9.983554761e-01 +9.983554761e-01 +7.102835548e+01 +7.102835548e+01 -7.4494e-01 -2.8949e+00
2221 +4.765194097e-01 +4.765194097e-01 +7.050651941e+01 +7.050651941e+01 -8.1488e-01 -2.4923e+00
2257 +2.244462783e-01 +2.244462783e-01 +7.025444628e+01 +7.025444628e+01 -8.3788e-01 -2.4895e+00
2655 +6.777867207e-02 +6.777867207e-02 +7.009777867e+01 +7.009777867e+01 -8.6116e-01 -2.4972e+00
2696 +2.856122925e-02 +2.856122925e-02 +7.005856123e+01 +7.005856123e+01 -8.6158e-01 -2.4934e+00
2857 +9.347772731e-03 +9.347772731e-03 +7.003934777e+01 +7.003934777e+01 -8.4428e-01 -2.4966e+00
3017 +9.245464947e-04 +9.245464947e-04 +7.003092455e+01 +7.003092455e+01 -8.4907e-01 -2.4959e+00
3021 +3.464801319e-04 +3.464801319e-04 +7.003034648e+01 +7.003034648e+01 -8.5002e-01 -2.4957e+00
3283 +1.706741558e-04 +1.706741558e-04 +7.003017067e+01 +7.003017067e+01 -8.4952e-01 -2.4964e+00
3297 +5.334535209e-05 +5.334535209e-05 +7.003005335e+01 +7.003005335e+01 -8.4994e-01 -2.4961e+00
3417 +1.260337210e-05 +1.260337210e-05 +7.003001260e+01 +7.003001260e+01 -8.5018e-01 -2.4961e+00
3457 +9.158145630e-06 +9.158145630e-06 +7.003000916e+01 +7.003000916e+01 -8.5033e-01 -2.4961e+00
3644 +1.128745453e-07 +1.128745453e-07 +7.003000011e+01 +7.003000011e+01 -8.5041e-01 -2.4960e+00
3964 +9.092958919e-08 +9.092958919e-08 +7.003000009e+01 +7.003000009e+01 -8.5039e-01 -2.4960e+00
4068 +9.199041529e-09 +9.199041529e-09 +7.003000001e+01 +7.003000001e+01 -8.5039e-01 -2.4960e+00
4282 +3.692818495e-09 +3.692818495e-09 +7.003000000e+01 +7.003000000e+01 -8.5040e-01 -2.4960e+00
4322 +2.381909781e-09 +2.381909781e-09 +7.003000000e+01 +7.003000000e+01 -8.5040e-01 -2.4960e+00
4344 +1.514095516e-09 +1.514095516e-09 +7.003000000e+01 +7.003000000e+01 -8.5040e-01 -2.4960e+00
4384 +4.963283118e-10 +4.963283118e-10 +7.003000000e+01 +7.003000000e+01 -8.5040e-01 -2.4960e+00
4424 +3.680611371e-10 +3.680611371e-10 +7.003000000e+01 +7.003000000e+01 -8.5040e-01 -2.4960e+00
4463 +6.230038707e-11 +6.230038707e-11 +7.003000000e+01 +7.003000000e+01 -8.5040e-01 -2.4960e+00
4524 +2.137312549e-11 +2.137312549e-11 +7.003000000e+01 +7.003000000e+01 -8.5040e-01 -2.4960e+00
4653 +1.188027454e-11 +1.188027454e-11 +7.003000000e+01 +7.003000000e+01 -8.5040e-01 -2.4960e+00
4684 +2.117417353e-12 +2.117417353e-12 +7.003000000e+01 +7.003000000e+01 -8.5040e-01 -2.4960e+00
4724 +1.037392394e-12 +1.037392394e-12 +7.003000000e+01 +7.003000000e+01 -8.5040e-01 -2.4960e+00
4764 +9.094947018e-13 +9.094947018e-13 +7.003000000e+01 +7.003000000e+01 -8.5040e-01 -2.4960e+00
4817 +6.110667528e-13 +6.110667528e-13 +7.003000000e+01 +7.003000000e+01 -8.5040e-01 -2.4960e+00
4844 +3.268496584e-13 +3.268496584e-13 +7.003000000e+01 +7.003000000e+01 -8.5040e-01 -2.4960e+00
4891 +2.273736754e-13 +2.273736754e-13 +7.003000000e+01 +7.003000000e+01 -8.5040e-01 -2.4960e+00
4897 +5.684341886e-14 +5.684341886e-14 +7.003000000e+01 +7.003000000e+01 -8.5040e-01 -2.4960e+00
% function evaluation | noise-free fitness - Fopt (-4.822000000000e+01) | best noise-free fitness - Fopt | measured fitness | best measured fitness | x1 | x2...
1 +3.098849387e+01 +3.098849387e+01 -1.723150613e+01 -1.723150613e+01 +1.0879e-02 -3.6219e+00
20 +2.434488621e+01 +2.434488621e+01 -2.387511379e+01 -2.387511379e+01 -2.5688e+00 +6.3927e-01
38 +1.410234811e+01 +1.410234811e+01 -3.411765189e+01 -3.411765189e+01 -2.6174e+00 -2.2926e+00
341 +7.591877338e+00 +7.591877338e+00 -4.062812266e+01 -4.062812266e+01 -1.7843e+00 -1.1666e+00
389 +6.007356071e+00 +6.007356071e+00 -4.221264393e+01 -4.221264393e+01 -1.1738e+00 -1.9533e+00
404 +2.335031695e+00 +2.335031695e+00 -4.588496831e+01 -4.588496831e+01 -1.8147e+00 -9.3261e-01
455 +1.263912466e+00 +1.263912466e+00 -4.695608753e+01 -4.695608753e+01 -1.7627e+00 -1.3623e-01
471 +6.985903289e-02 +6.985903289e-02 -4.815014097e+01 -4.815014097e+01 -1.8481e+00 -1.0071e+00
1432 +1.799496835e-02 +1.799496835e-02 -4.820200503e+01 -4.820200503e+01 -1.8403e+00 -1.0011e+00
2042 +1.847464518e-03 +1.847464518e-03 -4.821815254e+01 -4.821815254e+01 -1.8433e+00 -1.0051e+00
2656 +6.645368382e-04 +6.645368382e-04 -4.821933546e+01 -4.821933546e+01 -1.8428e+00 -1.0053e+00
2671 +8.506571295e-05 +8.506571295e-05 -4.821991493e+01 -4.821991493e+01 -1.8422e+00 -1.0074e+00
2911 +7.503099155e-07 +7.503099155e-07 -4.821999925e+01 -4.821999925e+01 -1.8424e+00 -1.0072e+00
3225 +2.540531341e-07 +2.540531341e-07 -4.821999975e+01 -4.821999975e+01 -1.8424e+00 -1.0072e+00
3231 +1.268410372e-07 +1.268410372e-07 -4.821999987e+01 -4.821999987e+01 -1.8424e+00 -1.0072e+00
3494 +2.334907379e-08 +2.334907379e-08 -4.821999998e+01 -4.821999998e+01 -1.8424e+00 -1.0072e+00
3613 +7.990927031e-09 +7.990927031e-09 -4.821999999e+01 -4.821999999e+01 -1.8424e+00 -1.0072e+00
3693 +4.933731645e-09 +4.933731645e-09 -4.822000000e+01 -4.822000000e+01 -1.8424e+00 -1.0072e+00
3720 +3.436696261e-09 +3.436696261e-09 -4.822000000e+01 -4.822000000e+01 -1.8424e+00 -1.0072e+00
3742 +2.481144179e-10 +2.481144179e-10 -4.822000000e+01 -4.822000000e+01 -1.8424e+00 -1.0072e+00
3920 +1.220143986e-10 +1.220143986e-10 -4.822000000e+01 -4.822000000e+01 -1.8424e+00 -1.0072e+00
3982 +6.139799780e-11 +6.139799780e-11 -4.822000000e+01 -4.822000000e+01 -1.8424e+00 -1.0072e+00
4037 +1.911359959e-12 +1.911359959e-12 -4.822000000e+01 -4.822000000e+01 -1.8424e+00 -1.0072e+00
4192 +9.308109838e-13 +9.308109838e-13 -4.822000000e+01 -4.822000000e+01 -1.8424e+00 -1.0072e+00
4312 +2.131628207e-14 +2.131628207e-14 -4.822000000e+01 -4.822000000e+01 -1.8424e+00 -1.0072e+00
4471 +1.421085472e-14 +1.421085472e-14 -4.822000000e+01 -4.822000000e+01 -1.8424e+00 -1.0072e+00
4511 +7.105427358e-15 +7.105427358e-15 -4.822000000e+01 -4.822000000e+01 -1.8424e+00 -1.0072e+00
4631 +0.000000000e+00 +0.000000000e+00 -4.822000000e+01 -4.822000000e+01 -1.8424e+00 -1.0072e+00
% function evaluation | noise-free fitness - Fopt (2.547000000000e+01) | best noise-free fitness - Fopt | measured fitness | best measured fitness | x1 | x2...
1 +1.625399873e+01 +1.625399873e+01 +4.172399873e+01 +4.172399873e+01 -4.4214e+00 -2.2088e+00
13 +8.984570317e+00 +8.984570317e+00 +3.445457032e+01 +3.445457032e+01 -2.4166e+00 -3.1392e+00
86 +5.793022462e+00 +5.793022462e+00 +3.126302246e+01 +3.126302246e+01 -4.3973e+00 -2.4082e+00
428 +1.266200145e+00 +1.266200145e+00 +2.673620015e+01 +2.673620015e+01 -3.9300e+00 -1.3149e+00
1272 +3.096077197e-03 +3.096077197e-03 +2.547309608e+01 +2.547309608e+01 -3.7826e+00 -1.9129e+00
2424 +2.365645102e-03 +2.365645102e-03 +2.547236565e+01 +2.547236565e+01 -3.7870e+00 -1.9090e+00
2464 +1.235584111e-05 +1.235584111e-05 +2.547001236e+01 +2.547001236e+01 -3.7847e+00 -1.9121e+00
3224 +7.918350079e-06 +7.918350079e-06 +2.547000792e+01 +2.547000792e+01 -3.7847e+00 -1.9121e+00
3301 +1.104547426e-06 +1.104547426e-06 +2.547000110e+01 +2.547000110e+01 -3.7848e+00 -1.9121e+00
3524 +7.854631043e-07 +7.854631043e-07 +2.547000079e+01 +2.547000079e+01 -3.7848e+00 -1.9120e+00
3544 +2.718270551e-07 +2.718270551e-07 +2.547000027e+01 +2.547000027e+01 -3.7848e+00 -1.9120e+00
3643 +9.031282033e-08 +9.031282033e-08 +2.547000009e+01 +2.547000009e+01 -3.7848e+00 -1.9120e+00
3854 +3.181530772e-08 +3.181530772e-08 +2.547000003e+01 +2.547000003e+01 -3.7848e+00 -1.9120e+00
3859 +5.952571769e-09 +5.952571769e-09 +2.547000001e+01 +2.547000001e+01 -3.7848e+00 -1.9120e+00
4032 +1.531581972e-09 +1.531581972e-09 +2.547000000e+01 +2.547000000e+01 -3.7848e+00 -1.9120e+00
4040 +4.083844374e-10 +4.083844374e-10 +2.547000000e+01 +2.547000000e+01 -3.7848e+00 -1.9120e+00
4152 +3.456861464e-10 +3.456861464e-10 +2.547000000e+01 +2.547000000e+01 -3.7848e+00 -1.9120e+00
4235 +2.232134477e-10 +2.232134477e-10 +2.547000000e+01 +2.547000000e+01 -3.7848e+00 -1.9120e+00
4278 +1.389928173e-10 +1.389928173e-10 +2.547000000e+01 +2.547000000e+01 -3.7848e+00 -1.9120e+00
4349 +4.799360909e-11 +4.799360909e-11 +2.547000000e+01 +2.547000000e+01 -3.7848e+00 -1.9120e+00
4364 +2.449596082e-11 +2.449596082e-11 +2.547000000e+01 +2.547000000e+01 -3.7848e+00 -1.9120e+00
4444 +7.862155371e-12 +7.862155371e-12 +2.547000000e+01 +2.547000000e+01 -3.7848e+00 -1.9120e+00
4460 +4.277467269e-12 +4.277467269e-12 +2.547000000e+01 +2.547000000e+01 -3.7848e+00 -1.9120e+00
4509 +1.026734253e-12 +1.026734253e-12 +2.547000000e+01 +2.547000000e+01 -3.7848e+00 -1.9120e+00
4564 +1.456612608e-13 +1.456612608e-13 +2.547000000e+01 +2.547000000e+01 -3.7848e+00 -1.9120e+00
4635 +9.947598301e-14 +9.947598301e-14 +2.547000000e+01 +2.547000000e+01 -3.7848e+00 -1.9120e+00
4774 +7.105427358e-15 +7.105427358e-15 +2.547000000e+01 +2.547000000e+01 -3.7848e+00 -1.9120e+00
4844 +3.552713679e-15 +3.552713679e-15 +2.547000000e+01 +2.547000000e+01 -3.7848e+00 -1.9120e+00
% function evaluation | noise-free fitness - Fopt (-1.008100000000e+02) | best noise-free fitness - Fopt | measured fitness | best measured fitness | x1 | x2...
1 +8.289860099e+01 +8.289860099e+01 -1.791139901e+01 -1.791139901e+01 -3.0785e+00 +5.4797e-01
2 +3.637417066e+01 +3.637417066e+01 -6.443582934e+01 -6.443582934e+01 +6.8189e-01 +1.6187e+00
18 +4.262692981e+00 +4.262692981e+00 -9.654730702e+01 -9.654730702e+01 +5.9213e-01 -2.3381e-01
57 +3.453596034e+00 +3.453596034e+00 -9.735640397e+01 -9.735640397e+01 +5.6178e-01 +6.8156e-01
332 +1.240672786e+00 +1.240672786e+00 -9.956932721e+01 -9.956932721e+01 +9.4291e-01 +4.8539e-01
1693 +5.054096043e-01 +5.054096043e-01 -1.003045904e+02 -1.003045904e+02 +9.5531e-01 +4.6140e-01
1877 +3.107806005e-01 +3.107806005e-01 -1.004992194e+02 -1.004992194e+02 +9.8888e-01 +4.7302e-01
2201 +2.516636833e-02 +2.516636833e-02 -1.007848336e+02 -1.007848336e+02 +1.0021e+00 +4.9128e-01
2521 +8.109707923e-03 +8.109707923e-03 -1.008018903e+02 -1.008018903e+02 +9.9530e-01 +4.9117e-01
2677 +3.258947719e-03 +3.258947719e-03 -1.008067411e+02 -1.008067411e+02 +9.9374e-01 +4.9021e-01
2956 +3.926314408e-04 +3.926314408e-04 -1.008096074e+02 -1.008096074e+02 +9.9093e-01 +4.8773e-01
3076 +8.603644973e-05 +8.603644973e-05 -1.008099140e+02 -1.008099140e+02 +9.9164e-01 +4.8764e-01
3361 +5.714334532e-05 +5.714334532e-05 -1.008099429e+02 -1.008099429e+02 +9.9156e-01 +4.8773e-01
3601 +3.689891393e-05 +3.689891393e-05 -1.008099631e+02 -1.008099631e+02 +9.9164e-01 +4.8779e-01
3737 +2.354765613e-06 +2.354765613e-06 -1.008099976e+02 -1.008099976e+02 +9.9210e-01 +4.8804e-01
3872 +5.987605505e-07 +5.987605505e-07 -1.008099994e+02 -1.008099994e+02 +9.9205e-01 +4.8802e-01
3873 +2.396919427e-07 +2.396919427e-07 -1.008099998e+02 -1.008099998e+02 +9.9200e-01 +4.8801e-01
3912 +4.118518859e-09 +4.118518859e-09 -1.008100000e+02 -1.008100000e+02 +9.9200e-01 +4.8800e-01
4032 +3.329759579e-09 +3.329759579e-09 -1.008100000e+02 -1.008100000e+02 +9.9200e-01 +4.8800e-01
4073 +1.525165771e-09 +1.525165771e-09 -1.008100000e+02 -1.008100000e+02 +9.9200e-01 +4.8800e-01
4152 +6.209006642e-10 +6.209006642e-10 -1.008100000e+02 -1.008100000e+02 +9.9200e-01 +4.8800e-01
4204 +3.687290473e-10 +3.687290473e-10 -1.008100000e+02 -1.008100000e+02 +9.9200e-01 +4.8800e-01
4284 +1.577404873e-10 +1.577404873e-10 -1.008100000e+02 -1.008100000e+02 +9.9200e-01 +4.8800e-01
4422 +6.096456673e-11 +6.096456673e-11 -1.008100000e+02 -1.008100000e+02 +9.9200e-01 +4.8800e-01
4521 +2.670219601e-11 +2.670219601e-11 -1.008100000e+02 -1.008100000e+02 +9.9200e-01 +4.8800e-01
4524 +1.878674993e-11 +1.878674993e-11 -1.008100000e+02 -1.008100000e+02 +9.9200e-01 +4.8800e-01
4561 +1.132605121e-11 +1.132605121e-11 -1.008100000e+02 -1.008100000e+02 +9.9200e-01 +4.8800e-01
4604 +8.355982573e-12 +8.355982573e-12 -1.008100000e+02 -1.008100000e+02 +9.9200e-01 +4.8800e-01
4681 +5.059064279e-12 +5.059064279e-12 -1.008100000e+02 -1.008100000e+02 +9.9200e-01 +4.8800e-01
4686 +2.856381798e-12 +2.856381798e-12 -1.008100000e+02 -1.008100000e+02 +9.9200e-01 +4.8800e-01
4721 +2.316369319e-12 +2.316369319e-12 -1.008100000e+02 -1.008100000e+02 +9.9200e-01 +4.8800e-01
4822 +1.392663762e-12 +1.392663762e-12 -1.008100000e+02 -1.008100000e+02 +9.9200e-01 +4.8800e-01
4844 +9.663381206e-13 +9.663381206e-13 -1.008100000e+02 -1.008100000e+02 +9.9200e-01 +4.8800e-01
% function evaluation | noise-free fitness - Fopt (8.333000000000e+01) | best noise-free fitness - Fopt | measured fitness | best measured fitness | x1 | x2...
1 +2.978233573e+02 +2.978233573e+02 +3.811533573e+02 +3.811533573e+02 +4.9073e+00 -3.4235e+00
2 +2.222746000e+02 +2.222746000e+02 +3.056046000e+02 +3.056046000e+02 +2.8641e+00 +1.2669e+00
3 +9.833678145e+01 +9.833678145e+01 +1.816667814e+02 +1.816667814e+02 -4.8235e+00 +4.1572e+00
4 +4.106225922e+01 +4.106225922e+01 +1.243922592e+02 +1.243922592e+02 +1.2960e+00 -1.9498e+00
13 +1.572395920e+01 +1.572395920e+01 +9.905395920e+01 +9.905395920e+01 -1.0824e+00 -2.9065e+00
40 +5.344918464e+00 +5.344918464e+00 +8.867491846e+01 +8.867491846e+01 -2.2606e-01 -2.1061e+00
474 +8.699541759e-01 +8.699541759e-01 +8.419995418e+01 +8.419995418e+01 -9.1116e-03 -2.7845e+00
1433 +2.999712453e-01 +2.999712453e-01 +8.362997125e+01 +8.362997125e+01 +3.3966e-03 -2.8564e+00
1464 +2.594361727e-02 +2.594361727e-02 +8.335594362e+01 +8.335594362e+01 -5.5675e-03 -2.8271e+00
1544 +9.122697645e-03 +9.122697645e-03 +8.333912270e+01 +8.333912270e+01 +3.6978e-03 -2.8368e+00
2265 +5.157789946e-03 +5.157789946e-03 +8.333515779e+01 +8.333515779e+01 +2.8588e-03 -2.8328e+00
2353 +2.810452632e-03 +2.810452632e-03 +8.333281045e+01 +8.333281045e+01 +2.3398e-03 -2.8332e+00
2473 +1.169407768e-03 +1.169407768e-03 +8.333116941e+01 +8.333116941e+01 +1.3080e-03 -2.8321e+00
2542 +3.826917652e-04 +3.826917652e-04 +8.333038269e+01 +8.333038269e+01 +8.2974e-04 -2.8317e+00
2625 +2.024809686e-04 +2.024809686e-04 +8.333020248e+01 +8.333020248e+01 -3.9524e-04 -2.8304e+00
2833 +9.310625147e-05 +9.310625147e-05 +8.333009311e+01 +8.333009311e+01 +4.0009e-04 -2.8310e+00
2905 +4.895923701e-05 +4.895923701e-05 +8.333004896e+01 +8.333004896e+01 +2.0504e-04 -2.8308e+00
2967 +3.219159241e-05 +3.219159241e-05 +8.333003219e+01 +8.333003219e+01 +2.1470e-04 -2.8306e+00
3033 +1.206996190e-05 +1.206996190e-05 +8.333001207e+01 +8.333001207e+01 +1.3736e-04 -2.8306e+00
3225 +8.478304920e-06 +8.478304920e-06 +8.333000848e+01 +8.333000848e+01 +1.0077e-04 -2.8305e+00
3305 +6.166540189e-06 +6.166540189e-06 +8.333000617e+01 +8.333000617e+01 +8.9987e-05 -2.8305e+00
3345 +3.970727704e-06 +3.970727704e-06 +8.333000397e+01 +8.333000397e+01 +7.3141e-05 -2.8305e+00
3485 +9.043843079e-07 +9.043843079e-07 +8.333000090e+01 +8.333000090e+01 -4.2017e-05 -2.8303e+00
3517 +9.979717674e-08 +9.979717674e-08 +8.333000010e+01 +8.333000010e+01 -2.1071e-05 -2.8304e+00
3863 +2.237148067e-08 +2.237148067e-08 +8.333000002e+01 +8.333000002e+01 -1.0685e-05 -2.8304e+00
3885 +6.028500366e-09 +6.028500366e-09 +8.333000001e+01 +8.333000001e+01 -7.9758e-06 -2.8304e+00
3925 +1.124277560e-09 +1.124277560e-09 +8.333000000e+01 +8.333000000e+01 -8.6842e-06 -2.8304e+00
3965 +8.117382322e-10 +8.117382322e-10 +8.333000000e+01 +8.333000000e+01 -8.8702e-06 -2.8304e+00
4359 +2.055315917e-10 +2.055315917e-10 +8.333000000e+01 +8.333000000e+01 -9.4096e-06 -2.8304e+00
4399 +1.031281727e-10 +1.031281727e-10 +8.333000000e+01 +8.333000000e+01 -9.5975e-06 -2.8304e+00
4416 +1.526245796e-11 +1.526245796e-11 +8.333000000e+01 +8.333000000e+01 -9.8462e-06 -2.8304e+00
4622 +3.623767952e-12 +3.623767952e-12 +8.333000000e+01 +8.333000000e+01 -9.9990e-06 -2.8304e+00
4645 +7.247535905e-13 +7.247535905e-13 +8.333000000e+01 +8.333000000e+01 -1.0028e-05 -2.8304e+00
4725 +9.947598301e-14 +9.947598301e-14 +8.333000000e+01 +8.333000000e+01 -1.0005e-05 -2.8304e+00
4765 +4.263256415e-14 +4.263256415e-14 +8.333000000e+01 +8.333000000e+01 -9.9989e-06 -2.8304e+00
4824 +0.000000000e+00 +0.000000000e+00 +8.333000000e+01 +8.333000000e+01 -9.9996e-06 -2.8304e+00
% function evaluation | noise-free fitness - Fopt (2.085600000000e+02) | best noise-free fitness - Fopt | measured fitness | best measured fitness | x1 | x2...
1 +1.094718921e+03 +1.094718921e+03 +1.303278921e+03 +1.303278921e+03 +9.2068e-01 -3.7753e+00
2 +1.740436461e+02 +1.740436461e+02 +3.826036461e+02 +3.826036461e+02 -3.7450e+00 +4.3567e+00
3 +4.965784632e+01 +4.965784632e+01 +2.582178463e+02 +2.582178463e+02 +1.3289e-01 +4.0997e+00
4 +3.171776226e+01 +3.171776226e+01 +2.402777623e+02 +2.402777623e+02 +4.0377e-01 +4.1484e+00
15 +1.950480111e+01 +1.950480111e+01 +2.280648011e+02 +2.280648011e+02 +4.7714e-02 +3.2768e+00
22 +6.108661352e+00 +6.108661352e+00 +2.146686614e+02 +2.146686614e+02 +7.8354e-01 +3.4928e+00
362 +2.868837443e+00 +2.868837443e+00 +2.114288374e+02 +2.114288374e+02 +2.8918e+00 +3.7732e+00
505 +2.218178856e+00 +2.218178856e+00 +2.107781789e+02 +2.107781789e+02 +2.3558e+00 +3.1859e+00
952 +1.360935060e+00 +1.360935060e+00 +2.099209351e+02 +2.099209351e+02 +2.9692e+00 +3.7671e+00
1284 +7.405430205e-01 +7.405430205e-01 +2.093005430e+02 +2.093005430e+02 +2.2395e+00 +3.7065e+00
1421 +2.142417172e-01 +2.142417172e-01 +2.087742417e+02 +2.087742417e+02 +2.1651e+00 +3.6548e+00
1764 +1.019878048e-01 +1.019878048e-01 +2.086619878e+02 +2.086619878e+02 +2.2005e+00 +3.6848e+00
2124 +2.917163098e-02 +2.917163098e-02 +2.085891716e+02 +2.085891716e+02 +2.1947e+00 +3.6750e+00
2364 +1.571007688e-02 +1.571007688e-02 +2.085757101e+02 +2.085757101e+02 +2.1833e+00 +3.6681e+00
2463 +9.963017612e-03 +9.963017612e-03 +2.085699630e+02 +2.085699630e+02 +2.1788e+00 +3.6681e+00
2684 +3.382036853e-03 +3.382036853e-03 +2.085633820e+02 +2.085633820e+02 +2.1857e+00 +3.6708e+00
2770 +1.594978399e-03 +1.594978399e-03 +2.085615950e+02 +2.085615950e+02 +2.1825e+00 +3.6713e+00
2903 +6.392721343e-05 +6.392721343e-05 +2.085600639e+02 +2.085600639e+02 +2.1843e+00 +3.6719e+00
3004 +2.952512176e-06 +2.952512176e-06 +2.085600030e+02 +2.085600030e+02 +2.1847e+00 +3.6719e+00
3204 +2.091724156e-06 +2.091724156e-06 +2.085600021e+02 +2.085600021e+02 +2.1847e+00 +3.6719e+00
3364 +1.531080528e-06 +1.531080528e-06 +2.085600015e+02 +2.085600015e+02 +2.1847e+00 +3.6720e+00
3484 +7.037720025e-07 +7.037720025e-07 +2.085600007e+02 +2.085600007e+02 +2.1847e+00 +3.6720e+00
3522 +2.848304064e-07 +2.848304064e-07 +2.085600003e+02 +2.085600003e+02 +2.1848e+00 +3.6720e+00
3562 +4.096997941e-08 +4.096997941e-08 +2.085600000e+02 +2.085600000e+02 +2.1848e+00 +3.6720e+00
3754 +2.754009643e-08 +2.754009643e-08 +2.085600000e+02 +2.085600000e+02 +2.1848e+00 +3.6720e+00
3783 +2.134629540e-08 +2.134629540e-08 +2.085600000e+02 +2.085600000e+02 +2.1848e+00 +3.6720e+00
3804 +6.891298199e-09 +6.891298199e-09 +2.085600000e+02 +2.085600000e+02 +2.1848e+00 +3.6720e+00
3823 +5.615163445e-09 +5.615163445e-09 +2.085600000e+02 +2.085600000e+02 +2.1848e+00 +3.6720e+00
3914 +1.671139671e-09 +1.671139671e-09 +2.085600000e+02 +2.085600000e+02 +2.1848e+00 +3.6720e+00
3924 +1.193058097e-09 +1.193058097e-09 +2.085600000e+02 +2.085600000e+02 +2.1848e+00 +3.6720e+00
3964 +9.409859558e-10 +9.409859558e-10 +2.085600000e+02 +2.085600000e+02 +2.1848e+00 +3.6720e+00
4018 +6.099298844e-11 +6.099298844e-11 +2.085600000e+02 +2.085600000e+02 +2.1848e+00 +3.6720e+00
4058 +6.480149750e-12 +6.480149750e-12 +2.085600000e+02 +2.085600000e+02 +2.1848e+00 +3.6720e+00
4138 +0.000000000e+00 +0.000000000e+00 +2.085600000e+02 +2.085600000e+02 +2.1848e+00 +3.6720e+00
% function evaluation | noise-free fitness - Fopt (-1.345800000000e+02) | best noise-free fitness - Fopt | measured fitness | best measured fitness | x1 | x2...
1 +1.766585516e+03 +1.766585516e+03 +1.632005516e+03 +1.632005516e+03 +2.3816e+00 +3.1596e+00
2 +6.676410235e+02 +6.676410235e+02 +5.330610235e+02 +5.330610235e+02 +1.9425e+00 +1.5212e+00
3 +7.296868849e+01 +7.296868849e+01 -6.161131151e+01 -6.161131151e+01 +4.6950e-01 -1.2443e+00
5 +5.101909213e+01 +5.101909213e+01 -8.356090787e+01 -8.356090787e+01 -4.7693e+00 +9.3358e-01
8 +1.095646285e+01 +1.095646285e+01 -1.236235371e+02 -1.236235371e+02 -4.1921e+00 +1.4583e+00
69 +9.665673333e+00 +9.665673333e+00 -1.249143267e+02 -1.249143267e+02 -2.5779e+00 +3.6948e-01
215 +4.618038226e+00 +4.618038226e+00 -1.299619618e+02 -1.299619618e+02 -4.3164e+00 +1.4881e+00
304 +2.823735548e+00 +2.823735548e+00 -1.317562645e+02 -1.317562645e+02 -3.2935e+00 +1.4180e+00
769 +2.463100237e+00 +2.463100237e+00 -1.321168998e+02 -1.321168998e+02 -3.7496e+00 +1.1282e+00
1130 +1.173956416e+00 +1.173956416e+00 -1.334060436e+02 -1.334060436e+02 -3.6658e+00 +1.0305e+00
2722 +9.986217862e-01 +9.986217862e-01 -1.335813782e+02 -1.335813782e+02 -3.6591e+00 +1.0367e+00
% function evaluation | noise-free fitness - Fopt (1.205900000000e+02) | best noise-free fitness - Fopt | measured fitness | best measured fitness | x1 | x2...
1 +2.129777058e+02 +2.129777058e+02 +3.335677058e+02 +3.335677058e+02 +1.3099e+00 +4.8535e+00
2 +4.871111280e+01 +4.871111280e+01 +1.693011128e+02 +1.693011128e+02 -2.6772e+00 +4.7605e+00
3 +2.428251741e+01 +2.428251741e+01 +1.448725174e+02 +1.448725174e+02 +1.2503e-01 -2.1969e+00
19 +1.544538504e+01 +1.544538504e+01 +1.360353850e+02 +1.360353850e+02 -2.2272e+00 +2.6504e+00
66 +5.651908520e+00 +5.651908520e+00 +1.262419085e+02 +1.262419085e+02 -2.1661e+00 +9.1534e-01
70 +1.701545576e+00 +1.701545576e+00 +1.222915456e+02 +1.222915456e+02 -3.1298e-01 -3.5615e-01
560 +1.260223510e-02 +1.260223510e-02 +1.206026022e+02 +1.206026022e+02 -9.4911e-01 +1.2281e-01
2219 +5.202906605e-03 +5.202906605e-03 +1.205952029e+02 +1.205952029e+02 -9.5500e-01 +1.2570e-01
2379 +2.083107617e-03 +2.083107617e-03 +1.205920831e+02 +1.205920831e+02 -9.5400e-01 +1.2521e-01
2539 +1.494854986e-03 +1.494854986e-03 +1.205914949e+02 +1.205914949e+02 -9.5379e-01 +1.2437e-01
2930 +7.122080175e-04 +7.122080175e-04 +1.205907122e+02 +1.205907122e+02 -9.5321e-01 +1.2371e-01
2970 +4.354163334e-04 +4.354163334e-04 +1.205904354e+02 +1.205904354e+02 -9.5284e-01 +1.2305e-01
3010 +3.335987227e-04 +3.335987227e-04 +1.205903336e+02 +1.205903336e+02 -9.5269e-01 +1.2277e-01
3059 +1.739425117e-04 +1.739425117e-04 +1.205901739e+02 +1.205901739e+02 -9.5260e-01 +1.2302e-01
3099 +1.393728495e-04 +1.393728495e-04 +1.205901394e+02 +1.205901394e+02 -9.5254e-01 +1.2290e-01
3135 +6.377001066e-05 +6.377001066e-05 +1.205900638e+02 +1.205900638e+02 -9.5232e-01 +1.2287e-01
3179 +5.452281287e-05 +5.452281287e-05 +1.205900545e+02 +1.205900545e+02 -9.5227e-01 +1.2284e-01
3233 +9.889728858e-07 +9.889728858e-07 +1.205900010e+02 +1.205900010e+02 -9.5197e-01 +1.2234e-01
3530 +2.071421363e-07 +2.071421363e-07 +1.205900002e+02 +1.205900002e+02 -9.5202e-01 +1.2243e-01
3650 +3.993420705e-09 +3.993420705e-09 +1.205900000e+02 +1.205900000e+02 -9.5200e-01 +1.2240e-01
3890 +1.642135317e-09 +1.642135317e-09 +1.205900000e+02 +1.205900000e+02 -9.5200e-01 +1.2240e-01
3970 +1.175848752e-09 +1.175848752e-09 +1.205900000e+02 +1.205900000e+02 -9.5200e-01 +1.2240e-01
4010 +4.570779311e-10 +4.570779311e-10 +1.205900000e+02 +1.205900000e+02 -9.5200e-01 +1.2240e-01
4050 +3.965681117e-10 +3.965681117e-10 +1.205900000e+02 +1.205900000e+02 -9.5200e-01 +1.2240e-01
4099 +2.168007995e-10 +2.168007995e-10 +1.205900000e+02 +1.205900000e+02 -9.5200e-01 +1.2240e-01
4129 +1.122941740e-10 +1.122941740e-10 +1.205900000e+02 +1.205900000e+02 -9.5200e-01 +1.2240e-01
4179 +6.798472896e-11 +6.798472896e-11 +1.205900000e+02 +1.205900000e+02 -9.5200e-01 +1.2240e-01
4417 +6.114930784e-11 +6.114930784e-11 +1.205900000e+02 +1.205900000e+02 -9.5200e-01 +1.2240e-01
4449 +3.072386789e-11 +3.072386789e-11 +1.205900000e+02 +1.205900000e+02 -9.5200e-01 +1.2240e-01
4490 +1.176658770e-11 +1.176658770e-11 +1.205900000e+02 +1.205900000e+02 -9.5200e-01 +1.2240e-01
4553 +7.645439837e-12 +7.645439837e-12 +1.205900000e+02 +1.205900000e+02 -9.5200e-01 +1.2240e-01
4593 +5.996980690e-12 +5.996980690e-12 +1.205900000e+02 +1.205900000e+02 -9.5200e-01 +1.2240e-01
4635 +1.506350600e-12 +1.506350600e-12 +1.205900000e+02 +1.205900000e+02 -9.5200e-01 +1.2240e-01
4675 +5.826450433e-13 +5.826450433e-13 +1.205900000e+02 +1.205900000e+02 -9.5200e-01 +1.2240e-01
4873 +3.979039320e-13 +3.979039320e-13 +1.205900000e+02 +1.205900000e+02 -9.5200e-01 +1.2240e-01
% function evaluation | noise-free fitness - Fopt (1.000000000000e+03) | best noise-free fitness - Fopt | measured fitness | best measured fitness | x1 | x2...
1 +4.530648716e+02 +4.530648716e+02 +1.453064872e+03 +1.453064872e+03 +3.1896e+00 +4.5274e+00
3 +3.450164093e+01 +3.450164093e+01 +1.034501641e+03 +1.034501641e+03 -1.4602e+00 +1.1519e+00
37 +2.500759227e+01 +2.500759227e+01 +1.025007592e+03 +1.025007592e+03 -1.9933e+00 -1.2068e+00
48 +1.256240052e+01 +1.256240052e+01 +1.012562401e+03 +1.012562401e+03 -1.5921e+00 -2.6573e+00
65 +7.171580880e+00 +7.171580880e+00 +1.007171581e+03 +1.007171581e+03 -2.6544e+00 -1.9731e+00
117 +3.481323988e+00 +3.481323988e+00 +1.003481324e+03 +1.003481324e+03 -2.7218e+00 -2.9358e+00
541 +2.011550872e+00 +2.011550872e+00 +1.002011551e+03 +1.002011551e+03 -2.5370e+00 -1.1598e+00
1174 +3.793468335e-01 +3.793468335e-01 +1.000379347e+03 +1.000379347e+03 -2.5971e+00 -2.1217e+00
1655 +1.331446783e-01 +1.331446783e-01 +1.000133145e+03 +1.000133145e+03 -2.5956e+00 -2.1879e+00
1922 +3.561349840e-02 +3.561349840e-02 +1.000035613e+03 +1.000035613e+03 -2.5985e+00 -2.1698e+00
2091 +6.883051658e-03 +6.883051658e-03 +1.000006883e+03 +1.000006883e+03 -2.5953e+00 -2.1684e+00
2484 +1.905463892e-03 +1.905463892e-03 +1.000001905e+03 +1.000001905e+03 -2.5963e+00 -2.1618e+00
2695 +1.156884940e-03 +1.156884940e-03 +1.000001157e+03 +1.000001157e+03 -2.5944e+00 -2.1638e+00
2724 +5.908684913e-04 +5.908684913e-04 +1.000000591e+03 +1.000000591e+03 -2.5958e+00 -2.1627e+00
2764 +8.625852286e-05 +8.625852286e-05 +1.000000086e+03 +1.000000086e+03 -2.5952e+00 -2.1627e+00
3038 +4.461331275e-05 +4.461331275e-05 +1.000000045e+03 +1.000000045e+03 -2.5953e+00 -2.1635e+00
3044 +3.632542007e-05 +3.632542007e-05 +1.000000036e+03 +1.000000036e+03 -2.5953e+00 -2.1629e+00
3078 +2.144243956e-05 +2.144243956e-05 +1.000000021e+03 +1.000000021e+03 -2.5953e+00 -2.1634e+00
3214 +6.284580081e-06 +6.284580081e-06 +1.000000006e+03 +1.000000006e+03 -2.5952e+00 -2.1631e+00
3278 +1.563366823e-06 +1.563366823e-06 +1.000000002e+03 +1.000000002e+03 -2.5952e+00 -2.1632e+00
3318 +5.753107644e-07 +5.753107644e-07 +1.000000001e+03 +1.000000001e+03 -2.5952e+00 -2.1631e+00
3398 +2.242517212e-07 +2.242517212e-07 +1.000000000e+03 +1.000000000e+03 -2.5952e+00 -2.1632e+00
3478 +1.417470230e-08 +1.417470230e-08 +1.000000000e+03 +1.000000000e+03 -2.5952e+00 -2.1632e+00
3518 +4.920366337e-10 +4.920366337e-10 +1.000000000e+03 +1.000000000e+03 -2.5952e+00 -2.1632e+00
3822 +3.615241440e-11 +3.615241440e-11 +1.000000000e+03 +1.000000000e+03 -2.5952e+00 -2.1632e+00
3942 +1.182343112e-11 +1.182343112e-11 +1.000000000e+03 +1.000000000e+03 -2.5952e+00 -2.1632e+00
4004 +3.979039320e-12 +3.979039320e-12 +1.000000000e+03 +1.000000000e+03 -2.5952e+00 -2.1632e+00
4158 +2.387423592e-12 +2.387423592e-12 +1.000000000e+03 +1.000000000e+03 -2.5952e+00 -2.1632e+00
4255 +0.000000000e+00 +0.000000000e+00 +1.000000000e+03 +1.000000000e+03 -2.5952e+00 -2.1632e+00
% function evaluation | noise-free fitness - Fopt (-9.166000000000e+01) | best noise-free fitness - Fopt | measured fitness | best measured fitness | x1 | x2...
1 +6.615277524e+02 +6.615277524e+02 +5.698677524e+02 +5.698677524e+02 +2.5668e+00 +6.0663e-01
2 +5.008681061e+01 +5.008681061e+01 -4.157318939e+01 -4.157318939e+01 -1.5144e+00 -4.1839e+00
6 +2.205843435e+01 +2.205843435e+01 -6.960156565e+01 -6.960156565e+01 +4.5031e-01 -3.3314e+00
64 +1.371185998e+01 +1.371185998e+01 -7.794814002e+01 -7.794814002e+01 +6.6779e-01 -4.6518e+00
111 +9.868048466e+00 +9.868048466e+00 -8.179195153e+01 -8.179195153e+01 +1.0765e+00 -5.0000e+00
162 +9.742110688e-01 +9.742110688e-01 -9.068578893e+01 -9.068578893e+01 +0.0000e+00 -3.5698e+00
641 +1.633878530e-02 +1.633878530e-02 -9.164366121e+01 -9.164366121e+01 +0.0000e+00 -3.5979e+00
1563 +1.030756743e-02 +1.030756743e-02 -9.164969243e+01 -9.164969243e+01 -8.1874e-04 -3.6015e+00
1783 +8.550121152e-03 +8.550121152e-03 -9.165144988e+01 -9.165144988e+01 -4.6258e-05 -3.6010e+00
2259 +1.819492777e-03 +1.819492777e-03 -9.165818051e+01 -9.165818051e+01 -4.6531e-03 -3.5957e+00
2300 +2.795711284e-04 +2.795711284e-04 -9.165972043e+01 -9.165972043e+01 -4.0652e-03 -3.5970e+00
2500 +2.498507029e-04 +2.498507029e-04 -9.165975015e+01 -9.165975015e+01 -5.6937e-03 -3.5961e+00
2940 +1.521431034e-04 +1.521431034e-04 -9.165984786e+01 -9.165984786e+01 -5.4476e-03 -3.5962e+00
2956 +5.008136407e-05 +5.008136407e-05 -9.165994992e+01 -9.165994992e+01 -4.5670e-03 -3.5968e+00
2983 +2.289302195e-05 +2.289302195e-05 -9.165997711e+01 -9.165997711e+01 -4.8232e-03 -3.5969e+00
3103 +5.242089586e-06 +5.242089586e-06 -9.165999476e+01 -9.165999476e+01 -4.8585e-03 -3.5968e+00
3143 +5.738002073e-07 +5.738002073e-07 -9.165999943e+01 -9.165999943e+01 -4.8174e-03 -3.5968e+00
3223 +2.966549317e-07 +2.966549317e-07 -9.165999970e+01 -9.165999970e+01 -4.8162e-03 -3.5968e+00
3260 +2.256849001e-07 +2.256849001e-07 -9.165999977e+01 -9.165999977e+01 -4.7946e-03 -3.5968e+00
3303 +1.732149713e-08 +1.732149713e-08 -9.165999998e+01 -9.165999998e+01 -4.7936e-03 -3.5968e+00
3573 +7.663658153e-09 +7.663658153e-09 -9.165999999e+01 -9.165999999e+01 -4.7950e-03 -3.5968e+00
3717 +4.549733035e-09 +4.549733035e-09 -9.166000000e+01 -9.166000000e+01 -4.8012e-03 -3.5968e+00
3733 +2.794649845e-09 +2.794649845e-09 -9.166000000e+01 -9.166000000e+01 -4.8026e-03 -3.5968e+00
3813 +2.336832949e-10 +2.336832949e-10 -9.166000000e+01 -9.166000000e+01 -4.8006e-03 -3.5968e+00
3853 +1.270166194e-10 +1.270166194e-10 -9.166000000e+01 -9.166000000e+01 -4.7995e-03 -3.5968e+00
4053 +8.019185316e-11 +8.019185316e-11 -9.166000000e+01 -9.166000000e+01 -4.7995e-03 -3.5968e+00
4139 +6.103562100e-11 +6.103562100e-11 -9.166000000e+01 -9.166000000e+01 -4.7996e-03 -3.5968e+00
4237 +2.287947609e-11 +2.287947609e-11 -9.166000000e+01 -9.166000000e+01 -4.7999e-03 -3.5968e+00
4253 +3.339550858e-12 +3.339550858e-12 -9.166000000e+01 -9.166000000e+01 -4.7999e-03 -3.5968e+00
4293 +3.126388037e-13 +3.126388037e-13 -9.166000000e+01 -9.166000000e+01 -4.8000e-03 -3.5968e+00
4373 +9.947598301e-14 +9.947598301e-14 -9.166000000e+01 -9.166000000e+01 -4.8000e-03 -3.5968e+00
4517 +2.842170943e-14 +2.842170943e-14 -9.166000000e+01 -9.166000000e+01 -4.8000e-03 -3.5968e+00
4573 +1.421085472e-14 +1.421085472e-14 -9.166000000e+01 -9.166000000e+01 -4.8000e-03 -3.5968e+00
4744 +0.000000000e+00 +0.000000000e+00 -9.166000000e+01 -9.166000000e+01 -4.8000e-03 -3.5968e+00
% function evaluation | noise-free fitness - Fopt (5.961500000000e+02) | best noise-free fitness - Fopt | measured fitness | best measured fitness | x1 | x2...
1 +1.049651735e+03 +1.049651735e+03 +1.645801735e+03 +1.645801735e+03 +2.1371e+00 -4.8204e+00
2 +6.258867517e+01 +6.258867517e+01 +6.587386752e+02 +6.587386752e+02 -4.9609e+00 -4.4024e+00
4 +1.577030835e+01 +1.577030835e+01 +6.119203083e+02 +6.119203083e+02 -2.1055e+00 +1.1305e+00
246 +4.671944362e+00 +4.671944362e+00 +6.008219444e+02 +6.008219444e+02 -2.7888e+00 -1.2902e+00
380 +7.753793219e-01 +7.753793219e-01 +5.969253793e+02 +5.969253793e+02 -3.0091e+00 -9.9535e-01
745 +2.571427857e-01 +2.571427857e-01 +5.964071428e+02 +5.964071428e+02 -3.0516e+00 -1.0355e+00
825 +1.903250575e-01 +1.903250575e-01 +5.963403251e+02 +5.963403251e+02 -3.0764e+00 -1.0314e+00
985 +7.197394237e-02 +7.197394237e-02 +5.962219739e+02 +5.962219739e+02 -3.0694e+00 -1.0389e+00
1625 +5.979403754e-02 +5.979403754e-02 +5.962097940e+02 +5.962097940e+02 -3.0701e+00 -1.0379e+00
1893 +1.740741181e-04 +1.740741181e-04 +5.961501741e+02 +5.961501741e+02 -3.0591e+00 -1.0260e+00
2840 +1.402823393e-04 +1.402823393e-04 +5.961501403e+02 +5.961501403e+02 -3.0590e+00 -1.0262e+00
2972 +3.059084065e-06 +3.059084065e-06 +5.961500031e+02 +5.961500031e+02 -3.0585e+00 -1.0257e+00
3320 +1.614487701e-06 +1.614487701e-06 +5.961500016e+02 +5.961500016e+02 -3.0584e+00 -1.0256e+00
3480 +5.377670504e-07 +5.377670504e-07 +5.961500005e+02 +5.961500005e+02 -3.0584e+00 -1.0256e+00
3520 +2.757036555e-07 +2.757036555e-07 +5.961500003e+02 +5.961500003e+02 -3.0584e+00 -1.0256e+00
3560 +2.427086656e-07 +2.427086656e-07 +5.961500002e+02 +5.961500002e+02 -3.0584e+00 -1.0256e+00
3653 +1.290885621e-07 +1.290885621e-07 +5.961500001e+02 +5.961500001e+02 -3.0584e+00 -1.0256e+00
3693 +9.834843695e-08 +9.834843695e-08 +5.961500001e+02 +5.961500001e+02 -3.0584e+00 -1.0256e+00
3760 +3.837806162e-08 +3.837806162e-08 +5.961500000e+02 +5.961500000e+02 -3.0584e+00 -1.0256e+00
3800 +1.947285000e-08 +1.947285000e-08 +5.961500000e+02 +5.961500000e+02 -3.0584e+00 -1.0256e+00
3813 +1.250543846e-08 +1.250543846e-08 +5.961500000e+02 +5.961500000e+02 -3.0584e+00 -1.0256e+00
3853 +8.402253115e-09 +8.402253115e-09 +5.961500000e+02 +5.961500000e+02 -3.0584e+00 -1.0256e+00
3902 +3.363311407e-09 +3.363311407e-09 +5.961500000e+02 +5.961500000e+02 -3.0584e+00 -1.0256e+00
4004 +1.603439159e-09 +1.603439159e-09 +5.961500000e+02 +5.961500000e+02 -3.0584e+00 -1.0256e+00
4013 +4.646381058e-10 +4.646381058e-10 +5.961500000e+02 +5.961500000e+02 -3.0584e+00 -1.0256e+00
4236 +3.012701200e-11 +3.012701200e-11 +5.961500000e+02 +5.961500000e+02 -3.0584e+00 -1.0256e+00
4319 +1.932676241e-11 +1.932676241e-11 +5.961500000e+02 +5.961500000e+02 -3.0584e+00 -1.0256e+00
4516 +3.296918294e-12 +3.296918294e-12 +5.961500000e+02 +5.961500000e+02 -3.0584e+00 -1.0256e+00
4590 +1.932676241e-12 +1.932676241e-12 +5.961500000e+02 +5.961500000e+02 -3.0584e+00 -1.0256e+00
4596 +1.023181539e-12 +1.023181539e-12 +5.961500000e+02 +5.961500000e+02 -3.0584e+00 -1.0256e+00
4609 +9.094947018e-13 +9.094947018e-13 +5.961500000e+02 +5.961500000e+02 -3.0584e+00 -1.0256e+00
4676 +5.684341886e-13 +5.684341886e-13 +5.961500000e+02 +5.961500000e+02 -3.0584e+00 -1.0256e+00
4802 +3.410605132e-13 +3.410605132e-13 +5.961500000e+02 +5.961500000e+02 -3.0584e+00 -1.0256e+00
4916 +2.273736754e-13 +2.273736754e-13 +5.961500000e+02 +5.961500000e+02 -3.0584e+00 -1.0256e+00
4929 +1.136868377e-13 +1.136868377e-13 +5.961500000e+02 +5.961500000e+02 -3.0584e+00 -1.0256e+00
4963 +0.000000000e+00 +0.000000000e+00 +5.961500000e+02 +5.961500000e+02 -3.0584e+00 -1.0256e+00
% function evaluation | noise-free fitness - Fopt (1.325100000000e+02) | best noise-free fitness - Fopt | measured fitness | best measured fitness | x1 | x2...
1 +6.914539182e+01 +6.914539182e+01 +2.016553918e+02 +2.016553918e+02 -3.2749e+00 +2.6740e+00
2 +3.957431296e+01 +3.957431296e+01 +1.720843130e+02 +1.720843130e+02 -1.0836e+00 +8.5778e-01
10 +1.640938648e+01 +1.640938648e+01 +1.489193865e+02 +1.489193865e+02 +3.6251e-01 +1.9521e+00
18 +8.206639846e+00 +8.206639846e+00 +1.407166398e+02 +1.407166398e+02 +3.8209e+00 +4.2167e+00
197 +5.582471766e+00 +5.582471766e+00 +1.380924718e+02 +1.380924718e+02 +0.0000e+00 +2.6736e+00
432 +3.593731281e+00 +3.593731281e+00 +1.361037313e+02 +1.361037313e+02 +2.2205e+00 +2.7895e+00
917 +2.498685473e+00 +2.498685473e+00 +1.350086855e+02 +1.350086855e+02 +1.5123e+00 +3.0260e+00
1478 +5.124512435e-01 +5.124512435e-01 +1.330224512e+02 +1.330224512e+02 +1.6266e+00 +3.0589e+00
1520 +2.584828414e-01 +2.584828414e-01 +1.327684828e+02 +1.327684828e+02 +1.6262e+00 +3.0324e+00
1553 +2.443926385e-01 +2.443926385e-01 +1.327543926e+02 +1.327543926e+02 +1.6336e+00 +3.0396e+00
1678 +1.492700408e-01 +1.492700408e-01 +1.326592700e+02 +1.326592700e+02 +1.5899e+00 +3.0234e+00
2187 +6.394305938e-02 +6.394305938e-02 +1.325739431e+02 +1.325739431e+02 +1.6029e+00 +3.0289e+00
2278 +6.945051039e-03 +6.945051039e-03 +1.325169451e+02 +1.325169451e+02 +1.6031e+00 +3.0374e+00
2478 +5.258095884e-03 +5.258095884e-03 +1.325152581e+02 +1.325152581e+02 +1.6029e+00 +3.0346e+00
2558 +3.639283465e-03 +3.639283465e-03 +1.325136393e+02 +1.325136393e+02 +1.6029e+00 +3.0351e+00
2587 +1.487172033e-03 +1.487172033e-03 +1.325114872e+02 +1.325114872e+02 +1.6063e+00 +3.0377e+00
2667 +8.692161842e-04 +8.692161842e-04 +1.325108692e+02 +1.325108692e+02 +1.6064e+00 +3.0375e+00
2747 +5.234672946e-04 +5.234672946e-04 +1.325105235e+02 +1.325105235e+02 +1.6074e+00 +3.0376e+00
2758 +3.876580332e-04 +3.876580332e-04 +1.325103877e+02 +1.325103877e+02 +1.6057e+00 +3.0369e+00
2787 +1.248192118e-04 +1.248192118e-04 +1.325101248e+02 +1.325101248e+02 +1.6071e+00 +3.0371e+00
2827 +8.766006559e-05 +8.766006559e-05 +1.325100877e+02 +1.325100877e+02 +1.6070e+00 +3.0369e+00
2947 +6.256268995e-05 +6.256268995e-05 +1.325100626e+02 +1.325100626e+02 +1.6069e+00 +3.0370e+00
2979 +1.276747093e-05 +1.276747093e-05 +1.325100128e+02 +1.325100128e+02 +1.6066e+00 +3.0368e+00
3096 +3.663210464e-07 +3.663210464e-07 +1.325100004e+02 +1.325100004e+02 +1.6064e+00 +3.0368e+00
3499 +1.846352404e-07 +1.846352404e-07 +1.325100002e+02 +1.325100002e+02 +1.6064e+00 +3.0368e+00
3547 +6.028827215e-08 +6.028827215e-08 +1.325100001e+02 +1.325100001e+02 +1.6064e+00 +3.0368e+00
3667 +3.353949296e-08 +3.353949296e-08 +1.325100000e+02 +1.325100000e+02 +1.6064e+00 +3.0368e+00
3827 +2.308703984e-08 +2.308703984e-08 +1.325100000e+02 +1.325100000e+02 +1.6064e+00 +3.0368e+00
3961 +1.690096951e-09 +1.690096951e-09 +1.325100000e+02 +1.325100000e+02 +1.6064e+00 +3.0368e+00
4083 +1.490434443e-10 +1.490434443e-10 +1.325100000e+02 +1.325100000e+02 +1.6064e+00 +3.0368e+00
4293 +5.991296348e-11 +5.991296348e-11 +1.325100000e+02 +1.325100000e+02 +1.6064e+00 +3.0368e+00
4300 +2.467004379e-11 +2.467004379e-11 +1.325100000e+02 +1.325100000e+02 +1.6064e+00 +3.0368e+00
4441 +5.826450433e-12 +5.826450433e-12 +1.325100000e+02 +1.325100000e+02 +1.6064e+00 +3.0368e+00
4562 +3.353761713e-12 +3.353761713e-12 +1.325100000e+02 +1.325100000e+02 +1.6064e+00 +3.0368e+00
4582 +2.359001883e-12 +2.359001883e-12 +1.325100000e+02 +1.325100000e+02 +1.6064e+00 +3.0368e+00
4660 +2.842170943e-14 +2.842170943e-14 +1.325100000e+02 +1.325100000e+02 +1.6064e+00 +3.0368e+00
4780 +0.000000000e+00 +0.000000000e+00 +1.325100000e+02 +1.325100000e+02 +1.6064e+00 +3.0368e+00
% function evaluation | noise-free fitness - Fopt (-2.401800000000e+02) | best noise-free fitness - Fopt | measured fitness | best measured fitness | x1 | x2...
1 +4.600894763e+02 +4.600894763e+02 +2.199094763e+02 +2.199094763e+02 -9.1912e-01 -4.9485e+00
2 +2.026437112e+02 +2.026437112e+02 -3.753628877e+01 -3.753628877e+01 -1.1458e+00 -1.1392e+00
4 +6.894913669e+01 +6.894913669e+01 -1.712308633e+02 -1.712308633e+02 -4.9816e+00 -2.6317e+00
7 +1.845487921e+01 +1.845487921e+01 -2.217251208e+02 -2.217251208e+02 -3.3781e+00 +1.2931e+00
25 +1.325903654e+01 +1.325903654e+01 -2.269209635e+02 -2.269209635e+02 -1.3738e+00 +4.4022e+00
54 +7.354245205e+00 +7.354245205e+00 -2.328257548e+02 -2.328257548e+02 -2.0254e+00 +3.1527e+00
240 +6.176686828e+00 +6.176686828e+00 -2.340033132e+02 -2.340033132e+02 -2.5213e+00 +2.7650e+00
423 +3.625222024e+00 +3.625222024e+00 -2.365547780e+02 -2.365547780e+02 -3.3563e+00 +2.9178e+00
868 +2.493154054e+00 +2.493154054e+00 -2.376868459e+02 -2.376868459e+02 -4.0559e+00 +1.9151e+00
981 +1.013052274e+00 +1.013052274e+00 -2.391669477e+02 -2.391669477e+02 -2.6385e+00 +3.1799e+00
2417 +9.970919337e-01 +9.970919337e-01 -2.391829081e+02 -2.391829081e+02 -2.6424e+00 +3.1783e+00
2908 +3.680816179e-01 +3.680816179e-01 -2.398119184e+02 -2.398119184e+02 -3.3265e+00 +2.5000e+00
2980 +6.015873853e-02 +6.015873853e-02 -2.401198413e+02 -2.401198413e+02 -3.3406e+00 +2.5000e+00
3563 +1.796701464e-02 +1.796701464e-02 -2.401620330e+02 -2.401620330e+02 -3.3388e+00 +2.5108e+00
3603 +3.140723511e-03 +3.140723511e-03 -2.401768593e+02 -2.401768593e+02 -3.3337e+00 +2.5109e+00
3614 +1.529399874e-03 +1.529399874e-03 -2.401784706e+02 -2.401784706e+02 -3.3351e+00 +2.5106e+00
3632 +2.253046084e-04 +2.253046084e-04 -2.401797747e+02 -2.401797747e+02 -3.3336e+00 +2.5123e+00
3871 +4.430939165e-05 +4.430939165e-05 -2.401799557e+02 -2.401799557e+02 -3.3339e+00 +2.5126e+00
3912 +5.621083289e-06 +5.621083289e-06 -2.401799944e+02 -2.401799944e+02 -3.3337e+00 +2.5128e+00
4042 +2.531650210e-06 +2.531650210e-06 -2.401799975e+02 -2.401799975e+02 -3.3336e+00 +2.5129e+00
4063 +7.042857249e-07 +7.042857249e-07 -2.401799993e+02 -2.401799993e+02 -3.3336e+00 +2.5128e+00
4252 +3.384531340e-07 +3.384531340e-07 -2.401799997e+02 -2.401799997e+02 -3.3336e+00 +2.5128e+00
4268 +2.364147917e-07 +2.364147917e-07 -2.401799998e+02 -2.401799998e+02 -3.3336e+00 +2.5128e+00
4420 +1.219454759e-07 +1.219454759e-07 -2.401799999e+02 -2.401799999e+02 -3.3336e+00 +2.5128e+00
4459 +2.426000378e-08 +2.426000378e-08 -2.401800000e+02 -2.401800000e+02 -3.3336e+00 +2.5128e+00
4489 +5.867605068e-09 +5.867605068e-09 -2.401800000e+02 -2.401800000e+02 -3.3336e+00 +2.5128e+00
4499 +1.246007741e-09 +1.246007741e-09 -2.401800000e+02 -2.401800000e+02 -3.3336e+00 +2.5128e+00
4612 +2.007141120e-10 +2.007141120e-10 -2.401800000e+02 -2.401800000e+02 -3.3336e+00 +2.5128e+00
4682 +1.224691459e-10 +1.224691459e-10 -2.401800000e+02 -2.401800000e+02 -3.3336e+00 +2.5128e+00
4722 +5.567812877e-11 +5.567812877e-11 -2.401800000e+02 -2.401800000e+02 -3.3336e+00 +2.5128e+00
4792 +2.273736754e-12 +2.273736754e-12 -2.401800000e+02 -2.401800000e+02 -3.3336e+00 +2.5128e+00
4939 +9.947598301e-13 +9.947598301e-13 -2.401800000e+02 -2.401800000e+02 -3.3336e+00 +2.5128e+00
% function evaluation | noise-free fitness - Fopt (-3.941600000000e+02) | best noise-free fitness - Fopt | measured fitness | best measured fitness | x1 | x2...
1 +3.118027762e+02 +3.118027762e+02 -8.235722380e+01 -8.235722380e+01 +3.0121e+00 -3.2419e+00
2 +7.282858860e+01 +7.282858860e+01 -3.213314114e+02 -3.213314114e+02 -9.6322e-01 -2.4497e+00
12 +5.964207015e+01 +5.964207015e+01 -3.345179299e+02 -3.345179299e+02 -3.5675e+00 +6.3505e-01
15 +3.211456794e+01 +3.211456794e+01 -3.620454321e+02 -3.620454321e+02 -3.2203e+00 -1.1500e+00
20 +1.958221915e+01 +1.958221915e+01 -3.745777808e+02 -3.745777808e+02 -1.8984e+00 -4.5493e+00
42 +1.000510901e+01 +1.000510901e+01 -3.841548910e+02 -3.841548910e+02 -2.0128e+00 -4.1682e+00
67 +6.058760507e+00 +6.058760507e+00 -3.881012395e+02 -3.881012395e+02 -3.2009e+00 -2.5442e+00
343 +3.174038788e+00 +3.174038788e+00 -3.909859612e+02 -3.909859612e+02 -2.7248e+00 -4.3352e+00
663 +2.266494596e+00 +2.266494596e+00 -3.918935054e+02 -3.918935054e+02 -2.2795e+00 -4.7154e+00
1628 +1.282209636e+00 +1.282209636e+00 -3.928777904e+02 -3.928777904e+02 -2.6496e+00 -4.3819e+00
2721 +9.980086881e-01 +9.980086881e-01 -3.931619913e+02 -3.931619913e+02 -2.6520e+00 -4.3916e+00
