% function evaluation | noise-free fitness - Fopt (-9.210000000000e+00) | best noise-free fitness - Fopt | measured fitness | best measured fitness | x1 | x2...
1 +2.425091298e+02 +2.425091298e+02 +2.332991298e+02 +2.332991298e+02 -2.0516e+00 -2.3668e+00 -2.7854e+00 +2.5967e+00 +3.3149e+00 +3.1726e+00 +7.5561e-01 -1.5565e+00 +8.3910e-01 +3.6852e+00
13 +1.572986771e+02 +1.572986771e+02 +1.480886771e+02 +1.480886771e+02 -1.2143e+00 -5.3618e-02 -5.6427e+00 +2.5687e+00 +1.2160e-01 +5.5885e+00 +1.8554e+00 +2.2931e-01 +2.8826e+00 -2.2751e-01
44 +9.053714262e+01 +9.053714262e+01 +8.132714262e+01 +8.132714262e+01 +3.3581e+00 -1.3470e+00 +2.2376e+00 +3.7959e+00 +3.0064e+00 +6.1812e+00 +2.3142e+00 +2.0045e+00 +4.5963e+00 -3.2333e+00
58 +3.564168987e+01 +3.564168987e+01 +2.643168987e+01 +2.643168987e+01 +6.7799e+00 -1.8422e+00 +1.5746e+00 +5.1244e+00 -2.2571e+00 +4.4859e+00 +5.8250e+00 +4.8226e+00 +3.6378e+00 -8.0559e+00
73 +1.322071543e+01 +1.322071543e+01 +4.010715431e+00 +4.010715431e+00 +5.3713e+00 +5.0626e+00 -4.9692e-01 +4.4340e+00 -4.3098e+00 +6.6484e+00 +4.8036e+00 +5.3836e+00 +1.1162e+01 -1.1460e+01
90 +2.499467591e+00 +2.499467591e+00 -6.710532409e+00 -6.710532409e+00 +1.0466e+01 +7.3516e+00 +3.5016e+00 +9.9558e+00 -8.9099e+00 +8.8112e+00 +5.5491e+00 +5.3014e+00 +1.3930e+01 -1.1894e+01
119 -7.105427358e-15 -7.105427358e-15 -9.210000000e+00 -9.210000000e+00 +5.8656e+00 +8.1150e+00 +1.4231e+01 +8.7975e+00 -1.8410e+01 +1.1483e+01 +8.2356e+00 +1.2307e+01 +1.3805e+01 -1.2260e+01
% function evaluation | noise-free fitness - Fopt (6.559900000000e+02) | best noise-free fitness - Fopt | measured fitness | best measured fitness | x1 | x2...
1 +2.451018930e+02 +2.451018930e+02 +9.010918930e+02 +9.010918930e+02 +3.6882e+00 +2.9814e+00 +3.2874e+00 +3.4735e-01 -2.7431e+00 +2.6957e+00 -4.9822e-01 -1.3258e+00 +3.1045e+00 +4.1286e-01
19 +1.354288511e+02 +1.354288511e+02 +7.914188511e+02 +7.914188511e+02 +8.3239e+00 -2.9013e-01 +5.8454e-01 +2.8133e+00 +6.5416e-01 +3.3608e+00 -1.1051e+00 +4.6250e+00 +1.3560e+00 -5.6686e+00
32 +7.667384691e+01 +7.667384691e+01 +7.326638469e+02 +7.326638469e+02 +5.2263e+00 +4.9172e-01 +5.8633e-01 +3.2272e+00 -4.4984e-01 +1.9674e+00 -3.1265e+00 +6.5930e+00 -4.1031e+00 -4.6898e+00
49 +5.971469267e+01 +5.971469267e+01 +7.157046927e+02 +7.157046927e+02 +7.5024e+00 +1.2270e+00 +1.3006e+00 +6.5960e+00 -2.8150e+00 +4.2950e+00 -4.6386e+00 +6.0207e+00 -7.2269e+00 -5.8023e+00
55 +2.898777997e+01 +2.898777997e+01 +6.849777800e+02 +6.849777800e+02 +5.1163e+00 +1.5819e-01 -1.9344e+00 +3.8385e+00 -3.5963e+00 -3.6776e+00 -3.6963e+00 +5.6755e+00 -8.2538e+00 -6.4823e+00
76 +3.095563160e+00 +3.095563160e+00 +6.590855632e+02 +6.590855632e+02 +6.2714e+00 -2.8730e+00 -4.7911e+00 +8.2987e+00 -1.3127e+01 -6.4124e+00 -8.7252e+00 +7.6885e+00 -1.0429e+01 -7.8990e+00
96 +1.014016776e+00 +1.014016776e+00 +6.570040168e+02 +6.570040168e+02 +1.2879e+01 -6.1387e+00 -7.3143e+00 +7.3923e+00 -6.5947e+00 -7.8555e+00 -4.7815e+00 +5.1800e+00 -1.0450e+01 -8.5057e+00
107 +0.000000000e+00 +0.000000000e+00 +6.559900000e+02 +6.559900000e+02 +1.1834e+01 -1.3211e+01 -1.3817e+01 +7.4431e+00 -6.9996e+00 -7.4793e+00 -5.9298e+00 +7.0949e+00 -1.3368e+01 -7.8011e+00
% function evaluation | noise-free fitness - Fopt (6.671000000000e+01) | best noise-free fitness - Fopt | measured fitness | best measured fitness | x1 | x2...
1 +2.524090607e+02 +2.524090607e+02 +3.191190607e+02 +3.191190607e+02 +2.1964e+00 +2.4461e+00 +3.1586e+00 -2.4666e-01 +1.1854e+00 -3.0822e-01 -2.6555e+00 +9.1068e-01 -3.3102e+00 +1.3736e+00
3 +2.160040134e+02 +2.160040134e+02 +2.827140134e+02 +2.827140134e+02 +3.4319e+00 +4.7808e-01 +3.2396e+00 +5.7077e-01 +2.5707e+00 +1.2513e+00 -7.5166e-01 -1.8462e+00 -3.1836e+00 -9.3161e-01
18 +1.499072224e+02 +1.499072224e+02 +2.166172224e+02 +2.166172224e+02 +4.1772e+00 +5.4454e+00 +6.4173e+00 -1.7762e+00 +2.2522e+00 -6.1321e-01 -4.4537e+00 -2.3401e+00 +9.5198e-01 -4.6581e+00
30 +9.612068728e+01 +9.612068728e+01 +1.628306873e+02 +1.628306873e+02 -1.1917e+00 +8.7566e-01 +1.5782e+00 -2.6590e+00 -3.0708e+00 -1.1316e-01 -6.1889e+00 -1.0734e+00 +3.7127e+00 -5.3157e+00
63 +3.944536658e+01 +3.944536658e+01 +1.061553666e+02 +1.061553666e+02 -5.7778e+00 +2.9488e+00 +2.7885e+00 -2.2525e+00 -1.0745e+01 +7.5438e+00 -6.2864e+00 -4.9063e+00 +6.6267e+00 -8.2660e+00
109 +1.955820105e+01 +1.955820105e+01 +8.626820105e+01 +8.626820105e+01 -7.8212e+00 -7.8149e+00 +5.2148e+00 +3.8308e+00 -7.9668e+00 +9.4974e+00 -1.4384e+01 -6.7800e+00 +8.3010e+00 -1.3257e+01
111 +1.239068336e+01 +1.239068336e+01 +7.910068336e+01 +7.910068336e+01 -3.0303e+00 -2.8845e+00 -1.5313e+00 +4.1169e+00 -5.7268e+00 +8.3309e+00 -6.0925e+00 -1.1160e+01 +1.7208e+01 -1.0204e+01
112 +8.736184138e+00 +8.736184138e+00 +7.544618414e+01 +7.544618414e+01 -8.6209e+00 -3.6147e+00 -2.5995e+00 +3.6341e+00 -6.9214e+00 +1.3299e+01 -1.4037e+01 -1.0117e+01 +1.6844e+01 -6.9888e+00
122 +5.669920789e+00 +5.669920789e+00 +7.237992079e+01 +7.237992079e+01 -7.3226e+00 -5.2551e+00 -1.6010e+00 +5.2272e+00 -5.7807e+00 +1.9132e+01 -8.5413e+00 -6.6638e+00 +1.6867e+01 -1.1277e+01
135 +2.911051049e+00 +2.911051049e+00 +6.962105105e+01 +6.962105105e+01 -2.0889e+00 -7.6993e+00 -9.7234e+00 +7.4404e+00 -9.2448e+00 +1.7316e+01 -5.0508e+00 -6.7182e+00 +1.4836e+01 -1.5766e+01
139 -1.421085472e-14 -1.421085472e-14 +6.671000000e+01 +6.671000000e+01 -1.1015e+01 -1.0103e+01 -7.1785e+00 +5.3255e+00 -6.3173e+00 +1.5741e+01 -7.3028e+00 -1.0615e+01 +1.6689e+01 -7.1064e+00
% function evaluation | noise-free fitness - Fopt (9.416700000000e+02) | best noise-free fitness - Fopt | measured fitness | best measured fitness | x1 | x2...
1 +2.193336425e+02 +2.193336425e+02 +1.161003642e+03 +1.161003642e+03 -3.9973e+00 -1.9122e+00 +2.7879e+00 +3.7809e+00 +3.6169e+00 +8.4668e-03 +2.5656e+00 +3.8308e+00 +3.5154e+00 +1.6500e+00
13 +1.510208419e+02 +1.510208419e+02 +1.092690842e+03 +1.092690842e+03 -5.1212e+00 -2.5699e+00 +1.0507e+00 +6.0601e+00 +2.4978e-01 +8.5059e-01 +3.0360e+00 +1.9826e+00 +6.2494e+00 -2.3498e+00
36 +7.758424682e+01 +7.758424682e+01 +1.019254247e+03 +1.019254247e+03 -5.1273e+00 -1.1665e+00 +3.3546e+00 +4.0964e+00 +3.2081e+00 -6.0682e+00 -2.0079e+00 -7.1929e-01 +6.9689e+00 -4.4448e+00
47 +4.871184731e+01 +4.871184731e+01 +9.903818473e+02 +9.903818473e+02 -1.2484e+00 +1.8701e+00 +3.0098e+00 +8.1933e+00 -2.3678e+00 -4.4261e+00 -1.1110e+00 -4.1110e+00 +7.6248e+00 -8.2433e+00
52 +3.121554955e+01 +3.121554955e+01 +9.728855495e+02 +9.728855495e+02 -3.1484e+00 -1.7312e-01 +5.9073e+00 +5.2952e+00 -5.2037e+00 -1.2644e+00 -4.5672e+00 -3.7163e+00 +9.0125e+00 -6.0068e+00
58 +2.351462875e+01 +2.351462875e+01 +9.651846287e+02 +9.651846287e+02 -7.9163e+00 -1.0820e+00 +2.2654e+00 +8.5364e+00 -4.6833e+00 -4.5200e+00 -2.5684e+00 -5.7654e+00 +9.8519e+00 -6.7353e+00
90 +1.375081243e+01 +1.375081243e+01 +9.554208124e+02 +9.554208124e+02 -5.3454e+00 +4.2945e+00 +4.9904e+00 +5.2503e+00 -6.1145e+00 -9.6281e+00 -7.3770e+00 -1.3122e+01 +4.7765e+00 -1.7648e+01
107 +5.233082123e+00 +5.233082123e+00 +9.469030821e+02 +9.469030821e+02 -8.1984e+00 -9.4821e-01 +9.3416e+00 +1.0339e+01 -8.8828e+00 -1.2787e+01 -1.7145e+01 -1.3972e+01 +9.9926e+00 -1.3550e+01
109 +2.073247041e+00 +2.073247041e+00 +9.437432470e+02 +9.437432470e+02 -1.2035e+01 -3.3948e+00 +9.2568e+00 +7.0484e+00 -5.3897e+00 -1.1533e+01 -1.4220e+01 -1.9620e+01 +1.0729e+01 -1.1420e+01
118 +0.000000000e+00 +0.000000000e+00 +9.416700000e+02 +9.416700000e+02 -8.9773e+00 -5.4455e+00 +1.2371e+01 +9.5490e+00 -1.6063e+01 -1.1981e+01 -1.7992e+01 -1.8073e+01 +1.1075e+01 -9.9439e+00
% function evaluation | noise-free fitness - Fopt (-3.745000000000e+01) | best noise-free fitness - Fopt | measured fitness | best measured fitness | x1 | x2...
1 +1.885595086e+02 +1.885595086e+02 +1.511095086e+02 +1.511095086e+02 -6.5876e-01 +1.5677e+00 +8.5277e-01 +3.0856e+00 +2.2390e+00 -3.0736e+00 +2.9978e+00 +8.8020e-01 -1.5032e+00 +3.9925e+00
11 +1.528146475e+02 +1.528146475e+02 +1.153646475e+02 +1.153646475e+02 +7.4665e-02 +4.4745e+00 +1.2515e+00 +4.5448e+00 -2.1812e+00 -1.9470e+00 +3.6890e+00 -6.1494e-01 +1.5835e+00 +2.1241e+00
27 +9.850752358e+01 +9.850752358e+01 +6.105752358e+01 +6.105752358e+01 +3.9762e+00 +3.2926e+00 +3.9326e+00 -2.0542e+00 +1.7861e-01 -4.8427e-01 +5.0015e+00 -1.7190e+00 +1.6006e+00 +4.2957e+00
40 +6.282495813e+01 +6.282495813e+01 +2.537495813e+01 +2.537495813e+01 -4.1263e+00 +2.4640e+00 +2.6022e+00 -9.0685e-01 +1.3279e+00 +3.1944e+00 +5.4782e+00 -8.7784e+00 +3.2553e+00 +5.3263e+00
48 +3.108646147e+01 +3.108646147e+01 -6.363538528e+00 -6.363538528e+00 +3.1972e+00 +5.3525e+00 +2.7769e+00 -2.4138e+00 -4.8072e+00 +3.7390e+00 +5.4964e+00 -9.5656e+00 +3.0710e+00 +9.0807e+00
65 +2.481260353e+01 +2.481260353e+01 -1.263739647e+01 -1.263739647e+01 +2.5340e+00 +3.7753e+00 +7.7108e+00 -7.9140e+00 -1.9837e+00 +6.8587e+00 +4.8933e+00 -3.8287e+00 +4.3730e+00 +8.3920e+00
66 +1.358898252e+01 +1.358898252e+01 -2.386101748e+01 -2.386101748e+01 +2.9281e+00 -7.1673e-01 +6.7141e+00 -5.7380e+00 -7.6097e+00 +4.0189e+00 +1.4011e+01 -4.9976e+00 +8.3608e+00 +4.9406e+00
108 +9.571028583e+00 +9.571028583e+00 -2.787897142e+01 -2.787897142e+01 -4.5710e+00 +1.0866e+01 +1.0682e+01 -6.5538e+00 -9.7673e+00 +7.4643e+00 +8.8407e+00 -1.1403e+01 +1.6246e+01 +1.9188e+01
112 +5.392202697e+00 +5.392202697e+00 -3.205779730e+01 -3.205779730e+01 -3.9220e-01 +1.3049e+01 +7.0068e+00 -1.0604e+01 -1.0044e+01 +1.5639e+01 +8.3140e+00 -1.2678e+01 +1.0317e+01 +1.6515e+01
121 +1.729968116e+00 +1.729968116e+00 -3.572003188e+01 -3.572003188e+01 +3.2700e+00 +1.2693e+01 +1.8578e+01 -1.6078e+01 -9.1517e+00 +1.0417e+01 +1.0799e+01 -8.2942e+00 +1.9077e+01 +1.9856e+01
122 +1.421085472e-14 +1.421085472e-14 -3.745000000e+01 -3.745000000e+01 +9.4850e+00 +8.0728e+00 +8.3190e+00 -1.1612e+01 -6.3528e+00 +1.6440e+01 +8.4324e+00 -1.0104e+01 +1.8437e+01 +2.0190e+01
% function evaluation | noise-free fitness - Fopt (2.906200000000e+02) | best noise-free fitness - Fopt | measured fitness | best measured fitness | x1 | x2...
1 +2.269427821e+02 +2.269427821e+02 +5.175627821e+02 +5.175627821e+02 -6.7242e-01 -6.1969e-02 +3.5497e+00 -3.5047e+00 -7.3204e-02 -7.5561e-01 +1.4717e+00 -1.1217e-01 -1.1123e+00 -2.8845e+00
15 +1.562190198e+02 +1.562190198e+02 +4.468390198e+02 +4.468390198e+02 +2.7066e+00 +2.5941e+00 +3.3277e+00 -2.7213e+00 +2.0530e+00 -2.5100e+00 -2.0993e+00 -2.8101e+00 -1.5070e+00 +1.9365e-02
22 +9.177427504e+01 +9.177427504e+01 +3.823942750e+02 +3.823942750e+02 +1.2160e+00 +3.7546e+00 +2.2178e+00 -3.7135e+00 -3.6708e+00 -1.1878e+00 +1.4239e+00 -3.2569e+00 -3.5074e+00 +4.7653e+00
42 +4.105030721e+01 +4.105030721e+01 +3.316703072e+02 +3.316703072e+02 +1.8446e+00 +7.1753e+00 -1.4511e+00 -4.4071e+00 -6.6845e+00 -3.7595e+00 -3.4821e+00 -2.6759e+00 -4.3204e+00 +9.4548e+00
58 +3.786525540e+01 +3.786525540e+01 +3.284852554e+02 +3.284852554e+02 +6.0794e+00 +2.0143e+00 +1.1912e+00 -5.5509e+00 -1.0755e+00 -1.7355e+00 -6.5958e+00 -4.8283e+00 -5.2879e+00 +7.2852e+00
80 +1.463108486e+01 +1.463108486e+01 +3.052510849e+02 +3.052510849e+02 +2.8484e+00 +9.1854e+00 -4.4398e+00 -1.1813e+00 -3.8976e+00 -4.9303e+00 -6.7806e+00 -6.2609e+00 -1.0232e+01 +1.0677e+01
92 +7.444093790e+00 +7.444093790e+00 +2.980640938e+02 +2.980640938e+02 +7.8597e+00 +7.4621e+00 -1.1848e+01 -1.5448e+00 -6.0208e+00 -8.3213e+00 -5.0582e+00 -7.2547e+00 -1.7104e+01 +1.1409e+01
98 +1.895960484e-01 +1.895960484e-01 +2.908095960e+02 +2.908095960e+02 +1.3928e+01 +9.2985e+00 -6.7334e+00 -4.9120e+00 -8.8377e+00 -1.0175e+01 -1.2980e+01 -1.1242e+01 -9.2274e+00 +9.6381e+00
103 +0.000000000e+00 +0.000000000e+00 +2.906200000e+02 +2.906200000e+02 +1.4379e+01 +1.2683e+01 -7.0408e+00 -7.4161e+00 -5.9098e+00 -5.3182e+00 -9.9056e+00 -1.9182e+01 -1.4513e+01 +1.8934e+01
% function evaluation | noise-free fitness - Fopt (-1.015300000000e+02) | best noise-free fitness - Fopt | measured fitness | best measured fitness | x1 | x2...
1 +1.565993682e+02 +1.565993682e+02 +5.506936818e+01 +5.506936818e+01 +2.6440e+00 +3.2326e+00 +7.8921e-01 +3.2955e+00 +2.0992e+00 -1.1792e+00 -3.1048e+00 -1.8401e+00 -3.0645e+00 -2.0647e+00
13 +7.910097093e+01 +7.910097093e+01 -2.242902907e+01 -2.242902907e+01 +2.5505e+00 +3.1324e+00 -7.1524e-02 +4.4300e+00 +2.5429e+00 +2.3614e-01 -4.6089e+00 +3.3757e+00 -5.5311e+00 -5.2806e+00
27 +5.625500811e+01 +5.625500811e+01 -4.527499189e+01 -4.527499189e+01 +5.3463e+00 -5.2400e-01 +1.4753e+00 +4.2143e+00 +8.5778e-01 -2.6825e+00 -5.5067e+00 +4.9796e+00 -5.7722e+00 -4.2195e+00
49 +3.726430832e+01 +3.726430832e+01 -6.426569168e+01 -6.426569168e+01 +6.7837e+00 +2.2328e-02 +1.3321e-01 +5.5758e+00 -3.9082e+00 -4.8326e+00 -8.2600e+00 +5.4914e+00 -7.5326e+00 -4.2764e+00
64 +1.374338071e+01 +1.374338071e+01 -8.778661929e+01 -8.778661929e+01 +4.3213e+00 -4.3272e+00 +2.8700e+00 +7.1738e+00 -1.0595e+01 -5.1977e+00 -9.4645e+00 +5.3299e+00 -5.2370e+00 -6.9865e+00
85 +7.777809353e+00 +7.777809353e+00 -9.375219065e+01 -9.375219065e+01 +2.7778e+00 -5.2180e+00 +6.7120e+00 +9.6005e+00 -7.8987e+00 -9.5910e+00 -6.3252e+00 +1.0888e+01 -1.3447e+01 -6.7269e+00
95 +5.746320509e+00 +5.746320509e+00 -9.578367949e+01 -9.578367949e+01 +7.4632e-01 -7.8275e+00 +5.0890e+00 +9.7336e+00 -1.2810e+01 -5.9600e+00 -6.2394e+00 +8.5275e+00 -1.2432e+01 -5.3233e+00
111 +1.111043289e+00 +1.111043289e+00 -1.004189567e+02 -1.004189567e+02 -3.8890e+00 -6.5032e+00 +5.1153e+00 +9.2360e+00 -1.5010e+01 -9.3066e+00 -6.8730e+00 +6.6285e+00 -1.1533e+01 -1.5960e+01
116 +3.259299282e-01 +3.259299282e-01 -1.012040701e+02 -1.012040701e+02 -6.2085e+00 -4.7476e+00 +7.0050e+00 +1.1233e+01 -7.0761e+00 -9.9413e+00 -7.4005e+00 +1.4346e+01 -5.3214e+00 -1.1502e+01
137 +0.000000000e+00 +0.000000000e+00 -1.015300000e+02 -1.015300000e+02 -8.5592e+00 -6.3166e+00 +5.4658e+00 +1.2563e+01 -1.2254e+01 -1.6068e+01 -1.1012e+01 +1.3868e+01 -1.1982e+01 -1.2431e+01
% function evaluation | noise-free fitness - Fopt (3.019700000000e+02) | best noise-free fitness - Fopt | measured fitness | best measured fitness | x1 | x2...
1 +1.697500061e+02 +1.697500061e+02 +4.717200061e+02 +4.717200061e+02 +2.2271e+00 +1.8538e+00 -2.2382e+00 +9.3679e-01 -3.8159e+00 +2.8136e+00 -3.8268e+00 -5.3257e-01 +2.0055e+00 -2.0411e+00
5 +9.669545150e+01 +9.669545150e+01 +3.986654515e+02 +3.986654515e+02 +3.4991e+00 +1.6473e+00 -1.4960e+00 +1.7428e-01 -4.5300e+00 +3.9023e+00 -1.8556e+00 +2.8844e+00 -1.2090e+00 -5.7291e+00
28 +6.197399558e+01 +6.197399558e+01 +3.639439956e+02 +3.639439956e+02 +2.8615e+00 +5.5046e+00 -2.9031e-02 +2.4276e+00 -4.9553e+00 +2.3013e+00 -6.5146e+00 +3.1774e+00 -3.8412e+00 -6.2753e+00
47 +2.750394870e+01 +2.750394870e+01 +3.294739487e+02 +3.294739487e+02 +1.1669e+00 +3.9729e+00 +5.5808e+00 -2.8642e+00 -3.8550e+00 +9.6091e+00 -9.1824e+00 +2.9611e+00 -8.8138e+00 -7.8831e+00
52 +2.097850729e+01 +2.097850729e+01 +3.229485073e+02 +3.229485073e+02 +1.0526e+00 -4.3829e-01 +5.9863e+00 -1.8603e+00 -6.4633e+00 +4.9264e+00 -1.2763e+01 +4.8543e+00 -6.8829e+00 -6.4861e+00
64 +1.326310660e+01 +1.326310660e+01 +3.152331066e+02 +3.152331066e+02 +1.6459e+00 -1.2345e-01 +7.6969e+00 -1.2896e+01 -5.9216e+00 +6.0552e+00 -1.2241e+01 +5.3325e+00 -8.0644e+00 -6.0946e+00
73 +7.285205190e+00 +7.285205190e+00 +3.092552052e+02 +3.092552052e+02 +9.7158e-01 +3.9829e+00 +9.1401e+00 -1.1490e+01 -7.7453e+00 +7.2496e+00 -1.1496e+01 +5.9198e+00 -1.0531e+01 -5.0979e+00
85 +4.919636221e+00 +4.919636221e+00 +3.068896362e+02 +3.068896362e+02 -8.0364e-02 +5.8838e+00 +6.9867e+00 -1.7580e+01 -6.4004e+00 +8.3299e+00 -9.3245e+00 +6.7841e+00 -8.4978e+00 -8.6819e+00
88 +3.519970121e-01 +3.519970121e-01 +3.023219970e+02 +3.023219970e+02 -7.8729e+00 +4.7275e+00 +6.5637e+00 -1.2329e+01 -1.0569e+01 +5.4023e+00 -1.0335e+01 +9.9312e+00 -1.2131e+01 -1.3506e+01
100 +0.000000000e+00 +0.000000000e+00 +3.019700000e+02 +3.019700000e+02 -5.5504e+00 +7.9639e+00 +9.7688e+00 -1.9988e+01 -1.3863e+01 +1.0238e+01 -1.1026e+01 +8.0529e+00 -1.2426e+01 -7.1120e+00
% function evaluation | noise-free fitness - Fopt (-6.561000000000e+01) | best noise-free fitness - Fopt | measured fitness | best measured fitness | x1 | x2...
1 +2.071814867e+02 +2.071814867e+02 +1.415714867e+02 +1.415714867e+02 -2.3781e+00 +2.3506e+00 +3.2853e+00 +1.3743e+00 -3.5399e+00 +1.8600e+00 +2.3190e-01 -2.7713e+00 -2.8417e-02 -1.0018e+00
5 +1.335622552e+02 +1.335622552e+02 +6.795225520e+01 +6.795225520e+01 -1.1061e+00 +2.1441e+00 +4.0275e+00 +6.1183e-01 -4.2540e+00 +2.9487e+00 +2.2031e+00 +6.4560e-01 -3.2430e+00 -4.6898e+00
24 +9.541536779e+01 +9.541536779e+01 +2.980536779e+01 +2.980536779e+01 -8.6315e-01 +1.2656e+00 -7.7748e-01 -3.2605e+00 -9.8602e-01 +4.7742e+00 -4.8310e-01 +3.1513e+00 -4.1946e+00 -5.9596e+00
40 +4.942037523e+01 +4.942037523e+01 -1.618962477e+01 -1.618962477e+01 -2.3513e+00 +4.9115e+00 +3.6175e+00 +4.1934e+00 +1.6250e+00 +6.0877e+00 -1.7150e+00 +4.1179e+00 -5.9488e+00 -5.7319e+00
55 +3.363782735e+01 +3.363782735e+01 -3.197217265e+01 -3.197217265e+01 +5.8497e-03 +4.5117e+00 +2.2989e-01 +4.7273e+00 +4.2392e+00 +3.9093e+00 -5.0304e+00 +4.7055e+00 -1.0415e+01 -7.8449e+00
61 +2.430504581e+01 +2.430504581e+01 -4.130495419e+01 -4.130495419e+01 +1.7012e-01 -1.6433e+00 +2.4469e+00 +1.7658e+00 +4.9199e+00 +5.6406e+00 -5.8229e+00 +6.3806e+00 -4.5673e+00 -5.8751e+00
66 +1.571453697e+01 +1.571453697e+01 -4.989546303e+01 -4.989546303e+01 -5.7209e+00 +2.2365e-01 +4.4809e+00 +7.4027e+00 +2.0883e+00 +7.4455e+00 -6.8081e+00 +8.5097e+00 -1.0063e+01 -6.1436e+00
72 +7.657677939e+00 +7.657677939e+00 -5.795232206e+01 -5.795232206e+01 -2.4148e+00 -7.4946e+00 +5.7916e+00 +1.1233e+01 +3.1770e+00 +1.2498e+01 -5.0471e+00 +1.1568e+01 -1.0193e+01 -7.9832e+00
90 +1.787885443e+00 +1.787885443e+00 -6.382211456e+01 -6.382211456e+01 -5.7818e+00 -3.6157e+00 +6.2592e+00 +1.1388e+01 +6.6822e+00 +1.1788e+01 -9.2923e+00 +1.8488e+01 -1.5551e+01 -6.8556e+00
100 -1.421085472e-14 -1.421085472e-14 -6.561000000e+01 -6.561000000e+01 -1.1220e+01 -8.3891e+00 +8.8750e+00 +1.4543e+01 +5.0201e+00 +1.0256e+01 -1.2774e+01 +2.3746e+01 -1.6715e+01 -8.6945e+00
% function evaluation | noise-free fitness - Fopt (-3.569000000000e+01) | best noise-free fitness - Fopt | measured fitness | best measured fitness | x1 | x2...
1 +1.488967892e+02 +1.488967892e+02 +1.132067892e+02 +1.132067892e+02 +3.2117e+00 +3.9150e-01 +2.5827e+00 -1.8473e+00 -3.6042e+00 -6.2496e-01 -2.5267e-01 +1.7786e+00 +2.8231e+00 -3.2989e+00
13 +9.494482952e+01 +9.494482952e+01 +5.925482952e+01 +5.925482952e+01 +2.9491e+00 +1.5502e+00 +1.1796e+00 -2.2852e+00 -5.8993e+00 +1.8389e+00 +1.0129e+00 +4.1182e+00 +4.1217e+00 -7.8676e+00
38 +5.966510351e+01 +5.966510351e+01 +2.397510351e+01 +2.397510351e+01 +4.7894e+00 -1.1733e+00 -1.8251e+00 -2.5836e+00 +6.1332e-01 +6.2214e+00 +7.1726e-01 +3.5163e+00 +7.2710e+00 -6.7055e+00
49 +3.670930408e+01 +3.670930408e+01 +1.019304077e+00 +1.019304077e+00 +2.0701e-02 +7.4711e-01 -5.0313e+00 -2.7202e+00 +1.1910e+00 +7.3362e+00 +2.9966e+00 +4.7619e+00 +5.3182e+00 -7.0711e+00
63 +5.405776925e+00 +5.405776925e+00 -3.028422307e+01 -3.028422307e+01 +4.9464e+00 +1.1759e+00 -6.5255e+00 -7.1537e+00 +4.8581e+00 +4.9949e+00 +8.2239e+00 +6.8830e+00 +5.0051e+00 -7.3511e+00
86 +2.572729359e+00 +2.572729359e+00 -3.311727064e+01 -3.311727064e+01 +7.4381e+00 +3.6102e+00 -1.2661e+01 -8.7375e+00 +4.7205e+00 +6.6098e+00 +1.1063e+01 +7.4682e+00 +8.8994e+00 -7.8363e+00
94 +0.000000000e+00 +0.000000000e+00 -3.569000000e+01 -3.569000000e+01 +1.0848e+01 +1.0508e+01 -8.2663e+00 -1.0550e+01 +8.1203e+00 +7.0332e+00 +1.3055e+01 +6.3716e+00 +1.1429e+01 -8.4599e+00
% function evaluation | noise-free fitness - Fopt (3.174000000000e+01) | best noise-free fitness - Fopt | measured fitness | best measured fitness | x1 | x2...
1 +2.392451291e+02 +2.392451291e+02 +2.709851291e+02 +2.709851291e+02 +3.6821e+00 +3.7858e+00 +6.0159e-01 +3.5038e+00 -3.3524e-01 +1.3594e+00 -2.9929e+00 -5.7345e-01 -3.8535e+00 +2.5980e+00
16 +1.504348057e+02 +1.504348057e+02 +1.821748057e+02 +1.821748057e+02 +3.4665e+00 -2.7806e-01 +3.0924e-01 +4.9441e+00 -2.0919e+00 -2.2516e-01 -1.1791e+00 +2.4316e+00 -5.7859e-01 +5.5633e+00
50 +9.482549210e+01 +9.482549210e+01 +1.265654921e+02 +1.265654921e+02 -2.5619e+00 -8.7916e-01 -2.1026e+00 +2.9068e+00 -6.5112e+00 -5.7770e+00 -1.3729e+00 +2.3128e+00 +3.1423e+00 +7.3373e+00
66 +4.919395412e+01 +4.919395412e+01 +8.093395412e+01 +8.093395412e+01 +2.7623e+00 -2.1532e+00 -5.3309e+00 +5.4023e+00 -4.0952e+00 -2.3576e+00 +3.0924e+00 +9.0960e+00 +5.5266e+00 +1.1355e+01
73 +3.079862336e+01 +3.079862336e+01 +6.253862336e+01 +6.253862336e+01 +4.2216e+00 -1.1333e+00 -5.6061e+00 +2.2148e+00 -4.3292e+00 -5.0522e+00 +3.3592e+00 +7.2627e+00 +5.0794e+00 +7.5624e+00
94 +2.261727797e+01 +2.261727797e+01 +5.435727797e+01 +5.435727797e+01 +1.4198e+01 -4.8310e+00 -1.1061e+01 +7.9499e-01 -2.1380e+00 -6.5780e+00 +7.9248e+00 +1.2924e+01 +7.3620e+00 +4.8050e+00
96 +1.312663166e+01 +1.312663166e+01 +4.486663166e+01 +4.486663166e+01 +3.5237e+00 -6.1205e+00 -3.9408e+00 -4.1253e-01 -8.0607e+00 -9.7713e+00 +6.0242e+00 +1.1050e+01 +6.6919e+00 +1.2298e+01
124 +5.551385132e+00 +5.551385132e+00 +3.729138513e+01 +3.729138513e+01 +9.8016e+00 -4.9056e+00 -8.5854e+00 -2.4799e+00 -1.3570e+01 -1.3747e+01 +1.7259e+01 +1.4314e+01 +1.2813e+01 +6.9852e+00
130 +1.690856600e+00 +1.690856600e+00 +3.343085660e+01 +3.343085660e+01 +1.0050e+01 -7.3156e+00 -6.6328e+00 -4.2152e+00 -1.1025e+01 -1.2647e+01 +2.3802e+01 +1.2230e+01 +1.1719e+01 +9.7718e+00
136 +1.065814104e-14 +1.065814104e-14 +3.174000000e+01 +3.174000000e+01 +1.1854e+01 -7.2078e+00 -1.4658e+01 -1.0238e+01 -1.6450e+01 -2.4077e+01 +1.9586e+01 +2.1261e+01 +1.2647e+01 +1.2431e+01
% function evaluation | noise-free fitness - Fopt (8.344900000000e+02) | best noise-free fitness - Fopt | measured fitness | best measured fitness | x1 | x2...
1 +1.634049528e+02 +1.634049528e+02 +9.978949528e+02 +9.978949528e+02 -2.3170e+00 +1.0619e+00 -7.8166e-01 -1.8426e+00 +1.2209e+00 -2.1976e-01 +2.9894e+00 +2.7131e+00 -1.5796e+00 +2.8635e+00
4 +1.231349177e+02 +1.231349177e+02 +9.576249177e+02 +9.576249177e+02 -1.9474e+00 +2.1497e-01 -3.5446e-01 -6.8603e-01 +5.3435e+00 +2.6733e-01 +4.4622e+00 +4.1149e+00 -4.4167e+00 +3.7237e+00
12 +9.814136621e+01 +9.814136621e+01 +9.326313662e+02 +9.326313662e+02 -2.8830e+00 +2.2212e+00 -2.0685e+00 -8.5790e-01 +8.6891e+00 -1.2840e+00 +1.1714e+00 +1.3491e+00 -7.0247e+00 +6.0794e+00
38 +6.103959911e+01 +6.103959911e+01 +8.955295991e+02 +8.955295991e+02 -4.3648e+00 +4.2577e+00 +2.3413e-01 -1.2913e+00 +4.4989e+00 -5.4119e-01 +4.9388e+00 -4.3682e+00 -6.6024e+00 +4.5328e+00
53 +2.811829764e+01 +2.811829764e+01 +8.626082976e+02 +8.626082976e+02 -7.1366e-01 -2.4634e+00 +1.8497e+00 +6.9255e+00 +9.2062e+00 -2.4595e+00 +7.3408e+00 -6.9132e+00 -1.2763e+01 +7.0358e+00
57 +1.855906529e+01 +1.855906529e+01 +8.530490653e+02 +8.530490653e+02 -4.9135e+00 +7.0709e-02 -3.1614e+00 +2.3924e+00 +5.5549e+00 -4.7108e+00 +4.5262e+00 -6.2932e+00 -7.0081e+00 +6.1058e+00
74 +1.309815900e+01 +1.309815900e+01 +8.475881590e+02 +8.475881590e+02 -5.2789e+00 -7.2785e+00 -3.4664e+00 +5.6654e+00 +6.7557e+00 -3.7316e+00 +3.7113e+00 -7.8253e+00 -1.3201e+01 +5.1983e+00
96 +3.013191748e+00 +3.013191748e+00 +8.375031917e+02 +8.375031917e+02 -3.5693e+00 -5.4135e+00 -4.3747e+00 +7.3633e+00 +8.7950e+00 -4.8499e+00 +7.5132e+00 -1.1136e+01 -1.3336e+01 +8.0752e+00
107 +1.639011476e+00 +1.639011476e+00 +8.361290115e+02 +8.361290115e+02 -5.7665e+00 -5.6424e+00 -6.5302e+00 +9.0154e+00 +1.0756e+01 -6.6603e+00 +1.0378e+01 -7.4627e+00 -9.8080e+00 +4.8361e+00
116 +1.192619503e+00 +1.192619503e+00 +8.356826195e+02 +8.356826195e+02 -9.5744e+00 -4.0766e+00 -7.7668e+00 +8.9729e+00 +9.6830e+00 -1.3247e+01 +1.5578e+01 -1.5099e+01 -1.0633e+01 +1.2952e+01
124 -1.136868377e-13 -1.136868377e-13 +8.344900000e+02 +8.344900000e+02 -1.1310e+01 -7.5511e+00 -8.9336e+00 +1.2330e+01 +9.0795e+00 -1.1125e+01 +7.0648e+00 -1.5169e+01 -8.1338e+00 +1.3497e+01
% function evaluation | noise-free fitness - Fopt (4.159000000000e+01) | best noise-free fitness - Fopt | measured fitness | best measured fitness | x1 | x2...
1 +2.222092253e+02 +2.222092253e+02 +2.637992253e+02 +2.637992253e+02 -3.8765e+00 -3.9687e+00 +4.0822e-01 +3.0528e+00 +2.7726e+00 -3.4629e+00 +4.2264e-01 -8.8909e-01 +2.1110e+00 +2.7679e+00
12 +1.447858507e+02 +1.447858507e+02 +1.863758507e+02 +1.863758507e+02 -8.3359e-01 -7.1399e-01 +3.0451e+00 +5.9040e+00 +4.8495e+00 -2.8960e+00 -2.4932e+00 -2.7786e+00 -3.1581e+00 +7.5931e+00
40 +9.889925793e+01 +9.889925793e+01 +1.404892579e+02 +1.404892579e+02 -6.5635e+00 -5.0990e+00 +4.0956e+00 +1.0065e+01 +2.5612e+00 -2.3359e+00 -7.9068e-01 +4.0254e+00 -6.6779e+00 +5.0118e+00
56 +5.376431942e+01 +5.376431942e+01 +9.535431942e+01 +9.535431942e+01 -3.7672e+00 -7.1122e-01 +8.9657e+00 +1.3706e+01 +8.5202e+00 +5.4665e+00 -6.7636e+00 +1.3787e+01 -1.5012e+01 +1.1564e+01
74 +3.540055508e+01 +3.540055508e+01 +7.699055508e+01 +7.699055508e+01 -7.6898e+00 +2.3206e+00 +9.4034e+00 +1.2844e+01 +1.9182e+00 +7.7514e+00 -1.2476e+01 +5.3665e+00 -1.0207e+01 +7.0111e+00
95 +2.290212525e+01 +2.290212525e+01 +6.449212525e+01 +6.449212525e+01 -1.0664e+01 +4.0525e+00 +1.5201e+01 +1.7987e+01 -2.8385e+00 +6.7237e+00 -1.5672e+01 +8.2630e+00 -6.1420e+00 +5.2694e+00
113 +1.226613566e+01 +1.226613566e+01 +5.385613566e+01 +5.385613566e+01 -7.2661e+00 +5.3461e+00 +1.7887e+01 +2.0687e+01 -7.3173e+00 +1.6025e+01 -2.2952e+01 +1.1237e+01 -2.0078e+01 +6.4864e+00
121 +9.843427554e+00 +9.843427554e+00 +5.143342755e+01 +5.143342755e+01 +5.9933e-01 +1.1243e+01 +7.1109e+00 +1.6924e+01 -3.0440e+00 +1.5200e+01 -2.2437e+01 +9.2414e+00 -2.0045e+01 +1.6014e+01
122 +5.622868432e+00 +5.622868432e+00 +4.721286843e+01 +4.721286843e+01 +9.6120e+00 +5.7096e+00 +9.8823e+00 +1.5380e+01 -2.9792e+00 +1.3209e+01 -2.0408e+01 +8.9101e+00 -1.4918e+01 +9.1218e+00
135 +4.186196254e-01 +4.186196254e-01 +4.200861963e+01 +4.200861963e+01 +6.3150e+00 +4.6759e+00 +1.5533e+01 +7.3921e+00 -9.3738e+00 +2.5447e+01 -2.5211e+01 +7.5044e+00 -1.5324e+01 +1.1938e+01
147 +0.000000000e+00 +0.000000000e+00 +4.159000000e+01 +4.159000000e+01 +7.2099e+00 +1.1297e+01 +1.3684e+01 +6.9827e+00 -1.1226e+01 +1.1534e+01 -3.2889e+01 +1.0151e+01 -1.9621e+01 +1.7122e+01
% function evaluation | noise-free fitness - Fopt (1.004200000000e+02) | best noise-free fitness - Fopt | measured fitness | best measured fitness | x1 | x2...
1 +2.280672555e+02 +2.280672555e+02 +3.284872555e+02 +3.284872555e+02 -2.1446e+00 +3.7208e+00 -1.8101e+00 -2.8254e+00 +1.5019e+00 +2.9342e+00 -8.2957e-01 +2.9036e+00 +8.3649e-01 +1.3705e+00
12 +1.354208976e+02 +1.354208976e+02 +2.358408976e+02 +2.358408976e+02 +6.5119e-01 +8.5162e+00 -5.6237e-01 +1.4646e-01 +4.6571e+00 +5.4035e+00 +8.6386e-01 -1.1330e+00 -1.8192e+00 +6.5654e+00
42 +9.338404850e+01 +9.338404850e+01 +1.938040485e+02 +1.938040485e+02 +3.9137e+00 +7.2040e+00 -5.5785e-01 -1.5677e+00 +2.6414e+00 +6.6540e+00 -1.8623e+00 -8.4528e+00 -1.3092e+01 +5.7497e+00
76 +6.145590791e+01 +6.145590791e+01 +1.618759079e+02 +1.618759079e+02 -4.8636e-01 +3.9994e-01 -5.1939e+00 -4.2848e+00 -6.9194e-01 +1.3812e+01 +5.8395e+00 -5.4853e+00 -7.4760e+00 +1.8146e+01
99 +3.339188040e+01 +3.339188040e+01 +1.338118804e+02 +1.338118804e+02 +4.4825e+00 -1.2377e+00 -1.3241e+00 -1.6728e+00 -3.8896e+00 +1.1175e+01 +7.9218e+00 -6.3905e+00 -1.1331e+01 +1.1608e+01
104 +2.005951640e+01 +2.005951640e+01 +1.204795164e+02 +1.204795164e+02 +8.6672e+00 -2.8401e+00 -1.9401e+00 +9.5482e+00 -2.9540e+00 +1.2959e+01 +7.1642e+00 -1.4250e+01 -1.4363e+01 +1.4983e+01
120 +1.568486162e+01 +1.568486162e+01 +1.161048616e+02 +1.161048616e+02 +1.3139e+01 -2.9514e+00 -2.8166e+00 +9.3778e+00 -9.5820e+00 +1.0548e+01 +1.2549e+01 -1.3947e+01 -1.1574e+01 +8.0485e+00
124 +1.421085472e-14 +1.421085472e-14 +1.004200000e+02 +1.004200000e+02 +1.0030e+01 -5.6007e+00 +5.1588e+00 +6.2567e+00 -1.3196e+01 +1.3602e+01 +9.1994e+00 -1.6021e+01 -1.4241e+01 +1.0510e+01
% function evaluation | noise-free fitness - Fopt (-7.530000000000e+00) | best noise-free fitness - Fopt | measured fitness | best measured fitness | x1 | x2...
1 +1.870682557e+02 +1.870682557e+02 +1.795382557e+02 +1.795382557e+02 +6.5963e-01 -1.1429e+00 -2.3636e+00 +6.3720e-01 +6.6707e-01 -1.6768e+00 +3.8186e-01 -3.7844e+00 +2.1995e+00 +3.2058e+00
2 +1.426987504e+02 +1.426987504e+02 +1.351687504e+02 +1.351687504e+02 -6.4176e-01 -1.5754e+00 -4.5412e+00 -1.5047e+00 +1.2325e+00 -1.6119e+00 +1.2709e+00 -2.6459e+00 +5.1247e+00 +5.5640e+00
36 +9.951410522e+01 +9.951410522e+01 +9.198410522e+01 +9.198410522e+01 -3.8318e+00 -1.2618e+00 -1.6139e+00 -1.8904e+00 +7.2543e-01 +4.3474e+00 -4.3443e+00 -3.4805e+00 +5.2511e+00 +6.1980e+00
52 +6.128325598e+01 +6.128325598e+01 +5.375325598e+01 +5.375325598e+01 -3.3037e+00 -5.2835e+00 -3.1884e+00 -3.9867e+00 +5.4455e+00 +2.5645e+00 -5.2881e+00 +2.6513e-01 +5.5831e+00 +8.9094e+00
71 +3.979597496e+01 +3.979597496e+01 +3.226597496e+01 +3.226597496e+01 -1.7812e+00 -1.3308e+00 -3.6133e+00 -7.5753e+00 +8.9502e+00 +3.0939e+00 -7.8246e+00 +3.8227e+00 +8.2046e+00 +8.3663e+00
81 +2.162994646e+01 +2.162994646e+01 +1.409994646e+01 +1.409994646e+01 +5.4078e+00 -4.1600e+00 +4.3802e+00 -9.8483e+00 +8.3196e+00 +6.6181e+00 -7.4638e+00 +5.8689e+00 +2.4801e+00 +8.2693e+00
89 +3.013485668e+00 +3.013485668e+00 -4.516514332e+00 -4.516514332e+00 +7.5737e+00 -1.0168e+01 +3.1935e+00 -5.5665e+00 +1.1614e+01 +9.3235e+00 -6.1949e+00 +8.6468e+00 +6.9816e+00 +5.1227e+00
103 +7.789523235e-01 +7.789523235e-01 -6.751047676e+00 -6.751047676e+00 +4.2210e+00 -9.7143e+00 +7.4427e+00 -9.2033e+00 +1.6878e+01 +1.2675e+01 -1.6340e+01 +1.1883e+01 +1.0527e+01 +1.7917e+01
108 -8.881784197e-16 -8.881784197e-16 -7.530000000e+00 -7.530000000e+00 +7.2863e+00 -1.0679e+01 +8.2214e+00 -1.1389e+01 +7.9881e+00 +1.1211e+01 -1.3468e+01 +7.2206e+00 +1.0208e+01 +1.3742e+01
