% function evaluation | noise-free fitness - Fopt (-6.211100000000e+02) | best noise-free fitness - Fopt | measured fitness | best measured fitness | x1 | x2...
1 +5.630843490e+07 +5.630843490e+07 +5.630781379e+07 +5.630781379e+07 -2.5605e+00 +3.4877e+00 +1.7656e+00 -1.5134e-01 +4.0435e+00 -2.7344e-01 +1.9589e-01 +9.4606e-01 +1.5297e+00 +3.9314e+00
67 +3.269707725e+07 +3.269707725e+07 +3.269645614e+07 +3.269645614e+07 -4.7120e+00 +5.0000e+00 -5.8432e-01 -1.5257e+00 +2.5390e+00 +7.1201e-01 -2.3747e+00 -1.0803e+00 +4.5040e+00 +1.6007e+00
162 +1.662426170e+07 +1.662426170e+07 +1.662364059e+07 +1.662364059e+07 -4.7550e+00 +5.0000e+00 -4.2113e-02 -2.9639e+00 +1.6141e+00 -1.0622e+00 +6.3782e-01 +4.8328e-02 +2.2473e+00 -7.4987e-01
170 +1.252915146e+07 +1.252915146e+07 +1.252853035e+07 +1.252853035e+07 +0.0000e+00 +4.8544e+00 -2.0260e+00 -3.1446e+00 +2.5972e+00 -1.1238e+00 +0.0000e+00 -1.5779e+00 +4.3349e+00 +1.2691e+00
329 +4.358208825e+06 +4.358208825e+06 +4.357587715e+06 +4.357587715e+06 -1.4625e+00 +5.0000e+00 -3.0387e-01 -2.3662e+00 +3.6503e-01 -6.9512e-01 +4.1940e-01 -1.4918e+00 +2.0477e+00 -9.8959e-01
654 +3.717774021e+06 +3.717774021e+06 +3.717152911e+06 +3.717152911e+06 -3.1843e-01 +5.0000e+00 -3.2222e-01 -2.9231e+00 +1.8284e+00 -1.8044e+00 +5.8745e-01 -1.3338e+00 +1.8652e+00 -3.9181e-01
1317 +2.465303818e+06 +2.465303818e+06 +2.464682708e+06 +2.464682708e+06 -9.8013e-01 +4.3728e+00 +4.8946e-02 -2.6509e+00 +1.3534e+00 -1.3440e+00 +7.5388e-01 +1.1259e-01 +1.5803e+00 -6.9334e-01
1611 +1.277812573e+06 +1.277812573e+06 +1.277191463e+06 +1.277191463e+06 -7.2492e-01 +3.2152e+00 -1.4170e-01 -4.0234e+00 +0.0000e+00 -2.1058e+00 +7.0087e-01 -9.2589e-01 +1.7041e+00 -2.8535e-01
1776 +8.752619341e+05 +8.752619341e+05 +8.746408241e+05 +8.746408241e+05 -1.0017e+00 +3.2416e+00 -4.4142e-01 -3.5235e+00 +0.0000e+00 -2.1469e+00 +1.1016e+00 -3.3238e-01 +1.2605e+00 -5.2570e-01
1937 +5.354916888e+05 +5.354916888e+05 +5.348705788e+05 +5.348705788e+05 -1.5999e+00 +3.8599e+00 -1.3204e-01 -3.4202e+00 +1.2552e-01 -1.9784e+00 +1.7171e+00 -6.0595e-01 +1.3159e+00 -3.0696e-01
2224 +3.724443020e+05 +3.724443020e+05 +3.718231920e+05 +3.718231920e+05 -9.8598e-01 +3.8047e+00 -3.6893e-01 -3.7976e+00 +1.6903e-01 -2.1295e+00 +1.7369e+00 -4.8619e-01 +1.2466e+00 -4.2734e-01
2303 +1.677734559e+05 +1.677734559e+05 +1.671523459e+05 +1.671523459e+05 -1.1142e+00 +3.8744e+00 -2.7447e-01 -3.6586e+00 +1.8403e-01 -1.8944e+00 +1.4937e+00 -4.7169e-01 +1.2449e+00 -4.5933e-01
2589 +1.336528288e+05 +1.336528288e+05 +1.330317188e+05 +1.330317188e+05 -1.1070e+00 +3.9469e+00 -2.2015e-01 -3.7403e+00 +1.4099e-01 -1.8714e+00 +1.4426e+00 -4.7854e-01 +1.2890e+00 -4.3715e-01
2761 +9.144875247e+04 +9.144875247e+04 +9.082764247e+04 +9.082764247e+04 -1.0118e+00 +3.8300e+00 -3.1520e-01 -3.6992e+00 +6.5788e-02 -1.9010e+00 +1.3727e+00 -6.1662e-01 +1.3245e+00 -4.9495e-01
2853 +6.154027780e+04 +6.154027780e+04 +6.091916780e+04 +6.091916780e+04 -1.1768e+00 +3.8650e+00 -4.0868e-01 -3.6744e+00 +7.7378e-02 -1.8577e+00 +1.2938e+00 -8.0539e-01 +1.3586e+00 -3.7512e-01
2887 +2.285011213e+04 +2.285011213e+04 +2.222900213e+04 +2.222900213e+04 -1.0573e+00 +3.9255e+00 -8.8335e-02 -3.6123e+00 +0.0000e+00 -1.8678e+00 +1.1884e+00 -8.0937e-01 +1.3489e+00 -4.0581e-01
3090 +1.038394944e+04 +1.038394944e+04 +9.762839438e+03 +9.762839438e+03 -1.0648e+00 +3.9427e+00 -2.1168e-01 -3.6141e+00 +1.2144e-03 -1.9529e+00 +1.2621e+00 -8.2933e-01 +1.3637e+00 -3.6017e-01
3144 +8.035561838e+03 +8.035561838e+03 +7.414451838e+03 +7.414451838e+03 -1.0661e+00 +3.9618e+00 -1.8040e-01 -3.6633e+00 +2.3388e-03 -1.9641e+00 +1.2992e+00 -7.8086e-01 +1.3735e+00 -3.0727e-01
3382 +5.957675987e+03 +5.957675987e+03 +5.336565987e+03 +5.336565987e+03 -1.0610e+00 +3.9820e+00 -1.9179e-01 -3.6520e+00 +9.7804e-04 -1.9366e+00 +1.2823e+00 -7.6891e-01 +1.3666e+00 -3.0846e-01
3449 +3.570756642e+03 +3.570756642e+03 +2.949646642e+03 +2.949646642e+03 -1.0447e+00 +3.9852e+00 -1.7028e-01 -3.5859e+00 +0.0000e+00 -1.9363e+00 +1.2819e+00 -7.8112e-01 +1.3591e+00 -3.5488e-01
3520 +2.220548369e+03 +2.220548369e+03 +1.599438369e+03 +1.599438369e+03 -9.9302e-01 +3.9940e+00 -1.5374e-01 -3.6582e+00 +0.0000e+00 -1.9498e+00 +1.2614e+00 -7.6367e-01 +1.3231e+00 -3.5411e-01
3586 +1.014086148e+03 +1.014086148e+03 +3.929761476e+02 +3.929761476e+02 -1.0318e+00 +4.0137e+00 -1.6265e-01 -3.6504e+00 +0.0000e+00 -1.9541e+00 +1.2605e+00 -7.6684e-01 +1.3261e+00 -3.5141e-01
3630 +8.102310330e+02 +8.102310330e+02 +1.891210330e+02 +1.891210330e+02 -1.0345e+00 +3.9999e+00 -1.5035e-01 -3.6481e+00 +0.0000e+00 -1.9565e+00 +1.2689e+00 -7.7784e-01 +1.3463e+00 -3.6036e-01
3703 +5.765071123e+02 +5.765071123e+02 -4.460288770e+01 -4.460288770e+01 -1.0444e+00 +3.9964e+00 -1.4655e-01 -3.6497e+00 +0.0000e+00 -1.9591e+00 +1.2739e+00 -7.7917e-01 +1.3339e+00 -3.6254e-01
3739 +2.146206488e+02 +2.146206488e+02 -4.064893512e+02 -4.064893512e+02 -1.0360e+00 +3.9954e+00 -1.4265e-01 -3.6416e+00 +0.0000e+00 -1.9577e+00 +1.2813e+00 -7.7555e-01 +1.3151e+00 -3.6684e-01
3859 +9.228812887e+01 +9.228812887e+01 -5.288218711e+02 -5.288218711e+02 -1.0366e+00 +3.9951e+00 -1.4630e-01 -3.6407e+00 +0.0000e+00 -1.9559e+00 +1.2783e+00 -7.6645e-01 +1.3173e+00 -3.6706e-01
3882 +4.880695487e+01 +4.880695487e+01 -5.723030451e+02 -5.723030451e+02 -1.0331e+00 +3.9950e+00 -1.4862e-01 -3.6412e+00 +0.0000e+00 -1.9554e+00 +1.2766e+00 -7.6645e-01 +1.3284e+00 -3.7101e-01
4001 +2.286226075e+01 +2.286226075e+01 -5.982477392e+02 -5.982477392e+02 -1.0339e+00 +4.0043e+00 -1.5104e-01 -3.6411e+00 +0.0000e+00 -1.9538e+00 +1.2758e+00 -7.6572e-01 +1.3251e+00 -3.7188e-01
4067 +1.057361141e+01 +1.057361141e+01 -6.105363886e+02 -6.105363886e+02 -1.0348e+00 +4.0030e+00 -1.4951e-01 -3.6411e+00 +0.0000e+00 -1.9543e+00 +1.2802e+00 -7.6546e-01 +1.3253e+00 -3.7070e-01
4144 +4.982813092e+00 +4.982813092e+00 -6.161271869e+02 -6.161271869e+02 -1.0336e+00 +4.0009e+00 -1.4833e-01 -3.6412e+00 +0.0000e+00 -1.9552e+00 +1.2793e+00 -7.6528e-01 +1.3257e+00 -3.7173e-01
4276 +3.832601680e+00 +3.832601680e+00 -6.172773983e+02 -6.172773983e+02 -1.0334e+00 +4.0008e+00 -1.4863e-01 -3.6413e+00 +0.0000e+00 -1.9549e+00 +1.2800e+00 -7.6525e-01 +1.3257e+00 -3.7020e-01
4390 +2.436997265e+00 +2.436997265e+00 -6.186730027e+02 -6.186730027e+02 -1.0334e+00 +4.0003e+00 -1.4936e-01 -3.6406e+00 +0.0000e+00 -1.9555e+00 +1.2799e+00 -7.6579e-01 +1.3246e+00 -3.6995e-01
4481 +1.299786512e+00 +1.299786512e+00 -6.198102135e+02 -6.198102135e+02 -1.0334e+00 +4.0016e+00 -1.4917e-01 -3.6402e+00 +0.0000e+00 -1.9556e+00 +1.2797e+00 -7.6623e-01 +1.3247e+00 -3.7025e-01
4521 +9.777305976e-01 +9.777305976e-01 -6.201322694e+02 -6.201322694e+02 -1.0330e+00 +4.0015e+00 -1.4920e-01 -3.6401e+00 +0.0000e+00 -1.9557e+00 +1.2797e+00 -7.6613e-01 +1.3250e+00 -3.7031e-01
4641 +6.089214357e-01 +6.089214357e-01 -6.205010786e+02 -6.205010786e+02 -1.0329e+00 +4.0013e+00 -1.4900e-01 -3.6402e+00 +0.0000e+00 -1.9558e+00 +1.2795e+00 -7.6612e-01 +1.3249e+00 -3.7017e-01
4742 +3.939714849e-01 +3.939714849e-01 -6.207160285e+02 -6.207160285e+02 -1.0328e+00 +4.0014e+00 -1.4863e-01 -3.6405e+00 +0.0000e+00 -1.9558e+00 +1.2792e+00 -7.6596e-01 +1.3249e+00 -3.7019e-01
% function evaluation | noise-free fitness - Fopt (-2.548200000000e+02) | best noise-free fitness - Fopt | measured fitness | best measured fitness | x1 | x2...
1 +5.271797859e+07 +5.271797859e+07 +5.271772377e+07 +5.271772377e+07 +1.1248e+00 +1.8981e+00 -8.8843e-01 +4.6499e+00 -2.1985e-02 +1.2393e+00 -3.5042e+00 +3.8649e+00 +2.8063e+00 +3.5099e+00
62 +3.882913327e+07 +3.882913327e+07 +3.882887845e+07 +3.882887845e+07 -1.6857e-02 +5.0000e+00 -2.4152e+00 +5.0140e-01 -1.6912e+00 +1.5791e-01 -4.9507e-01 +2.7656e+00 +5.0000e+00 +5.0406e-01
161 +9.202058521e+06 +9.202058521e+06 +9.201803701e+06 +9.201803701e+06 +3.4617e+00 +3.1822e+00 +0.0000e+00 -1.1983e+00 -1.0068e+00 -4.5296e-03 -1.3870e+00 +1.8914e+00 -3.5453e-01 +3.9221e+00
835 +3.571256178e+06 +3.571256178e+06 +3.571001358e+06 +3.571001358e+06 +3.4266e+00 +4.9281e+00 -6.2598e-01 -1.5450e+00 -2.3187e+00 -1.1407e-01 -1.7652e+00 +2.5072e+00 +4.5260e-01 +3.5518e+00
1185 +1.381372946e+06 +1.381372946e+06 +1.381118126e+06 +1.381118126e+06 +3.7757e+00 +4.3783e+00 +5.4232e-01 -1.2556e+00 -2.5279e+00 -6.6527e-01 -9.7694e-01 +2.5469e+00 +1.4741e+00 +2.7568e+00
1396 +9.037195760e+05 +9.037195760e+05 +9.034647560e+05 +9.034647560e+05 +3.2492e+00 +4.8052e+00 -1.7254e-01 -6.4959e-01 -2.3818e+00 -1.1794e+00 -1.2044e+00 +2.5800e+00 +4.4801e-01 +2.9636e+00
1716 +4.225544782e+05 +4.225544782e+05 +4.222996582e+05 +4.222996582e+05 +3.9561e+00 +4.2002e+00 -1.7139e-01 -5.6140e-01 -2.4799e+00 -1.1858e+00 -1.3498e+00 +2.3897e+00 +1.2666e+00 +3.1623e+00
1796 +3.709166395e+05 +3.709166395e+05 +3.706618195e+05 +3.706618195e+05 +3.4938e+00 +3.7337e+00 -2.9574e-01 -8.6164e-01 -2.4780e+00 -1.1541e+00 -1.5242e+00 +2.3673e+00 +1.2815e+00 +3.5123e+00
2036 +2.163005564e+05 +2.163005564e+05 +2.160457364e+05 +2.160457364e+05 +3.8022e+00 +3.8535e+00 -3.4776e-01 -9.9152e-01 -2.4780e+00 -1.0712e+00 -1.1845e+00 +2.3881e+00 +1.3147e+00 +3.3312e+00
2116 +1.507362721e+05 +1.507362721e+05 +1.504814521e+05 +1.504814521e+05 +3.8957e+00 +3.9150e+00 -3.0065e-01 -9.8430e-01 -2.4780e+00 -9.6808e-01 -1.3625e+00 +2.4479e+00 +1.2658e+00 +3.2078e+00
2257 +8.843979074e+04 +8.843979074e+04 +8.818497074e+04 +8.818497074e+04 +3.6710e+00 +3.8216e+00 -1.9478e-01 -1.0304e+00 -2.5324e+00 -9.5632e-01 -1.2737e+00 +2.4369e+00 +1.2265e+00 +3.1705e+00
2377 +4.538027697e+04 +4.538027697e+04 +4.512545697e+04 +4.512545697e+04 +3.6412e+00 +3.7149e+00 -1.9586e-01 -1.0356e+00 -2.5652e+00 -1.0173e+00 -1.2757e+00 +2.4555e+00 +1.0987e+00 +3.1698e+00
2416 +3.395105860e+04 +3.395105860e+04 +3.369623860e+04 +3.369623860e+04 +3.6657e+00 +3.7713e+00 -1.5506e-01 -9.1302e-01 -2.5073e+00 -9.7869e-01 -1.2556e+00 +2.4700e+00 +1.0688e+00 +3.1892e+00
2623 +1.983350889e+04 +1.983350889e+04 +1.957868889e+04 +1.957868889e+04 +3.6773e+00 +3.8421e+00 -1.1560e-01 -9.1524e-01 -2.4619e+00 -1.0217e+00 -1.2659e+00 +2.5032e+00 +1.0170e+00 +3.1639e+00
2680 +1.413969736e+04 +1.413969736e+04 +1.388487736e+04 +1.388487736e+04 +3.6814e+00 +3.7304e+00 -7.6779e-02 -9.4954e-01 -2.4787e+00 -1.0140e+00 -1.2896e+00 +2.4890e+00 +1.0681e+00 +3.0349e+00
2830 +9.721991159e+03 +9.721991159e+03 +9.467171159e+03 +9.467171159e+03 +3.6847e+00 +3.7740e+00 -9.2269e-02 -9.3677e-01 -2.4962e+00 -1.0214e+00 -1.3239e+00 +2.4854e+00 +1.0597e+00 +3.0638e+00
2918 +5.819305678e+03 +5.819305678e+03 +5.564485678e+03 +5.564485678e+03 +3.8175e+00 +3.7514e+00 -1.5480e-01 -9.6614e-01 -2.5081e+00 -1.0321e+00 -1.3344e+00 +2.5356e+00 +1.0463e+00 +3.0475e+00
3113 +3.851347112e+03 +3.851347112e+03 +3.596527112e+03 +3.596527112e+03 +3.7810e+00 +3.7613e+00 -1.7019e-01 -9.9685e-01 -2.5241e+00 -9.7976e-01 -1.3123e+00 +2.5314e+00 +1.0379e+00 +3.0707e+00
3273 +2.222042705e+03 +2.222042705e+03 +1.967222705e+03 +1.967222705e+03 +3.8263e+00 +3.7029e+00 -1.7376e-01 -1.0030e+00 -2.5192e+00 -9.7961e-01 -1.3012e+00 +2.5310e+00 +1.0383e+00 +3.0736e+00
3400 +1.562454731e+03 +1.562454731e+03 +1.307634731e+03 +1.307634731e+03 +3.7974e+00 +3.7376e+00 -1.3217e-01 -1.0027e+00 -2.4932e+00 -9.9980e-01 -1.3056e+00 +2.5475e+00 +1.0394e+00 +3.0773e+00
3444 +9.380273389e+02 +9.380273389e+02 +6.832073389e+02 +6.832073389e+02 +3.7520e+00 +3.7305e+00 -1.1096e-01 -9.6468e-01 -2.4980e+00 -9.9747e-01 -1.3025e+00 +2.5590e+00 +1.0371e+00 +3.0779e+00
3490 +5.560439272e+02 +5.560439272e+02 +3.012239272e+02 +3.012239272e+02 +3.7517e+00 +3.7472e+00 -1.1032e-01 -9.5413e-01 -2.5010e+00 -9.9591e-01 -1.3115e+00 +2.5603e+00 +1.0375e+00 +3.0765e+00
3690 +2.903996733e+02 +2.903996733e+02 +3.557967330e+01 +3.557967330e+01 +3.7501e+00 +3.7599e+00 -1.2276e-01 -9.5870e-01 -2.5008e+00 -9.9559e-01 -1.3152e+00 +2.5648e+00 +1.0263e+00 +3.0796e+00
3787 +2.380268791e+02 +2.380268791e+02 -1.679312093e+01 -1.679312093e+01 +3.7492e+00 +3.7471e+00 -1.2484e-01 -9.5745e-01 -2.5013e+00 -9.9587e-01 -1.3191e+00 +2.5637e+00 +1.0243e+00 +3.0731e+00
3868 +1.558425145e+02 +1.558425145e+02 -9.897748553e+01 -9.897748553e+01 +3.7558e+00 +3.7475e+00 -1.2711e-01 -9.5732e-01 -2.5011e+00 -9.9716e-01 -1.3201e+00 +2.5648e+00 +1.0219e+00 +3.0745e+00
3939 +8.570593113e+01 +8.570593113e+01 -1.691140689e+02 -1.691140689e+02 +3.7598e+00 +3.7449e+00 -1.2666e-01 -9.5741e-01 -2.5007e+00 -1.0003e+00 -1.3205e+00 +2.5640e+00 +1.0216e+00 +3.0818e+00
4087 +5.722315425e+01 +5.722315425e+01 -1.975968457e+02 -1.975968457e+02 +3.7607e+00 +3.7472e+00 -1.2459e-01 -9.5789e-01 -2.5016e+00 -1.0018e+00 -1.3211e+00 +2.5631e+00 +1.0210e+00 +3.0783e+00
4134 +2.561172979e+01 +2.561172979e+01 -2.292082702e+02 -2.292082702e+02 +3.7610e+00 +3.7468e+00 -1.2448e-01 -9.6178e-01 -2.5022e+00 -1.0036e+00 -1.3159e+00 +2.5626e+00 +1.0208e+00 +3.0778e+00
4164 +2.125846060e+01 +2.125846060e+01 -2.335615394e+02 -2.335615394e+02 +3.7611e+00 +3.7476e+00 -1.2364e-01 -9.6007e-01 -2.5023e+00 -1.0049e+00 -1.3173e+00 +2.5620e+00 +1.0204e+00 +3.0777e+00
4296 +1.230895705e+01 +1.230895705e+01 -2.425110430e+02 -2.425110430e+02 +3.7600e+00 +3.7470e+00 -1.2562e-01 -9.5937e-01 -2.5020e+00 -1.0046e+00 -1.3157e+00 +2.5597e+00 +1.0206e+00 +3.0797e+00
4321 +7.979550661e+00 +7.979550661e+00 -2.468404493e+02 -2.468404493e+02 +3.7605e+00 +3.7467e+00 -1.2353e-01 -9.5836e-01 -2.5006e+00 -1.0045e+00 -1.3145e+00 +2.5611e+00 +1.0204e+00 +3.0802e+00
4367 +6.150961002e+00 +6.150961002e+00 -2.486690390e+02 -2.486690390e+02 +3.7605e+00 +3.7470e+00 -1.2332e-01 -9.5864e-01 -2.5009e+00 -1.0041e+00 -1.3154e+00 +2.5610e+00 +1.0203e+00 +3.0803e+00
4484 +3.069921889e+00 +3.069921889e+00 -2.517500781e+02 -2.517500781e+02 +3.7603e+00 +3.7472e+00 -1.2328e-01 -9.5870e-01 -2.5001e+00 -1.0037e+00 -1.3156e+00 +2.5608e+00 +1.0203e+00 +3.0790e+00
4564 +2.340523901e+00 +2.340523901e+00 -2.524794761e+02 -2.524794761e+02 +3.7602e+00 +3.7473e+00 -1.2311e-01 -9.5877e-01 -2.4997e+00 -1.0034e+00 -1.3156e+00 +2.5606e+00 +1.0201e+00 +3.0790e+00
4660 +1.492855685e+00 +1.492855685e+00 -2.533271443e+02 -2.533271443e+02 +3.7599e+00 +3.7473e+00 -1.2351e-01 -9.5860e-01 -2.4994e+00 -1.0034e+00 -1.3154e+00 +2.5602e+00 +1.0199e+00 +3.0792e+00
4748 +9.373656902e-01 +9.373656902e-01 -2.538826343e+02 -2.538826343e+02 +3.7603e+00 +3.7473e+00 -1.2337e-01 -9.5857e-01 -2.4993e+00 -1.0035e+00 -1.3156e+00 +2.5600e+00 +1.0196e+00 +3.0795e+00
4804 +5.299354386e-01 +5.299354386e-01 -2.542900646e+02 -2.542900646e+02 +3.7601e+00 +3.7473e+00 -1.2341e-01 -9.5861e-01 -2.4992e+00 -1.0036e+00 -1.3156e+00 +2.5597e+00 +1.0196e+00 +3.0792e+00
4881 +3.931730130e-01 +3.931730130e-01 -2.544268270e+02 -2.544268270e+02 +3.7602e+00 +3.7473e+00 -1.2341e-01 -9.5858e-01 -2.4993e+00 -1.0037e+00 -1.3157e+00 +2.5596e+00 +1.0196e+00 +3.0792e+00
4976 +2.432170009e-01 +2.432170009e-01 -2.545767830e+02 -2.545767830e+02 +3.7605e+00 +3.7473e+00 -1.2340e-01 -9.5879e-01 -2.4992e+00 -1.0037e+00 -1.3156e+00 +2.5595e+00 +1.0200e+00 +3.0794e+00
% function evaluation | noise-free fitness - Fopt (5.661000000000e+01) | best noise-free fitness - Fopt | measured fitness | best measured fitness | x1 | x2...
1 +2.582021963e+08 +2.582021963e+08 +2.582022529e+08 +2.582022529e+08 +4.5890e+00 +2.3401e+00 -1.8479e+00 +1.2344e+00 +1.5958e+00 -4.6426e+00 +4.1038e+00 +4.6176e+00 -3.9071e+00 +2.5185e+00
3 +1.907723067e+08 +1.907723067e+08 +1.907723634e+08 +1.907723634e+08 +1.9027e+00 -2.3071e+00 -2.1253e+00 +2.8871e+00 +3.4024e-01 +2.0274e+00 -4.1201e+00 -3.3343e+00 +3.0481e+00 -8.3089e-01
4 +1.284505271e+08 +1.284505271e+08 +1.284505837e+08 +1.284505837e+08 -4.5855e+00 +2.9976e+00 -4.9071e+00 +8.9826e-01 +9.4494e-01 -1.0599e+00 -1.8833e+00 +3.4510e+00 -6.7075e-01 +8.9478e-01
20 +6.156468567e+07 +6.156468567e+07 +6.156474228e+07 +6.156474228e+07 -2.2660e+00 -6.9029e-01 -1.8767e+00 -4.0658e+00 -1.5029e+00 -2.2674e+00 +3.7395e+00 -4.1062e+00 -3.9948e+00 +2.9971e+00
43 +3.356518990e+07 +3.356518990e+07 +3.356524651e+07 +3.356524651e+07 -3.0973e+00 -1.3862e+00 -1.3420e+00 -2.1129e+00 -5.4514e-01 -2.9726e+00 +8.7987e-01 -5.0000e+00 -1.9519e+00 +2.7756e+00
47 +2.452520346e+07 +2.452520346e+07 +2.452526007e+07 +2.452526007e+07 -3.5775e+00 -2.9355e+00 -3.7081e+00 -1.2953e+00 -1.0503e+00 -1.0173e+00 +5.0000e+00 -9.6413e-01 -5.0000e+00 +2.7210e+00
126 +1.134573480e+07 +1.134573480e+07 +1.134579141e+07 +1.134579141e+07 -3.1476e+00 -4.5413e+00 -5.0000e+00 +2.1898e+00 +5.0472e-01 -2.7011e+00 +5.0000e+00 -2.3018e+00 -5.0000e+00 -9.3517e-01
271 +9.245298828e+06 +9.245298828e+06 +9.245355438e+06 +9.245355438e+06 -4.9282e+00 -3.6637e+00 -4.3780e+00 +1.1455e+00 -2.5690e+00 -2.9995e+00 +4.8776e+00 -3.3340e+00 -2.6183e+00 -5.7143e-01
577 +5.567124974e+06 +5.567124974e+06 +5.567181584e+06 +5.567181584e+06 -2.9571e+00 -3.5780e+00 -4.6040e+00 +1.5789e+00 -2.9851e+00 -2.8613e+00 +4.1552e+00 -3.4670e+00 -9.9928e-01 +1.9151e+00
883 +2.749820064e+06 +2.749820064e+06 +2.749876674e+06 +2.749876674e+06 -3.1236e+00 -2.5000e+00 -3.8740e+00 +3.8348e-01 -2.3473e+00 -2.8755e+00 +2.4219e+00 -1.9527e+00 -2.5246e+00 +6.7866e-01
977 +1.486298227e+06 +1.486298227e+06 +1.486354837e+06 +1.486354837e+06 -3.3379e+00 -2.1623e+00 -4.5645e+00 +5.1805e-01 -2.6843e+00 -2.0251e+00 +3.8005e+00 -3.1750e+00 -2.2736e+00 +1.5026e+00
1584 +8.820536952e+05 +8.820536952e+05 +8.821103052e+05 +8.821103052e+05 -4.0031e+00 -2.0008e+00 -4.3284e+00 +8.6035e-01 -2.9586e+00 -2.9606e+00 +3.0698e+00 -3.4279e+00 -8.7276e-01 +1.5939e+00
1624 +5.864266794e+05 +5.864266794e+05 +5.864832894e+05 +5.864832894e+05 -4.1975e+00 -2.1528e+00 -3.8943e+00 +9.8612e-01 -2.8978e+00 -2.8732e+00 +3.1229e+00 -3.4136e+00 -8.6905e-01 +1.9960e+00
1893 +2.595833119e+05 +2.595833119e+05 +2.596399219e+05 +2.596399219e+05 -3.9839e+00 -2.2532e+00 -3.5429e+00 +5.7616e-01 -3.4810e+00 -2.1833e+00 +2.9389e+00 -3.3764e+00 -7.3826e-01 +1.9915e+00
1949 +1.685853323e+05 +1.685853323e+05 +1.686419423e+05 +1.686419423e+05 -3.9849e+00 -2.1867e+00 -3.5671e+00 +1.8238e-01 -3.0733e+00 -2.4602e+00 +3.0983e+00 -3.5277e+00 -9.5093e-01 +1.8789e+00
2121 +1.143080700e+05 +1.143080700e+05 +1.143646800e+05 +1.143646800e+05 -3.8438e+00 -2.2391e+00 -3.6047e+00 +7.5441e-01 -3.2449e+00 -2.3427e+00 +3.1007e+00 -3.2407e+00 -1.2153e+00 +2.0023e+00
2249 +8.575597290e+04 +8.575597290e+04 +8.581258290e+04 +8.581258290e+04 -3.7803e+00 -2.1956e+00 -3.6592e+00 +3.7433e-01 -3.1967e+00 -2.4080e+00 +3.0930e+00 -3.7588e+00 -8.5984e-01 +1.9723e+00
2459 +5.735515927e+04 +5.735515927e+04 +5.741176927e+04 +5.741176927e+04 -3.8615e+00 -2.3512e+00 -3.8833e+00 +4.5321e-01 -3.1676e+00 -2.3449e+00 +3.0672e+00 -3.4086e+00 -1.2745e+00 +1.8900e+00
2638 +3.338365250e+04 +3.338365250e+04 +3.344026250e+04 +3.344026250e+04 -3.8408e+00 -2.2596e+00 -3.7730e+00 +4.5671e-01 -3.1982e+00 -2.3278e+00 +3.0652e+00 -3.4088e+00 -1.1829e+00 +1.9218e+00
2761 +1.770791084e+04 +1.770791084e+04 +1.776452084e+04 +1.776452084e+04 -3.8230e+00 -2.1326e+00 -3.7217e+00 +5.2792e-01 -3.1682e+00 -2.3332e+00 +3.0666e+00 -3.4690e+00 -1.1362e+00 +1.9079e+00
2845 +7.767670528e+03 +7.767670528e+03 +7.824280528e+03 +7.824280528e+03 -3.8105e+00 -2.1591e+00 -3.7528e+00 +5.4816e-01 -3.1196e+00 -2.3736e+00 +3.0676e+00 -3.3781e+00 -1.1284e+00 +1.9114e+00
2960 +6.152988625e+03 +6.152988625e+03 +6.209598625e+03 +6.209598625e+03 -3.8109e+00 -2.1285e+00 -3.7246e+00 +5.5966e-01 -3.0658e+00 -2.3929e+00 +3.0746e+00 -3.3644e+00 -1.1868e+00 +1.9098e+00
3186 +3.395710305e+03 +3.395710305e+03 +3.452320305e+03 +3.452320305e+03 -3.8210e+00 -2.1522e+00 -3.7248e+00 +5.7385e-01 -3.0494e+00 -2.4048e+00 +3.0579e+00 -3.3808e+00 -1.1733e+00 +1.9030e+00
3318 +1.743224884e+03 +1.743224884e+03 +1.799834884e+03 +1.799834884e+03 -3.8332e+00 -2.1700e+00 -3.7335e+00 +5.5174e-01 -3.0445e+00 -2.3955e+00 +3.0602e+00 -3.3845e+00 -1.1578e+00 +1.9240e+00
3338 +1.090877781e+03 +1.090877781e+03 +1.147487781e+03 +1.147487781e+03 -3.8379e+00 -2.1596e+00 -3.7378e+00 +5.6024e-01 -3.0560e+00 -2.3952e+00 +3.0593e+00 -3.3876e+00 -1.1600e+00 +1.9385e+00
3361 +9.687206022e+02 +9.687206022e+02 +1.025330602e+03 +1.025330602e+03 -3.8408e+00 -2.1686e+00 -3.7365e+00 +5.4940e-01 -3.0386e+00 -2.3932e+00 +3.0596e+00 -3.3895e+00 -1.1581e+00 +1.9526e+00
3482 +5.258286039e+02 +5.258286039e+02 +5.824386039e+02 +5.824386039e+02 -3.8520e+00 -2.1870e+00 -3.7489e+00 +5.4413e-01 -3.0524e+00 -2.4085e+00 +3.0577e+00 -3.3948e+00 -1.1644e+00 +1.9530e+00
3494 +2.549669773e+02 +2.549669773e+02 +3.115769773e+02 +3.115769773e+02 -3.8468e+00 -2.1860e+00 -3.7430e+00 +5.6445e-01 -3.0504e+00 -2.4010e+00 +3.0399e+00 -3.4082e+00 -1.1660e+00 +1.9533e+00
3562 +1.955045642e+02 +1.955045642e+02 +2.521145642e+02 +2.521145642e+02 -3.8460e+00 -2.1832e+00 -3.7531e+00 +5.4963e-01 -3.0515e+00 -2.4053e+00 +3.0375e+00 -3.3920e+00 -1.1617e+00 +1.9532e+00
3662 +1.459636436e+02 +1.459636436e+02 +2.025736436e+02 +2.025736436e+02 -3.8486e+00 -2.1829e+00 -3.7574e+00 +5.5025e-01 -3.0522e+00 -2.4070e+00 +3.0437e+00 -3.3930e+00 -1.1636e+00 +1.9542e+00
3694 +8.991893562e+01 +8.991893562e+01 +1.465289356e+02 +1.465289356e+02 -3.8466e+00 -2.1820e+00 -3.7519e+00 +5.5409e-01 -3.0525e+00 -2.4049e+00 +3.0444e+00 -3.3943e+00 -1.1623e+00 +1.9538e+00
3761 +3.428969176e+01 +3.428969176e+01 +9.089969176e+01 +9.089969176e+01 -3.8473e+00 -2.1771e+00 -3.7486e+00 +5.5194e-01 -3.0533e+00 -2.4037e+00 +3.0428e+00 -3.4022e+00 -1.1659e+00 +1.9587e+00
3910 +2.038014023e+01 +2.038014023e+01 +7.699014023e+01 +7.699014023e+01 -3.8460e+00 -2.1790e+00 -3.7504e+00 +5.5853e-01 -3.0528e+00 -2.4037e+00 +3.0452e+00 -3.3998e+00 -1.1669e+00 +1.9566e+00
3965 +1.279673744e+01 +1.279673744e+01 +6.940673744e+01 +6.940673744e+01 -3.8454e+00 -2.1790e+00 -3.7514e+00 +5.5560e-01 -3.0535e+00 -2.4037e+00 +3.0443e+00 -3.3999e+00 -1.1667e+00 +1.9568e+00
4010 +7.533075226e+00 +7.533075226e+00 +6.414307523e+01 +6.414307523e+01 -3.8445e+00 -2.1787e+00 -3.7524e+00 +5.5631e-01 -3.0534e+00 -2.4036e+00 +3.0420e+00 -3.3998e+00 -1.1663e+00 +1.9593e+00
4109 +4.219773377e+00 +4.219773377e+00 +6.082977338e+01 +6.082977338e+01 -3.8451e+00 -2.1786e+00 -3.7518e+00 +5.5611e-01 -3.0531e+00 -2.4030e+00 +3.0437e+00 -3.4004e+00 -1.1681e+00 +1.9588e+00
4123 +3.415635080e+00 +3.415635080e+00 +6.002563508e+01 +6.002563508e+01 -3.8440e+00 -2.1788e+00 -3.7529e+00 +5.5636e-01 -3.0530e+00 -2.4034e+00 +3.0436e+00 -3.3995e+00 -1.1680e+00 +1.9591e+00
4163 +2.001917896e+00 +2.001917896e+00 +5.861191790e+01 +5.861191790e+01 -3.8451e+00 -2.1791e+00 -3.7528e+00 +5.5616e-01 -3.0518e+00 -2.4026e+00 +3.0440e+00 -3.4010e+00 -1.1684e+00 +1.9593e+00
4168 +1.378666685e+00 +1.378666685e+00 +5.798866668e+01 +5.798866668e+01 -3.8451e+00 -2.1795e+00 -3.7527e+00 +5.5519e-01 -3.0524e+00 -2.4030e+00 +3.0437e+00 -3.4010e+00 -1.1657e+00 +1.9598e+00
4320 +7.541588621e-01 +7.541588621e-01 +5.736415886e+01 +5.736415886e+01 -3.8450e+00 -2.1798e+00 -3.7531e+00 +5.5554e-01 -3.0526e+00 -2.4030e+00 +3.0437e+00 -3.4008e+00 -1.1671e+00 +1.9604e+00
4368 +3.699393485e-01 +3.699393485e-01 +5.697993935e+01 +5.697993935e+01 -3.8451e+00 -2.1798e+00 -3.7527e+00 +5.5556e-01 -3.0523e+00 -2.4029e+00 +3.0438e+00 -3.4008e+00 -1.1668e+00 +1.9604e+00
4615 +2.102093540e-01 +2.102093540e-01 +5.682020935e+01 +5.682020935e+01 -3.8446e+00 -2.1795e+00 -3.7524e+00 +5.5567e-01 -3.0522e+00 -2.4029e+00 +3.0438e+00 -3.4009e+00 -1.1671e+00 +1.9604e+00
% function evaluation | noise-free fitness - Fopt (-1.810000000000e+01) | best noise-free fitness - Fopt | measured fitness | best measured fitness | x1 | x2...
1 +1.378382127e+08 +1.378382127e+08 +1.378381946e+08 +1.378381946e+08 -3.6384e+00 +2.8821e+00 +9.6686e-01 +9.6868e-01 +4.6460e+00 -3.1714e-02 -4.8984e+00 -1.0090e+00 +3.5355e+00 -8.5904e-01
7 +3.729278320e+07 +3.729278320e+07 +3.729276510e+07 +3.729276510e+07 +4.2891e-01 -1.3301e+00 +4.0604e+00 +4.9981e+00 -9.8783e-02 -9.5122e-01 +2.7840e+00 -5.9591e-01 +3.3587e-01 +3.2557e+00
73 +1.925485026e+07 +1.925485026e+07 +1.925483216e+07 +1.925483216e+07 +1.8207e+00 -7.8049e-01 +5.0000e+00 +3.8008e+00 +3.5141e+00 +8.8150e-01 +2.9206e+00 -5.8914e-01 +2.0340e-01 +3.3600e+00
141 +1.170645999e+07 +1.170645999e+07 +1.170644189e+07 +1.170644189e+07 +0.0000e+00 -8.8968e-02 +1.4271e+00 +2.0143e+00 +3.2685e+00 +9.8749e-01 +2.4319e+00 -2.7687e-01 +8.8207e-01 +3.2982e+00
271 +8.774049150e+06 +8.774049150e+06 +8.774031050e+06 +8.774031050e+06 -1.9418e+00 +2.6712e-01 -3.5594e-01 +2.9924e+00 +1.1678e+00 +3.8679e+00 +3.6677e+00 -1.7705e+00 +2.0405e+00 +3.8454e+00
558 +3.154887974e+06 +3.154887974e+06 +3.154869874e+06 +3.154869874e+06 -7.2187e-01 +1.3410e+00 +3.1956e+00 +2.5502e+00 +1.5904e+00 +0.0000e+00 +3.0560e+00 -2.7799e+00 +6.1915e-01 +3.9441e+00
885 +1.879488024e+06 +1.879488024e+06 +1.879469924e+06 +1.879469924e+06 -1.8308e+00 +6.1984e-01 +1.7989e+00 +2.5451e+00 +1.0547e+00 +1.3641e+00 +2.5404e+00 -2.7770e+00 +2.0416e+00 +4.7502e+00
1365 +1.191694974e+06 +1.191694974e+06 +1.191676874e+06 +1.191676874e+06 -1.8309e+00 +9.7799e-01 +1.5735e+00 +2.5241e+00 +6.2182e-01 +2.1958e+00 +2.6273e+00 -2.0096e+00 +1.8871e+00 +4.8031e+00
1481 +9.845158416e+05 +9.845158416e+05 +9.844977416e+05 +9.844977416e+05 -1.8648e+00 +9.6878e-01 +1.5485e+00 +2.7606e+00 +8.8113e-01 +1.7376e+00 +2.7378e+00 -1.9785e+00 +1.8881e+00 +4.7533e+00
1622 +5.490416263e+05 +5.490416263e+05 +5.490235263e+05 +5.490235263e+05 -1.3838e+00 +1.1104e+00 +1.8388e+00 +2.9922e+00 +7.9901e-01 +1.8800e+00 +2.7998e+00 -2.4443e+00 +1.7134e+00 +4.3838e+00
1881 +3.457945101e+05 +3.457945101e+05 +3.457764101e+05 +3.457764101e+05 -1.3576e+00 +9.4669e-01 +2.0749e+00 +2.9876e+00 +8.7017e-01 +1.4440e+00 +2.9603e+00 -2.3875e+00 +1.7010e+00 +4.4845e+00
2055 +2.141195384e+05 +2.141195384e+05 +2.141014384e+05 +2.141014384e+05 -1.4004e+00 +7.9783e-01 +2.0085e+00 +2.7542e+00 +4.0477e-01 +1.4235e+00 +2.8503e+00 -2.1874e+00 +1.8234e+00 +4.1706e+00
2089 +1.574102110e+05 +1.574102110e+05 +1.573921110e+05 +1.573921110e+05 -1.4410e+00 +7.9033e-01 +1.8532e+00 +2.8144e+00 +5.4072e-01 +1.4582e+00 +2.9568e+00 -1.9730e+00 +1.8009e+00 +4.1132e+00
2337 +6.506234240e+04 +6.506234240e+04 +6.504424240e+04 +6.504424240e+04 -1.4335e+00 +8.0402e-01 +1.6883e+00 +2.9025e+00 +5.5804e-01 +1.5658e+00 +3.2109e+00 -2.0635e+00 +1.6363e+00 +4.1128e+00
2359 +5.439584997e+04 +5.439584997e+04 +5.437774997e+04 +5.437774997e+04 -1.5156e+00 +7.8079e-01 +1.9044e+00 +2.8576e+00 +7.7396e-01 +1.3534e+00 +3.1063e+00 -2.0814e+00 +1.6966e+00 +4.0855e+00
2627 +3.711579902e+04 +3.711579902e+04 +3.709769902e+04 +3.709769902e+04 -1.5786e+00 +8.8048e-01 +1.8377e+00 +2.8215e+00 +6.6114e-01 +1.5000e+00 +3.1302e+00 -2.2791e+00 +1.7958e+00 +4.0892e+00
2721 +2.078580351e+04 +2.078580351e+04 +2.076770351e+04 +2.076770351e+04 -1.5407e+00 +8.4771e-01 +1.8065e+00 +2.8213e+00 +6.6367e-01 +1.5134e+00 +3.0725e+00 -2.2983e+00 +1.7247e+00 +4.1089e+00
3002 +1.564343455e+04 +1.564343455e+04 +1.562533455e+04 +1.562533455e+04 -1.4952e+00 +8.5267e-01 +1.8282e+00 +2.8249e+00 +5.5202e-01 +1.4373e+00 +3.0519e+00 -2.3132e+00 +1.6396e+00 +4.0747e+00
3123 +9.083247687e+03 +9.083247687e+03 +9.065147687e+03 +9.065147687e+03 -1.5055e+00 +7.8067e-01 +1.8387e+00 +2.8248e+00 +6.1346e-01 +1.4893e+00 +3.0921e+00 -2.3115e+00 +1.6567e+00 +4.0853e+00
3264 +5.767761837e+03 +5.767761837e+03 +5.749661837e+03 +5.749661837e+03 -1.4437e+00 +8.2196e-01 +1.8865e+00 +2.8806e+00 +7.5439e-01 +1.3923e+00 +3.0569e+00 -2.2620e+00 +1.6240e+00 +4.0463e+00
3371 +2.363898778e+03 +2.363898778e+03 +2.345798778e+03 +2.345798778e+03 -1.4525e+00 +8.2255e-01 +1.8606e+00 +2.8859e+00 +6.7563e-01 +1.3903e+00 +3.1255e+00 -2.2514e+00 +1.6578e+00 +4.0360e+00
3546 +1.168086166e+03 +1.168086166e+03 +1.149986166e+03 +1.149986166e+03 -1.4665e+00 +8.2657e-01 +1.8683e+00 +2.8848e+00 +6.7412e-01 +1.3952e+00 +3.1128e+00 -2.2527e+00 +1.6460e+00 +4.0562e+00
3567 +6.332224745e+02 +6.332224745e+02 +6.151224745e+02 +6.151224745e+02 -1.4683e+00 +8.2083e-01 +1.8667e+00 +2.8777e+00 +6.6737e-01 +1.4037e+00 +3.1105e+00 -2.2574e+00 +1.6455e+00 +4.0548e+00
3607 +4.977472260e+02 +4.977472260e+02 +4.796472260e+02 +4.796472260e+02 -1.4744e+00 +8.1982e-01 +1.8676e+00 +2.8715e+00 +6.6771e-01 +1.4086e+00 +3.1067e+00 -2.2598e+00 +1.6430e+00 +4.0608e+00
3697 +3.947728007e+02 +3.947728007e+02 +3.766728007e+02 +3.766728007e+02 -1.4701e+00 +8.1549e-01 +1.8573e+00 +2.8668e+00 +6.7352e-01 +1.3996e+00 +3.1073e+00 -2.2700e+00 +1.6392e+00 +4.0638e+00
3771 +2.472522031e+02 +2.472522031e+02 +2.291522031e+02 +2.291522031e+02 -1.4745e+00 +8.1210e-01 +1.8643e+00 +2.8727e+00 +6.6778e-01 +1.4086e+00 +3.1074e+00 -2.2637e+00 +1.6431e+00 +4.0531e+00
3967 +1.583213718e+02 +1.583213718e+02 +1.402213718e+02 +1.402213718e+02 -1.4773e+00 +8.0932e-01 +1.8648e+00 +2.8701e+00 +6.7173e-01 +1.4071e+00 +3.1087e+00 -2.2640e+00 +1.6522e+00 +4.0595e+00
4114 +9.930701899e+01 +9.930701899e+01 +8.120701899e+01 +8.120701899e+01 -1.4855e+00 +8.0765e-01 +1.8551e+00 +2.8653e+00 +6.6400e-01 +1.4241e+00 +3.1149e+00 -2.2677e+00 +1.6502e+00 +4.0673e+00
4274 +6.025432674e+01 +6.025432674e+01 +4.215432674e+01 +4.215432674e+01 -1.4858e+00 +8.0781e-01 +1.8535e+00 +2.8661e+00 +6.6463e-01 +1.4201e+00 +3.1151e+00 -2.2679e+00 +1.6501e+00 +4.0677e+00
4402 +3.963624696e+01 +3.963624696e+01 +2.153624696e+01 +2.153624696e+01 -1.4831e+00 +8.0767e-01 +1.8500e+00 +2.8666e+00 +6.6620e-01 +1.4187e+00 +3.1155e+00 -2.2702e+00 +1.6503e+00 +4.0677e+00
4610 +1.908827341e+01 +1.908827341e+01 +9.882734125e-01 +9.882734125e-01 -1.4803e+00 +8.0785e-01 +1.8522e+00 +2.8654e+00 +6.6531e-01 +1.4159e+00 +3.1154e+00 -2.2724e+00 +1.6500e+00 +4.0673e+00
4708 +1.576937194e+01 +1.576937194e+01 -2.330628056e+00 -2.330628056e+00 -1.4807e+00 +8.0960e-01 +1.8518e+00 +2.8636e+00 +6.6616e-01 +1.4157e+00 +3.1159e+00 -2.2715e+00 +1.6514e+00 +4.0653e+00
4841 +9.838559086e+00 +9.838559086e+00 -8.261440914e+00 -8.261440914e+00 -1.4804e+00 +8.1025e-01 +1.8516e+00 +2.8639e+00 +6.6333e-01 +1.4152e+00 +3.1159e+00 -2.2721e+00 +1.6505e+00 +4.0648e+00
% function evaluation | noise-free fitness - Fopt (3.777000000000e+01) | best noise-free fitness - Fopt | measured fitness | best measured fitness | x1 | x2...
1 +2.630037644e+09 +2.630037644e+09 +2.630037682e+09 +2.630037682e+09 +1.0979e+00 -3.9993e+00 +1.8693e+00 -1.9437e+00 -4.7055e+00 +9.9872e-01 -4.1427e+00 +1.6071e+00 +2.9682e+00 +4.5890e+00
2 +2.450101468e+07 +2.450101468e+07 +2.450105245e+07 +2.450105245e+07 -4.0695e+00 +8.5064e-01 +3.0820e+00 +1.9062e-01 +3.5710e+00 -1.9812e+00 -3.9948e+00 +3.4297e+00 -3.3026e+00 -3.2155e+00
234 +1.583814213e+07 +1.583814213e+07 +1.583817990e+07 +1.583817990e+07 -1.3218e+00 +1.1375e+00 +2.3170e+00 +1.6345e+00 +2.5017e+00 -3.8270e+00 -3.5175e+00 +9.4781e-01 +5.9245e-01 -1.2343e+00
319 +6.091613254e+06 +6.091613254e+06 +6.091651024e+06 +6.091651024e+06 +0.0000e+00 +2.5341e+00 +5.2324e-01 +1.2803e-01 +0.0000e+00 -5.0000e+00 -3.8935e+00 +4.6893e+00 -5.3793e-01 -1.1136e+00
1032 +3.738960804e+06 +3.738960804e+06 +3.738998574e+06 +3.738998574e+06 +2.5453e-01 +1.5502e+00 +2.8872e-01 +1.0412e+00 +2.0208e+00 -4.7188e+00 -3.2415e+00 +3.7139e+00 -4.7248e-01 +2.0817e-01
1138 +2.456306169e+06 +2.456306169e+06 +2.456343939e+06 +2.456343939e+06 +5.9469e-04 +1.5143e+00 -5.8793e-01 +1.2070e+00 +9.9831e-01 -4.3606e+00 -2.8072e+00 +3.9505e+00 -6.1528e-01 -8.7458e-01
1211 +1.339381968e+06 +1.339381968e+06 +1.339419738e+06 +1.339419738e+06 -3.0330e-01 +1.8878e+00 +1.2051e-01 +8.6807e-01 +1.2183e+00 -4.2486e+00 -2.4493e+00 +2.8663e+00 +5.0348e-01 -1.5517e+00
1371 +7.067823907e+05 +7.067823907e+05 +7.068201607e+05 +7.068201607e+05 -2.9912e-01 +1.9653e+00 +2.9864e-01 +8.7356e-01 +1.1956e+00 -4.1354e+00 -2.6394e+00 +2.9302e+00 +1.9866e-01 -1.6940e+00
1687 +5.081502463e+05 +5.081502463e+05 +5.081880163e+05 +5.081880163e+05 -8.4609e-01 +1.9282e+00 +6.1893e-01 +7.2231e-01 +8.7583e-01 -4.2372e+00 -3.0292e+00 +3.9139e+00 -2.6007e-01 -1.5827e+00
2051 +3.921114076e+05 +3.921114076e+05 +3.921491776e+05 +3.921491776e+05 -6.9263e-01 +2.0032e+00 +7.2865e-01 +8.5637e-01 +6.8892e-01 -4.5757e+00 -2.7507e+00 +3.5039e+00 -3.3866e-01 -1.5760e+00
2239 +2.265751762e+05 +2.265751762e+05 +2.266129462e+05 +2.266129462e+05 -5.4905e-01 +2.2664e+00 +7.4961e-01 +6.5476e-01 +9.9096e-01 -3.8711e+00 -2.5231e+00 +3.2410e+00 -2.9708e-01 -1.7012e+00
2255 +1.483136833e+05 +1.483136833e+05 +1.483514533e+05 +1.483514533e+05 -5.1850e-01 +2.1006e+00 +6.8313e-01 +5.3278e-01 +1.1462e+00 -3.8206e+00 -2.8134e+00 +3.2008e+00 -3.0975e-01 -1.8443e+00
2441 +8.874427902e+04 +8.874427902e+04 +8.878204902e+04 +8.878204902e+04 -6.7973e-01 +2.2290e+00 +5.1673e-01 +5.1932e-01 +9.9766e-01 -3.8251e+00 -2.9444e+00 +3.0644e+00 -4.3382e-01 -1.7741e+00
2519 +4.015630872e+04 +4.015630872e+04 +4.019407872e+04 +4.019407872e+04 -8.3800e-01 +2.0553e+00 +4.7888e-01 +5.0914e-01 +9.9083e-01 -3.8265e+00 -2.9178e+00 +3.0859e+00 -4.3013e-01 -1.7677e+00
2610 +3.508798574e+04 +3.508798574e+04 +3.512575574e+04 +3.512575574e+04 -7.9093e-01 +1.9497e+00 +4.7128e-01 +5.4851e-01 +9.8886e-01 -3.8801e+00 -2.9016e+00 +3.1024e+00 -4.5127e-01 -1.7631e+00
2690 +1.144681900e+04 +1.144681900e+04 +1.148458900e+04 +1.148458900e+04 -8.3660e-01 +2.0213e+00 +5.2626e-01 +5.8625e-01 +1.0641e+00 -3.9492e+00 -2.7843e+00 +3.2352e+00 -4.1732e-01 -1.7401e+00
2972 +5.682245406e+03 +5.682245406e+03 +5.720015406e+03 +5.720015406e+03 -7.7178e-01 +2.0172e+00 +5.0840e-01 +5.8661e-01 +1.0896e+00 -3.8807e+00 -2.8054e+00 +3.2067e+00 -4.2269e-01 -1.7292e+00
3123 +3.845468432e+03 +3.845468432e+03 +3.883238432e+03 +3.883238432e+03 -7.6082e-01 +2.0432e+00 +5.0490e-01 +5.8478e-01 +1.0880e+00 -3.8981e+00 -2.7889e+00 +3.1809e+00 -4.5769e-01 -1.6766e+00
3172 +2.024881516e+03 +2.024881516e+03 +2.062651516e+03 +2.062651516e+03 -7.5709e-01 +2.0124e+00 +4.8279e-01 +6.0288e-01 +1.1036e+00 -3.9094e+00 -2.7738e+00 +3.2015e+00 -4.4818e-01 -1.6698e+00
3225 +1.390687452e+03 +1.390687452e+03 +1.428457452e+03 +1.428457452e+03 -7.8356e-01 +2.0016e+00 +4.9761e-01 +5.9759e-01 +1.0854e+00 -3.9297e+00 -2.7697e+00 +3.2042e+00 -4.5119e-01 -1.6961e+00
3304 +9.820477568e+02 +9.820477568e+02 +1.019817757e+03 +1.019817757e+03 -7.7757e-01 +1.9970e+00 +4.8643e-01 +6.0300e-01 +1.0833e+00 -3.9215e+00 -2.7668e+00 +3.2058e+00 -4.5095e-01 -1.7035e+00
3397 +4.194457801e+02 +4.194457801e+02 +4.572157801e+02 +4.572157801e+02 -7.6665e-01 +2.0140e+00 +4.7090e-01 +5.9175e-01 +1.0768e+00 -3.9154e+00 -2.7576e+00 +3.2007e+00 -4.5119e-01 -1.6795e+00
3428 +2.952763376e+02 +2.952763376e+02 +3.330463376e+02 +3.330463376e+02 -7.6959e-01 +2.0105e+00 +4.7835e-01 +5.9293e-01 +1.0821e+00 -3.9182e+00 -2.7578e+00 +3.2005e+00 -4.5297e-01 -1.6879e+00
3534 +2.233625685e+02 +2.233625685e+02 +2.611325685e+02 +2.611325685e+02 -7.8473e-01 +2.0115e+00 +4.8351e-01 +5.9418e-01 +1.0764e+00 -3.9180e+00 -2.7459e+00 +3.1939e+00 -4.5911e-01 -1.6928e+00
3608 +9.478528833e+01 +9.478528833e+01 +1.325552883e+02 +1.325552883e+02 -7.7717e-01 +2.0095e+00 +4.8157e-01 +5.9394e-01 +1.0779e+00 -3.9181e+00 -2.7523e+00 +3.1907e+00 -4.5901e-01 -1.6944e+00
3697 +5.726092791e+01 +5.726092791e+01 +9.503092791e+01 +9.503092791e+01 -7.7313e-01 +2.0084e+00 +4.7105e-01 +5.9288e-01 +1.0836e+00 -3.9168e+00 -2.7491e+00 +3.1893e+00 -4.6685e-01 -1.6926e+00
3894 +3.096136346e+01 +3.096136346e+01 +6.873136346e+01 +6.873136346e+01 -7.7525e-01 +2.0090e+00 +4.7839e-01 +5.9560e-01 +1.0844e+00 -3.9147e+00 -2.7490e+00 +3.1896e+00 -4.6552e-01 -1.6957e+00
3929 +2.334777444e+01 +2.334777444e+01 +6.111777444e+01 +6.111777444e+01 -7.7653e-01 +2.0090e+00 +4.7181e-01 +5.9705e-01 +1.0826e+00 -3.9171e+00 -2.7488e+00 +3.1886e+00 -4.6728e-01 -1.6992e+00
4014 +1.564677879e+01 +1.564677879e+01 +5.341677879e+01 +5.341677879e+01 -7.7531e-01 +2.0090e+00 +4.7332e-01 +5.9735e-01 +1.0850e+00 -3.9153e+00 -2.7490e+00 +3.1881e+00 -4.6596e-01 -1.6984e+00
4059 +8.685740375e+00 +8.685740375e+00 +4.645574038e+01 +4.645574038e+01 -7.7541e-01 +2.0090e+00 +4.7377e-01 +5.9538e-01 +1.0837e+00 -3.9143e+00 -2.7484e+00 +3.1884e+00 -4.6522e-01 -1.7000e+00
4207 +4.913545071e+00 +4.913545071e+00 +4.268354507e+01 +4.268354507e+01 -7.7598e-01 +2.0096e+00 +4.7410e-01 +5.9486e-01 +1.0841e+00 -3.9145e+00 -2.7484e+00 +3.1883e+00 -4.6523e-01 -1.6989e+00
4247 +3.869481817e+00 +3.869481817e+00 +4.163948182e+01 +4.163948182e+01 -7.7606e-01 +2.0097e+00 +4.7425e-01 +5.9486e-01 +1.0829e+00 -3.9144e+00 -2.7491e+00 +3.1882e+00 -4.6535e-01 -1.6982e+00
4339 +2.469917793e+00 +2.469917793e+00 +4.023991779e+01 +4.023991779e+01 -7.7683e-01 +2.0104e+00 +4.7452e-01 +5.9647e-01 +1.0829e+00 -3.9151e+00 -2.7484e+00 +3.1879e+00 -4.6555e-01 -1.6977e+00
4450 +1.493210307e+00 +1.493210307e+00 +3.926321031e+01 +3.926321031e+01 -7.7689e-01 +2.0103e+00 +4.7441e-01 +5.9570e-01 +1.0827e+00 -3.9151e+00 -2.7484e+00 +3.1886e+00 -4.6435e-01 -1.6976e+00
4596 +9.761600046e-01 +9.761600046e-01 +3.874616000e+01 +3.874616000e+01 -7.7629e-01 +2.0105e+00 +4.7457e-01 +5.9570e-01 +1.0826e+00 -3.9147e+00 -2.7485e+00 +3.1884e+00 -4.6446e-01 -1.6980e+00
4739 +5.937148409e-01 +5.937148409e-01 +3.836371484e+01 +3.836371484e+01 -7.7635e-01 +2.0111e+00 +4.7460e-01 +5.9609e-01 +1.0824e+00 -3.9146e+00 -2.7485e+00 +3.1883e+00 -4.6455e-01 -1.6979e+00
4924 +3.954635918e-01 +3.954635918e-01 +3.816546359e+01 +3.816546359e+01 -7.7640e-01 +2.0111e+00 +4.7438e-01 +5.9608e-01 +1.0825e+00 -3.9147e+00 -2.7487e+00 +3.1884e+00 -4.6460e-01 -1.6979e+00
% function evaluation | noise-free fitness - Fopt (-1.523000000000e+01) | best noise-free fitness - Fopt | measured fitness | best measured fitness | x1 | x2...
1 +3.333811949e+08 +3.333811949e+08 +3.333811797e+08 +3.333811797e+08 +1.6708e+00 -3.2120e+00 -2.9673e+00 +3.8662e+00 +1.3000e-01 +4.2312e-01 -1.7206e+00 +1.3379e+00 +3.0344e+00 +7.5314e-01
9 +9.658366923e+07 +9.658366923e+07 +9.658365400e+07 +9.658365400e+07 -1.7786e+00 +4.4765e+00 -1.2200e+00 +3.8706e+00 -3.2672e+00 -4.1396e+00 -3.9959e+00 +1.7511e+00 +1.6481e+00 +8.8503e-02
52 +2.700605719e+07 +2.700605719e+07 +2.700604196e+07 +2.700604196e+07 +3.1283e-01 +2.3996e+00 -3.7895e+00 +2.3004e+00 -3.6643e+00 -1.7956e+00 -4.7671e+00 +2.6450e-02 +3.7276e+00 -2.1610e+00
117 +1.733461716e+07 +1.733461716e+07 +1.733460193e+07 +1.733460193e+07 +8.5121e-01 +2.4801e+00 -1.9286e+00 +2.2149e+00 -2.4118e+00 -1.9240e+00 -4.1011e+00 +2.8554e-01 +2.2852e+00 -1.9501e+00
169 +6.119547756e+06 +6.119547756e+06 +6.119532526e+06 +6.119532526e+06 +4.7684e+00 +1.3374e+00 -2.7654e+00 +2.7976e+00 -2.7117e+00 +5.0278e-02 -3.9791e+00 +1.6578e-01 +2.2832e+00 -3.4569e-01
917 +3.442954169e+06 +3.442954169e+06 +3.442938939e+06 +3.442938939e+06 +3.5261e+00 +1.1712e+00 -3.0983e+00 +4.4120e+00 -2.8460e+00 -1.4820e+00 -4.3400e+00 +8.8614e-01 +2.7873e+00 -1.3694e+00
1012 +1.239064487e+06 +1.239064487e+06 +1.239049257e+06 +1.239049257e+06 +3.2853e+00 +1.7611e+00 -2.5000e+00 +3.5132e+00 -2.5640e+00 -1.0716e+00 -3.8871e+00 +6.4680e-01 +2.5000e+00 -1.9351e+00
1247 +5.138295559e+05 +5.138295559e+05 +5.138143259e+05 +5.138143259e+05 +3.8668e+00 +1.6484e+00 -2.7581e+00 +3.4907e+00 -2.6316e+00 -6.7560e-01 -3.8667e+00 +2.6337e-01 +3.0339e+00 -2.1682e+00
1607 +3.861915083e+05 +3.861915083e+05 +3.861762783e+05 +3.861762783e+05 +3.2960e+00 +1.6267e+00 -2.7642e+00 +3.4867e+00 -3.2822e+00 +2.1220e-02 -3.9095e+00 +1.2817e-01 +2.8323e+00 -2.2858e+00
2099 +1.823079116e+05 +1.823079116e+05 +1.822926816e+05 +1.822926816e+05 +3.3518e+00 +1.4364e+00 -2.4507e+00 +3.8713e+00 -3.3559e+00 -2.4886e-01 -3.5824e+00 +4.0918e-01 +2.8288e+00 -2.0117e+00
2159 +1.416117667e+05 +1.416117667e+05 +1.415965367e+05 +1.415965367e+05 +3.4674e+00 +1.4264e+00 -2.9029e+00 +3.5657e+00 -2.7686e+00 -6.8331e-01 -3.2907e+00 +5.2538e-01 +2.7729e+00 -2.3369e+00
2373 +3.437543753e+04 +3.437543753e+04 +3.436020753e+04 +3.436020753e+04 +3.5708e+00 +1.1652e+00 -2.8427e+00 +3.4278e+00 -2.7559e+00 -6.3640e-01 -3.1818e+00 +7.6284e-01 +3.0076e+00 -2.1756e+00
2608 +2.481132666e+04 +2.481132666e+04 +2.479609666e+04 +2.479609666e+04 +3.5726e+00 +1.3342e+00 -2.8367e+00 +3.4629e+00 -2.7576e+00 -6.4651e-01 -3.3506e+00 +6.8569e-01 +3.0119e+00 -2.2286e+00
2652 +1.038578131e+04 +1.038578131e+04 +1.037055131e+04 +1.037055131e+04 +3.5794e+00 +1.2126e+00 -2.8445e+00 +3.4430e+00 -2.7256e+00 -6.6035e-01 -3.2915e+00 +6.1615e-01 +3.0007e+00 -2.2565e+00
2853 +9.574127365e+03 +9.574127365e+03 +9.558897365e+03 +9.558897365e+03 +3.5808e+00 +1.1912e+00 -2.8161e+00 +3.4400e+00 -2.7701e+00 -6.1652e-01 -3.2964e+00 +6.2985e-01 +3.0062e+00 -2.2518e+00
3008 +5.760154344e+03 +5.760154344e+03 +5.744924344e+03 +5.744924344e+03 +3.5712e+00 +1.2214e+00 -2.8143e+00 +3.4303e+00 -2.7857e+00 -6.4025e-01 -3.3791e+00 +6.6542e-01 +2.9239e+00 -2.2482e+00
3124 +3.960910751e+03 +3.960910751e+03 +3.945680751e+03 +3.945680751e+03 +3.6151e+00 +1.2272e+00 -2.8127e+00 +3.3962e+00 -2.7810e+00 -6.3454e-01 -3.3218e+00 +6.1351e-01 +2.9540e+00 -2.1696e+00
3386 +1.790076686e+03 +1.790076686e+03 +1.774846686e+03 +1.774846686e+03 +3.5839e+00 +1.2058e+00 -2.8157e+00 +3.3791e+00 -2.7846e+00 -6.3255e-01 -3.3268e+00 +6.2373e-01 +2.9774e+00 -2.1992e+00
3435 +1.558429518e+03 +1.558429518e+03 +1.543199518e+03 +1.543199518e+03 +3.5779e+00 +1.2045e+00 -2.8234e+00 +3.3755e+00 -2.7940e+00 -6.2992e-01 -3.3523e+00 +6.1547e-01 +2.9709e+00 -2.2035e+00
3471 +8.175327944e+02 +8.175327944e+02 +8.023027944e+02 +8.023027944e+02 +3.5694e+00 +1.2079e+00 -2.8274e+00 +3.4050e+00 -2.7669e+00 -6.4419e-01 -3.3540e+00 +6.6007e-01 +2.9584e+00 -2.1998e+00
3555 +4.621504793e+02 +4.621504793e+02 +4.469204793e+02 +4.469204793e+02 +3.5783e+00 +1.2079e+00 -2.8307e+00 +3.3912e+00 -2.7623e+00 -6.3611e-01 -3.3512e+00 +6.2727e-01 +2.9572e+00 -2.1969e+00
3684 +3.420681838e+02 +3.420681838e+02 +3.268381838e+02 +3.268381838e+02 +3.5726e+00 +1.2083e+00 -2.8290e+00 +3.4026e+00 -2.7635e+00 -6.3325e-01 -3.3504e+00 +6.4266e-01 +2.9552e+00 -2.1995e+00
3758 +1.642461067e+02 +1.642461067e+02 +1.490161067e+02 +1.490161067e+02 +3.5806e+00 +1.2031e+00 -2.8289e+00 +3.4017e+00 -2.7671e+00 -6.3708e-01 -3.3440e+00 +6.3150e-01 +2.9508e+00 -2.1990e+00
3791 +1.063804930e+02 +1.063804930e+02 +9.115049299e+01 +9.115049299e+01 +3.5757e+00 +1.2054e+00 -2.8274e+00 +3.3977e+00 -2.7708e+00 -6.3719e-01 -3.3454e+00 +6.2992e-01 +2.9474e+00 -2.1992e+00
3886 +7.943899262e+01 +7.943899262e+01 +6.420899262e+01 +6.420899262e+01 +3.5765e+00 +1.2052e+00 -2.8256e+00 +3.4003e+00 -2.7723e+00 -6.3852e-01 -3.3450e+00 +6.3311e-01 +2.9469e+00 -2.1997e+00
4068 +5.616111332e+01 +5.616111332e+01 +4.093111332e+01 +4.093111332e+01 +3.5750e+00 +1.2048e+00 -2.8243e+00 +3.3988e+00 -2.7732e+00 -6.3821e-01 -3.3433e+00 +6.3547e-01 +2.9500e+00 -2.2000e+00
4143 +2.961312748e+01 +2.961312748e+01 +1.438312748e+01 +1.438312748e+01 +3.5757e+00 +1.2043e+00 -2.8266e+00 +3.3975e+00 -2.7724e+00 -6.3909e-01 -3.3423e+00 +6.3387e-01 +2.9503e+00 -2.2038e+00
4169 +1.492307350e+01 +1.492307350e+01 -3.069264997e-01 -3.069264997e-01 +3.5739e+00 +1.2044e+00 -2.8243e+00 +3.3972e+00 -2.7730e+00 -6.3928e-01 -3.3425e+00 +6.3464e-01 +2.9501e+00 -2.2067e+00
4281 +9.979901435e+00 +9.979901435e+00 -5.250098565e+00 -5.250098565e+00 +3.5734e+00 +1.2036e+00 -2.8238e+00 +3.3970e+00 -2.7734e+00 -6.3892e-01 -3.3438e+00 +6.3413e-01 +2.9503e+00 -2.2069e+00
4352 +3.747664927e+00 +3.747664927e+00 -1.148233507e+01 -1.148233507e+01 +3.5738e+00 +1.2024e+00 -2.8229e+00 +3.3996e+00 -2.7735e+00 -6.3729e-01 -3.3439e+00 +6.3315e-01 +2.9511e+00 -2.2065e+00
4473 +2.344659456e+00 +2.344659456e+00 -1.288534054e+01 -1.288534054e+01 +3.5736e+00 +1.2025e+00 -2.8230e+00 +3.3998e+00 -2.7729e+00 -6.3829e-01 -3.3440e+00 +6.3352e-01 +2.9511e+00 -2.2060e+00
4512 +1.494657074e+00 +1.494657074e+00 -1.373534293e+01 -1.373534293e+01 +3.5735e+00 +1.2023e+00 -2.8232e+00 +3.3996e+00 -2.7730e+00 -6.3824e-01 -3.3442e+00 +6.3292e-01 +2.9506e+00 -2.2066e+00
4691 +9.515965228e-01 +9.515965228e-01 -1.427840348e+01 -1.427840348e+01 +3.5736e+00 +1.2025e+00 -2.8230e+00 +3.3994e+00 -2.7727e+00 -6.3844e-01 -3.3444e+00 +6.3237e-01 +2.9505e+00 -2.2065e+00
% function evaluation | noise-free fitness - Fopt (-1.614300000000e+02) | best noise-free fitness - Fopt | measured fitness | best measured fitness | x1 | x2...
1 +1.533309402e+08 +1.533309402e+08 +1.533307787e+08 +1.533307787e+08 +5.7555e-01 +2.4431e+00 -4.3873e+00 -4.7518e+00 -8.4946e-02 +1.4675e+00 -5.0761e-01 +3.7548e+00 +4.7474e+00 -2.7390e+00
5 +4.167240623e+07 +4.167240623e+07 +4.167224480e+07 +4.167224480e+07 -2.2023e-01 -1.2533e+00 +1.4723e+00 -1.7944e+00 -1.9441e+00 +2.4312e+00 -2.7662e+00 +4.3416e+00 +3.9768e-01 -1.7956e+00
14 +3.169092115e+07 +3.169092115e+07 +3.169075972e+07 +3.169075972e+07 +1.9176e+00 -2.4225e+00 +3.0550e+00 -4.5357e-01 +3.9198e+00 +3.2280e+00 +1.0525e-01 +3.5112e+00 +2.2788e+00 -2.5918e+00
52 +9.189743090e+06 +9.189743090e+06 +9.189581660e+06 +9.189581660e+06 -4.3712e-01 -2.3111e+00 +2.0848e+00 -3.8978e-01 +3.5871e+00 +4.0266e+00 -3.1129e+00 +3.4272e+00 +3.0494e+00 -1.0822e+00
211 +3.906419278e+06 +3.906419278e+06 +3.906257848e+06 +3.906257848e+06 -8.0241e-01 -4.4787e+00 +2.1270e+00 +8.2035e-01 +2.2405e+00 +2.3717e+00 -3.9429e+00 +2.5516e+00 +3.3856e+00 -3.2347e+00
733 +2.223967650e+06 +2.223967650e+06 +2.223806220e+06 +2.223806220e+06 -7.2991e-01 -4.7203e+00 +2.0869e+00 +1.4820e+00 +2.8309e+00 +2.1409e+00 -4.2177e+00 +2.8595e+00 +3.3977e+00 -2.2094e+00
1247 +1.452250402e+06 +1.452250402e+06 +1.452088972e+06 +1.452088972e+06 -8.2714e-01 -3.9067e+00 +1.7538e+00 +1.0481e+00 +3.4725e+00 +3.0723e+00 -4.6483e+00 +2.9426e+00 +2.9052e+00 -2.0973e+00
1440 +7.346724636e+05 +7.346724636e+05 +7.345110336e+05 +7.345110336e+05 -3.2016e-01 -3.3028e+00 +2.4462e+00 +1.4244e+00 +2.1997e+00 +2.2051e+00 -3.9218e+00 +2.8219e+00 +2.4205e+00 -2.1978e+00
1525 +6.301857550e+05 +6.301857550e+05 +6.300243250e+05 +6.300243250e+05 +3.1009e-01 -3.7850e+00 +2.1994e+00 +1.0684e+00 +2.9125e+00 +2.1525e+00 -3.9058e+00 +2.7743e+00 +2.5071e+00 -2.2020e+00
1931 +2.479402409e+05 +2.479402409e+05 +2.477788109e+05 +2.477788109e+05 +1.5708e-01 -3.8208e+00 +2.3136e+00 +1.3046e+00 +2.8354e+00 +2.5867e+00 -4.1844e+00 +2.9672e+00 +2.4662e+00 -2.2104e+00
2163 +1.537050040e+05 +1.537050040e+05 +1.535435740e+05 +1.535435740e+05 +1.4185e-01 -3.7095e+00 +2.3097e+00 +1.3376e+00 +2.9593e+00 +2.5567e+00 -3.9885e+00 +2.6452e+00 +2.5850e+00 -2.1999e+00
2240 +9.754684845e+04 +9.754684845e+04 +9.738541845e+04 +9.738541845e+04 +1.8800e-01 -3.7841e+00 +2.5555e+00 +1.4333e+00 +2.7468e+00 +2.4995e+00 -4.0779e+00 +2.5685e+00 +2.6217e+00 -2.1820e+00
2600 +5.758006057e+04 +5.758006057e+04 +5.741863057e+04 +5.741863057e+04 +1.0202e-01 -3.7782e+00 +2.3509e+00 +1.4457e+00 +2.6860e+00 +2.4702e+00 -4.1975e+00 +2.7260e+00 +2.6786e+00 -2.4763e+00
2737 +2.317253144e+04 +2.317253144e+04 +2.301110144e+04 +2.301110144e+04 +9.6655e-02 -3.7818e+00 +2.4429e+00 +1.4513e+00 +2.7452e+00 +2.5085e+00 -4.2260e+00 +2.6745e+00 +2.7507e+00 -2.4069e+00
2969 +1.493380111e+04 +1.493380111e+04 +1.477237111e+04 +1.477237111e+04 +9.3484e-02 -3.7793e+00 +2.4998e+00 +1.4741e+00 +2.7459e+00 +2.5204e+00 -4.1710e+00 +2.7583e+00 +2.7377e+00 -2.3485e+00
3049 +7.392002042e+03 +7.392002042e+03 +7.230572042e+03 +7.230572042e+03 +8.7264e-02 -3.7731e+00 +2.4988e+00 +1.4722e+00 +2.7464e+00 +2.4561e+00 -4.1702e+00 +2.7243e+00 +2.7401e+00 -2.3468e+00
3151 +4.952385709e+03 +4.952385709e+03 +4.790955709e+03 +4.790955709e+03 +8.2850e-02 -3.7677e+00 +2.4905e+00 +1.4807e+00 +2.7418e+00 +2.4353e+00 -4.1744e+00 +2.7280e+00 +2.7398e+00 -2.3246e+00
3304 +2.655170037e+03 +2.655170037e+03 +2.493740037e+03 +2.493740037e+03 +9.0308e-02 -3.7696e+00 +2.4432e+00 +1.5157e+00 +2.7488e+00 +2.4068e+00 -4.1372e+00 +2.6987e+00 +2.7441e+00 -2.3104e+00
3329 +2.202301593e+03 +2.202301593e+03 +2.040871593e+03 +2.040871593e+03 +8.8874e-02 -3.7525e+00 +2.4601e+00 +1.5153e+00 +2.7492e+00 +2.4248e+00 -4.1508e+00 +2.7033e+00 +2.7447e+00 -2.3416e+00
3475 +1.563579788e+03 +1.563579788e+03 +1.402149788e+03 +1.402149788e+03 +8.9209e-02 -3.7718e+00 +2.4793e+00 +1.5262e+00 +2.7516e+00 +2.4347e+00 -4.1686e+00 +2.6997e+00 +2.7389e+00 -2.3267e+00
3589 +8.314335842e+02 +8.314335842e+02 +6.700035842e+02 +6.700035842e+02 +9.9649e-02 -3.7984e+00 +2.4627e+00 +1.5120e+00 +2.7554e+00 +2.4311e+00 -4.1703e+00 +2.6993e+00 +2.7364e+00 -2.3301e+00
3695 +5.192723465e+02 +5.192723465e+02 +3.578423465e+02 +3.578423465e+02 +9.3005e-02 -3.7977e+00 +2.4602e+00 +1.5169e+00 +2.7562e+00 +2.4350e+00 -4.1634e+00 +2.7002e+00 +2.7250e+00 -2.3181e+00
3791 +2.465496328e+02 +2.465496328e+02 +8.511963283e+01 +8.511963283e+01 +9.5818e-02 -3.7840e+00 +2.4609e+00 +1.5205e+00 +2.7529e+00 +2.4372e+00 -4.1565e+00 +2.7031e+00 +2.7319e+00 -2.3296e+00
3854 +1.479565527e+02 +1.479565527e+02 -1.347344729e+01 -1.347344729e+01 +9.5882e-02 -3.7836e+00 +2.4637e+00 +1.5255e+00 +2.7519e+00 +2.4303e+00 -4.1565e+00 +2.7039e+00 +2.7264e+00 -2.3305e+00
3910 +9.585409659e+01 +9.585409659e+01 -6.557590341e+01 -6.557590341e+01 +9.8657e-02 -3.7847e+00 +2.4639e+00 +1.5276e+00 +2.7511e+00 +2.4267e+00 -4.1551e+00 +2.7039e+00 +2.7219e+00 -2.3335e+00
3993 +5.563082189e+01 +5.563082189e+01 -1.057991781e+02 -1.057991781e+02 +9.6268e-02 -3.7831e+00 +2.4624e+00 +1.5215e+00 +2.7555e+00 +2.4271e+00 -4.1549e+00 +2.7008e+00 +2.7220e+00 -2.3296e+00
4048 +3.456707042e+01 +3.456707042e+01 -1.268629296e+02 -1.268629296e+02 +9.9277e-02 -3.7822e+00 +2.4620e+00 +1.5213e+00 +2.7564e+00 +2.4283e+00 -4.1557e+00 +2.7018e+00 +2.7209e+00 -2.3294e+00
4088 +2.358749636e+01 +2.358749636e+01 -1.378425036e+02 -1.378425036e+02 +9.9969e-02 -3.7842e+00 +2.4590e+00 +1.5203e+00 +2.7564e+00 +2.4309e+00 -4.1562e+00 +2.7019e+00 +2.7203e+00 -2.3294e+00
4210 +1.570929838e+01 +1.570929838e+01 -1.457207016e+02 -1.457207016e+02 +9.8254e-02 -3.7842e+00 +2.4601e+00 +1.5202e+00 +2.7567e+00 +2.4296e+00 -4.1554e+00 +2.7036e+00 +2.7199e+00 -2.3293e+00
% function evaluation | noise-free fitness - Fopt (3.280300000000e+02) | best noise-free fitness - Fopt | measured fitness | best measured fitness | x1 | x2...
1 +9.334546728e+07 +9.334546728e+07 +9.334579531e+07 +9.334579531e+07 +3.2245e+00 -2.8335e-01 +2.5464e+00 +7.1772e-01 -1.2239e+00 -1.6113e+00 -1.2104e-01 -3.2360e+00 -9.4688e-01 +2.4603e+00
20 +4.706283068e+07 +4.706283068e+07 +4.706315871e+07 +4.706315871e+07 +2.4834e+00 -2.0477e+00 +3.0148e+00 +2.3100e+00 +2.0378e+00 -3.7244e+00 -7.6279e-01 -2.1458e+00 -3.2645e+00 -4.8761e+00
74 +3.662704119e+07 +3.662704119e+07 +3.662736922e+07 +3.662736922e+07 +3.5999e+00 -6.8381e-01 +7.3088e-01 -6.0540e-01 +3.5358e+00 -3.6486e+00 -1.0522e+00 -4.2366e+00 +8.3265e-02 -3.1022e-01
147 +2.198964376e+07 +2.198964376e+07 +2.198997179e+07 +2.198997179e+07 +5.0000e+00 +6.7059e-01 +0.0000e+00 +1.3182e+00 +4.2151e+00 -3.2464e+00 -1.2862e+00 -1.9697e+00 +0.0000e+00 -4.0119e+00
156 +1.554361797e+07 +1.554361797e+07 +1.554394600e+07 +1.554394600e+07 +5.0000e+00 +1.8086e+00 +5.8669e-01 +0.0000e+00 +2.0210e+00 -3.4906e+00 +0.0000e+00 -1.7392e+00 +2.0518e-01 -1.8320e+00
579 +7.545321452e+06 +7.545321452e+06 +7.545649482e+06 +7.545649482e+06 +5.0000e+00 +2.4612e+00 +1.1458e+00 +4.0189e-01 +3.0854e+00 -1.1394e+00 -3.5270e-01 -1.0270e+00 -1.9670e+00 -2.9795e+00
771 +6.103027131e+06 +6.103027131e+06 +6.103355161e+06 +6.103355161e+06 +4.4654e+00 +3.1829e+00 +2.1222e+00 -5.5189e-02 +2.5146e+00 -2.3251e+00 -6.9454e-01 -2.3007e+00 -3.0079e+00 -5.0000e+00
936 +3.652432827e+06 +3.652432827e+06 +3.652760857e+06 +3.652760857e+06 +4.5728e+00 +2.5999e+00 +3.2349e+00 +1.8498e-01 +2.7514e+00 -2.2270e+00 -5.4668e-01 -2.9720e+00 -2.5292e+00 -3.2207e+00
1050 +2.458967560e+06 +2.458967560e+06 +2.459295590e+06 +2.459295590e+06 +3.7894e+00 +3.3839e+00 +3.0419e+00 -2.4567e-01 +2.7099e+00 -2.5000e+00 -4.6101e-01 -3.2035e+00 -2.1295e+00 -4.6343e+00
1246 +1.146433939e+06 +1.146433939e+06 +1.146761969e+06 +1.146761969e+06 +3.1428e+00 +2.7932e+00 +1.6534e+00 -5.2245e-01 +2.8028e+00 -3.0727e+00 -5.7959e-01 -1.7911e+00 -2.1586e+00 -2.8991e+00
1364 +9.588943471e+05 +9.588943471e+05 +9.592223771e+05 +9.592223771e+05 +3.1646e+00 +3.1107e+00 +1.8660e+00 -9.4656e-01 +2.8168e+00 -3.1050e+00 -8.8879e-01 -1.2620e+00 -2.1205e+00 -3.1194e+00
1673 +6.253855571e+05 +6.253855571e+05 +6.257135871e+05 +6.257135871e+05 +3.4334e+00 +3.2059e+00 +1.1644e+00 -8.9344e-01 +3.1884e+00 -3.1093e+00 -6.8328e-01 -1.2427e+00 -1.7550e+00 -2.9841e+00
1729 +3.487625550e+05 +3.487625550e+05 +3.490905850e+05 +3.490905850e+05 +3.2322e+00 +3.2000e+00 +2.2764e+00 +8.3826e-02 +3.2016e+00 -2.0318e+00 -8.1682e-01 -2.5668e+00 -1.6923e+00 -3.8520e+00
2214 +2.368659197e+05 +2.368659197e+05 +2.371939497e+05 +2.371939497e+05 +3.3892e+00 +3.1133e+00 +1.9602e+00 -3.4057e-01 +2.7609e+00 -2.3636e+00 -1.0788e+00 -1.6568e+00 -1.7077e+00 -3.2178e+00
2322 +1.180478326e+05 +1.180478326e+05 +1.183758626e+05 +1.183758626e+05 +3.4021e+00 +3.2209e+00 +1.6643e+00 -3.2168e-01 +3.1660e+00 -2.2118e+00 -8.1920e-01 -1.7194e+00 -1.8809e+00 -3.0856e+00
2388 +6.707510366e+04 +6.707510366e+04 +6.740313366e+04 +6.740313366e+04 +3.3844e+00 +3.1411e+00 +1.8579e+00 -2.4464e-01 +3.0576e+00 -2.1891e+00 -9.0202e-01 -1.7934e+00 -1.8907e+00 -3.4799e+00
2527 +6.106466254e+04 +6.106466254e+04 +6.139269254e+04 +6.139269254e+04 +3.1348e+00 +3.1310e+00 +1.8509e+00 -2.2304e-01 +3.0879e+00 -2.3692e+00 -8.0301e-01 -1.7896e+00 -1.8904e+00 -3.3309e+00
2792 +3.968886076e+04 +3.968886076e+04 +4.001689076e+04 +4.001689076e+04 +3.2184e+00 +3.1431e+00 +2.1199e+00 -7.6475e-02 +3.0537e+00 -2.1862e+00 -7.7675e-01 -1.8812e+00 -1.9189e+00 -3.4088e+00
2984 +2.328628945e+04 +2.328628945e+04 +2.361431945e+04 +2.361431945e+04 +3.1979e+00 +3.2711e+00 +2.1557e+00 -9.7139e-02 +2.8910e+00 -2.0758e+00 -8.4958e-01 -1.8385e+00 -1.8660e+00 -3.4109e+00
3078 +1.475187473e+04 +1.475187473e+04 +1.507990473e+04 +1.507990473e+04 +3.2536e+00 +3.1909e+00 +2.1408e+00 -7.9228e-02 +2.9965e+00 -2.0536e+00 -8.5338e-01 -1.9780e+00 -1.8787e+00 -3.4025e+00
3169 +8.305904398e+03 +8.305904398e+03 +8.633934398e+03 +8.633934398e+03 +3.2590e+00 +3.2903e+00 +2.1692e+00 -1.0082e-01 +2.9961e+00 -2.0655e+00 -8.5253e-01 -1.8865e+00 -1.8669e+00 -3.4129e+00
3322 +5.343651847e+03 +5.343651847e+03 +5.671681847e+03 +5.671681847e+03 +3.2440e+00 +3.3101e+00 +2.1458e+00 -5.5477e-02 +2.9788e+00 -2.0652e+00 -8.5457e-01 -1.9263e+00 -1.8927e+00 -3.3879e+00
3365 +3.569231489e+03 +3.569231489e+03 +3.897261489e+03 +3.897261489e+03 +3.2559e+00 +3.3162e+00 +2.0978e+00 -6.3189e-02 +2.9819e+00 -2.0797e+00 -8.4327e-01 -1.9182e+00 -1.9062e+00 -3.3931e+00
3491 +2.359548091e+03 +2.359548091e+03 +2.687578091e+03 +2.687578091e+03 +3.2687e+00 +3.2921e+00 +2.1084e+00 -5.9497e-02 +2.9817e+00 -2.0763e+00 -8.4151e-01 -1.9197e+00 -1.9056e+00 -3.4059e+00
3550 +1.090317394e+03 +1.090317394e+03 +1.418347394e+03 +1.418347394e+03 +3.2615e+00 +3.3022e+00 +2.0993e+00 -9.3932e-02 +2.9892e+00 -2.0960e+00 -8.4160e-01 -1.9180e+00 -1.9001e+00 -3.4142e+00
3589 +9.278771611e+02 +9.278771611e+02 +1.255907161e+03 +1.255907161e+03 +3.2652e+00 +3.2763e+00 +2.0832e+00 -6.5866e-02 +2.9915e+00 -2.1063e+00 -8.4114e-01 -1.9120e+00 -1.8892e+00 -3.4199e+00
3663 +5.994862649e+02 +5.994862649e+02 +9.275162649e+02 +9.275162649e+02 +3.2511e+00 +3.3051e+00 +2.0972e+00 -8.6818e-02 +2.9890e+00 -2.0936e+00 -8.4374e-01 -1.9152e+00 -1.8962e+00 -3.4225e+00
3778 +2.195580082e+02 +2.195580082e+02 +5.475880082e+02 +5.475880082e+02 +3.2626e+00 +3.2935e+00 +2.1029e+00 -7.0047e-02 +2.9794e+00 -2.0885e+00 -8.5006e-01 -1.9303e+00 -1.8894e+00 -3.4335e+00
3951 +1.508291900e+02 +1.508291900e+02 +4.788591900e+02 +4.788591900e+02 +3.2630e+00 +3.2905e+00 +2.1058e+00 -6.8059e-02 +2.9741e+00 -2.0868e+00 -8.4853e-01 -1.9316e+00 -1.8877e+00 -3.4388e+00
4011 +9.601479732e+01 +9.601479732e+01 +4.240447973e+02 +4.240447973e+02 +3.2617e+00 +3.2906e+00 +2.1062e+00 -7.4339e-02 +2.9748e+00 -2.0899e+00 -8.4582e-01 -1.9324e+00 -1.8880e+00 -3.4372e+00
4092 +6.123051327e+01 +6.123051327e+01 +3.892605133e+02 +3.892605133e+02 +3.2597e+00 +3.2897e+00 +2.1063e+00 -7.2362e-02 +2.9767e+00 -2.0905e+00 -8.4534e-01 -1.9325e+00 -1.8866e+00 -3.4379e+00
4180 +3.569889130e+01 +3.569889130e+01 +3.637288913e+02 +3.637288913e+02 +3.2591e+00 +3.2893e+00 +2.1062e+00 -7.2406e-02 +2.9770e+00 -2.0914e+00 -8.4490e-01 -1.9315e+00 -1.8817e+00 -3.4386e+00
4250 +2.347764316e+01 +2.347764316e+01 +3.515076432e+02 +3.515076432e+02 +3.2578e+00 +3.2894e+00 +2.1070e+00 -7.2608e-02 +2.9786e+00 -2.0922e+00 -8.4530e-01 -1.9298e+00 -1.8818e+00 -3.4380e+00
4318 +1.411119381e+01 +1.411119381e+01 +3.421411938e+02 +3.421411938e+02 +3.2577e+00 +3.2892e+00 +2.1082e+00 -7.2962e-02 +2.9766e+00 -2.0923e+00 -8.4506e-01 -1.9298e+00 -1.8823e+00 -3.4385e+00
4412 +8.406045228e+00 +8.406045228e+00 +3.364360452e+02 +3.364360452e+02 +3.2569e+00 +3.2918e+00 +2.1096e+00 -7.3673e-02 +2.9746e+00 -2.0925e+00 -8.4505e-01 -1.9297e+00 -1.8837e+00 -3.4386e+00
4534 +6.089305704e+00 +6.089305704e+00 +3.341193057e+02 +3.341193057e+02 +3.2559e+00 +3.2913e+00 +2.1091e+00 -7.2650e-02 +2.9753e+00 -2.0923e+00 -8.4505e-01 -1.9282e+00 -1.8833e+00 -3.4390e+00
4644 +3.871940058e+00 +3.871940058e+00 +3.319019401e+02 +3.319019401e+02 +3.2556e+00 +3.2914e+00 +2.1088e+00 -7.3060e-02 +2.9753e+00 -2.0922e+00 -8.4515e-01 -1.9296e+00 -1.8832e+00 -3.4390e+00
4758 +2.217592757e+00 +2.217592757e+00 +3.302475928e+02 +3.302475928e+02 +3.2552e+00 +3.2920e+00 +2.1093e+00 -7.3159e-02 +2.9765e+00 -2.0917e+00 -8.4556e-01 -1.9293e+00 -1.8832e+00 -3.4395e+00
4950 +1.575435022e+00 +1.575435022e+00 +3.296054350e+02 +3.296054350e+02 +3.2551e+00 +3.2920e+00 +2.1091e+00 -7.3625e-02 +2.9761e+00 -2.0917e+00 -8.4539e-01 -1.9292e+00 -1.8824e+00 -3.4395e+00
% function evaluation | noise-free fitness - Fopt (-3.213000000000e+01) | best noise-free fitness - Fopt | measured fitness | best measured fitness | x1 | x2...
1 +2.080079985e+09 +2.080079985e+09 +2.080079953e+09 +2.080079953e+09 +3.5045e+00 -4.8785e+00 +2.3392e-01 +3.1710e+00 -4.9537e-02 -3.4710e+00 +1.2947e+00 +2.9759e+00 -1.6608e+00 +7.5375e-01
2 +2.469719756e+08 +2.469719756e+08 +2.469719435e+08 +2.469719435e+08 +1.8763e+00 -7.5697e-01 -3.5563e+00 +1.8739e+00 +2.9632e+00 +4.6145e+00 -4.6384e+00 +3.4778e+00 -2.4801e+00 +4.4287e+00
24 +1.533030957e+08 +1.533030957e+08 +1.533030636e+08 +1.533030636e+08 +7.8479e-01 +5.7044e-01 +4.6339e+00 -1.4932e+00 -3.5562e+00 +2.5969e+00 -4.2265e+00 +1.4340e+00 +3.2220e+00 +1.4148e+00
46 +7.470343825e+07 +7.470343825e+07 +7.470340612e+07 +7.470340612e+07 +1.4377e+00 -2.3896e+00 +5.0000e+00 -7.1849e-01 -3.3472e+00 +5.0000e+00 -3.5674e+00 -1.8963e+00 -2.5381e+00 -1.8234e+00
48 +4.995717665e+07 +4.995717665e+07 +4.995714452e+07 +4.995714452e+07 +2.2170e+00 +4.1082e+00 +2.7403e+00 -8.8916e-02 -2.4173e+00 +1.2437e+00 -3.7632e+00 -2.4089e+00 -4.2632e+00 -6.6587e-01
110 +3.424321482e+07 +3.424321482e+07 +3.424318269e+07 +3.424318269e+07 +2.8520e-02 +2.8441e+00 +4.7942e+00 -2.6879e+00 -2.9941e+00 -1.3633e-02 -2.6339e+00 -1.2468e+00 -3.2047e+00 -6.8915e-01
130 +1.041169262e+07 +1.041169262e+07 +1.041166049e+07 +1.041166049e+07 +0.0000e+00 +2.0026e+00 +3.6363e+00 -4.6486e+00 -5.9110e-01 +2.2038e+00 -1.5936e+00 -6.1092e-01 -3.1577e+00 -1.9506e+00
262 +9.836193037e+06 +9.836193037e+06 +9.836160907e+06 +9.836160907e+06 -1.3046e+00 +3.6224e+00 +3.9464e+00 -4.6959e+00 +1.1002e+00 +2.1816e+00 -2.6783e+00 -2.8322e+00 -3.8067e+00 +0.0000e+00
465 +5.664994316e+06 +5.664994316e+06 +5.664962186e+06 +5.664962186e+06 -1.3993e+00 +4.1125e+00 +4.4474e+00 -4.3676e+00 +6.6821e-01 +1.9597e+00 -3.0091e-01 -3.0146e+00 -3.0811e+00 -1.3503e+00
995 +3.006298937e+06 +3.006298937e+06 +3.006266807e+06 +3.006266807e+06 -1.5230e+00 +3.1208e+00 +3.9454e+00 -4.6159e+00 +1.8200e+00 +2.5241e+00 -1.4663e+00 -2.5752e+00 -2.6769e+00 -1.4895e+00
1178 +1.359049174e+06 +1.359049174e+06 +1.359017044e+06 +1.359017044e+06 -1.0266e+00 +3.0195e+00 +4.2019e+00 -3.6949e+00 +1.7739e+00 +1.7212e+00 -1.8927e+00 -2.0904e+00 -3.1452e+00 -1.3489e+00
1680 +6.873059383e+05 +6.873059383e+05 +6.872738083e+05 +6.872738083e+05 -9.9745e-01 +3.0406e+00 +4.5727e+00 -3.0658e+00 +1.8006e+00 +2.3288e+00 -1.2756e+00 -2.4272e+00 -2.9882e+00 -1.7560e+00
1957 +4.662954419e+05 +4.662954419e+05 +4.662633119e+05 +4.662633119e+05 -1.1164e+00 +2.7815e+00 +4.4985e+00 -3.0189e+00 +1.7669e+00 +2.3024e+00 -1.2534e+00 -2.4453e+00 -2.9925e+00 -1.7600e+00
1996 +2.635810508e+05 +2.635810508e+05 +2.635489208e+05 +2.635489208e+05 -1.0510e+00 +2.8262e+00 +4.5074e+00 -3.4709e+00 +1.7085e+00 +2.2725e+00 -1.2456e+00 -2.2286e+00 -2.7975e+00 -1.8211e+00
2207 +1.704013986e+05 +1.704013986e+05 +1.703692686e+05 +1.703692686e+05 -1.1323e+00 +2.8879e+00 +4.5810e+00 -3.4988e+00 +1.8141e+00 +2.0716e+00 -1.4557e+00 -2.1724e+00 -3.0491e+00 -1.2543e+00
2287 +1.183963645e+05 +1.183963645e+05 +1.183642345e+05 +1.183642345e+05 -1.1707e+00 +2.6411e+00 +4.5436e+00 -3.4322e+00 +1.7987e+00 +2.0899e+00 -1.5248e+00 -2.1948e+00 -3.0684e+00 -1.2299e+00
2405 +8.261628100e+04 +8.261628100e+04 +8.258415100e+04 +8.258415100e+04 -1.4872e+00 +2.7623e+00 +4.5272e+00 -3.4884e+00 +1.8028e+00 +2.1248e+00 -1.3981e+00 -2.0318e+00 -2.8193e+00 -1.3360e+00
2635 +4.444906216e+04 +4.444906216e+04 +4.441693216e+04 +4.441693216e+04 -1.2384e+00 +2.6696e+00 +4.4116e+00 -3.4713e+00 +1.7777e+00 +2.0901e+00 -1.2882e+00 -2.1555e+00 -2.8474e+00 -1.3955e+00
2687 +2.707281042e+04 +2.707281042e+04 +2.704068042e+04 +2.704068042e+04 -1.2532e+00 +2.5575e+00 +4.5045e+00 -3.4310e+00 +1.7647e+00 +2.0793e+00 -1.2794e+00 -2.0774e+00 -3.0587e+00 -1.4324e+00
2940 +2.494632024e+04 +2.494632024e+04 +2.491419024e+04 +2.491419024e+04 -1.2439e+00 +2.5712e+00 +4.4887e+00 -3.4480e+00 +1.6598e+00 +2.0845e+00 -1.2574e+00 -2.1129e+00 -2.9930e+00 -1.4517e+00
3127 +1.295152546e+04 +1.295152546e+04 +1.291939546e+04 +1.291939546e+04 -1.2294e+00 +2.5793e+00 +4.4123e+00 -3.4850e+00 +1.6285e+00 +2.0989e+00 -1.3165e+00 -2.1800e+00 -3.0344e+00 -1.4645e+00
3213 +9.344931591e+03 +9.344931591e+03 +9.312801591e+03 +9.312801591e+03 -1.2044e+00 +2.6056e+00 +4.4092e+00 -3.4731e+00 +1.6265e+00 +2.0864e+00 -1.2459e+00 -2.2003e+00 -3.0258e+00 -1.4621e+00
3286 +5.832793457e+03 +5.832793457e+03 +5.800663457e+03 +5.800663457e+03 -1.1923e+00 +2.6512e+00 +4.4398e+00 -3.4461e+00 +1.6624e+00 +2.1034e+00 -1.2745e+00 -2.2298e+00 -3.0107e+00 -1.5019e+00
3287 +3.853764248e+03 +3.853764248e+03 +3.821634248e+03 +3.821634248e+03 -1.1902e+00 +2.6029e+00 +4.3975e+00 -3.4793e+00 +1.6356e+00 +2.1144e+00 -1.2714e+00 -2.2193e+00 -3.0073e+00 -1.5032e+00
3407 +2.336969398e+03 +2.336969398e+03 +2.304839398e+03 +2.304839398e+03 -1.1860e+00 +2.6073e+00 +4.3950e+00 -3.4793e+00 +1.6623e+00 +2.1265e+00 -1.2849e+00 -2.2177e+00 -3.0070e+00 -1.5114e+00
3498 +1.064374683e+03 +1.064374683e+03 +1.032244683e+03 +1.032244683e+03 -1.2065e+00 +2.6043e+00 +4.3983e+00 -3.4779e+00 +1.6894e+00 +2.1161e+00 -1.2831e+00 -2.2125e+00 -3.0253e+00 -1.5093e+00
3585 +9.142741770e+02 +9.142741770e+02 +8.821441770e+02 +8.821441770e+02 -1.2085e+00 +2.6030e+00 +4.3877e+00 -3.4763e+00 +1.6906e+00 +2.1150e+00 -1.2732e+00 -2.2070e+00 -3.0250e+00 -1.5091e+00
3681 +5.971607809e+02 +5.971607809e+02 +5.650307809e+02 +5.650307809e+02 -1.1871e+00 +2.6026e+00 +4.3881e+00 -3.4570e+00 +1.6779e+00 +2.1218e+00 -1.2775e+00 -2.2345e+00 -3.0232e+00 -1.5086e+00
3882 +3.715135796e+02 +3.715135796e+02 +3.393835796e+02 +3.393835796e+02 -1.1836e+00 +2.5979e+00 +4.3789e+00 -3.4607e+00 +1.6802e+00 +2.1289e+00 -1.2635e+00 -2.2326e+00 -3.0258e+00 -1.5055e+00
3930 +2.260344619e+02 +2.260344619e+02 +1.939044619e+02 +1.939044619e+02 -1.1995e+00 +2.6018e+00 +4.3886e+00 -3.4591e+00 +1.6837e+00 +2.1318e+00 -1.2642e+00 -2.2243e+00 -3.0260e+00 -1.5159e+00
3974 +1.150126657e+02 +1.150126657e+02 +8.288266568e+01 +8.288266568e+01 -1.1880e+00 +2.5981e+00 +4.3866e+00 -3.4584e+00 +1.6823e+00 +2.1339e+00 -1.2685e+00 -2.2283e+00 -3.0256e+00 -1.5176e+00
4017 +9.244697554e+01 +9.244697554e+01 +6.031697554e+01 +6.031697554e+01 -1.1893e+00 +2.5971e+00 +4.3918e+00 -3.4583e+00 +1.6841e+00 +2.1317e+00 -1.2669e+00 -2.2241e+00 -3.0273e+00 -1.5091e+00
4188 +6.300772113e+01 +6.300772113e+01 +3.087772113e+01 +3.087772113e+01 -1.1864e+00 +2.5980e+00 +4.3901e+00 -3.4563e+00 +1.6811e+00 +2.1346e+00 -1.2665e+00 -2.2254e+00 -3.0283e+00 -1.5134e+00
4342 +3.925425839e+01 +3.925425839e+01 +7.124258394e+00 +7.124258394e+00 -1.1854e+00 +2.5982e+00 +4.3898e+00 -3.4564e+00 +1.6803e+00 +2.1375e+00 -1.2639e+00 -2.2260e+00 -3.0261e+00 -1.5137e+00
4451 +2.395399296e+01 +2.395399296e+01 -8.176007045e+00 -8.176007045e+00 -1.1844e+00 +2.6005e+00 +4.3897e+00 -3.4586e+00 +1.6804e+00 +2.1376e+00 -1.2621e+00 -2.2262e+00 -3.0254e+00 -1.5138e+00
% function evaluation | noise-free fitness - Fopt (1.576000000000e+01) | best noise-free fitness - Fopt | measured fitness | best measured fitness | x1 | x2...
1 +1.161885324e+09 +1.161885324e+09 +1.161885340e+09 +1.161885340e+09 -4.7834e+00 -9.2466e-01 +4.0003e-01 +3.6420e+00 +2.5335e+00 +2.1112e+00 -1.6329e+00 +3.2264e+00 -3.3285e+00 +3.4552e+00
2 +4.834232987e+08 +4.834232987e+08 +4.834233145e+08 +4.834233145e+08 -4.0045e-01 +3.2658e+00 +1.8058e-01 +1.9037e+00 +9.7242e-01 -4.9695e+00 -4.1843e+00 -4.8466e+00 +1.4369e+00 +1.7158e+00
3 +2.209575342e+08 +2.209575342e+08 +2.209575499e+08 +2.209575499e+08 -2.1984e+00 -4.7075e+00 -2.9859e-01 -5.9555e-01 -2.8374e+00 +2.3658e+00 +9.7554e-01 -3.6723e+00 -2.0365e+00 +8.9881e-01
4 +8.049124787e+07 +8.049124787e+07 +8.049126363e+07 +8.049126363e+07 +4.9320e+00 +1.5574e+00 +1.3501e+00 +3.0920e+00 -2.1584e+00 +1.9081e+00 -4.7839e+00 -4.2988e-01 -3.9035e+00 +9.0952e-01
37 +5.043397288e+07 +5.043397288e+07 +5.043398864e+07 +5.043398864e+07 +2.7362e+00 -2.0541e+00 -1.7711e+00 +3.4752e+00 -9.2963e-01 -3.2281e-01 +1.2849e-01 +1.5278e+00 +7.9574e-01 +1.6950e+00
43 +2.625541108e+07 +2.625541108e+07 +2.625542684e+07 +2.625542684e+07 +2.8016e+00 -5.0000e+00 +1.3211e+00 +4.1605e+00 -2.3973e+00 -1.1309e+00 -3.2241e+00 -1.0347e+00 +2.5687e-01 +4.3803e+00
93 +1.203172121e+07 +1.203172121e+07 +1.203173697e+07 +1.203173697e+07 +3.6556e+00 -1.0305e+00 +4.6980e-01 +3.0391e+00 -2.0507e+00 -1.5975e-01 -7.0341e-01 -6.2517e-01 -6.3039e-02 +1.9078e+00
318 +7.809246531e+06 +7.809246531e+06 +7.809262291e+06 +7.809262291e+06 +4.4042e+00 -1.8006e+00 +1.3558e-01 +4.2794e+00 -1.5291e+00 +9.4105e-01 +3.0473e-01 -2.5518e+00 +3.3389e+00 +5.7471e-01
365 +5.321065297e+06 +5.321065297e+06 +5.321081057e+06 +5.321081057e+06 +3.2829e+00 -2.4274e+00 +1.0146e-01 +4.5942e+00 -1.9183e+00 +1.0548e+00 -3.2930e-01 -2.1762e+00 +3.9996e+00 +8.1745e-01
914 +2.427150451e+06 +2.427150451e+06 +2.427166211e+06 +2.427166211e+06 +2.5000e+00 -1.6527e+00 -8.4837e-01 +3.8702e+00 -2.1866e+00 +5.1133e-02 +2.2254e-01 -1.6360e+00 +3.2646e+00 +1.6816e+00
1058 +1.169582680e+06 +1.169582680e+06 +1.169598440e+06 +1.169598440e+06 +2.5000e+00 -1.6587e+00 -3.7646e-01 +4.3571e+00 -2.8697e+00 -6.7531e-02 -1.0987e+00 -1.8805e+00 +2.9477e+00 +1.0411e+00
1456 +9.108403660e+05 +9.108403660e+05 +9.108561260e+05 +9.108561260e+05 +2.4691e+00 -1.4247e+00 -1.2952e+00 +4.4102e+00 -2.9809e+00 -2.9599e-01 -1.1193e+00 -2.0209e+00 +2.7615e+00 +1.1271e+00
1583 +5.979169231e+05 +5.979169231e+05 +5.979326831e+05 +5.979326831e+05 +2.8575e+00 -1.4538e+00 -1.4407e+00 +4.3827e+00 -2.9027e+00 -7.1056e-02 -1.0767e+00 -1.7273e+00 +2.8999e+00 +1.1258e+00
1695 +3.358667549e+05 +3.358667549e+05 +3.358825149e+05 +3.358825149e+05 +3.1834e+00 -1.2666e+00 -1.6007e+00 +4.0037e+00 -3.0789e+00 -1.5725e-01 -1.5828e+00 -1.6412e+00 +2.8771e+00 +7.1779e-01
2130 +2.200174216e+05 +2.200174216e+05 +2.200331816e+05 +2.200331816e+05 +3.1395e+00 -1.3271e+00 -1.0517e+00 +3.5979e+00 -2.9071e+00 -3.6073e-01 -1.2964e+00 -1.6350e+00 +2.8766e+00 +1.1485e+00
2376 +1.398527934e+05 +1.398527934e+05 +1.398685534e+05 +1.398685534e+05 +3.0027e+00 -1.2879e+00 -1.3499e+00 +3.9680e+00 -3.0520e+00 -3.2175e-01 -1.5057e+00 -1.6614e+00 +2.8271e+00 +1.2038e+00
2411 +9.879929465e+04 +9.879929465e+04 +9.881505465e+04 +9.881505465e+04 +2.9851e+00 -1.2632e+00 -1.2173e+00 +3.6798e+00 -2.8920e+00 -3.7288e-01 -1.4491e+00 -1.6016e+00 +2.7655e+00 +1.2551e+00
2822 +6.209653017e+04 +6.209653017e+04 +6.211229017e+04 +6.211229017e+04 +2.9858e+00 -1.2164e+00 -1.1171e+00 +3.8022e+00 -2.6729e+00 -2.3717e-01 -1.6431e+00 -1.7445e+00 +2.6849e+00 +1.2260e+00
2837 +3.234744127e+04 +3.234744127e+04 +3.236320127e+04 +3.236320127e+04 +3.0247e+00 -1.3171e+00 -1.3016e+00 +3.7701e+00 -2.7139e+00 -2.7869e-01 -1.4236e+00 -1.6273e+00 +2.6679e+00 +1.2456e+00
2917 +1.791313056e+04 +1.791313056e+04 +1.792889056e+04 +1.792889056e+04 +3.0295e+00 -1.2890e+00 -1.2854e+00 +3.8561e+00 -2.7052e+00 -1.3354e-01 -1.4239e+00 -1.6420e+00 +2.6988e+00 +1.2687e+00
3097 +1.572280760e+04 +1.572280760e+04 +1.573856760e+04 +1.573856760e+04 +3.0298e+00 -1.2874e+00 -1.2566e+00 +3.8616e+00 -2.7065e+00 -1.8701e-01 -1.4157e+00 -1.6386e+00 +2.6876e+00 +1.2639e+00
3111 +9.542603731e+03 +9.542603731e+03 +9.558363731e+03 +9.558363731e+03 +3.0301e+00 -1.2910e+00 -1.2735e+00 +3.8397e+00 -2.7854e+00 -1.8144e-01 -1.4283e+00 -1.6783e+00 +2.6970e+00 +1.2652e+00
3237 +5.940884244e+03 +5.940884244e+03 +5.956644244e+03 +5.956644244e+03 +3.0299e+00 -1.2822e+00 -1.2572e+00 +3.8018e+00 -2.7752e+00 -1.8928e-01 -1.4371e+00 -1.6951e+00 +2.6978e+00 +1.2683e+00
3392 +3.336567247e+03 +3.336567247e+03 +3.352327247e+03 +3.352327247e+03 +3.0671e+00 -1.2829e+00 -1.2353e+00 +3.8370e+00 -2.7513e+00 -1.9250e-01 -1.4821e+00 -1.7174e+00 +2.6648e+00 +1.2528e+00
3477 +2.468939102e+03 +2.468939102e+03 +2.484699102e+03 +2.484699102e+03 +3.0641e+00 -1.2833e+00 -1.2341e+00 +3.8348e+00 -2.7579e+00 -1.9364e-01 -1.4900e+00 -1.7151e+00 +2.6787e+00 +1.2448e+00
3517 +1.379587331e+03 +1.379587331e+03 +1.395347331e+03 +1.395347331e+03 +3.0635e+00 -1.2839e+00 -1.2307e+00 +3.8267e+00 -2.7590e+00 -1.9430e-01 -1.4773e+00 -1.7215e+00 +2.6837e+00 +1.2391e+00
3648 +8.631001888e+02 +8.631001888e+02 +8.788601888e+02 +8.788601888e+02 +3.0604e+00 -1.2818e+00 -1.2247e+00 +3.8121e+00 -2.7600e+00 -1.9541e-01 -1.4726e+00 -1.7287e+00 +2.6954e+00 +1.2082e+00
3728 +4.303304695e+02 +4.303304695e+02 +4.460904695e+02 +4.460904695e+02 +3.0548e+00 -1.2748e+00 -1.2279e+00 +3.8114e+00 -2.7588e+00 -1.9253e-01 -1.4731e+00 -1.7219e+00 +2.6875e+00 +1.2184e+00
3848 +3.875269764e+02 +3.875269764e+02 +4.032869764e+02 +4.032869764e+02 +3.0525e+00 -1.2726e+00 -1.2286e+00 +3.8115e+00 -2.7585e+00 -1.9218e-01 -1.4731e+00 -1.7195e+00 +2.6893e+00 +1.2196e+00
3931 +1.304782448e+02 +1.304782448e+02 +1.462382448e+02 +1.462382448e+02 +3.0603e+00 -1.2708e+00 -1.2241e+00 +3.8060e+00 -2.7609e+00 -1.8460e-01 -1.4710e+00 -1.7175e+00 +2.6899e+00 +1.2214e+00
3954 +6.017086514e+01 +6.017086514e+01 +7.593086514e+01 +7.593086514e+01 +3.0600e+00 -1.2629e+00 -1.2273e+00 +3.8085e+00 -2.7639e+00 -1.7853e-01 -1.4710e+00 -1.7178e+00 +2.6930e+00 +1.2252e+00
4071 +2.456374424e+01 +2.456374424e+01 +4.032374424e+01 +4.032374424e+01 +3.0599e+00 -1.2622e+00 -1.2268e+00 +3.8100e+00 -2.7650e+00 -1.7919e-01 -1.4696e+00 -1.7159e+00 +2.6959e+00 +1.2202e+00
4143 +1.048926876e+01 +1.048926876e+01 +2.624926876e+01 +2.624926876e+01 +3.0597e+00 -1.2640e+00 -1.2268e+00 +3.8108e+00 -2.7650e+00 -1.7936e-01 -1.4697e+00 -1.7155e+00 +2.6943e+00 +1.2197e+00
4172 +9.953282245e+00 +9.953282245e+00 +2.571328224e+01 +2.571328224e+01 +3.0588e+00 -1.2635e+00 -1.2265e+00 +3.8114e+00 -2.7645e+00 -1.7807e-01 -1.4697e+00 -1.7165e+00 +2.6937e+00 +1.2176e+00
4256 +5.661107632e+00 +5.661107632e+00 +2.142110763e+01 +2.142110763e+01 +3.0598e+00 -1.2641e+00 -1.2266e+00 +3.8104e+00 -2.7651e+00 -1.7899e-01 -1.4701e+00 -1.7164e+00 +2.6936e+00 +1.2184e+00
4413 +3.940039393e+00 +3.940039393e+00 +1.970003939e+01 +1.970003939e+01 +3.0595e+00 -1.2646e+00 -1.2262e+00 +3.8107e+00 -2.7651e+00 -1.7925e-01 -1.4692e+00 -1.7170e+00 +2.6931e+00 +1.2186e+00
4701 +2.461269635e+00 +2.461269635e+00 +1.822126964e+01 +1.822126964e+01 +3.0601e+00 -1.2647e+00 -1.2266e+00 +3.8115e+00 -2.7653e+00 -1.7929e-01 -1.4694e+00 -1.7174e+00 +2.6927e+00 +1.2186e+00
% function evaluation | noise-free fitness - Fopt (3.735000000000e+01) | best noise-free fitness - Fopt | measured fitness | best measured fitness | x1 | x2...
1 +8.746371843e+08 +8.746371843e+08 +8.746372216e+08 +8.746372216e+08 -1.6102e+00 +4.5145e+00 -3.3851e+00 +4.2239e+00 -1.3299e-01 -2.5898e+00 -1.5605e+00 +2.1670e+00 +3.8420e+00 +3.1733e+00
2 +5.142344042e+07 +5.142344042e+07 +5.142347777e+07 +5.142347777e+07 -7.4651e-01 +1.7578e-01 +2.3606e+00 -6.4296e-01 +3.6303e+00 -3.9653e+00 +3.7568e+00 -2.9128e+00 -1.5637e+00 -3.0987e+00
57 +2.419674407e+07 +2.419674407e+07 +2.419678142e+07 +2.419678142e+07 -3.9163e-01 -1.2734e+00 +4.3971e+00 -8.0171e-01 +3.2577e+00 -5.0000e+00 +3.0420e-01 -2.7591e+00 -1.4805e+00 -4.6272e-01
153 +1.465556636e+07 +1.465556636e+07 +1.465560371e+07 +1.465560371e+07 -3.1149e+00 -1.8992e+00 +4.0099e+00 -1.1423e+00 +2.0492e+00 -1.8072e+00 +1.7318e+00 -5.2748e-01 -5.3366e-01 +3.7470e-01
475 +3.836424009e+06 +3.836424009e+06 +3.836461359e+06 +3.836461359e+06 -3.2109e+00 -1.1995e+00 +2.8809e+00 -6.7475e-01 +9.5954e-01 -2.7792e+00 +1.3521e+00 -1.3726e+00 -3.7475e+00 +6.9248e-01
765 +1.093200149e+06 +1.093200149e+06 +1.093237499e+06 +1.093237499e+06 -3.0255e+00 -1.1740e+00 +2.9699e+00 -5.4608e-01 +1.7435e+00 -3.3987e+00 +1.4560e+00 -1.9797e+00 -3.3690e+00 +1.1466e+00
1217 +8.402200422e+05 +8.402200422e+05 +8.402573922e+05 +8.402573922e+05 -3.4152e+00 -1.1912e+00 +3.6403e+00 -1.5892e+00 +2.3873e+00 -3.0228e+00 +1.3703e+00 -2.0065e+00 -3.2285e+00 +1.3986e+00
1577 +5.436402144e+05 +5.436402144e+05 +5.436775644e+05 +5.436775644e+05 -3.5061e+00 -9.5715e-01 +3.3542e+00 -1.2272e+00 +2.4964e+00 -2.3841e+00 +1.0782e+00 -1.5785e+00 -3.2600e+00 +1.7736e+00
1691 +3.514494752e+05 +3.514494752e+05 +3.514868252e+05 +3.514868252e+05 -3.6166e+00 -1.0398e+00 +3.1009e+00 -7.5307e-01 +2.5238e+00 -2.9843e+00 +1.4492e+00 -2.2818e+00 -3.2363e+00 +1.6230e+00
2059 +2.446403198e+05 +2.446403198e+05 +2.446776698e+05 +2.446776698e+05 -3.6839e+00 -9.4175e-01 +2.9023e+00 -1.0178e+00 +2.2595e+00 -2.8390e+00 +1.4071e+00 -2.2885e+00 -3.1673e+00 +1.5958e+00
2111 +6.544603473e+04 +6.544603473e+04 +6.548338473e+04 +6.548338473e+04 -3.7274e+00 -8.3188e-01 +3.1931e+00 -9.8728e-01 +2.0130e+00 -2.8572e+00 +1.3146e+00 -2.1645e+00 -2.8976e+00 +1.4765e+00
2361 +5.824742506e+04 +5.824742506e+04 +5.828477506e+04 +5.828477506e+04 -3.6858e+00 -8.1966e-01 +3.0869e+00 -9.7846e-01 +2.1325e+00 -2.8944e+00 +1.4025e+00 -2.0794e+00 -3.0175e+00 +1.5732e+00
2588 +3.286081314e+04 +3.286081314e+04 +3.289816314e+04 +3.289816314e+04 -3.7050e+00 -8.1286e-01 +3.2377e+00 -9.6210e-01 +2.1739e+00 -2.8717e+00 +1.2800e+00 -2.0913e+00 -3.0790e+00 +1.4779e+00
2704 +5.985903150e+03 +5.985903150e+03 +6.023253150e+03 +6.023253150e+03 -3.5777e+00 -8.0383e-01 +3.2134e+00 -8.6228e-01 +2.1801e+00 -2.8916e+00 +1.2928e+00 -1.9962e+00 -3.0145e+00 +1.4743e+00
3014 +3.085928670e+03 +3.085928670e+03 +3.123278670e+03 +3.123278670e+03 -3.5771e+00 -8.0141e-01 +3.2144e+00 -9.0595e-01 +2.1809e+00 -2.9006e+00 +1.2907e+00 -2.0310e+00 -3.0084e+00 +1.4696e+00
3086 +2.334938041e+03 +2.334938041e+03 +2.372288041e+03 +2.372288041e+03 -3.5892e+00 -8.0950e-01 +3.2630e+00 -9.0291e-01 +2.1418e+00 -2.9007e+00 +1.2904e+00 -2.0290e+00 -3.0001e+00 +1.4580e+00
3246 +1.170454184e+03 +1.170454184e+03 +1.207804184e+03 +1.207804184e+03 -3.5361e+00 -7.9120e-01 +3.2551e+00 -8.9575e-01 +2.1611e+00 -2.9095e+00 +1.2942e+00 -2.0262e+00 -3.0111e+00 +1.4854e+00
3345 +8.073699483e+02 +8.073699483e+02 +8.447199483e+02 +8.447199483e+02 -3.5443e+00 -7.9600e-01 +3.2530e+00 -8.8884e-01 +2.1668e+00 -2.9172e+00 +1.2693e+00 -2.0235e+00 -3.0285e+00 +1.4672e+00
3478 +5.344873491e+02 +5.344873491e+02 +5.718373491e+02 +5.718373491e+02 -3.5434e+00 -8.0396e-01 +3.2535e+00 -8.8826e-01 +2.1629e+00 -2.9188e+00 +1.2846e+00 -2.0282e+00 -3.0110e+00 +1.4779e+00
3517 +2.495668468e+02 +2.495668468e+02 +2.869168468e+02 +2.869168468e+02 -3.5602e+00 -8.1161e-01 +3.2629e+00 -8.9200e-01 +2.1519e+00 -2.9201e+00 +1.2983e+00 -2.0410e+00 -3.0012e+00 +1.4670e+00
3632 +1.565997414e+02 +1.565997414e+02 +1.939497414e+02 +1.939497414e+02 -3.5630e+00 -8.0647e-01 +3.2576e+00 -8.8301e-01 +2.1564e+00 -2.9308e+00 +1.3094e+00 -2.0489e+00 -3.0036e+00 +1.4770e+00
3737 +9.326874487e+01 +9.326874487e+01 +1.306187449e+02 +1.306187449e+02 -3.5609e+00 -8.0675e-01 +3.2540e+00 -8.8542e-01 +2.1547e+00 -2.9241e+00 +1.3072e+00 -2.0487e+00 -3.0071e+00 +1.4770e+00
3912 +5.795460596e+01 +5.795460596e+01 +9.530460596e+01 +9.530460596e+01 -3.5576e+00 -8.0621e-01 +3.2530e+00 -8.8759e-01 +2.1503e+00 -2.9249e+00 +1.3032e+00 -2.0500e+00 -3.0079e+00 +1.4774e+00
3924 +3.663395821e+01 +3.663395821e+01 +7.398395821e+01 +7.398395821e+01 -3.5577e+00 -8.0608e-01 +3.2548e+00 -8.8721e-01 +2.1514e+00 -2.9261e+00 +1.3006e+00 -2.0474e+00 -3.0036e+00 +1.4777e+00
4026 +2.234654771e+01 +2.234654771e+01 +5.969654771e+01 +5.969654771e+01 -3.5563e+00 -8.0793e-01 +3.2552e+00 -8.8887e-01 +2.1501e+00 -2.9305e+00 +1.3054e+00 -2.0487e+00 -3.0023e+00 +1.4781e+00
4211 +1.238325376e+01 +1.238325376e+01 +4.973325376e+01 +4.973325376e+01 -3.5556e+00 -8.0827e-01 +3.2555e+00 -8.9075e-01 +2.1533e+00 -2.9272e+00 +1.3061e+00 -2.0497e+00 -3.0038e+00 +1.4788e+00
4312 +9.836961447e+00 +9.836961447e+00 +4.718696145e+01 +4.718696145e+01 -3.5558e+00 -8.0876e-01 +3.2555e+00 -8.9073e-01 +2.1525e+00 -2.9279e+00 +1.3052e+00 -2.0495e+00 -3.0036e+00 +1.4788e+00
4392 +3.393289210e+00 +3.393289210e+00 +4.074328921e+01 +4.074328921e+01 -3.5558e+00 -8.0775e-01 +3.2566e+00 -8.9087e-01 +2.1530e+00 -2.9272e+00 +1.3036e+00 -2.0494e+00 -3.0036e+00 +1.4787e+00
4564 +1.884796525e+00 +1.884796525e+00 +3.923479652e+01 +3.923479652e+01 -3.5566e+00 -8.0714e-01 +3.2565e+00 -8.9068e-01 +2.1539e+00 -2.9267e+00 +1.3032e+00 -2.0495e+00 -3.0038e+00 +1.4788e+00
4730 +1.402928380e+00 +1.402928380e+00 +3.875292838e+01 +3.875292838e+01 -3.5563e+00 -8.0703e-01 +3.2569e+00 -8.9068e-01 +2.1534e+00 -2.9265e+00 +1.3027e+00 -2.0504e+00 -3.0037e+00 +1.4788e+00
% function evaluation | noise-free fitness - Fopt (-3.096300000000e+02) | best noise-free fitness - Fopt | measured fitness | best measured fitness | x1 | x2...
1 +1.533819111e+08 +1.533819111e+08 +1.533816015e+08 +1.533816015e+08 -1.1658e+00 -2.2892e+00 +3.8831e+00 +4.0321e-01 +1.6799e+00 +4.4118e+00 -1.4373e+00 -3.6652e+00 +4.2991e+00 +2.9541e+00
9 +5.777969144e+07 +5.777969144e+07 +5.777938181e+07 +5.777938181e+07 -1.2355e+00 +4.1993e-01 -3.2985e-01 +3.9016e+00 +2.3977e+00 +1.6453e-01 +1.9254e+00 -3.5855e+00 +2.1800e+00 +1.7776e+00
53 +3.367423270e+07 +3.367423270e+07 +3.367392307e+07 +3.367392307e+07 -1.2643e+00 -4.8446e-01 +1.5417e+00 +3.6823e+00 -2.2594e+00 -3.3766e+00 +3.9685e+00 -2.2172e+00 +2.5345e+00 -3.8367e+00
99 +2.233657128e+07 +2.233657128e+07 +2.233626165e+07 +2.233626165e+07 -2.7938e+00 -2.5089e+00 +7.1493e-02 +2.1623e+00 +1.0823e+00 -1.0869e+00 +3.7924e+00 -4.5416e+00 +6.5190e-01 +1.7525e+00
256 +1.374669447e+07 +1.374669447e+07 +1.374638484e+07 +1.374638484e+07 -2.4440e+00 -2.9649e+00 -1.8001e-01 +1.1125e-02 -2.2661e+00 -1.1799e+00 +5.0000e+00 -2.7255e+00 -6.5915e-01 +8.6317e-01
369 +8.196429519e+06 +8.196429519e+06 +8.196119889e+06 +8.196119889e+06 -3.3614e+00 +0.0000e+00 +7.1967e-01 +6.0291e-02 -2.5489e+00 -1.2385e+00 +5.0000e+00 -3.9537e+00 +0.0000e+00 +7.1618e-01
824 +6.223708366e+06 +6.223708366e+06 +6.223398736e+06 +6.223398736e+06 -4.6200e+00 +1.4027e+00 +1.0745e+00 +1.9776e+00 -4.3935e+00 -9.7980e-01 +3.7587e+00 -1.4988e+00 +6.4499e-01 +3.8099e-01
1051 +3.788055741e+06 +3.788055741e+06 +3.787746111e+06 +3.787746111e+06 -4.2874e+00 +1.9022e+00 +9.7678e-01 +6.1934e-01 -3.8807e+00 -1.2953e+00 +3.8193e+00 -1.1225e+00 -1.1465e+00 +2.7241e-01
1218 +1.703609992e+06 +1.703609992e+06 +1.703300362e+06 +1.703300362e+06 -3.4407e+00 +1.9864e+00 +4.0976e-01 +2.1658e+00 -3.7680e+00 -2.4441e+00 +3.4945e+00 -2.4140e+00 -8.2300e-02 +2.7297e-01
1269 +1.377330864e+06 +1.377330864e+06 +1.377021234e+06 +1.377021234e+06 -3.2491e+00 +3.2198e+00 +3.4430e-01 +1.4975e+00 -3.1215e+00 -2.3577e+00 +3.7314e+00 -2.5811e+00 -5.8881e-02 +4.9847e-01
1685 +5.991591640e+05 +5.991591640e+05 +5.988495340e+05 +5.988495340e+05 -3.6946e+00 +9.2613e-01 +1.0242e+00 +1.2514e+00 -2.8724e+00 -2.0578e+00 +3.8450e+00 -2.4693e+00 -4.3279e-01 +3.6731e-02
2035 +3.225516251e+05 +3.225516251e+05 +3.222419951e+05 +3.222419951e+05 -3.5672e+00 +7.8029e-01 +1.1122e+00 +1.2912e+00 -2.4587e+00 -2.0874e+00 +3.9310e+00 -2.2720e+00 -5.6509e-01 +8.0669e-02
2154 +2.499577834e+05 +2.499577834e+05 +2.496481534e+05 +2.496481534e+05 -3.5914e+00 +9.1399e-01 +1.0714e+00 +1.5127e+00 -2.3668e+00 -1.9552e+00 +3.9009e+00 -2.2639e+00 -6.1970e-01 +6.5439e-02
2650 +1.543610770e+05 +1.543610770e+05 +1.540514470e+05 +1.540514470e+05 -3.6286e+00 +1.0697e+00 +7.3994e-01 +1.5355e+00 -2.5719e+00 -1.8563e+00 +4.0683e+00 -2.1703e+00 -4.6800e-01 -3.0966e-02
2824 +6.713181655e+04 +6.713181655e+04 +6.682218655e+04 +6.682218655e+04 -3.4005e+00 +9.0505e-01 +8.8496e-01 +1.5991e+00 -2.4786e+00 -1.9928e+00 +3.9867e+00 -2.2744e+00 -2.9073e-01 +7.8835e-02
2904 +6.210571609e+04 +6.210571609e+04 +6.179608609e+04 +6.179608609e+04 -3.4004e+00 +8.8569e-01 +8.8321e-01 +1.5800e+00 -2.4875e+00 -2.0342e+00 +3.9921e+00 -2.2764e+00 -5.6374e-01 +6.6381e-02
2984 +2.940418208e+04 +2.940418208e+04 +2.909455208e+04 +2.909455208e+04 -3.3933e+00 +1.2075e+00 +8.8280e-01 +1.5922e+00 -2.5816e+00 -2.0300e+00 +3.9417e+00 -2.0588e+00 -3.0453e-01 +2.4101e-01
3144 +2.371554921e+04 +2.371554921e+04 +2.340591921e+04 +2.340591921e+04 -3.3730e+00 +1.2663e+00 +7.9115e-01 +1.6107e+00 -2.5986e+00 -1.9511e+00 +3.9419e+00 -2.0132e+00 -3.7718e-01 +3.1115e-01
3210 +1.099586530e+04 +1.099586530e+04 +1.068623530e+04 +1.068623530e+04 -3.3678e+00 +1.2820e+00 +7.0953e-01 +1.6244e+00 -2.6061e+00 -1.9840e+00 +3.8306e+00 -2.1033e+00 -3.9695e-01 +2.2419e-01
3274 +5.417916189e+03 +5.417916189e+03 +5.108286189e+03 +5.108286189e+03 -3.3592e+00 +1.2984e+00 +7.3013e-01 +1.5922e+00 -2.6286e+00 -1.9806e+00 +3.8998e+00 -2.0718e+00 -3.5392e-01 +1.9614e-01
3417 +3.721365881e+03 +3.721365881e+03 +3.411735881e+03 +3.411735881e+03 -3.3653e+00 +1.2966e+00 +7.2531e-01 +1.5837e+00 -2.6418e+00 -1.9698e+00 +3.8863e+00 -2.0742e+00 -3.7337e-01 +2.2366e-01
3504 +2.112556203e+03 +2.112556203e+03 +1.802926203e+03 +1.802926203e+03 -3.3771e+00 +1.3064e+00 +7.3464e-01 +1.5674e+00 -2.6369e+00 -1.9758e+00 +3.8829e+00 -2.0648e+00 -3.7488e-01 +2.3033e-01
3531 +1.365227476e+03 +1.365227476e+03 +1.055597476e+03 +1.055597476e+03 -3.3816e+00 +1.3035e+00 +7.1100e-01 +1.5736e+00 -2.6146e+00 -2.0068e+00 +3.8849e+00 -2.0618e+00 -3.8153e-01 +2.3013e-01
3650 +6.682804854e+02 +6.682804854e+02 +3.586504854e+02 +3.586504854e+02 -3.3835e+00 +1.2957e+00 +7.3897e-01 +1.5621e+00 -2.6265e+00 -2.0108e+00 +3.8886e+00 -2.0615e+00 -4.0144e-01 +2.4069e-01
3681 +5.335778860e+02 +5.335778860e+02 +2.239478860e+02 +2.239478860e+02 -3.3856e+00 +1.3006e+00 +7.4042e-01 +1.5576e+00 -2.6404e+00 -2.0204e+00 +3.8893e+00 -2.0612e+00 -4.0318e-01 +2.4494e-01
3735 +2.807801136e+02 +2.807801136e+02 -2.884988637e+01 -2.884988637e+01 -3.3913e+00 +1.3022e+00 +7.3114e-01 +1.5782e+00 -2.6451e+00 -2.0173e+00 +3.8805e+00 -2.0593e+00 -3.7615e-01 +2.3625e-01
3852 +1.993606428e+02 +1.993606428e+02 -1.102693572e+02 -1.102693572e+02 -3.3909e+00 +1.3068e+00 +7.3489e-01 +1.5752e+00 -2.6482e+00 -2.0197e+00 +3.8805e+00 -2.0596e+00 -3.7745e-01 +2.3544e-01
3881 +1.000699690e+02 +1.000699690e+02 -2.095600310e+02 -2.095600310e+02 -3.3869e+00 +1.3036e+00 +7.3417e-01 +1.5636e+00 -2.6430e+00 -2.0164e+00 +3.8768e+00 -2.0592e+00 -3.8044e-01 +2.3616e-01
3906 +8.729501492e+01 +8.729501492e+01 -2.223349851e+02 -2.223349851e+02 -3.3894e+00 +1.3039e+00 +7.3104e-01 +1.5630e+00 -2.6426e+00 -2.0173e+00 +3.8777e+00 -2.0552e+00 -3.8157e-01 +2.3400e-01
3972 +4.611742589e+01 +4.611742589e+01 -2.635125741e+02 -2.635125741e+02 -3.3890e+00 +1.3082e+00 +7.2742e-01 +1.5632e+00 -2.6498e+00 -2.0204e+00 +3.8787e+00 -2.0589e+00 -3.8186e-01 +2.3576e-01
4135 +3.737729627e+01 +3.737729627e+01 -2.722527037e+02 -2.722527037e+02 -3.3877e+00 +1.3085e+00 +7.2972e-01 +1.5632e+00 -2.6484e+00 -2.0199e+00 +3.8778e+00 -2.0577e+00 -3.8217e-01 +2.3503e-01
4143 +2.355868167e+01 +2.355868167e+01 -2.860713183e+02 -2.860713183e+02 -3.3878e+00 +1.3079e+00 +7.2824e-01 +1.5632e+00 -2.6473e+00 -2.0199e+00 +3.8809e+00 -2.0588e+00 -3.8260e-01 +2.3803e-01
4227 +1.555987042e+01 +1.555987042e+01 -2.940701296e+02 -2.940701296e+02 -3.3882e+00 +1.3077e+00 +7.2855e-01 +1.5642e+00 -2.6465e+00 -2.0194e+00 +3.8803e+00 -2.0581e+00 -3.8335e-01 +2.3750e-01
4354 +9.728345413e+00 +9.728345413e+00 -2.999016546e+02 -2.999016546e+02 -3.3889e+00 +1.3080e+00 +7.3164e-01 +1.5652e+00 -2.6448e+00 -2.0195e+00 +3.8816e+00 -2.0590e+00 -3.8363e-01 +2.3764e-01
4449 +4.342477920e+00 +4.342477920e+00 -3.052875221e+02 -3.052875221e+02 -3.3893e+00 +1.3071e+00 +7.3151e-01 +1.5657e+00 -2.6460e+00 -2.0203e+00 +3.8821e+00 -2.0578e+00 -3.8535e-01 +2.3729e-01
4489 +3.788894357e+00 +3.788894357e+00 -3.058411056e+02 -3.058411056e+02 -3.3893e+00 +1.3071e+00 +7.3156e-01 +1.5656e+00 -2.6460e+00 -2.0202e+00 +3.8820e+00 -2.0582e+00 -3.8540e-01 +2.3728e-01
4570 +2.396440822e+00 +2.396440822e+00 -3.072335592e+02 -3.072335592e+02 -3.3895e+00 +1.3069e+00 +7.3110e-01 +1.5651e+00 -2.6459e+00 -2.0208e+00 +3.8816e+00 -2.0590e+00 -3.8614e-01 +2.3722e-01
4703 +1.509178184e+00 +1.509178184e+00 -3.081208218e+02 -3.081208218e+02 -3.3887e+00 +1.3073e+00 +7.3097e-01 +1.5655e+00 -2.6455e+00 -2.0209e+00 +3.8814e+00 -2.0586e+00 -3.8588e-01 +2.3719e-01
% function evaluation | noise-free fitness - Fopt (-1.000000000000e+03) | best noise-free fitness - Fopt | measured fitness | best measured fitness | x1 | x2...
1 +5.594839815e+07 +5.594839815e+07 +5.594739815e+07 +5.594739815e+07 +1.5062e+00 -3.3958e-01 +5.3206e-01 +4.9756e-01 -2.1651e+00 +3.0375e+00 -4.2757e-01 +2.9438e+00 +4.3308e+00 -9.0801e-01
81 +2.360466994e+07 +2.360466994e+07 +2.360366994e+07 +2.360366994e+07 +3.2354e+00 +1.4401e+00 -2.0469e+00 -1.5354e+00 -5.4415e-02 +3.1388e-01 +2.3267e+00 +2.7379e+00 +3.4507e+00 +1.1945e+00
323 +9.975601019e+06 +9.975601019e+06 +9.974601019e+06 +9.974601019e+06 +4.0982e+00 +2.3464e+00 +0.0000e+00 +1.7848e-01 +3.6761e+00 +5.0000e+00 +1.8212e+00 +3.3714e+00 +3.2430e+00 -3.9155e-01
509 +5.100524441e+06 +5.100524441e+06 +5.099524441e+06 +5.099524441e+06 +3.7105e+00 +2.7910e+00 -3.0941e+00 +4.2697e-01 +3.7071e+00 +4.6582e+00 +1.4769e+00 +5.0000e+00 +3.7075e+00 +9.0940e-01
747 +3.840821406e+06 +3.840821406e+06 +3.839821406e+06 +3.839821406e+06 +3.6191e+00 +4.2195e+00 -1.6089e+00 +1.8446e+00 +2.2285e+00 +4.6043e+00 +5.3257e-01 +5.0000e+00 +4.4285e+00 -5.0508e-01
870 +2.213411825e+06 +2.213411825e+06 +2.212411825e+06 +2.212411825e+06 +2.5591e+00 +4.0065e+00 -2.2941e+00 +1.1559e+00 +1.8715e+00 +4.3296e+00 +1.2554e+00 +5.0000e+00 +4.0602e+00 +7.8237e-01
985 +1.145902836e+06 +1.145902836e+06 +1.144902836e+06 +1.144902836e+06 +2.5010e+00 +3.2654e+00 -7.8867e-01 +1.0053e+00 +2.3536e+00 +4.4140e+00 +9.8424e-01 +5.0000e+00 +4.1400e+00 -1.4198e+00
1265 +9.656236395e+05 +9.656236395e+05 +9.646236395e+05 +9.646236395e+05 +2.7837e+00 +2.9102e+00 -1.9029e+00 +7.8292e-01 +2.1519e+00 +4.6984e+00 +1.3309e+00 +4.9982e+00 +3.9885e+00 -7.1489e-01
1385 +6.286787605e+05 +6.286787605e+05 +6.276787605e+05 +6.276787605e+05 +2.4979e+00 +2.8233e+00 -1.3705e+00 +7.9568e-01 +2.4680e+00 +4.5496e+00 +1.4248e+00 +4.5001e+00 +4.2290e+00 -7.0977e-01
1761 +3.693129900e+05 +3.693129900e+05 +3.683129900e+05 +3.683129900e+05 +2.7619e+00 +3.1061e+00 -1.8429e+00 +1.1547e+00 +2.7952e+00 +4.9253e+00 +1.1550e+00 +5.0000e+00 +3.9548e+00 -5.7634e-01
1881 +2.455959386e+05 +2.455959386e+05 +2.445959386e+05 +2.445959386e+05 +2.6305e+00 +3.1506e+00 -1.3887e+00 +8.9775e-01 +2.8608e+00 +4.6355e+00 +1.0259e+00 +5.0000e+00 +4.2024e+00 -7.8685e-01
1935 +1.556451217e+05 +1.556451217e+05 +1.546451217e+05 +1.546451217e+05 +2.7911e+00 +3.4112e+00 -1.2908e+00 +1.1129e+00 +2.8292e+00 +4.4510e+00 +1.3187e+00 +5.0000e+00 +4.2278e+00 -5.3738e-01
2298 +7.583661139e+04 +7.583661139e+04 +7.483661139e+04 +7.483661139e+04 +2.7563e+00 +3.2952e+00 -1.3713e+00 +1.0923e+00 +2.6442e+00 +4.6253e+00 +1.3215e+00 +5.0000e+00 +4.1770e+00 -5.8943e-01
2535 +6.185147709e+04 +6.185147709e+04 +6.085147709e+04 +6.085147709e+04 +2.6793e+00 +3.2163e+00 -1.4403e+00 +1.2019e+00 +2.7360e+00 +4.7866e+00 +1.4450e+00 +5.0000e+00 +4.1002e+00 -5.7767e-01
2671 +3.373397165e+04 +3.373397165e+04 +3.273397165e+04 +3.273397165e+04 +2.6882e+00 +3.3493e+00 -1.3231e+00 +1.0593e+00 +2.8406e+00 +4.7957e+00 +1.4202e+00 +5.0000e+00 +4.2742e+00 -8.2709e-01
2810 +2.396877806e+04 +2.396877806e+04 +2.296877806e+04 +2.296877806e+04 +2.7024e+00 +3.2902e+00 -1.3103e+00 +1.1182e+00 +2.7839e+00 +4.8097e+00 +1.3195e+00 +5.0000e+00 +4.2709e+00 -8.6316e-01
2983 +1.349334615e+04 +1.349334615e+04 +1.249334615e+04 +1.249334615e+04 +2.6449e+00 +3.3059e+00 -1.3109e+00 +1.1354e+00 +2.7901e+00 +4.8892e+00 +1.3086e+00 +5.0000e+00 +4.3533e+00 -8.0131e-01
3079 +9.368536790e+03 +9.368536790e+03 +8.368536790e+03 +8.368536790e+03 +2.6478e+00 +3.2962e+00 -1.3459e+00 +1.1804e+00 +2.8340e+00 +4.8327e+00 +1.3110e+00 +5.0000e+00 +4.3329e+00 -8.5213e-01
3126 +6.294313374e+03 +6.294313374e+03 +5.294313374e+03 +5.294313374e+03 +2.6572e+00 +3.2987e+00 -1.3378e+00 +1.1915e+00 +2.8377e+00 +4.8597e+00 +1.3189e+00 +5.0000e+00 +4.3730e+00 -9.1873e-01
3185 +2.890547652e+03 +2.890547652e+03 +1.890547652e+03 +1.890547652e+03 +2.6684e+00 +3.2899e+00 -1.2927e+00 +1.2085e+00 +2.8483e+00 +4.8950e+00 +1.3191e+00 +4.9831e+00 +4.3992e+00 -8.8294e-01
3286 +2.447616196e+03 +2.447616196e+03 +1.447616196e+03 +1.447616196e+03 +2.6547e+00 +3.3134e+00 -1.3129e+00 +1.1957e+00 +2.8477e+00 +4.9079e+00 +1.3374e+00 +4.9700e+00 +4.3854e+00 -9.0205e-01
3422 +1.412899018e+03 +1.412899018e+03 +4.128990185e+02 +4.128990185e+02 +2.6432e+00 +3.2667e+00 -1.3268e+00 +1.2100e+00 +2.8429e+00 +4.8910e+00 +1.3145e+00 +4.9785e+00 +4.3855e+00 -8.9920e-01
3501 +9.763255234e+02 +9.763255234e+02 -2.367447662e+01 -2.367447662e+01 +2.6457e+00 +3.2688e+00 -1.3268e+00 +1.2013e+00 +2.8426e+00 +4.8884e+00 +1.3377e+00 +4.9750e+00 +4.3918e+00 -8.9929e-01
3632 +5.557917477e+02 +5.557917477e+02 -4.442082523e+02 -4.442082523e+02 +2.6480e+00 +3.2718e+00 -1.3210e+00 +1.1934e+00 +2.8491e+00 +4.8953e+00 +1.3258e+00 +4.9654e+00 +4.3960e+00 -9.0346e-01
3646 +3.935681435e+02 +3.935681435e+02 -6.064318565e+02 -6.064318565e+02 +2.6370e+00 +3.2740e+00 -1.3170e+00 +1.1947e+00 +2.8499e+00 +4.8957e+00 +1.3221e+00 +4.9603e+00 +4.3949e+00 -9.0427e-01
3683 +1.768402195e+02 +1.768402195e+02 -8.231597805e+02 -8.231597805e+02 +2.6460e+00 +3.2715e+00 -1.3145e+00 +1.2125e+00 +2.8416e+00 +4.8999e+00 +1.3301e+00 +4.9586e+00 +4.4004e+00 -9.0293e-01
3763 +1.348381239e+02 +1.348381239e+02 -8.651618761e+02 -8.651618761e+02 +2.6420e+00 +3.2703e+00 -1.3161e+00 +1.2091e+00 +2.8426e+00 +4.8999e+00 +1.3321e+00 +4.9582e+00 +4.4003e+00 -9.0288e-01
3861 +9.524571607e+01 +9.524571607e+01 -9.047542839e+02 -9.047542839e+02 +2.6442e+00 +3.2684e+00 -1.3144e+00 +1.2070e+00 +2.8406e+00 +4.9047e+00 +1.3287e+00 +4.9528e+00 +4.4001e+00 -9.0193e-01
4006 +6.203880171e+01 +6.203880171e+01 -9.379611983e+02 -9.379611983e+02 +2.6448e+00 +3.2708e+00 -1.3116e+00 +1.2048e+00 +2.8420e+00 +4.9063e+00 +1.3306e+00 +4.9521e+00 +4.3948e+00 -9.0227e-01
4431 +3.914344129e+01 +3.914344129e+01 -9.608565587e+02 -9.608565587e+02 +2.6419e+00 +3.2729e+00 -1.3125e+00 +1.2040e+00 +2.8430e+00 +4.9041e+00 +1.3306e+00 +4.9534e+00 +4.3968e+00 -9.0287e-01
% function evaluation | noise-free fitness - Fopt (5.800000000000e+01) | best noise-free fitness - Fopt | measured fitness | best measured fitness | x1 | x2...
1 +2.261450388e+08 +2.261450388e+08 +2.261450968e+08 +2.261450968e+08 -1.8263e+00 -3.4368e+00 -2.3054e+00 +3.6854e+00 -2.6931e+00 -2.9796e+00 +8.4395e-01 -4.5895e-01 -3.5845e+00 -2.7353e+00
5 +7.469255342e+07 +7.469255342e+07 +7.469261142e+07 +7.469261142e+07 -2.2425e+00 +3.9506e+00 -4.7587e+00 -9.9003e-01 -8.3394e-01 -9.4614e-01 +3.5697e+00 +2.2903e+00 +6.3078e-01 -4.6617e+00
32 +3.206417935e+07 +3.206417935e+07 +3.206423735e+07 +3.206423735e+07 -4.7624e+00 +2.0212e+00 -2.4037e+00 +1.9037e+00 +9.3690e-01 +2.4183e-01 +3.5429e-01 +6.1581e-02 -8.5365e-01 -1.2857e-01
124 +2.433807436e+07 +2.433807436e+07 +2.433813236e+07 +2.433813236e+07 -3.3353e+00 +0.0000e+00 -7.6193e-01 +0.0000e+00 -1.6191e-02 -9.3979e-01 +2.7480e+00 +3.7302e-01 +2.2792e-01 -2.6358e-01
184 +1.464380831e+07 +1.464380831e+07 +1.464386631e+07 +1.464386631e+07 -3.1770e+00 +1.4852e+00 -4.0904e+00 +2.7289e-01 -6.1128e-01 -2.4548e+00 +2.7828e+00 -6.3176e-01 +2.8320e+00 -2.7466e+00
204 +7.436305407e+06 +7.436305407e+06 +7.436363407e+06 +7.436363407e+06 -4.1698e+00 +5.9756e-01 -2.0304e+00 -5.9756e-01 -1.9525e+00 -9.0181e-01 +3.5025e+00 -7.6059e-01 +3.7344e+00 -2.1046e+00
342 +6.205606626e+06 +6.205606626e+06 +6.205664626e+06 +6.205664626e+06 -3.9033e+00 +2.9737e-01 -1.9422e+00 +9.2064e-01 -1.6894e+00 -1.9992e+00 +3.4470e+00 +5.5244e-01 +4.8906e+00 -2.3509e+00
925 +2.472762478e+06 +2.472762478e+06 +2.472820478e+06 +2.472820478e+06 -4.6567e+00 +1.4304e+00 -2.0145e+00 -1.8473e-01 -1.7509e+00 -2.0554e+00 +3.0641e+00 +9.6145e-01 +4.1902e+00 -1.0863e+00
1307 +1.374038290e+06 +1.374038290e+06 +1.374096290e+06 +1.374096290e+06 -4.9039e+00 +2.5931e+00 -2.5000e+00 +1.3577e+00 -1.6959e+00 -1.4913e+00 +3.0105e+00 +7.4708e-01 +3.3707e+00 -1.7892e-01
1317 +8.978378459e+05 +8.978378459e+05 +8.978958459e+05 +8.978958459e+05 -5.0000e+00 +2.4544e+00 -2.6524e+00 +7.9212e-01 -2.1708e+00 -1.9500e+00 +3.0432e+00 +4.6985e-01 +4.0527e+00 -8.4072e-01
1617 +5.557597147e+05 +5.557597147e+05 +5.558177147e+05 +5.558177147e+05 -5.0000e+00 +1.7502e+00 -2.2813e+00 +5.6864e-01 -1.9243e+00 -1.3586e+00 +3.4820e+00 +1.0795e-01 +3.7881e+00 -7.7540e-01
1664 +3.676665230e+05 +3.676665230e+05 +3.677245230e+05 +3.677245230e+05 -4.5856e+00 +2.0165e+00 -2.5857e+00 +5.9775e-01 -1.4880e+00 -1.7893e+00 +3.0583e+00 +1.9125e-02 +3.6163e+00 -4.4734e-01
1927 +1.865157054e+05 +1.865157054e+05 +1.865737054e+05 +1.865737054e+05 -4.3030e+00 +2.4026e+00 -2.6262e+00 +7.0248e-01 -1.4872e+00 -1.7786e+00 +2.7897e+00 +4.7504e-01 +3.4207e+00 -4.1233e-01
2101 +1.539483293e+05 +1.539483293e+05 +1.540063293e+05 +1.540063293e+05 -4.4752e+00 +2.1230e+00 -2.5902e+00 +6.9822e-01 -1.6866e+00 -1.5750e+00 +2.6563e+00 +3.5326e-01 +3.2189e+00 -5.0462e-01
2437 +7.699130226e+04 +7.699130226e+04 +7.704930226e+04 +7.704930226e+04 -4.5297e+00 +2.2450e+00 -2.5918e+00 +5.6755e-01 -1.9014e+00 -1.5327e+00 +2.9183e+00 +2.4639e-01 +3.2969e+00 -6.3904e-01
2531 +3.533805348e+04 +3.533805348e+04 +3.539605348e+04 +3.539605348e+04 -4.5388e+00 +2.2327e+00 -2.6669e+00 +5.8110e-01 -1.8365e+00 -1.6874e+00 +2.8100e+00 +2.2959e-01 +3.3447e+00 -6.4112e-01
2853 +8.860076147e+03 +8.860076147e+03 +8.918076147e+03 +8.918076147e+03 -4.4536e+00 +2.2291e+00 -2.6529e+00 +6.4725e-01 -1.8643e+00 -1.7250e+00 +2.8615e+00 +2.3500e-01 +3.4171e+00 -5.9681e-01
2978 +3.961530549e+03 +3.961530549e+03 +4.019530549e+03 +4.019530549e+03 -4.4796e+00 +2.2331e+00 -2.6339e+00 +7.1586e-01 -1.8624e+00 -1.7231e+00 +2.8834e+00 +2.3000e-01 +3.4019e+00 -6.1160e-01
3053 +2.160832124e+03 +2.160832124e+03 +2.218832124e+03 +2.218832124e+03 -4.4777e+00 +2.2326e+00 -2.6218e+00 +6.8269e-01 -1.8648e+00 -1.7152e+00 +2.8835e+00 +2.3407e-01 +3.3940e+00 -6.1632e-01
3208 +7.247645575e+02 +7.247645575e+02 +7.827645575e+02 +7.827645575e+02 -4.4782e+00 +2.2477e+00 -2.6152e+00 +6.7737e-01 -1.8552e+00 -1.7120e+00 +2.9052e+00 +2.3195e-01 +3.3865e+00 -6.1969e-01
3253 +4.988500928e+02 +4.988500928e+02 +5.568500928e+02 +5.568500928e+02 -4.4799e+00 +2.2480e+00 -2.6240e+00 +6.8096e-01 -1.8496e+00 -1.7122e+00 +2.9090e+00 +2.3100e-01 +3.3842e+00 -6.3016e-01
3307 +2.950272779e+02 +2.950272779e+02 +3.530272779e+02 +3.530272779e+02 -4.4693e+00 +2.2506e+00 -2.6231e+00 +6.8992e-01 -1.8450e+00 -1.7119e+00 +2.9094e+00 +2.3126e-01 +3.3812e+00 -6.3092e-01
3412 +1.711829688e+02 +1.711829688e+02 +2.291829688e+02 +2.291829688e+02 -4.4653e+00 +2.2497e+00 -2.6196e+00 +6.8422e-01 -1.8452e+00 -1.7132e+00 +2.9096e+00 +2.3026e-01 +3.3828e+00 -6.2463e-01
3546 +1.096977616e+02 +1.096977616e+02 +1.676977616e+02 +1.676977616e+02 -4.4662e+00 +2.2477e+00 -2.6231e+00 +6.8163e-01 -1.8456e+00 -1.7202e+00 +2.9094e+00 +2.2883e-01 +3.3790e+00 -6.2362e-01
3573 +7.550897850e+01 +7.550897850e+01 +1.335089785e+02 +1.335089785e+02 -4.4658e+00 +2.2480e+00 -2.6219e+00 +6.8187e-01 -1.8435e+00 -1.7238e+00 +2.9093e+00 +2.2815e-01 +3.3806e+00 -6.2580e-01
3733 +6.260654507e+01 +6.260654507e+01 +1.206065451e+02 +1.206065451e+02 -4.4652e+00 +2.2480e+00 -2.6209e+00 +6.8157e-01 -1.8429e+00 -1.7221e+00 +2.9094e+00 +2.2792e-01 +3.3813e+00 -6.2643e-01
3848 +3.186927745e+01 +3.186927745e+01 +8.986927745e+01 +8.986927745e+01 -4.4595e+00 +2.2477e+00 -2.6198e+00 +6.8335e-01 -1.8381e+00 -1.7231e+00 +2.9086e+00 +2.2684e-01 +3.3812e+00 -6.2522e-01
3967 +2.113336807e+01 +2.113336807e+01 +7.913336807e+01 +7.913336807e+01 -4.4605e+00 +2.2477e+00 -2.6223e+00 +6.8378e-01 -1.8382e+00 -1.7226e+00 +2.9091e+00 +2.2389e-01 +3.3805e+00 -6.2449e-01
4141 +1.444344173e+01 +1.444344173e+01 +7.244344173e+01 +7.244344173e+01 -4.4588e+00 +2.2480e+00 -2.6227e+00 +6.8377e-01 -1.8380e+00 -1.7224e+00 +2.9089e+00 +2.2430e-01 +3.3793e+00 -6.2197e-01
% function evaluation | noise-free fitness - Fopt (9.438000000000e+01) | best noise-free fitness - Fopt | measured fitness | best measured fitness | x1 | x2...
1 +4.164733961e+09 +4.164733961e+09 +4.164734055e+09 +4.164734055e+09 -4.1689e-01 -2.9190e+00 +2.3042e+00 -3.8656e+00 -2.6702e+00 -3.7815e+00 -4.5748e+00 +2.3356e+00 +8.9896e-01 -4.3962e+00
2 +7.301334269e+08 +7.301334269e+08 +7.301335212e+08 +7.301335212e+08 -2.8015e+00 -4.4958e+00 -2.6713e+00 -4.6903e+00 -3.7355e+00 +2.9765e+00 -4.1495e+00 +4.8065e+00 -3.7708e+00 -1.5285e+00
6 +4.953694149e+08 +4.953694149e+08 +4.953695093e+08 +4.953695093e+08 +2.7047e+00 +4.6036e-01 -3.0749e+00 +2.6952e+00 -4.1224e+00 +3.2043e+00 -2.0700e+00 +3.6362e+00 -8.3117e-01 -2.3197e+00
13 +1.996526605e+08 +1.996526605e+08 +1.996527549e+08 +1.996527549e+08 -1.0911e+00 +4.4797e+00 -1.1239e+00 -2.9986e+00 -4.3362e+00 -2.6661e+00 -1.8468e+00 +2.3266e+00 +8.4379e-01 -7.9565e-01
50 +1.292438391e+08 +1.292438391e+08 +1.292439335e+08 +1.292439335e+08 +2.4488e+00 +5.0000e+00 +3.6173e-01 -1.4978e-01 -4.6674e+00 -9.0288e-01 +2.1091e+00 -1.2760e-01 -2.6341e+00 +2.9165e+00
81 +8.713205486e+07 +8.713205486e+07 +8.713214924e+07 +8.713214924e+07 -2.4406e+00 +3.1856e+00 -5.0000e+00 +0.0000e+00 -5.0000e+00 +5.1862e-01 +4.7052e+00 +4.1838e+00 -5.0000e+00 -1.2467e-01
134 +3.452066772e+07 +3.452066772e+07 +3.452076210e+07 +3.452076210e+07 -2.4816e+00 +4.8991e+00 -4.9493e+00 +4.3448e+00 -5.0000e+00 -3.4132e+00 +6.0698e-01 +8.3047e-01 -5.0000e+00 +0.0000e+00
202 +2.042184464e+07 +2.042184464e+07 +2.042193902e+07 +2.042193902e+07 -2.7305e+00 +4.9905e+00 -5.0000e+00 +5.0000e+00 -5.0000e+00 -7.0680e-01 +3.3494e+00 -3.1009e+00 -5.0000e+00 +1.5679e-01
206 +1.309566766e+07 +1.309566766e+07 +1.309576204e+07 +1.309576204e+07 -1.1487e+00 +5.0000e+00 -5.0000e+00 +2.7152e+00 -5.0000e+00 -3.5596e+00 +2.8641e+00 -3.3851e+00 -5.0000e+00 +2.8423e-01
215 +8.498265381e+06 +8.498265381e+06 +8.498359761e+06 +8.498359761e+06 -3.3191e+00 +5.0000e+00 -4.8617e+00 +3.4706e+00 -5.0000e+00 -3.5231e+00 +1.2929e+00 -3.6724e+00 -5.0000e+00 +1.2225e+00
449 +6.027871845e+06 +6.027871845e+06 +6.027966225e+06 +6.027966225e+06 -3.4616e+00 +5.0000e+00 -4.8414e+00 +2.5627e+00 -5.0000e+00 -3.1039e+00 +2.5340e+00 -2.8207e+00 -5.0000e+00 +1.4800e+00
1030 +3.741748662e+06 +3.741748662e+06 +3.741843042e+06 +3.741843042e+06 -3.4027e+00 +5.0000e+00 -3.5435e+00 +2.7291e+00 -5.0000e+00 -2.9233e+00 +2.0039e+00 -2.9570e+00 -5.0000e+00 +1.8773e+00
