% function evaluation | noise-free fitness - Fopt (7.948000000000e+01) | best noise-free fitness - Fopt | measured fitness | best measured fitness | x1 | x2...
1 +7.458342061e+00 +7.458342061e+00 +8.693834206e+01 +8.693834206e+01 +2.9423e+00 -6.8240e-01
2 +1.928546683e+00 +1.928546683e+00 +8.140854668e+01 +8.140854668e+01 +1.6409e+00 -1.1149e+00
8 +1.233966254e+00 +1.233966254e+00 +8.071396625e+01 +8.071396625e+01 +9.2529e-01 -2.0409e+00
25 +3.379912412e-01 +3.379912412e-01 +7.981799124e+01 +7.981799124e+01 +8.1908e-01 -1.0252e+00
37 +4.233550729e-02 +4.233550729e-02 +7.952233551e+01 +7.952233551e+01 +3.0963e-01 -1.3546e+00
53 +2.182199264e-02 +2.182199264e-02 +7.950182199e+01 +7.950182199e+01 +1.0827e-01 -1.1874e+00
67 +9.839198761e-03 +9.839198761e-03 +7.948983920e+01 +7.948983920e+01 +1.7476e-01 -1.0956e+00
82 +4.671491746e-04 +4.671491746e-04 +7.948046715e+01 +7.948046715e+01 +2.3839e-01 -1.1407e+00
108 +3.600357913e-04 +3.600357913e-04 +7.948036004e+01 +7.948036004e+01 +2.7084e-01 -1.1509e+00
112 +1.690632048e-04 +1.690632048e-04 +7.948016906e+01 +7.948016906e+01 +2.4075e-01 -1.1617e+00
135 +1.366158259e-04 +1.366158259e-04 +7.948013662e+01 +7.948013662e+01 +2.5895e-01 -1.1469e+00
136 +4.239430746e-05 +4.239430746e-05 +7.948004239e+01 +7.948004239e+01 +2.5207e-01 -1.1633e+00
146 +8.998471628e-06 +8.998471628e-06 +7.948000900e+01 +7.948000900e+01 +2.5471e-01 -1.1545e+00
148 +1.166559116e-07 +1.166559116e-07 +7.948000012e+01 +7.948000012e+01 +2.5249e-01 -1.1567e+00
201 +6.812652487e-08 +6.812652487e-08 +7.948000007e+01 +7.948000007e+01 +2.5283e-01 -1.1571e+00
240 +1.662064619e-08 +1.662064619e-08 +7.948000002e+01 +7.948000002e+01 +2.5269e-01 -1.1567e+00
245 +9.736425000e-10 +9.736425000e-10 +7.948000000e+01 +7.948000000e+01 +2.5280e-01 -1.1568e+00
248 +1.110578296e-10 +1.110578296e-10 +7.948000000e+01 +7.948000000e+01 +2.5279e-01 -1.1568e+00
281 +1.264766070e-12 +1.264766070e-12 +7.948000000e+01 +7.948000000e+01 +2.5280e-01 -1.1568e+00
388 +9.947598301e-14 +9.947598301e-14 +7.948000000e+01 +7.948000000e+01 +2.5280e-01 -1.1568e+00
412 +5.684341886e-14 +5.684341886e-14 +7.948000000e+01 +7.948000000e+01 +2.5280e-01 -1.1568e+00
422 +0.000000000e+00 +0.000000000e+00 +7.948000000e+01 +7.948000000e+01 +2.5280e-01 -1.1568e+00
% function evaluation | noise-free fitness - Fopt (3.944800000000e+02) | best noise-free fitness - Fopt | measured fitness | best measured fitness | x1 | x2...
1 +1.315828569e+01 +1.315828569e+01 +4.076382857e+02 +4.076382857e+02 -3.4943e+00 +7.1445e-01
3 +5.285449485e+00 +5.285449485e+00 +3.997654495e+02 +3.997654495e+02 -5.6719e+00 -1.4274e+00
12 +3.374750908e+00 +3.374750908e+00 +3.978547509e+02 +3.978547509e+02 -5.4281e+00 -1.8732e+00
16 +9.256252864e-01 +9.256252864e-01 +3.954056253e+02 +3.954056253e+02 -2.9494e+00 -2.7324e+00
29 +6.217566720e-01 +6.217566720e-01 +3.951017567e+02 +3.951017567e+02 -3.7600e+00 -2.1141e+00
37 +1.907670710e-01 +1.907670710e-01 +3.946707671e+02 +3.946707671e+02 -3.7976e+00 -2.4654e+00
43 +8.912710719e-02 +8.912710719e-02 +3.945691271e+02 +3.945691271e+02 -4.0032e+00 -2.6109e+00
48 +3.609590124e-03 +3.609590124e-03 +3.944836096e+02 +3.944836096e+02 -3.8992e+00 -2.9505e+00
82 +1.085854991e-03 +1.085854991e-03 +3.944810859e+02 +3.944810859e+02 -3.8972e+00 -2.9233e+00
108 +6.594655335e-04 +6.594655335e-04 +3.944806595e+02 +3.944806595e+02 -3.9197e+00 -2.9048e+00
121 +1.613554669e-04 +1.613554669e-04 +3.944801614e+02 +3.944801614e+02 -3.9077e+00 -2.8991e+00
133 +8.745884071e-05 +8.745884071e-05 +3.944800875e+02 +3.944800875e+02 -3.8890e+00 -2.8904e+00
135 +1.749008027e-05 +1.749008027e-05 +3.944800175e+02 +3.944800175e+02 -3.9008e+00 -2.8870e+00
146 +3.794173892e-06 +3.794173892e-06 +3.944800038e+02 +3.944800038e+02 -3.8988e+00 -2.8923e+00
178 +2.455317997e-06 +2.455317997e-06 +3.944800025e+02 +3.944800025e+02 -3.8973e+00 -2.8916e+00
185 +9.974678505e-08 +9.974678505e-08 +3.944800001e+02 +3.944800001e+02 -3.8987e+00 -2.8905e+00
215 +5.903524425e-08 +5.903524425e-08 +3.944800001e+02 +3.944800001e+02 -3.8986e+00 -2.8903e+00
216 +1.595702770e-08 +1.595702770e-08 +3.944800000e+02 +3.944800000e+02 -3.8984e+00 -2.8903e+00
219 +7.979735983e-09 +7.979735983e-09 +3.944800000e+02 +3.944800000e+02 -3.8984e+00 -2.8903e+00
271 +1.502598934e-09 +1.502598934e-09 +3.944800000e+02 +3.944800000e+02 -3.8984e+00 -2.8904e+00
279 +5.551328286e-10 +5.551328286e-10 +3.944800000e+02 +3.944800000e+02 -3.8984e+00 -2.8904e+00
306 +6.991740520e-11 +6.991740520e-11 +3.944800000e+02 +3.944800000e+02 -3.8984e+00 -2.8904e+00
318 +2.415845302e-11 +2.415845302e-11 +3.944800000e+02 +3.944800000e+02 -3.8984e+00 -2.8904e+00
350 +2.330580173e-12 +2.330580173e-12 +3.944800000e+02 +3.944800000e+02 -3.8984e+00 -2.8904e+00
362 +3.410605132e-13 +3.410605132e-13 +3.944800000e+02 +3.944800000e+02 -3.8984e+00 -2.8904e+00
368 +1.136868377e-13 +1.136868377e-13 +3.944800000e+02 +3.944800000e+02 -3.8984e+00 -2.8904e+00
388 +0.000000000e+00 +0.000000000e+00 +3.944800000e+02 +3.944800000e+02 -3.8984e+00 -2.8904e+00
% function evaluation | noise-free fitness - Fopt (-2.471100000000e+02) | best noise-free fitness - Fopt | measured fitness | best measured fitness | x1 | x2...
1 +1.871484192e+01 +1.871484192e+01 -2.283951581e+02 -2.283951581e+02 -1.5231e+00 +3.8826e+00
2 +1.149068011e+01 +1.149068011e+01 -2.356193199e+02 -2.356193199e+02 -2.8245e+00 +3.4501e+00
3 +2.373444311e+00 +2.373444311e+00 -2.447365557e+02 -2.447365557e+02 -3.7007e+00 +1.7407e+00
9 +6.695329058e-02 +6.695329058e-02 -2.470430467e+02 -2.470430467e+02 -3.5760e+00 +7.1010e-02
57 +4.569698389e-02 +4.569698389e-02 -2.470643030e+02 -2.470643030e+02 -3.6455e+00 +5.3792e-02
67 +3.383191838e-02 +3.383191838e-02 -2.470761681e+02 -2.470761681e+02 -3.6942e+00 +5.1644e-02
71 +2.048889440e-02 +2.048889440e-02 -2.470895111e+02 -2.470895111e+02 -3.8272e+00 +3.4342e-01
82 +2.581875537e-03 +2.581875537e-03 -2.471074181e+02 -2.471074181e+02 -3.8085e+00 +1.5339e-01
112 +1.744532945e-03 +1.744532945e-03 -2.471082555e+02 -2.471082555e+02 -3.8399e+00 +1.9848e-01
116 +1.152377536e-03 +1.152377536e-03 -2.471088476e+02 -2.471088476e+02 -3.8313e+00 +1.9465e-01
121 +6.230378219e-05 +6.230378219e-05 -2.471099377e+02 -2.471099377e+02 -3.7975e+00 +2.1104e-01
146 +3.971587742e-05 +3.971587742e-05 -2.471099603e+02 -2.471099603e+02 -3.7993e+00 +1.9697e-01
153 +6.963022400e-06 +6.963022400e-06 -2.471099930e+02 -2.471099930e+02 -3.7998e+00 +2.0545e-01
167 +3.046807706e-06 +3.046807706e-06 -2.471099970e+02 -2.471099970e+02 -3.7968e+00 +2.0384e-01
189 +2.063416929e-06 +2.063416929e-06 -2.471099979e+02 -2.471099979e+02 -3.7991e+00 +2.0447e-01
195 +1.445040056e-06 +1.445040056e-06 -2.471099986e+02 -2.471099986e+02 -3.7994e+00 +2.0379e-01
197 +1.481606944e-07 +1.481606944e-07 -2.471099999e+02 -2.471099999e+02 -3.7982e+00 +2.0285e-01
210 +8.621836400e-08 +8.621836400e-08 -2.471099999e+02 -2.471099999e+02 -3.7987e+00 +2.0310e-01
232 +4.135716836e-08 +4.135716836e-08 -2.471100000e+02 -2.471100000e+02 -3.7985e+00 +2.0339e-01
248 +3.311785690e-08 +3.311785690e-08 -2.471100000e+02 -2.471100000e+02 -3.7983e+00 +2.0303e-01
254 +1.108361403e-09 +1.108361403e-09 -2.471100000e+02 -2.471100000e+02 -3.7984e+00 +2.0321e-01
271 +1.536477612e-10 +1.536477612e-10 -2.471100000e+02 -2.471100000e+02 -3.7984e+00 +2.0320e-01
317 +4.666844688e-11 +4.666844688e-11 -2.471100000e+02 -2.471100000e+02 -3.7984e+00 +2.0320e-01
321 +2.413003131e-11 +2.413003131e-11 -2.471100000e+02 -2.471100000e+02 -3.7984e+00 +2.0320e-01
327 +1.341504685e-11 +1.341504685e-11 -2.471100000e+02 -2.471100000e+02 -3.7984e+00 +2.0320e-01
362 +9.606537787e-12 +9.606537787e-12 -2.471100000e+02 -2.471100000e+02 -3.7984e+00 +2.0320e-01
373 +3.751665645e-12 +3.751665645e-12 -2.471100000e+02 -2.471100000e+02 -3.7984e+00 +2.0320e-01
376 +1.136868377e-12 +1.136868377e-12 -2.471100000e+02 -2.471100000e+02 -3.7984e+00 +2.0320e-01
382 +6.821210263e-13 +6.821210263e-13 -2.471100000e+02 -2.471100000e+02 -3.7984e+00 +2.0320e-01
388 +4.263256415e-13 +4.263256415e-13 -2.471100000e+02 -2.471100000e+02 -3.7984e+00 +2.0320e-01
392 +1.705302566e-13 +1.705302566e-13 -2.471100000e+02 -2.471100000e+02 -3.7984e+00 +2.0320e-01
412 +5.684341886e-14 +5.684341886e-14 -2.471100000e+02 -2.471100000e+02 -3.7984e+00 +2.0320e-01
422 +0.000000000e+00 +0.000000000e+00 -2.471100000e+02 -2.471100000e+02 -3.7984e+00 +2.0320e-01
% function evaluation | noise-free fitness - Fopt (-1.520400000000e+02) | best noise-free fitness - Fopt | measured fitness | best measured fitness | x1 | x2...
1 +3.041329802e+01 +3.041329802e+01 -1.216267020e+02 -1.216267020e+02 -2.3598e+00 -3.6784e+00
5 +1.716104194e+01 +1.716104194e+01 -1.348789581e+02 -1.348789581e+02 -1.4707e+00 -2.5399e+00
6 +8.223952074e+00 +8.223952074e+00 -1.438160479e+02 -1.438160479e+02 +5.6542e-01 -1.3202e+00
16 +1.700693572e+00 +1.700693572e+00 -1.503393064e+02 -1.503393064e+02 -1.3968e+00 +7.7225e-01
25 +1.002769371e+00 +1.002769371e+00 -1.510372306e+02 -1.510372306e+02 +7.0439e-01 +1.6664e+00
37 +5.101004950e-01 +5.101004950e-01 -1.515298995e+02 -1.515298995e+02 +1.1970e-01 +8.2366e-01
53 +1.587111065e-01 +1.587111065e-01 -1.518812889e+02 -1.518812889e+02 -2.5667e-01 +1.0258e+00
58 +4.914675124e-02 +4.914675124e-02 -1.519908532e+02 -1.519908532e+02 -4.8882e-01 +1.4186e+00
67 +1.457503816e-02 +1.457503816e-02 -1.520254250e+02 -1.520254250e+02 -3.6692e-01 +1.4920e+00
82 +2.532658642e-04 +2.532658642e-04 -1.520397467e+02 -1.520397467e+02 -2.8303e-01 +1.4224e+00
121 +3.683576909e-05 +3.683576909e-05 -1.520399632e+02 -1.520399632e+02 -2.6812e-01 +1.4180e+00
148 +6.848756698e-06 +6.848756698e-06 -1.520399932e+02 -1.520399932e+02 -2.6876e-01 +1.4219e+00
187 +6.233685838e-06 +6.233685838e-06 -1.520399938e+02 -1.520399938e+02 -2.6967e-01 +1.4237e+00
194 +3.423623383e-06 +3.423623383e-06 -1.520399966e+02 -1.520399966e+02 -2.6901e-01 +1.4244e+00
195 +2.244512928e-06 +2.244512928e-06 -1.520399978e+02 -1.520399978e+02 -2.6799e-01 +1.4253e+00
197 +5.196538950e-07 +5.196538950e-07 -1.520399995e+02 -1.520399995e+02 -2.6660e-01 +1.4236e+00
201 +2.191121382e-07 +2.191121382e-07 -1.520399998e+02 -1.520399998e+02 -2.6709e-01 +1.4245e+00
210 +1.013154360e-08 +1.013154360e-08 -1.520400000e+02 -1.520400000e+02 -2.6713e-01 +1.4241e+00
216 +2.111164576e-09 +2.111164576e-09 -1.520400000e+02 -1.520400000e+02 -2.6723e-01 +1.4240e+00
281 +8.506617633e-10 +8.506617633e-10 -1.520400000e+02 -1.520400000e+02 -2.6717e-01 +1.4240e+00
291 +4.552020982e-10 +4.552020982e-10 -1.520400000e+02 -1.520400000e+02 -2.6722e-01 +1.4240e+00
307 +3.615809874e-10 +3.615809874e-10 -1.520400000e+02 -1.520400000e+02 -2.6719e-01 +1.4240e+00
317 +1.072351097e-10 +1.072351097e-10 -1.520400000e+02 -1.520400000e+02 -2.6721e-01 +1.4240e+00
321 +1.540456651e-11 +1.540456651e-11 -1.520400000e+02 -1.520400000e+02 -2.6720e-01 +1.4240e+00
347 +6.110667528e-12 +6.110667528e-12 -1.520400000e+02 -1.520400000e+02 -2.6720e-01 +1.4240e+00
376 +2.444267011e-12 +2.444267011e-12 -1.520400000e+02 -1.520400000e+02 -2.6720e-01 +1.4240e+00
388 +2.273736754e-13 +2.273736754e-13 -1.520400000e+02 -1.520400000e+02 -2.6720e-01 +1.4240e+00
418 +1.136868377e-13 +1.136868377e-13 -1.520400000e+02 -1.520400000e+02 -2.6720e-01 +1.4240e+00
424 +8.526512829e-14 +8.526512829e-14 -1.520400000e+02 -1.520400000e+02 -2.6720e-01 +1.4240e+00
445 +2.842170943e-14 +2.842170943e-14 -1.520400000e+02 -1.520400000e+02 -2.6720e-01 +1.4240e+00
450 +0.000000000e+00 +0.000000000e+00 -1.520400000e+02 -1.520400000e+02 -2.6720e-01 +1.4240e+00
% function evaluation | noise-free fitness - Fopt (-2.525000000000e+01) | best noise-free fitness - Fopt | measured fitness | best measured fitness | x1 | x2...
1 +7.346072841e+00 +7.346072841e+00 -1.790392716e+01 -1.790392716e+01 +9.4716e-01 +1.5362e-01
4 +4.591247584e+00 +4.591247584e+00 -2.065875242e+01 -2.065875242e+01 +1.5126e+00 +2.1855e-01
5 +3.593565684e+00 +3.593565684e+00 -2.165643432e+01 -2.165643432e+01 +1.8362e+00 +1.2921e+00
8 +2.014394144e+00 +2.014394144e+00 -2.323560586e+01 -2.323560586e+01 +2.3191e+00 +1.2153e+00
17 +4.055930445e-01 +4.055930445e-01 -2.484440696e+01 -2.484440696e+01 +3.0316e+00 +3.7850e-01
18 +3.228041316e-01 +3.228041316e-01 -2.492719587e+01 -2.492719587e+01 +3.1943e+00 +1.0177e+00
33 +2.365956704e-01 +2.365956704e-01 -2.501340433e+01 -2.501340433e+01 +3.2391e+00 +3.2575e-01
37 +1.064900416e-01 +1.064900416e-01 -2.514350996e+01 -2.514350996e+01 +3.3404e+00 +8.1239e-01
46 +3.335821919e-02 +3.335821919e-02 -2.521664178e+01 -2.521664178e+01 +3.4980e+00 +7.7592e-01
55 +1.352307895e-03 +1.352307895e-03 -2.524864769e+01 -2.524864769e+01 +3.6367e+00 +6.6442e-01
90 +6.437299172e-04 +6.437299172e-04 -2.524935627e+01 -2.524935627e+01 +3.6337e+00 +6.1873e-01
121 +1.104741147e-04 +1.104741147e-04 -2.524988953e+01 -2.524988953e+01 +3.6059e+00 +6.4135e-01
133 +6.278459693e-05 +6.278459693e-05 -2.524993722e+01 -2.524993722e+01 +3.6070e+00 +6.3246e-01
146 +6.233487724e-06 +6.233487724e-06 -2.524999377e+01 -2.524999377e+01 +3.6167e+00 +6.3612e-01
165 +1.930502354e-06 +1.930502354e-06 -2.524999807e+01 -2.524999807e+01 +3.6158e+00 +6.3549e-01
185 +1.500777827e-06 +1.500777827e-06 -2.524999850e+01 -2.524999850e+01 +3.6149e+00 +6.3407e-01
187 +7.854553097e-07 +7.854553097e-07 -2.524999921e+01 -2.524999921e+01 +3.6143e+00 +6.3432e-01
201 +1.411166295e-08 +1.411166295e-08 -2.524999999e+01 -2.524999999e+01 +3.6145e+00 +6.3530e-01
232 +6.675193731e-09 +6.675193731e-09 -2.524999999e+01 -2.524999999e+01 +3.6144e+00 +6.3527e-01
267 +5.934698066e-09 +5.934698066e-09 -2.524999999e+01 -2.524999999e+01 +3.6144e+00 +6.3514e-01
271 +2.381884912e-09 +2.381884912e-09 -2.525000000e+01 -2.525000000e+01 +3.6144e+00 +6.3518e-01
279 +2.756053163e-10 +2.756053163e-10 -2.525000000e+01 -2.525000000e+01 +3.6144e+00 +6.3518e-01
297 +1.987601195e-10 +1.987601195e-10 -2.525000000e+01 -2.525000000e+01 +3.6144e+00 +6.3519e-01
301 +2.554756406e-11 +2.554756406e-11 -2.525000000e+01 -2.525000000e+01 +3.6144e+00 +6.3520e-01
342 +7.098321930e-12 +7.098321930e-12 -2.525000000e+01 -2.525000000e+01 +3.6144e+00 +6.3520e-01
354 +3.812061777e-12 +3.812061777e-12 -2.525000000e+01 -2.525000000e+01 +3.6144e+00 +6.3520e-01
362 +1.485034318e-12 +1.485034318e-12 -2.525000000e+01 -2.525000000e+01 +3.6144e+00 +6.3520e-01
388 +2.877698080e-13 +2.877698080e-13 -2.525000000e+01 -2.525000000e+01 +3.6144e+00 +6.3520e-01
391 +2.131628207e-13 +2.131628207e-13 -2.525000000e+01 -2.525000000e+01 +3.6144e+00 +6.3520e-01
404 +7.815970093e-14 +7.815970093e-14 -2.525000000e+01 -2.525000000e+01 +3.6144e+00 +6.3520e-01
418 +2.131628207e-14 +2.131628207e-14 -2.525000000e+01 -2.525000000e+01 +3.6144e+00 +6.3520e-01
435 +1.421085472e-14 +1.421085472e-14 -2.525000000e+01 -2.525000000e+01 +3.6144e+00 +6.3520e-01
459 +7.105427358e-15 +7.105427358e-15 -2.525000000e+01 -2.525000000e+01 +3.6144e+00 +6.3520e-01
467 +3.552713679e-15 +3.552713679e-15 -2.525000000e+01 -2.525000000e+01 +3.6144e+00 +6.3520e-01
477 +0.000000000e+00 +0.000000000e+00 -2.525000000e+01 -2.525000000e+01 +3.6144e+00 +6.3520e-01
% function evaluation | noise-free fitness - Fopt (-2.017200000000e+02) | best noise-free fitness - Fopt | measured fitness | best measured fitness | x1 | x2...
1 +4.900953477e+00 +4.900953477e+00 -1.968190465e+02 -1.968190465e+02 -3.6099e+00 -2.5757e+00
4 +2.792191996e+00 +2.792191996e+00 -1.989278080e+02 -1.989278080e+02 -3.0445e+00 -2.5108e+00
11 +1.478336584e+00 +1.478336584e+00 -2.002416634e+02 -2.002416634e+02 -1.4269e+00 -4.1215e+00
16 +9.407933707e-01 +9.407933707e-01 -2.007792066e+02 -2.007792066e+02 -1.2365e+00 -1.9533e+00
25 +1.747786057e-01 +1.747786057e-01 -2.015452214e+02 -2.015452214e+02 -1.2075e+00 -3.2652e+00
37 +8.333271115e-02 +8.333271115e-02 -2.016366673e+02 -2.016366673e+02 -1.6146e+00 -3.1195e+00
45 +5.901964692e-02 +5.901964692e-02 -2.016609804e+02 -2.016609804e+02 -1.6513e+00 -2.8290e+00
53 +1.359869220e-02 +1.359869220e-02 -2.017064013e+02 -2.017064013e+02 -1.5358e+00 -2.8861e+00
79 +6.894958009e-03 +6.894958009e-03 -2.017131050e+02 -2.017131050e+02 -1.4890e+00 -2.9529e+00
81 +2.842342530e-03 +2.842342530e-03 -2.017171577e+02 -2.017171577e+02 -1.3687e+00 -2.8943e+00
82 +1.470029072e-03 +1.470029072e-03 -2.017185300e+02 -2.017185300e+02 -1.4098e+00 -2.9423e+00
102 +6.075794488e-04 +6.075794488e-04 -2.017193924e+02 -2.017193924e+02 -1.4427e+00 -2.8943e+00
121 +7.417896816e-05 +7.417896816e-05 -2.017199258e+02 -2.017199258e+02 -1.4143e+00 -2.8999e+00
137 +1.774397415e-05 +1.774397415e-05 -2.017199823e+02 -2.017199823e+02 -1.4225e+00 -2.9018e+00
145 +8.766092833e-06 +8.766092833e-06 -2.017199912e+02 -2.017199912e+02 -1.4221e+00 -2.9083e+00
148 +2.359805649e-07 +2.359805649e-07 -2.017199998e+02 -2.017199998e+02 -1.4203e+00 -2.9057e+00
197 +1.209806726e-07 +1.209806726e-07 -2.017199999e+02 -2.017199999e+02 -1.4209e+00 -2.9053e+00
201 +9.290283742e-08 +9.290283742e-08 -2.017199999e+02 -2.017199999e+02 -1.4211e+00 -2.9056e+00
210 +2.011290690e-08 +2.011290690e-08 -2.017200000e+02 -2.017200000e+02 -1.4209e+00 -2.9056e+00
216 +1.341703637e-08 +1.341703637e-08 -2.017200000e+02 -2.017200000e+02 -1.4209e+00 -2.9056e+00
219 +7.837968496e-09 +7.837968496e-09 -2.017200000e+02 -2.017200000e+02 -1.4209e+00 -2.9056e+00
271 +3.206508836e-09 +3.206508836e-09 -2.017200000e+02 -2.017200000e+02 -1.4208e+00 -2.9056e+00
282 +2.283684353e-09 +2.283684353e-09 -2.017200000e+02 -2.017200000e+02 -1.4208e+00 -2.9056e+00
285 +1.320955789e-09 +1.320955789e-09 -2.017200000e+02 -2.017200000e+02 -1.4208e+00 -2.9056e+00
291 +2.060573934e-11 +2.060573934e-11 -2.017200000e+02 -2.017200000e+02 -1.4208e+00 -2.9056e+00
334 +7.190692486e-12 +7.190692486e-12 -2.017200000e+02 -2.017200000e+02 -1.4208e+00 -2.9056e+00
356 +1.165290087e-12 +1.165290087e-12 -2.017200000e+02 -2.017200000e+02 -1.4208e+00 -2.9056e+00
388 +1.705302566e-13 +1.705302566e-13 -2.017200000e+02 -2.017200000e+02 -1.4208e+00 -2.9056e+00
391 +1.421085472e-13 +1.421085472e-13 -2.017200000e+02 -2.017200000e+02 -1.4208e+00 -2.9056e+00
404 +5.684341886e-14 +5.684341886e-14 -2.017200000e+02 -2.017200000e+02 -1.4208e+00 -2.9056e+00
422 +2.842170943e-14 +2.842170943e-14 -2.017200000e+02 -2.017200000e+02 -1.4208e+00 -2.9056e+00
425 +0.000000000e+00 +0.000000000e+00 -2.017200000e+02 -2.017200000e+02 -1.4208e+00 -2.9056e+00
% function evaluation | noise-free fitness - Fopt (-1.000000000000e+03) | best noise-free fitness - Fopt | measured fitness | best measured fitness | x1 | x2...
1 +1.467514285e+01 +1.467514285e+01 -9.853248571e+02 -9.853248571e+02 -3.6216e+00 -1.2243e+00
5 +7.151852050e+00 +7.151852050e+00 -9.928481479e+02 -9.928481479e+02 -2.7326e+00 -8.5813e-02
6 +1.204621219e+00 +1.204621219e+00 -9.987953788e+02 -9.987953788e+02 -6.9648e-01 +1.1339e+00
12 +7.745879411e-01 +7.745879411e-01 -9.992254121e+02 -9.992254121e+02 -3.5538e-01 +1.0629e+00
17 +1.319389010e-01 +1.319389010e-01 -9.998680611e+02 -9.998680611e+02 -1.9988e-01 -1.1374e-01
37 +9.333996437e-03 +9.333996437e-03 -9.999906660e+02 -9.999906660e+02 -1.3296e-01 +1.4938e-01
67 +8.950679517e-04 +8.950679517e-04 -9.999991049e+02 -9.999991049e+02 -1.0134e-01 +2.4512e-01
81 +5.781810978e-04 +5.781810978e-04 -9.999994218e+02 -9.999994218e+02 -6.3111e-02 +2.4777e-01
130 +1.799283482e-04 +1.799283482e-04 -9.999998201e+02 -9.999998201e+02 -6.3985e-02 +2.3196e-01
152 +2.191582917e-05 +2.191582917e-05 -9.999999781e+02 -9.999999781e+02 -7.5318e-02 +2.3244e-01
167 +4.791504011e-06 +4.791504011e-06 -9.999999952e+02 -9.999999952e+02 -7.4630e-02 +2.2771e-01
209 +2.213071184e-06 +2.213071184e-06 -9.999999978e+02 -9.999999978e+02 -7.7193e-02 +2.2657e-01
215 +9.070708984e-08 +9.070708984e-08 -9.999999999e+02 -9.999999999e+02 -7.7027e-02 +2.2780e-01
219 +5.227695965e-08 +5.227695965e-08 -9.999999999e+02 -9.999999999e+02 -7.6597e-02 +2.2789e-01
252 +2.379681519e-08 +2.379681519e-08 -1.000000000e+03 -1.000000000e+03 -7.6825e-02 +2.2785e-01
271 +3.062837095e-09 +3.062837095e-09 -1.000000000e+03 -1.000000000e+03 -7.6832e-02 +2.2804e-01
293 +2.110823516e-09 +2.110823516e-09 -1.000000000e+03 -1.000000000e+03 -7.6845e-02 +2.2799e-01
301 +5.954916560e-10 +5.954916560e-10 -1.000000000e+03 -1.000000000e+03 -7.6807e-02 +2.2802e-01
312 +3.947207006e-10 +3.947207006e-10 -1.000000000e+03 -1.000000000e+03 -7.6819e-02 +2.2801e-01
325 +1.864464139e-10 +1.864464139e-10 -1.000000000e+03 -1.000000000e+03 -7.6787e-02 +2.2800e-01
327 +8.299139154e-12 +8.299139154e-12 -1.000000000e+03 -1.000000000e+03 -7.6802e-02 +2.2800e-01
388 +1.932676241e-12 +1.932676241e-12 -1.000000000e+03 -1.000000000e+03 -7.6799e-02 +2.2800e-01
413 +2.273736754e-13 +2.273736754e-13 -1.000000000e+03 -1.000000000e+03 -7.6800e-02 +2.2800e-01
435 +0.000000000e+00 +0.000000000e+00 -1.000000000e+03 -1.000000000e+03 -7.6800e-02 +2.2800e-01
% function evaluation | noise-free fitness - Fopt (-4.290000000000e+01) | best noise-free fitness - Fopt | measured fitness | best measured fitness | x1 | x2...
1 +8.835423705e+00 +8.835423705e+00 -3.406457629e+01 -3.406457629e+01 -3.0657e-01 +1.9850e+00
4 +5.777977346e+00 +5.777977346e+00 -3.712202265e+01 -3.712202265e+01 +2.5885e-01 +2.0499e+00
6 +3.671201786e+00 +3.671201786e+00 -3.922879821e+01 -3.922879821e+01 +2.6186e+00 +4.3432e+00
17 +7.781979200e-01 +7.781979200e-01 -4.212180208e+01 -4.212180208e+01 +1.7778e+00 +2.2099e+00
27 +5.549479044e-01 +5.549479044e-01 -4.234505210e+01 -4.234505210e+01 +2.9759e+00 +3.0884e+00
33 +4.949774550e-02 +4.949774550e-02 -4.285050225e+01 -4.285050225e+01 +2.4762e+00 +2.2692e+00
43 +2.107788214e-02 +2.107788214e-02 -4.287892212e+01 -4.287892212e+01 +2.5107e+00 +2.3486e+00
50 +1.093307342e-02 +1.093307342e-02 -4.288906693e+01 -4.288906693e+01 +2.5490e+00 +2.3647e+00
68 +6.356902111e-03 +6.356902111e-03 -4.289364310e+01 -4.289364310e+01 +2.6201e+00 +2.3485e+00
82 +4.631772163e-03 +4.631772163e-03 -4.289536823e+01 -4.289536823e+01 +2.6101e+00 +2.4914e+00
87 +1.952521084e-03 +1.952521084e-03 -4.289804748e+01 -4.289804748e+01 +2.5964e+00 +2.4021e+00
121 +7.337758779e-04 +7.337758779e-04 -4.289926622e+01 -4.289926622e+01 +2.6568e+00 +2.4146e+00
137 +5.148818727e-05 +5.148818727e-05 -4.289994851e+01 -4.289994851e+01 +2.6399e+00 +2.4283e+00
146 +7.051446310e-06 +7.051446310e-06 -4.289999295e+01 -4.289999295e+01 +2.6307e+00 +2.4256e+00
165 +2.893379687e-07 +2.893379687e-07 -4.289999971e+01 -4.289999971e+01 +2.6323e+00 +2.4273e+00
232 +1.918286330e-08 +1.918286330e-08 -4.289999998e+01 -4.289999998e+01 +2.6327e+00 +2.4271e+00
271 +1.252608683e-08 +1.252608683e-08 -4.289999999e+01 -4.289999999e+01 +2.6328e+00 +2.4273e+00
279 +4.351576877e-10 +4.351576877e-10 -4.290000000e+01 -4.290000000e+01 +2.6328e+00 +2.4272e+00
318 +1.474305122e-10 +1.474305122e-10 -4.290000000e+01 -4.290000000e+01 +2.6328e+00 +2.4272e+00
327 +9.828937664e-11 +9.828937664e-11 -4.290000000e+01 -4.290000000e+01 +2.6328e+00 +2.4272e+00
347 +1.010391770e-11 +1.010391770e-11 -4.290000000e+01 -4.290000000e+01 +2.6328e+00 +2.4272e+00
388 +2.735589533e-12 +2.735589533e-12 -4.290000000e+01 -4.290000000e+01 +2.6328e+00 +2.4272e+00
391 +1.250555215e-12 +1.250555215e-12 -4.290000000e+01 -4.290000000e+01 +2.6328e+00 +2.4272e+00
416 +7.105427358e-13 +7.105427358e-13 -4.290000000e+01 -4.290000000e+01 +2.6328e+00 +2.4272e+00
418 +2.486899575e-13 +2.486899575e-13 -4.290000000e+01 -4.290000000e+01 +2.6328e+00 +2.4272e+00
425 +1.421085472e-13 +1.421085472e-13 -4.290000000e+01 -4.290000000e+01 +2.6328e+00 +2.4272e+00
435 +1.421085472e-14 +1.421085472e-14 -4.290000000e+01 -4.290000000e+01 +2.6328e+00 +2.4272e+00
462 +0.000000000e+00 +0.000000000e+00 -4.290000000e+01 -4.290000000e+01 +2.6328e+00 +2.4272e+00
% function evaluation | noise-free fitness - Fopt (-1.013200000000e+02) | best noise-free fitness - Fopt | measured fitness | best measured fitness | x1 | x2...
1 +7.862980822e+00 +7.862980822e+00 -9.345701918e+01 -9.345701918e+01 +3.3124e+00 +4.6333e-01
8 +6.154686926e+00 +6.154686926e+00 -9.516531307e+01 -9.516531307e+01 +2.2179e+00 +3.2967e-01
16 +1.615839315e+00 +1.615839315e+00 -9.970416068e+01 -9.970416068e+01 +1.3064e+00 +1.5455e+00
28 +2.641044763e-01 +2.641044763e-01 -1.010558955e+02 -1.010558955e+02 +1.3790e+00 +2.3513e+00
53 +2.006464614e-01 +2.006464614e-01 -1.011193535e+02 -1.011193535e+02 +1.3225e+00 +3.0013e+00
58 +9.128535231e-03 +9.128535231e-03 -1.013108715e+02 -1.013108715e+02 +1.6960e+00 +2.8507e+00
121 +8.499872675e-04 +8.499872675e-04 -1.013191500e+02 -1.013191500e+02 +1.7259e+00 +2.7557e+00
158 +4.927623069e-04 +4.927623069e-04 -1.013195072e+02 -1.013195072e+02 +1.6934e+00 +2.7771e+00
166 +2.853931121e-04 +2.853931121e-04 -1.013197146e+02 -1.013197146e+02 +1.7036e+00 +2.7397e+00
167 +3.760674394e-05 +3.760674394e-05 -1.013199624e+02 -1.013199624e+02 +1.7028e+00 +2.7538e+00
201 +1.426668356e-05 +1.426668356e-05 -1.013199857e+02 -1.013199857e+02 +1.6982e+00 +2.7587e+00
210 +2.801635318e-06 +2.801635318e-06 -1.013199972e+02 -1.013199972e+02 +1.6980e+00 +2.7563e+00
216 +8.382298518e-07 +8.382298518e-07 -1.013199992e+02 -1.013199992e+02 +1.6974e+00 +2.7558e+00
219 +4.114956482e-07 +4.114956482e-07 -1.013199996e+02 -1.013199996e+02 +1.6973e+00 +2.7555e+00
240 +3.425148520e-07 +3.425148520e-07 -1.013199997e+02 -1.013199997e+02 +1.6974e+00 +2.7552e+00
271 +1.136705521e-07 +1.136705521e-07 -1.013199999e+02 -1.013199999e+02 +1.6969e+00 +2.7549e+00
279 +6.709545630e-08 +6.709545630e-08 -1.013199999e+02 -1.013199999e+02 +1.6968e+00 +2.7549e+00
285 +5.658498026e-08 +5.658498026e-08 -1.013199999e+02 -1.013199999e+02 +1.6970e+00 +2.7552e+00
291 +4.290725997e-09 +4.290725997e-09 -1.013200000e+02 -1.013200000e+02 +1.6967e+00 +2.7552e+00
327 +5.545786053e-10 +5.545786053e-10 -1.013200000e+02 -1.013200000e+02 +1.6968e+00 +2.7552e+00
362 +2.352891215e-10 +2.352891215e-10 -1.013200000e+02 -1.013200000e+02 +1.6968e+00 +2.7552e+00
369 +2.813749234e-11 +2.813749234e-11 -1.013200000e+02 -1.013200000e+02 +1.6968e+00 +2.7552e+00
380 +3.609557098e-12 +3.609557098e-12 -1.013200000e+02 -1.013200000e+02 +1.6968e+00 +2.7552e+00
420 +1.193711796e-12 +1.193711796e-12 -1.013200000e+02 -1.013200000e+02 +1.6968e+00 +2.7552e+00
425 +3.126388037e-13 +3.126388037e-13 -1.013200000e+02 -1.013200000e+02 +1.6968e+00 +2.7552e+00
462 +4.263256415e-14 +4.263256415e-14 -1.013200000e+02 -1.013200000e+02 +1.6968e+00 +2.7552e+00
483 +2.842170943e-14 +2.842170943e-14 -1.013200000e+02 -1.013200000e+02 +1.6968e+00 +2.7552e+00
509 +1.421085472e-14 +1.421085472e-14 -1.013200000e+02 -1.013200000e+02 +1.6968e+00 +2.7552e+00
520 +0.000000000e+00 +0.000000000e+00 -1.013200000e+02 -1.013200000e+02 +1.6968e+00 +2.7552e+00
% function evaluation | noise-free fitness - Fopt (3.650000000000e+00) | best noise-free fitness - Fopt | measured fitness | best measured fitness | x1 | x2...
1 +2.021410610e+01 +2.021410610e+01 +2.386410610e+01 +2.386410610e+01 -3.5308e+00 -3.9773e+00
4 +1.572607676e+01 +1.572607676e+01 +1.937607676e+01 +1.937607676e+01 -2.9654e+00 -3.9124e+00
6 +1.336342851e+00 +1.336342851e+00 +4.986342851e+00 +4.986342851e+00 -6.0565e-01 -1.6191e+00
12 +6.568126907e-01 +6.568126907e-01 +4.306812691e+00 +4.306812691e+00 -2.6456e-01 -1.6901e+00
43 +3.828204203e-01 +3.828204203e-01 +4.032820420e+00 +4.032820420e+00 +5.4848e-01 -2.5908e+00
58 +6.517531386e-02 +6.517531386e-02 +3.715175314e+00 +3.715175314e+00 +3.0853e-01 -2.1494e+00
67 +3.878896146e-02 +3.878896146e-02 +3.688788961e+00 +3.688788961e+00 +5.2751e-01 -2.1685e+00
81 +4.127097249e-03 +4.127097249e-03 +3.654127097e+00 +3.654127097e+00 +5.4229e-01 -1.9316e+00
141 +1.135875908e-03 +1.135875908e-03 +3.651135876e+00 +3.651135876e+00 +4.7648e-01 -2.0029e+00
152 +2.855583261e-04 +2.855583261e-04 +3.650285558e+00 +3.650285558e+00 +4.8015e-01 -1.9653e+00
167 +1.387422870e-04 +1.387422870e-04 +3.650138742e+00 +3.650138742e+00 +5.0118e-01 -1.9648e+00
189 +8.333155233e-05 +8.333155233e-05 +3.650083332e+00 +3.650083332e+00 +4.8663e-01 -1.9696e+00
201 +3.340147570e-05 +3.340147570e-05 +3.650033401e+00 +3.650033401e+00 +4.9078e-01 -1.9789e+00
210 +1.449429713e-05 +1.449429713e-05 +3.650014494e+00 +3.650014494e+00 +4.9477e-01 -1.9782e+00
232 +6.123993332e-06 +6.123993332e-06 +3.650006124e+00 +3.650006124e+00 +4.9197e-01 -1.9739e+00
240 +1.898300067e-06 +1.898300067e-06 +3.650001898e+00 +3.650001898e+00 +4.9552e-01 -1.9736e+00
254 +3.574773180e-07 +3.574773180e-07 +3.650000357e+00 +3.650000357e+00 +4.9499e-01 -1.9745e+00
271 +3.014573169e-08 +3.014573169e-08 +3.650000030e+00 +3.650000030e+00 +4.9439e-01 -1.9746e+00
279 +6.347939951e-09 +6.347939951e-09 +3.650000006e+00 +3.650000006e+00 +4.9434e-01 -1.9745e+00
321 +1.668136740e-09 +1.668136740e-09 +3.650000002e+00 +3.650000002e+00 +4.9436e-01 -1.9744e+00
327 +1.496215152e-09 +1.496215152e-09 +3.650000001e+00 +3.650000001e+00 +4.9444e-01 -1.9744e+00
341 +6.732303603e-10 +6.732303603e-10 +3.650000001e+00 +3.650000001e+00 +4.9439e-01 -1.9744e+00
350 +5.381473045e-12 +5.381473045e-12 +3.650000000e+00 +3.650000000e+00 +4.9440e-01 -1.9744e+00
414 +2.933653320e-12 +2.933653320e-12 +3.650000000e+00 +3.650000000e+00 +4.9440e-01 -1.9744e+00
420 +1.573852160e-12 +1.573852160e-12 +3.650000000e+00 +3.650000000e+00 +4.9440e-01 -1.9744e+00
425 +1.918465387e-13 +1.918465387e-13 +3.650000000e+00 +3.650000000e+00 +4.9440e-01 -1.9744e+00
462 +7.815970093e-14 +7.815970093e-14 +3.650000000e+00 +3.650000000e+00 +4.9440e-01 -1.9744e+00
474 +3.108624469e-15 +3.108624469e-15 +3.650000000e+00 +3.650000000e+00 +4.9440e-01 -1.9744e+00
480 +1.332267630e-15 +1.332267630e-15 +3.650000000e+00 +3.650000000e+00 +4.9440e-01 -1.9744e+00
485 +0.000000000e+00 +0.000000000e+00 +3.650000000e+00 +3.650000000e+00 +4.9440e-01 -1.9744e+00
% function evaluation | noise-free fitness - Fopt (2.205300000000e+02) | best noise-free fitness - Fopt | measured fitness | best measured fitness | x1 | x2...
1 +2.723164621e+01 +2.723164621e+01 +2.477616462e+02 +2.477616462e+02 +4.1001e-02 +4.5257e-01
4 +2.477145905e+01 +2.477145905e+01 +2.453014590e+02 +2.453014590e+02 +6.0642e-01 +5.1749e-01
7 +8.400220983e+00 +8.400220983e+00 +2.289302210e+02 +2.289302210e+02 +1.2764e+00 -1.5155e+00
10 +5.333578484e+00 +5.333578484e+00 +2.258635785e+02 +2.258635785e+02 +6.9042e-01 -3.9670e+00
11 +2.431009383e+00 +2.431009383e+00 +2.229610094e+02 +2.229610094e+02 +1.7731e+00 -2.8817e+00
35 +2.038609427e-01 +2.038609427e-01 +2.207338609e+02 +2.207338609e+02 +2.7625e+00 -4.2339e+00
58 +9.675443724e-02 +9.675443724e-02 +2.206267544e+02 +2.206267544e+02 +2.9232e+00 -3.5458e+00
81 +6.244930770e-02 +6.244930770e-02 +2.205924493e+02 +2.205924493e+02 +2.9479e+00 -4.0931e+00
98 +1.379359557e-02 +1.379359557e-02 +2.205437936e+02 +2.205437936e+02 +3.1030e+00 -3.8981e+00
108 +9.084560265e-03 +9.084560265e-03 +2.205390846e+02 +2.205390846e+02 +2.9865e+00 -3.9428e+00
121 +1.703947010e-03 +1.703947010e-03 +2.205317039e+02 +2.205317039e+02 +3.0136e+00 -3.8857e+00
137 +4.874426018e-04 +4.874426018e-04 +2.205304874e+02 +2.205304874e+02 +3.0125e+00 -3.8635e+00
145 +1.884726759e-04 +1.884726759e-04 +2.205301885e+02 +2.205301885e+02 +2.9948e+00 -3.8616e+00
153 +2.979005680e-05 +2.979005680e-05 +2.205300298e+02 +2.205300298e+02 +2.9915e+00 -3.8466e+00
171 +1.214303541e-05 +1.214303541e-05 +2.205300121e+02 +2.205300121e+02 +2.9998e+00 -3.8462e+00
195 +9.600093307e-06 +9.600093307e-06 +2.205300096e+02 +2.205300096e+02 +2.9939e+00 -3.8490e+00
197 +3.110972301e-06 +3.110972301e-06 +2.205300031e+02 +2.205300031e+02 +2.9985e+00 -3.8484e+00
201 +2.674779864e-07 +2.674779864e-07 +2.205300003e+02 +2.205300003e+02 +2.9964e+00 -3.8483e+00
254 +2.356981383e-07 +2.356981383e-07 +2.205300002e+02 +2.205300002e+02 +2.9966e+00 -3.8476e+00
256 +7.071813002e-08 +7.071813002e-08 +2.205300001e+02 +2.205300001e+02 +2.9969e+00 -3.8483e+00
271 +1.245547310e-08 +1.245547310e-08 +2.205300000e+02 +2.205300000e+02 +2.9967e+00 -3.8481e+00
281 +4.796163466e-09 +4.796163466e-09 +2.205300000e+02 +2.205300000e+02 +2.9969e+00 -3.8480e+00
301 +1.915452685e-09 +1.915452685e-09 +2.205300000e+02 +2.205300000e+02 +2.9968e+00 -3.8480e+00
307 +1.299724772e-09 +1.299724772e-09 +2.205300000e+02 +2.205300000e+02 +2.9968e+00 -3.8480e+00
317 +6.715481504e-10 +6.715481504e-10 +2.205300000e+02 +2.205300000e+02 +2.9968e+00 -3.8480e+00
321 +4.027924660e-10 +4.027924660e-10 +2.205300000e+02 +2.205300000e+02 +2.9968e+00 -3.8480e+00
327 +1.033981789e-10 +1.033981789e-10 +2.205300000e+02 +2.205300000e+02 +2.9968e+00 -3.8480e+00
356 +7.943867786e-11 +7.943867786e-11 +2.205300000e+02 +2.205300000e+02 +2.9968e+00 -3.8480e+00
369 +5.104539014e-11 +5.104539014e-11 +2.205300000e+02 +2.205300000e+02 +2.9968e+00 -3.8480e+00
375 +2.893330020e-11 +2.893330020e-11 +2.205300000e+02 +2.205300000e+02 +2.9968e+00 -3.8480e+00
376 +2.557953849e-12 +2.557953849e-12 +2.205300000e+02 +2.205300000e+02 +2.9968e+00 -3.8480e+00
382 +1.449507181e-12 +1.449507181e-12 +2.205300000e+02 +2.205300000e+02 +2.9968e+00 -3.8480e+00
388 +8.242295735e-13 +8.242295735e-13 +2.205300000e+02 +2.205300000e+02 +2.9968e+00 -3.8480e+00
418 +4.547473509e-13 +4.547473509e-13 +2.205300000e+02 +2.205300000e+02 +2.9968e+00 -3.8480e+00
422 +2.842170943e-14 +2.842170943e-14 +2.205300000e+02 +2.205300000e+02 +2.9968e+00 -3.8480e+00
472 +0.000000000e+00 +0.000000000e+00 +2.205300000e+02 +2.205300000e+02 +2.9968e+00 -3.8480e+00
% function evaluation | noise-free fitness - Fopt (4.212900000000e+02) | best noise-free fitness - Fopt | measured fitness | best measured fitness | x1 | x2...
1 +5.841440124e+01 +5.841440124e+01 +4.797044012e+02 +4.797044012e+02 +3.4608e+00 +1.4515e+00
8 +3.945858361e+01 +3.945858361e+01 +4.607485836e+02 +4.607485836e+02 +1.4438e+00 +9.2972e-02
16 +1.755267329e+01 +1.755267329e+01 +4.388426733e+02 +4.388426733e+02 -4.5207e-01 +1.0060e+00
28 +1.438170216e+01 +1.438170216e+01 +4.356717022e+02 +4.356717022e+02 -7.0542e+00 +1.1229e+00
35 +8.169052323e+00 +8.169052323e+00 +4.294590523e+02 +4.294590523e+02 -1.9551e+00 +1.2631e+00
45 +3.040385432e+00 +3.040385432e+00 +4.243303854e+02 +4.243303854e+02 -5.3199e+00 +2.2231e+00
53 +8.470222083e-01 +8.470222083e-01 +4.221370222e+02 +4.221370222e+02 -4.2238e+00 +2.4266e+00
58 +3.413615805e-01 +3.413615805e-01 +4.216313616e+02 +4.216313616e+02 -3.7449e+00 +3.8521e+00
67 +4.940166779e-02 +4.940166779e-02 +4.213394017e+02 +4.213394017e+02 -3.9350e+00 +3.5279e+00
81 +4.479248536e-03 +4.479248536e-03 +4.212944792e+02 +4.212944792e+02 -3.9746e+00 +3.3700e+00
145 +3.432657595e-04 +3.432657595e-04 +4.212903433e+02 +4.212903433e+02 -3.9720e+00 +3.3044e+00
146 +3.378480289e-05 +3.378480289e-05 +4.212900338e+02 +4.212900338e+02 -3.9515e+00 +3.3118e+00
201 +1.967420974e-05 +1.967420974e-05 +4.212900197e+02 +4.212900197e+02 -3.9576e+00 +3.3083e+00
210 +4.476596303e-06 +4.476596303e-06 +4.212900045e+02 +4.212900045e+02 -3.9556e+00 +3.3071e+00
219 +5.371502425e-07 +5.371502425e-07 +4.212900005e+02 +4.212900005e+02 -3.9542e+00 +3.3068e+00
254 +1.223387471e-07 +1.223387471e-07 +4.212900001e+02 +4.212900001e+02 -3.9535e+00 +3.3067e+00
271 +2.869973059e-08 +2.869973059e-08 +4.212900000e+02 +4.212900000e+02 -3.9537e+00 +3.3062e+00
297 +7.348887721e-09 +7.348887721e-09 +4.212900000e+02 +4.212900000e+02 -3.9536e+00 +3.3063e+00
301 +1.902378699e-09 +1.902378699e-09 +4.212900000e+02 +4.212900000e+02 -3.9536e+00 +3.3064e+00
306 +2.737010618e-10 +2.737010618e-10 +4.212900000e+02 +4.212900000e+02 -3.9536e+00 +3.3064e+00
327 +3.404920790e-11 +3.404920790e-11 +4.212900000e+02 +4.212900000e+02 -3.9536e+00 +3.3064e+00
392 +3.126388037e-12 +3.126388037e-12 +4.212900000e+02 +4.212900000e+02 -3.9536e+00 +3.3064e+00
425 +2.842170943e-13 +2.842170943e-13 +4.212900000e+02 +4.212900000e+02 -3.9536e+00 +3.3064e+00
433 +2.273736754e-13 +2.273736754e-13 +4.212900000e+02 +4.212900000e+02 -3.9536e+00 +3.3064e+00
435 +1.136868377e-13 +1.136868377e-13 +4.212900000e+02 +4.212900000e+02 -3.9536e+00 +3.3064e+00
471 +5.684341886e-14 +5.684341886e-14 +4.212900000e+02 +4.212900000e+02 -3.9536e+00 +3.3064e+00
484 +0.000000000e+00 +0.000000000e+00 +4.212900000e+02 +4.212900000e+02 -3.9536e+00 +3.3064e+00
% function evaluation | noise-free fitness - Fopt (-7.900000000000e+01) | best noise-free fitness - Fopt | measured fitness | best measured fitness | x1 | x2...
1 +1.576368198e+00 +1.576368198e+00 -7.742363180e+01 -7.742363180e+01 -1.9902e+00 +1.8475e+00
2 +1.187504763e-01 +1.187504763e-01 -7.888124952e+01 -7.888124952e+01 -3.2916e+00 +1.4150e+00
35 +9.297308256e-02 +9.297308256e-02 -7.890702692e+01 -7.890702692e+01 -2.7446e+00 +1.1410e+00
43 +3.531113536e-02 +3.531113536e-02 -7.896468886e+01 -7.896468886e+01 -3.0013e+00 +9.8918e-01
53 +7.608372477e-03 +7.608372477e-03 -7.899239163e+01 -7.899239163e+01 -3.1307e+00 +1.1989e+00
71 +3.947426313e-03 +3.947426313e-03 -7.899605257e+01 -7.899605257e+01 -3.1030e+00 +1.1408e+00
90 +9.995199989e-04 +9.995199989e-04 -7.899900048e+01 -7.899900048e+01 -3.0263e+00 +1.1482e+00
121 +3.866636767e-04 +3.866636767e-04 -7.899961334e+01 -7.899961334e+01 -3.0408e+00 +1.1529e+00
137 +1.339141513e-04 +1.339141513e-04 -7.899986609e+01 -7.899986609e+01 -3.0416e+00 +1.1616e+00
145 +6.513581027e-06 +6.513581027e-06 -7.899999349e+01 -7.899999349e+01 -3.0467e+00 +1.1690e+00
165 +1.624745281e-06 +1.624745281e-06 -7.899999838e+01 -7.899999838e+01 -3.0489e+00 +1.1703e+00
195 +9.373100767e-07 +9.373100767e-07 -7.899999906e+01 -7.899999906e+01 -3.0490e+00 +1.1712e+00
197 +6.078807502e-07 +6.078807502e-07 -7.899999939e+01 -7.899999939e+01 -3.0472e+00 +1.1713e+00
201 +3.896316514e-08 +3.896316514e-08 -7.899999996e+01 -7.899999996e+01 -3.0480e+00 +1.1714e+00
210 +7.029484550e-09 +7.029484550e-09 -7.899999999e+01 -7.899999999e+01 -3.0480e+00 +1.1713e+00
216 +1.288725571e-09 +1.288725571e-09 -7.900000000e+01 -7.900000000e+01 -3.0480e+00 +1.1712e+00
271 +2.723510306e-10 +2.723510306e-10 -7.900000000e+01 -7.900000000e+01 -3.0480e+00 +1.1712e+00
274 +1.786730763e-10 +1.786730763e-10 -7.900000000e+01 -7.900000000e+01 -3.0480e+00 +1.1712e+00
301 +4.860112313e-11 +4.860112313e-11 -7.900000000e+01 -7.900000000e+01 -3.0480e+00 +1.1712e+00
318 +3.409184046e-11 +3.409184046e-11 -7.900000000e+01 -7.900000000e+01 -3.0480e+00 +1.1712e+00
321 +9.478640095e-12 +9.478640095e-12 -7.900000000e+01 -7.900000000e+01 -3.0480e+00 +1.1712e+00
357 +4.945377441e-12 +4.945377441e-12 -7.900000000e+01 -7.900000000e+01 -3.0480e+00 +1.1712e+00
362 +3.296918294e-12 +3.296918294e-12 -7.900000000e+01 -7.900000000e+01 -3.0480e+00 +1.1712e+00
369 +1.648459147e-12 +1.648459147e-12 -7.900000000e+01 -7.900000000e+01 -3.0480e+00 +1.1712e+00
373 +7.105427358e-13 +7.105427358e-13 -7.900000000e+01 -7.900000000e+01 -3.0480e+00 +1.1712e+00
388 +1.136868377e-13 +1.136868377e-13 -7.900000000e+01 -7.900000000e+01 -3.0480e+00 +1.1712e+00
391 +1.421085472e-14 +1.421085472e-14 -7.900000000e+01 -7.900000000e+01 -3.0480e+00 +1.1712e+00
428 +0.000000000e+00 +0.000000000e+00 -7.900000000e+01 -7.900000000e+01 -3.0480e+00 +1.1712e+00
% function evaluation | noise-free fitness - Fopt (-4.133000000000e+01) | best noise-free fitness - Fopt | measured fitness | best measured fitness | x1 | x2...
1 +1.472165685e+01 +1.472165685e+01 -2.660834315e+01 -2.660834315e+01 -3.3641e+00 -1.8317e+00
5 +9.148160077e+00 +9.148160077e+00 -3.218183992e+01 -3.218183992e+01 -2.4751e+00 -6.9322e-01
6 +4.698350142e+00 +4.698350142e+00 -3.663164986e+01 -3.663164986e+01 -4.3895e-01 +5.2647e-01
12 +3.930247857e+00 +3.930247857e+00 -3.739975214e+01 -3.739975214e+01 -9.7855e-02 +4.5544e-01
17 +5.552533512e-01 +5.552533512e-01 -4.077474665e+01 -4.077474665e+01 +6.8794e-02 -8.1070e-01
24 +3.614086356e-01 +3.614086356e-01 -4.096859136e+01 -4.096859136e+01 +5.3839e-01 -2.0440e+00
37 +2.208987478e-02 +2.208987478e-02 -4.130791013e+01 -4.130791013e+01 +3.1859e-01 -1.3866e+00
82 +1.043480328e-02 +1.043480328e-02 -4.131956520e+01 -4.131956520e+01 +5.5476e-01 -1.4630e+00
102 +2.649230902e-04 +2.649230902e-04 -4.132973508e+01 -4.132973508e+01 +4.5225e-01 -1.4326e+00
135 +2.275980106e-04 +2.275980106e-04 -4.132977240e+01 -4.132977240e+01 +4.3868e-01 -1.4466e+00
156 +1.212261422e-04 +1.212261422e-04 -4.132987877e+01 -4.132987877e+01 +4.6363e-01 -1.4443e+00
161 +2.156899276e-05 +2.156899276e-05 -4.132997843e+01 -4.132997843e+01 +4.5020e-01 -1.4520e+00
183 +3.346142591e-06 +3.346142591e-06 -4.132999665e+01 -4.132999665e+01 +4.5542e-01 -1.4486e+00
209 +1.327784418e-06 +1.327784418e-06 -4.132999867e+01 -4.132999867e+01 +4.5461e-01 -1.4482e+00
215 +3.568821683e-07 +3.568821683e-07 -4.132999964e+01 -4.132999964e+01 +4.5419e-01 -1.4489e+00
216 +2.028156842e-07 +2.028156842e-07 -4.132999980e+01 -4.132999980e+01 +4.5342e-01 -1.4484e+00
252 +5.651621393e-08 +5.651621393e-08 -4.132999994e+01 -4.132999994e+01 +4.5367e-01 -1.4486e+00
271 +1.310755238e-08 +1.310755238e-08 -4.132999999e+01 -4.132999999e+01 +4.5355e-01 -1.4487e+00
279 +2.501828078e-09 +2.501828078e-09 -4.133000000e+01 -4.133000000e+01 +4.5360e-01 -1.4489e+00
297 +8.430234288e-10 +8.430234288e-10 -4.133000000e+01 -4.133000000e+01 +4.5360e-01 -1.4488e+00
301 +1.306972308e-10 +1.306972308e-10 -4.133000000e+01 -4.133000000e+01 +4.5361e-01 -1.4488e+00
306 +1.070077360e-11 +1.070077360e-11 -4.133000000e+01 -4.133000000e+01 +4.5360e-01 -1.4488e+00
356 +6.949107956e-12 +6.949107956e-12 -4.133000000e+01 -4.133000000e+01 +4.5360e-01 -1.4488e+00
362 +3.232969448e-12 +3.232969448e-12 -4.133000000e+01 -4.133000000e+01 +4.5360e-01 -1.4488e+00
368 +1.577404873e-12 +1.577404873e-12 -4.133000000e+01 -4.133000000e+01 +4.5360e-01 -1.4488e+00
388 +9.663381206e-13 +9.663381206e-13 -4.133000000e+01 -4.133000000e+01 +4.5360e-01 -1.4488e+00
413 +4.973799150e-14 +4.973799150e-14 -4.133000000e+01 -4.133000000e+01 +4.5360e-01 -1.4488e+00
435 +2.131628207e-14 +2.131628207e-14 -4.133000000e+01 -4.133000000e+01 +4.5360e-01 -1.4488e+00
462 +0.000000000e+00 +0.000000000e+00 -4.133000000e+01 -4.133000000e+01 +4.5360e-01 -1.4488e+00
% function evaluation | noise-free fitness - Fopt (2.127500000000e+02) | best noise-free fitness - Fopt | measured fitness | best measured fitness | x1 | x2...
1 +2.600561156e+01 +2.600561156e+01 +2.387556116e+02 +2.387556116e+02 -4.0750e-01 +1.0891e+00
2 +1.567109126e+01 +1.567109126e+01 +2.284210913e+02 +2.284210913e+02 -1.7089e+00 +6.5661e-01
3 +4.225563387e+00 +4.225563387e+00 +2.169755634e+02 +2.169755634e+02 -2.5851e+00 -1.0528e+00
8 +3.327381093e+00 +3.327381093e+00 +2.160773811e+02 +2.160773811e+02 -2.6895e+00 -1.2658e+00
9 +1.934620944e+00 +1.934620944e+00 +2.146846209e+02 +2.146846209e+02 -2.4604e+00 -2.7224e+00
17 +5.692051800e-01 +5.692051800e-01 +2.133192052e+02 +2.133192052e+02 -3.7127e+00 -1.9310e+00
18 +4.851267616e-02 +4.851267616e-02 +2.127985127e+02 +2.127985127e+02 -3.7172e+00 -2.8482e+00
59 +1.519499351e-02 +1.519499351e-02 +2.127651950e+02 +2.127651950e+02 -3.7349e+00 -2.6297e+00
97 +9.072266783e-03 +9.072266783e-03 +2.127590723e+02 +2.127590723e+02 -3.8624e+00 -2.5783e+00
114 +2.467048209e-03 +2.467048209e-03 +2.127524670e+02 +2.127524670e+02 -3.8788e+00 -2.6321e+00
126 +1.257312616e-03 +1.257312616e-03 +2.127512573e+02 +2.127512573e+02 -3.8465e+00 -2.7080e+00
137 +7.285452015e-04 +7.285452015e-04 +2.127507285e+02 +2.127507285e+02 -3.8341e+00 -2.6513e+00
145 +4.226432360e-04 +4.226432360e-04 +2.127504226e+02 +2.127504226e+02 -3.8678e+00 -2.6619e+00
146 +3.356660474e-04 +3.356660474e-04 +2.127503357e+02 +2.127503357e+02 -3.8323e+00 -2.6699e+00
148 +3.190563532e-05 +3.190563532e-05 +2.127500319e+02 +2.127500319e+02 -3.8521e+00 -2.6674e+00
189 +1.071699540e-05 +1.071699540e-05 +2.127500107e+02 +2.127500107e+02 -3.8506e+00 -2.6695e+00
194 +5.221304093e-06 +5.221304093e-06 +2.127500052e+02 +2.127500052e+02 -3.8522e+00 -2.6742e+00
195 +1.755798252e-06 +1.755798252e-06 +2.127500018e+02 +2.127500018e+02 -3.8513e+00 -2.6718e+00
201 +1.414273925e-06 +1.414273925e-06 +2.127500014e+02 +2.127500014e+02 -3.8513e+00 -2.6720e+00
215 +6.297492803e-07 +6.297492803e-07 +2.127500006e+02 +2.127500006e+02 -3.8503e+00 -2.6736e+00
232 +7.459098583e-08 +7.459098583e-08 +2.127500001e+02 +2.127500001e+02 -3.8507e+00 -2.6729e+00
254 +3.618367828e-08 +3.618367828e-08 +2.127500000e+02 +2.127500000e+02 -3.8502e+00 -2.6727e+00
271 +4.189899983e-09 +4.189899983e-09 +2.127500000e+02 +2.127500000e+02 -3.8504e+00 -2.6727e+00
285 +3.520341352e-09 +3.520341352e-09 +2.127500000e+02 +2.127500000e+02 -3.8504e+00 -2.6728e+00
306 +6.123457297e-10 +6.123457297e-10 +2.127500000e+02 +2.127500000e+02 -3.8504e+00 -2.6728e+00
318 +8.125766726e-11 +8.125766726e-11 +2.127500000e+02 +2.127500000e+02 -3.8504e+00 -2.6728e+00
350 +3.811351235e-11 +3.811351235e-11 +2.127500000e+02 +2.127500000e+02 -3.8504e+00 -2.6728e+00
357 +2.287947609e-11 +2.287947609e-11 +2.127500000e+02 +2.127500000e+02 -3.8504e+00 -2.6728e+00
362 +1.526245796e-11 +1.526245796e-11 +2.127500000e+02 +2.127500000e+02 -3.8504e+00 -2.6728e+00
363 +7.418066161e-12 +7.418066161e-12 +2.127500000e+02 +2.127500000e+02 -3.8504e+00 -2.6728e+00
381 +5.712763596e-12 +5.712763596e-12 +2.127500000e+02 +2.127500000e+02 -3.8504e+00 -2.6728e+00
382 +3.808509064e-12 +3.808509064e-12 +2.127500000e+02 +2.127500000e+02 -3.8504e+00 -2.6728e+00
388 +5.400124792e-13 +5.400124792e-13 +2.127500000e+02 +2.127500000e+02 -3.8504e+00 -2.6728e+00
391 +1.421085472e-13 +1.421085472e-13 +2.127500000e+02 +2.127500000e+02 -3.8504e+00 -2.6728e+00
422 +5.684341886e-14 +5.684341886e-14 +2.127500000e+02 +2.127500000e+02 -3.8504e+00 -2.6728e+00
435 +2.842170943e-14 +2.842170943e-14 +2.127500000e+02 +2.127500000e+02 -3.8504e+00 -2.6728e+00
454 +0.000000000e+00 +0.000000000e+00 +2.127500000e+02 +2.127500000e+02 -3.8504e+00 -2.6728e+00
