% function evaluation | noise-free fitness - Fopt (3.590000000000e+01) | best noise-free fitness - Fopt | measured fitness | best measured fitness | x1 | x2...
1 +2.639168010e+06 +2.639168010e+06 +2.639203910e+06 +2.639203910e+06 -2.6677e+00 -2.6786e+00 -3.4475e+00 -4.1087e+00 +1.5770e+00 +5.7148e-01 -1.3241e+00 +1.8412e+00 +1.4045e-01 -1.9465e+00 -1.8589e+00 -2.1284e+00 +2.7302e+00 +4.0894e+00 -2.8706e+00 +1.7641e+00 -4.2592e+00 -3.7694e+00 -2.3190e+00 +3.8665e+00
2 +2.057678381e+06 +2.057678381e+06 +2.057714281e+06 +2.057714281e+06 -4.4079e+00 +2.6759e+00 +4.4015e+00 -1.6396e+00 +4.8060e+00 +4.7991e+00 +3.2046e+00 +2.3354e+00 +1.7379e+00 +2.6771e+00 -4.5474e-01 -3.6216e+00 -1.9444e+00 -1.5788e+00 +5.0195e-01 +1.9031e+00 +3.6296e+00 -3.0130e+00 -2.3220e+00 -4.3693e+00
3 +1.402255931e+06 +1.402255931e+06 +1.402291831e+06 +1.402291831e+06 -2.3254e+00 +7.2425e-01 -1.9403e+00 -4.0939e+00 -1.1020e+00 -4.2436e+00 -3.5847e+00 +4.0827e+00 +3.1712e+00 +4.7679e+00 +2.8131e+00 -4.2574e+00 +3.1729e-01 -4.9817e+00 +4.9614e+00 -3.0778e+00 -2.0586e+00 +4.0701e+00 -4.6340e+00 -1.2732e+00
24 +7.863706826e+05 +7.863706826e+05 +7.864065826e+05 +7.864065826e+05 +7.0644e+00 +6.1021e+00 -1.6258e+00 -3.9037e+00 -3.1037e+00 -6.3080e+00 +3.7127e+00 +2.6923e+00 +3.4212e+00 +2.7700e+00 -4.3196e+00 -4.5455e+00 -2.0268e+00 +3.0501e+00 +4.0078e+00 -1.2726e+00 -2.3081e+00 +7.2924e+00 -1.1286e+00 -1.3611e+00
42 +5.843470800e+05 +5.843470800e+05 +5.843829800e+05 +5.843829800e+05 +8.2972e+00 +7.3229e+00 -2.0062e+00 -1.4832e+00 +6.8963e-01 -9.2072e+00 +3.7027e+00 +1.1152e+00 +4.3742e+00 +4.5955e+00 -4.4680e+00 -4.1180e+00 -2.4824e+00 +3.7004e+00 +4.7045e+00 -1.9481e+00 -2.0486e+00 +8.0043e+00 -2.0303e+00 -3.2505e+00
125 +3.163336617e+05 +3.163336617e+05 +3.163695617e+05 +3.163695617e+05 +1.3324e+00 +1.6810e+00 -5.1229e-01 +4.4211e+00 +3.6854e-01 -4.4308e+00 -1.5907e+00 -2.7871e-01 +8.5413e-01 +1.0220e+00 -9.9254e-01 -6.4909e-03 -4.5930e-01 -9.1588e-01 +4.5773e-01 -3.5576e+00 +2.1948e+00 +1.7366e+00 -1.1969e+00 -3.8757e+00
272 +2.154167138e+05 +2.154167138e+05 +2.154526138e+05 +2.154526138e+05 +2.2827e+00 +1.3787e+00 -1.3513e+00 +1.7400e+00 -1.9848e+00 -7.3365e+00 -1.2843e+00 +8.3140e-01 +5.8723e-01 +1.4232e-02 -4.7373e+00 -1.1473e+00 +4.1027e-01 -3.0771e-01 +1.2512e+00 -4.5052e+00 -2.6323e+00 +5.9506e+00 -2.1047e+00 -3.0337e+00
421 +1.311915190e+05 +1.311915190e+05 +1.312274190e+05 +1.312274190e+05 +3.7745e+00 +2.2297e+00 +8.3157e-01 +1.1439e+00 -4.2453e+00 -7.4387e+00 -3.1845e-01 -2.9275e-01 -5.7369e-01 -9.0115e-02 -7.2012e+00 -1.3831e+00 +9.2442e-01 -7.4306e-01 +3.1042e+00 -4.7459e+00 -1.6138e+00 +5.1846e+00 -5.6668e-01 -2.9626e+00
502 +8.460556536e+04 +8.460556536e+04 +8.464146536e+04 +8.464146536e+04 +4.6750e+00 +2.0867e+00 +2.2710e+00 +4.6837e+00 -3.2115e+00 -6.3055e+00 -1.9523e+00 -5.8132e-01 -1.0121e+00 -2.9117e-01 -5.4184e+00 +6.3849e-01 +1.2705e+00 -1.2823e+00 +2.2206e+00 -5.0073e+00 +4.3967e-01 +5.5264e+00 -6.3877e-01 -3.9118e+00
683 +6.297574359e+04 +6.297574359e+04 +6.301164359e+04 +6.301164359e+04 +3.4808e+00 +1.6178e+00 +2.0125e+00 +4.6636e+00 -3.0591e+00 -4.4076e+00 -1.8194e+00 -9.2916e-01 -1.3833e+00 -4.0795e-01 -4.5195e+00 +9.6790e-01 +9.0868e-01 -1.5378e+00 +2.1449e+00 -3.8940e+00 +6.0409e-01 +4.4001e+00 -2.7716e-01 -3.7557e+00
1182 +3.671463267e+04 +3.671463267e+04 +3.675053267e+04 +3.675053267e+04 +3.4747e+00 +2.7687e+00 +2.2018e+00 +5.5784e+00 -3.7532e+00 -5.9788e+00 -2.0423e+00 -1.0087e+00 -1.2699e+00 -6.5872e-01 -4.9661e+00 -1.7667e-01 +2.2972e-02 -2.4517e+00 +2.3771e+00 -4.9230e+00 +5.4843e-01 +5.2644e+00 +6.2560e-02 -4.4768e+00
1444 +2.155133327e+04 +2.155133327e+04 +2.158723327e+04 +2.158723327e+04 +1.3955e+00 +3.4515e+00 +3.6267e+00 +5.0420e+00 -7.7899e+00 -6.7422e+00 -1.8716e+00 -1.1809e+00 -2.9686e+00 -2.4478e+00 -7.4177e+00 -1.7213e+00 +2.3534e-01 -5.1982e+00 +3.0130e+00 -4.7457e+00 -1.0418e+00 +5.1453e+00 +1.1415e-01 -4.8188e+00
1521 +1.531716628e+04 +1.531716628e+04 +1.535306628e+04 +1.535306628e+04 +1.7043e+00 +4.2709e+00 +3.4880e+00 +5.7828e+00 -7.2098e+00 -8.8155e+00 -2.3857e+00 -1.3088e+00 -2.3369e+00 -2.5411e+00 -7.6267e+00 -1.9687e+00 -4.9349e-01 -5.1848e+00 +2.7930e+00 -5.6535e+00 -1.3500e+00 +5.6384e+00 +2.9635e-01 -5.0472e+00
1602 +8.296245252e+03 +8.296245252e+03 +8.332145252e+03 +8.332145252e+03 +1.0847e+00 +4.3384e+00 +3.7204e+00 +5.7842e+00 -8.5351e+00 -9.2632e+00 -2.6573e+00 -1.4721e+00 -2.5880e+00 -3.2184e+00 -8.0531e+00 -2.2468e+00 -6.5449e-01 -5.9214e+00 +2.7163e+00 -5.6851e+00 -2.2403e+00 +5.6541e+00 +8.9330e-02 -5.2396e+00
1649 +4.240386223e+03 +4.240386223e+03 +4.276286223e+03 +4.276286223e+03 +8.4259e-01 +4.9739e+00 +4.0208e+00 +6.2448e+00 -8.6470e+00 -9.6163e+00 -2.7055e+00 -1.3353e+00 -2.6168e+00 -3.4881e+00 -8.4592e+00 -2.6511e+00 -6.5265e-01 -6.6067e+00 +3.0582e+00 -5.7701e+00 -1.9530e+00 +6.2845e+00 +5.8187e-01 -5.1953e+00
1681 +3.551739657e+03 +3.551739657e+03 +3.587639657e+03 +3.587639657e+03 +7.8491e-01 +4.9369e+00 +3.9272e+00 +6.1506e+00 -8.3690e+00 -9.6438e+00 -2.7104e+00 -1.2431e+00 -2.4276e+00 -3.4711e+00 -8.3922e+00 -2.5812e+00 -5.1745e-01 -6.5328e+00 +3.0486e+00 -5.7197e+00 -1.8323e+00 +6.2007e+00 +6.5195e-01 -4.9892e+00
1741 +2.166268049e+03 +2.166268049e+03 +2.202168049e+03 +2.202168049e+03 +7.9651e-01 +5.0758e+00 +3.7606e+00 +6.1469e+00 -8.1807e+00 -9.9367e+00 -2.7641e+00 -1.2306e+00 -2.2075e+00 -3.5224e+00 -8.3950e+00 -2.6299e+00 -6.6442e-01 -6.4657e+00 +3.0927e+00 -5.6885e+00 -1.9496e+00 +6.3830e+00 +8.4432e-01 -4.8015e+00
1798 +8.974540899e+02 +8.974540899e+02 +9.333540899e+02 +9.333540899e+02 +7.5620e-01 +6.0337e+00 +3.9555e+00 +6.8141e+00 -8.3224e+00 -9.9148e+00 -2.5699e+00 -9.9121e-01 -1.9813e+00 -3.5434e+00 -8.4251e+00 -3.3476e+00 -8.2590e-01 -7.1687e+00 +3.6498e+00 -5.6701e+00 -1.6129e+00 +7.5659e+00 +1.2672e+00 -4.9411e+00
1847 +5.826432153e+02 +5.826432153e+02 +6.185432153e+02 +6.185432153e+02 +1.9313e-01 +5.5658e+00 +3.9016e+00 +6.5045e+00 -8.5725e+00 -1.0135e+01 -2.8217e+00 -1.1630e+00 -1.9803e+00 -3.7812e+00 -8.4961e+00 -3.0603e+00 -7.8030e-01 -7.2746e+00 +3.3418e+00 -5.7610e+00 -2.1376e+00 +6.8822e+00 +1.0058e+00 -4.9888e+00
2025 +3.950783504e+02 +3.950783504e+02 +4.309783504e+02 +4.309783504e+02 +4.7853e-01 +5.9288e+00 +3.8026e+00 +6.5783e+00 -8.5418e+00 -1.0411e+01 -2.7081e+00 -9.6283e-01 -1.6783e+00 -3.7206e+00 -8.5407e+00 -3.4665e+00 -8.6305e-01 -7.3077e+00 +3.5934e+00 -5.9566e+00 -2.0987e+00 +7.5396e+00 +1.0389e+00 -5.0433e+00
3003 +2.465042395e+02 +2.465042395e+02 +2.824042395e+02 +2.824042395e+02 +2.5138e+00 +5.2067e+00 +3.3095e+00 +6.7176e+00 -6.6177e+00 -1.0991e+01 -3.2860e+00 -1.4772e+00 -2.7382e-01 -2.9237e+00 -6.8163e+00 -2.3582e+00 -1.7750e+00 -5.6316e+00 +3.3275e+00 -6.0011e+00 -1.5178e+00 +7.0648e+00 +1.9244e-01 -5.5748e+00
% function evaluation | noise-free fitness - Fopt (3.137000000000e+01) | best noise-free fitness - Fopt | measured fitness | best measured fitness | x1 | x2...
1 +1.109402611e+06 +1.109402611e+06 +1.109433981e+06 +1.109433981e+06 -3.0677e+00 +3.1067e+00 +3.7668e+00 -1.6323e+00 -4.3531e+00 +2.5107e+00 +1.8366e+00 +1.6272e+00 +2.5449e+00 -3.7376e+00 -4.2487e+00 +3.2008e-01 +5.1218e-01 -5.2122e-01 -2.0699e-02 -2.2038e-01 -3.7640e-01 +1.6090e+00 +1.1058e+00 -7.2121e-01
2 +9.693835209e+05 +9.693835209e+05 +9.694148909e+05 +9.694148909e+05 +3.6188e+00 +9.8635e-01 -3.0338e+00 +1.1613e+00 +2.3867e+00 -4.6282e+00 +2.0493e+00 -2.2708e+00 +2.3642e+00 -3.1223e+00 +3.2188e+00 -3.4771e+00 +2.4739e+00 +3.3452e+00 -2.8730e+00 +1.1231e-01 +1.0347e+00 +3.4614e+00 -4.8831e+00 -5.3329e-02
6 +6.268101288e+05 +6.268101288e+05 +6.268414988e+05 +6.268414988e+05 -2.3640e+00 +1.9138e+00 -2.7774e+00 +8.4572e-01 -2.9133e+00 +6.5282e-01 -5.7626e-01 -1.8168e+00 -1.9029e+00 -1.0631e+00 +3.1220e+00 +3.7861e+00 -2.7246e+00 -3.8586e-01 +4.2573e+00 +3.9321e+00 +9.1860e-01 +4.5355e+00 +1.3662e+00 -4.5565e-01
14 +3.887008658e+05 +3.887008658e+05 +3.887322358e+05 +3.887322358e+05 -1.2791e-01 +2.7644e+00 -4.7516e+00 +2.3882e-01 -5.7443e-01 -1.5349e-01 -2.5609e+00 -3.6586e+00 +1.7772e-02 -1.7662e+00 -1.2242e+00 +3.6660e+00 +7.5837e-01 +2.8255e+00 -2.9937e-02 +2.3466e+00 -1.6795e+00 -2.8217e+00 +4.4886e+00 +4.3644e+00
187 +2.457175470e+05 +2.457175470e+05 +2.457489170e+05 +2.457489170e+05 +5.7955e+00 -9.8601e-01 -5.4849e+00 +2.7716e+00 +5.4805e+00 -1.8345e+00 -6.5202e-02 +6.6154e-02 -2.0395e+00 -1.4366e+00 +1.7341e-01 +3.4198e+00 +2.5622e+00 +2.2380e-01 +2.3106e-01 -1.9476e-01 -4.9594e-01 -1.8272e+00 +2.8345e+00 +3.5018e+00
222 +1.484411773e+05 +1.484411773e+05 +1.484725473e+05 +1.484725473e+05 +4.4007e+00 +2.5747e+00 -4.8609e+00 +2.6032e+00 -4.9158e-01 +2.0241e+00 -9.6683e-01 -1.2892e-02 +1.7143e+00 -3.5936e+00 -4.0969e+00 +1.8010e+00 +1.8534e-01 +1.1958e+00 +3.3639e+00 +2.3006e+00 +1.3898e-01 -5.8724e-01 +2.6160e+00 +6.1072e+00
242 +9.732907336e+04 +9.732907336e+04 +9.736044336e+04 +9.736044336e+04 +6.3843e+00 +1.8713e+00 -1.1320e+01 +5.0658e+00 +1.7608e+00 -1.0503e+00 +2.8861e-01 +1.0829e+00 +4.5400e-01 -4.8512e+00 -1.3066e+00 +6.9974e+00 +3.9433e+00 +3.9462e+00 +2.5335e+00 +1.1756e+00 -7.7940e-01 -3.5948e+00 +1.6309e+00 +1.0755e+01
354 +5.863046166e+04 +5.863046166e+04 +5.866183166e+04 +5.866183166e+04 +6.7169e+00 -1.4465e+00 -3.3152e+00 +3.8287e+00 +2.7009e+00 -2.4097e+00 -1.3424e+00 +3.5839e+00 +1.5287e+00 -2.2861e+00 -4.7817e-01 -1.9918e+00 +2.7948e+00 -5.7790e-01 +1.8767e+00 +2.4238e+00 +2.1203e-01 +6.3231e-01 -1.7508e+00 +4.0559e+00
419 +3.739657463e+04 +3.739657463e+04 +3.742794463e+04 +3.742794463e+04 +6.2893e+00 -4.1200e-01 -5.9441e+00 +6.3494e+00 +1.1521e+00 -3.7873e+00 -8.4045e-01 +4.5278e+00 +2.1869e+00 -3.1581e+00 +1.7867e+00 +1.6137e-01 +2.0328e+00 +8.6744e-01 +2.7671e+00 +2.5874e+00 -8.0894e-01 +1.3498e+00 -6.4144e-01 +6.3562e+00
470 +2.009624090e+04 +2.009624090e+04 +2.012761090e+04 +2.012761090e+04 +5.9641e+00 +1.8268e+00 -6.6375e+00 +4.2953e+00 +1.0535e+00 -3.8347e+00 -1.1476e+00 +2.4111e+00 +1.2983e+00 -3.6623e+00 +3.4642e-01 +1.1137e+00 +2.8915e+00 +6.8363e-01 +8.7706e-01 +2.2310e+00 -3.2567e-01 -1.7536e+00 +2.1594e-01 +5.5952e+00
484 +1.114276450e+04 +1.114276450e+04 +1.117413450e+04 +1.117413450e+04 +6.1326e+00 +3.7140e-01 -6.2605e+00 +4.7611e+00 -3.5816e-01 -4.0293e+00 -2.5174e-01 +3.2978e+00 +1.8483e+00 -3.5325e+00 +2.2437e+00 +8.9006e-01 +4.3341e+00 +8.0120e-01 +1.3936e+00 +3.0629e+00 +1.0487e+00 -3.6491e-01 -1.3425e+00 +5.5832e+00
508 +3.813683071e+03 +3.813683071e+03 +3.845053071e+03 +3.845053071e+03 +5.4499e+00 +5.0494e-01 -6.7765e+00 +5.2225e+00 +9.2744e-02 -4.6520e+00 -1.0399e+00 +4.1159e+00 +2.3809e+00 -2.9837e+00 +3.2989e+00 +8.2972e-01 +3.8054e+00 +3.0234e-01 +1.7071e+00 +2.0179e+00 +9.8318e-01 -4.1009e-01 -1.7421e+00 +5.1111e+00
602 +2.446958479e+03 +2.446958479e+03 +2.478328479e+03 +2.478328479e+03 +5.4248e+00 +6.7895e-01 -7.1905e+00 +5.4942e+00 -6.4984e-01 -4.6689e+00 -3.6674e-01 +3.7727e+00 +2.4215e+00 -3.3172e+00 +3.3612e+00 +1.9636e+00 +4.3014e+00 +9.2386e-01 +1.7630e+00 +2.0954e+00 +8.2530e-01 -5.9133e-01 -7.5073e-01 +5.4926e+00
746 +1.509297872e+03 +1.509297872e+03 +1.540667872e+03 +1.540667872e+03 +5.8593e+00 +8.7082e-01 -8.1649e+00 +5.7351e+00 -6.0972e-01 -4.9245e+00 -3.7881e-01 +3.9803e+00 +2.5789e+00 -3.2620e+00 +3.3859e+00 +3.1385e+00 +4.7888e+00 +5.6467e-01 +2.0159e+00 +2.5024e+00 +1.0531e+00 -9.6805e-01 -9.5447e-01 +6.2516e+00
783 +6.530320290e+02 +6.530320290e+02 +6.844020290e+02 +6.844020290e+02 +5.7950e+00 +9.4613e-01 -7.9348e+00 +5.7442e+00 -1.1449e+00 -5.0836e+00 -9.5210e-02 +3.9921e+00 +2.6407e+00 -3.4250e+00 +3.6478e+00 +2.9122e+00 +4.8327e+00 +6.1226e-01 +1.9141e+00 +2.6310e+00 +1.1529e+00 -8.5975e-01 -9.6136e-01 +6.1181e+00
881 +4.817291746e+02 +4.817291746e+02 +5.130991746e+02 +5.130991746e+02 +5.7224e+00 +2.0110e+00 -9.4191e+00 +5.9054e+00 -2.3904e+00 -5.3439e+00 +4.3563e-01 +4.2455e+00 +2.9489e+00 -3.9116e+00 +3.3273e+00 +4.8993e+00 +5.9258e+00 +1.3115e+00 +1.9512e+00 +2.6242e+00 +1.6694e+00 -1.9447e+00 -4.1975e-01 +6.9683e+00
1496 +3.954179345e+02 +3.954179345e+02 +4.267879345e+02 +4.267879345e+02 +5.6503e+00 +1.7294e+00 -7.0415e+00 +5.2965e+00 -2.7761e+00 -4.4481e+00 +1.3459e-01 +3.2912e+00 +2.3278e+00 -3.9799e+00 +2.6579e+00 +3.2050e+00 +5.0887e+00 +9.2211e-01 +1.5586e+00 +3.3379e+00 +1.5845e+00 -7.2612e-01 -4.5942e-01 +6.3672e+00
2802 +2.497136229e+02 +2.497136229e+02 +2.810836229e+02 +2.810836229e+02 +4.9043e+00 +1.2945e+00 -5.5977e+00 +4.2296e+00 -1.6384e+00 -3.5445e+00 -9.4730e-01 +2.4444e+00 +1.9109e+00 -3.3700e+00 +1.7751e+00 +1.7940e+00 +4.0983e+00 +6.1751e-01 +1.2254e+00 +3.1765e+00 +1.0981e+00 -1.0426e+00 -5.4415e-01 +5.1152e+00
% function evaluation | noise-free fitness - Fopt (-1.000000000000e+03) | best noise-free fitness - Fopt | measured fitness | best measured fitness | x1 | x2...
1 +5.919611955e+05 +5.919611955e+05 +5.909611955e+05 +5.909611955e+05 +4.9395e+00 -2.7962e-01 +2.4401e+00 -2.7901e+00 +1.2925e+00 -1.4930e+00 -4.0760e+00 +4.8108e+00 +4.5699e+00 -3.8954e+00 -2.8148e+00 +3.5519e+00 -4.5495e+00 +2.0183e+00 -3.2268e+00 +3.3528e+00 +1.7274e+00 -8.5789e-01 -3.7989e+00 +4.8012e+00
8 +3.239513109e+05 +3.239513109e+05 +3.229513109e+05 +3.229513109e+05 -1.2593e+00 +9.2335e-01 -3.9338e+00 -9.7967e-02 -3.6151e+00 -2.1102e+00 +4.6400e+00 +3.9267e+00 +2.9306e+00 -6.3189e-01 +1.2975e+00 -2.2651e+00 -1.5003e+00 +3.0207e+00 +3.9032e+00 -2.9450e-01 +2.1387e+00 +3.0121e+00 -2.6148e+00 +2.2811e+00
70 +2.129072283e+05 +2.129072283e+05 +2.119072283e+05 +2.119072283e+05 +1.3165e+00 -1.9845e+00 -1.3319e+00 +2.7019e+00 +2.0280e+00 +1.1538e+00 -1.4472e-01 +3.6148e-01 -2.6510e+00 +2.1326e+00 -3.0363e-01 +1.2203e+00 -5.4836e+00 +1.5797e+00 +3.2864e+00 -6.1228e-01 -4.9178e+00 +2.4454e+00 -2.1586e+00 +2.8185e+00
141 +1.176767050e+05 +1.176767050e+05 +1.166767050e+05 +1.166767050e+05 +1.4473e-01 +8.9835e-01 +1.8578e-01 +3.2629e+00 +2.1826e+00 -4.5900e+00 -4.1826e-01 +6.3350e+00 +1.7576e+00 +1.3434e+00 +1.8311e+00 -7.8547e-01 -2.3882e+00 +3.2581e+00 -1.3442e+00 -2.9738e+00 -2.1567e+00 +2.3470e+00 -1.6177e+00 +5.4217e+00
145 +8.950047100e+04 +8.950047100e+04 +8.850047100e+04 +8.850047100e+04 +2.9076e+00 +1.8141e+00 -7.4858e-01 +3.3585e+00 -1.3570e+00 -2.3899e+00 +1.6005e+00 +3.2392e+00 -3.1596e-02 -2.7701e-01 +1.5777e+00 +4.3389e+00 -2.8705e+00 +2.2722e-01 +3.2918e+00 -5.2653e+00 -3.4909e+00 +5.0078e+00 -2.3272e+00 +6.4639e+00
169 +5.456722341e+04 +5.456722341e+04 +5.356722341e+04 +5.356722341e+04 +4.0162e+00 +9.5790e-01 -8.2430e-01 +1.5855e+00 -1.2119e+00 -4.6144e+00 +2.7718e+00 +3.3220e+00 -2.2297e-01 +1.0941e+00 +2.0364e+00 +3.3782e+00 -3.5194e+00 +5.9415e-01 +1.7060e+00 -6.0604e+00 -2.3363e+00 +5.0924e+00 -1.0423e+00 +6.6331e+00
224 +2.450438452e+04 +2.450438452e+04 +2.350438452e+04 +2.350438452e+04 +3.8567e+00 +3.0603e+00 -1.0094e+00 +2.5647e+00 -1.3734e+00 -3.1202e+00 +2.5401e+00 +5.8549e+00 +2.6161e+00 +1.1692e+00 +2.4002e+00 +1.5827e+00 -1.5345e+00 +1.6529e+00 +1.6468e+00 -4.8940e+00 +7.6678e-01 +4.8726e+00 -2.1069e+00 +5.9219e+00
343 +6.854678795e+03 +6.854678795e+03 +5.854678795e+03 +5.854678795e+03 +2.4437e+00 +2.6164e+00 -2.1484e+00 +1.9884e+00 -1.7071e+00 -3.9509e+00 +1.8813e+00 +5.2561e+00 +1.0786e+00 +3.6695e+00 +1.8782e+00 -8.6028e-02 -2.2178e+00 +6.4450e-01 +1.0246e+00 -5.5412e+00 +1.1449e-01 +5.4139e+00 -2.7083e+00 +6.0613e+00
359 +5.147092929e+03 +5.147092929e+03 +4.147092929e+03 +4.147092929e+03 +2.3206e+00 +1.8403e+00 -1.7082e+00 +1.7966e+00 -4.7650e-01 -3.9968e+00 +1.2336e+00 +6.3563e+00 +7.7913e-01 +3.3781e+00 +1.3718e+00 +4.2600e-01 -1.5929e+00 +3.3472e-01 -7.0412e-01 -6.4375e+00 -9.1027e-01 +5.6976e+00 -2.0391e+00 +6.3402e+00
427 +1.935418447e+03 +1.935418447e+03 +9.354184473e+02 +9.354184473e+02 +2.5340e+00 +1.7806e+00 -1.4797e+00 +2.5980e+00 +5.4765e-01 -3.9429e+00 +4.5910e-01 +4.4012e+00 +1.3164e+00 +4.5624e+00 +1.7887e+00 +3.8154e-01 -1.8885e+00 -9.5703e-01 -1.0769e+00 -6.6779e+00 -1.7658e+00 +6.2135e+00 -2.9778e+00 +6.7889e+00
469 +1.173160062e+03 +1.173160062e+03 +1.731600622e+02 +1.731600622e+02 +2.3293e+00 +1.9231e+00 -1.8518e+00 +2.2109e+00 +2.4357e-01 -4.6383e+00 +2.2816e-01 +3.8310e+00 +1.2794e+00 +5.1667e+00 +2.0834e+00 -1.8559e-01 -3.0666e+00 -4.9774e-01 -1.3556e+00 -6.2602e+00 -9.0040e-01 +6.7232e+00 -3.2676e+00 +6.5255e+00
481 +6.773512941e+02 +6.773512941e+02 -3.226487059e+02 -3.226487059e+02 +2.5533e+00 +1.3938e+00 -1.8303e+00 +1.3828e+00 +6.7548e-01 -2.8758e+00 -2.4996e-01 +3.0985e+00 +1.5871e+00 +5.2817e+00 +1.6171e+00 -2.7495e-01 -3.2011e+00 -6.4669e-01 -5.9038e-01 -5.3078e+00 -4.6410e-01 +6.0948e+00 -3.7197e+00 +6.0054e+00
495 +4.026723642e+02 +4.026723642e+02 -5.973276358e+02 -5.973276358e+02 +1.7986e+00 +1.7595e+00 -2.0477e+00 +2.2967e+00 +3.5294e-01 -5.4469e+00 -9.4422e-01 +2.5088e+00 +1.1786e+00 +5.7607e+00 +2.0662e+00 +3.6905e-01 -3.4524e+00 -1.4814e+00 -2.3689e+00 -7.4971e+00 -2.3677e+00 +7.5858e+00 -3.6148e+00 +7.6516e+00
513 +3.956329002e+02 +3.956329002e+02 -6.043670998e+02 -6.043670998e+02 +1.5782e+00 +1.6715e+00 -2.2946e+00 +1.5202e+00 +6.9028e-01 -2.7988e+00 -1.6262e+00 +2.2493e+00 +1.8281e+00 +6.5074e+00 +1.1912e+00 -6.3927e-01 -2.8157e+00 -1.9359e+00 -1.5865e+00 -6.7897e+00 -1.4122e+00 +6.8327e+00 -4.3709e+00 +6.9196e+00
747 +2.261512554e+02 +2.261512554e+02 -7.738487446e+02 -7.738487446e+02 +2.4933e+00 -4.1376e-02 -1.5961e+00 +1.3912e+00 +1.6918e+00 -2.7964e+00 -8.1202e-01 +2.8624e+00 +1.8757e-01 +5.0498e+00 +1.0521e+00 +1.3837e-01 -3.4260e+00 -1.2682e-01 -1.4459e-01 -5.3867e+00 -3.8984e+00 +5.2432e+00 -3.5310e+00 +6.5344e+00
1128 +1.551200334e+02 +1.551200334e+02 -8.448799666e+02 -8.448799666e+02 +1.3839e+00 -1.3291e+00 -1.6551e+00 +1.7937e+00 +3.5985e+00 -2.6710e+00 -1.3778e+00 +1.2073e+00 -1.1358e+00 +4.7277e+00 +1.2945e+00 -2.9675e-01 -4.9658e+00 +1.0027e+00 -1.3259e+00 -3.1719e+00 -4.3422e+00 +4.2978e+00 -3.0106e+00 +4.7585e+00
3927 +9.964629955e+01 +9.964629955e+01 -9.003537005e+02 -9.003537005e+02 +8.2564e-01 -1.0672e+00 -7.6745e-01 +2.6192e+00 +3.5227e+00 -1.6020e+00 +6.5073e-01 +2.0993e-01 -1.7089e+00 +3.2421e+00 +1.3167e+00 +4.6581e-01 -4.3506e+00 -2.7406e-01 -1.8827e+00 -2.0293e+00 -4.2605e+00 +3.9982e+00 -3.9379e+00 +3.2728e+00
4501 +6.241468468e+01 +6.241468468e+01 -9.375853153e+02 -9.375853153e+02 +1.3059e+00 -1.9851e+00 -9.2974e-02 +1.9633e+00 +2.5178e+00 -1.9866e+00 +3.6781e-01 -1.1643e+00 -2.1056e+00 +3.0130e+00 +1.4679e+00 +5.1151e-01 -4.0022e+00 -4.3190e-02 -4.7205e-01 -3.4995e+00 -3.9659e+00 +3.9452e+00 -4.2329e+00 +3.3320e+00
% function evaluation | noise-free fitness - Fopt (1.319200000000e+02) | best noise-free fitness - Fopt | measured fitness | best measured fitness | x1 | x2...
1 +2.052160633e+06 +2.052160633e+06 +2.052292553e+06 +2.052292553e+06 -4.4207e+00 -4.8146e+00 +2.1749e+00 +3.1732e+00 +7.9628e-01 -3.6503e+00 +3.6543e+00 +4.0658e+00 -4.0333e+00 -4.6175e+00 -1.2961e+00 +3.4892e+00 +2.0783e-01 -2.9980e+00 -3.4961e-01 -2.8329e+00 -9.3047e-01 -4.1657e+00 +2.3552e+00 -3.5311e+00
5 +1.033813913e+06 +1.033813913e+06 +1.033945833e+06 +1.033945833e+06 +4.8530e+00 +1.5721e+00 -1.4611e+00 +3.1587e+00 -5.0408e-01 -3.0180e+00 +8.7254e-01 -2.8620e+00 +1.7667e+00 +1.3609e+00 +1.3137e+00 +1.5712e+00 -1.3656e+00 +2.9770e+00 +4.4056e+00 -6.8278e-01 +6.0791e-02 +2.0297e-01 +3.4734e+00 +3.4962e+00
24 +6.131340976e+05 +6.131340976e+05 +6.132660176e+05 +6.132660176e+05 -4.5497e-01 +2.8569e+00 -3.9552e+00 +1.7400e+00 -1.3757e+00 +3.7877e+00 -4.3551e+00 -2.5814e+00 -3.4036e+00 -1.6882e+00 +5.0580e-01 +4.7557e+00 -7.4958e-01 +3.5770e+00 +1.6536e+00 +2.0390e+00 +2.1775e+00 -1.4211e+00 +1.2960e+00 -2.0826e+00
79 +2.474345624e+05 +2.474345624e+05 +2.475664824e+05 +2.475664824e+05 -3.0959e+00 +7.8804e-03 -7.6175e+00 +6.2299e-01 -3.9101e+00 +2.2536e+00 -6.8562e+00 +6.3931e+00 -4.4181e+00 +2.3641e+00 +1.1203e+00 +4.2696e+00 -6.8689e+00 +6.7120e+00 -3.5227e+00 +2.1053e+00 +3.7728e-01 +1.8595e+00 +4.3160e+00 -3.7097e-01
141 +1.135937044e+05 +1.135937044e+05 +1.137256244e+05 +1.137256244e+05 -2.8199e-01 +4.2980e+00 -6.5043e+00 +1.2402e+00 -1.8400e+00 +4.6492e-01 -4.0832e+00 +1.7796e+00 -1.7160e+00 -3.2877e-01 -4.8568e-01 +4.2827e+00 -2.6994e+00 +4.3725e+00 -1.2294e+00 -8.2643e-01 +1.3547e-01 -2.0429e-01 +3.4030e+00 +6.7215e-01
226 +9.770398849e+04 +9.770398849e+04 +9.783590849e+04 +9.783590849e+04 -7.0059e-01 +4.5600e+00 -6.7472e+00 +1.4050e+00 -1.1428e+00 -1.8526e-01 -4.5799e+00 +3.1586e+00 -1.9026e+00 +7.3278e-01 -2.8514e-01 +5.5271e+00 -2.8575e+00 +4.6114e+00 -1.5922e+00 -1.0953e+00 -7.3114e-01 -1.0870e+00 +3.6043e+00 -5.4429e-02
309 +4.111313313e+04 +4.111313313e+04 +4.124505313e+04 +4.124505313e+04 -1.6956e+00 +3.2554e+00 -8.0580e+00 +2.1236e+00 -2.1418e+00 +1.4510e+00 -4.8741e+00 +5.8024e+00 -2.2712e+00 +7.2355e-01 -1.1079e+00 +2.9429e+00 -4.3091e+00 +4.7055e+00 -6.1467e-01 -1.6224e+00 +1.3595e+00 +6.8119e-01 +4.0122e+00 -4.2913e-01
339 +3.459208910e+04 +3.459208910e+04 +3.472400910e+04 +3.472400910e+04 -5.6461e+00 +2.6460e+00 -9.5095e+00 +2.2366e+00 -3.5137e+00 +1.3716e+00 -7.0599e+00 +8.1390e+00 -5.0724e+00 +9.1789e-01 -2.8574e+00 +2.5605e+00 -4.7254e+00 +5.5360e+00 -1.9057e+00 -2.4740e+00 +5.7661e-01 +7.8768e-02 +3.8822e+00 -1.6512e+00
351 +2.503269691e+04 +2.503269691e+04 +2.516461691e+04 +2.516461691e+04 -6.5026e+00 +3.3355e+00 -8.2317e+00 +4.0643e+00 -1.9223e+00 +1.0558e+00 -7.0685e+00 +6.8322e+00 -5.6330e+00 +1.1533e+00 -3.5251e+00 +1.9426e+00 -5.2611e+00 +5.7244e+00 -2.4510e+00 -3.6635e+00 +1.8862e+00 -6.6246e-02 +4.1920e+00 -2.5984e+00
389 +1.552429296e+04 +1.552429296e+04 +1.565621296e+04 +1.565621296e+04 -5.0283e+00 +3.3809e+00 -8.2016e+00 +3.6430e+00 -1.2129e+00 -8.6563e-02 -5.8159e+00 +7.1732e+00 -3.5332e+00 +1.6480e+00 -3.7713e+00 +1.0217e+00 -5.2500e+00 +5.3808e+00 -3.2473e-01 -4.8222e+00 +1.2601e+00 -1.2820e-01 +4.5133e+00 -2.3270e+00
407 +7.270527004e+03 +7.270527004e+03 +7.402447004e+03 +7.402447004e+03 -7.4229e+00 +4.6429e+00 -9.4484e+00 +5.6309e+00 -5.2423e-01 +1.4273e+00 -7.4023e+00 +7.2518e+00 -3.9642e+00 +2.1986e+00 -4.7679e+00 +7.7692e-01 -6.6797e+00 +6.8959e+00 +2.6643e-01 -6.0592e+00 +4.0632e+00 -3.1500e-01 +6.1455e+00 -4.2405e+00
429 +3.788802303e+03 +3.788802303e+03 +3.920722303e+03 +3.920722303e+03 -8.6612e+00 +4.8824e+00 -1.0223e+01 +5.4887e+00 -1.3734e+00 +1.1402e+00 -7.0695e+00 +7.0838e+00 -4.0935e+00 +2.5475e+00 -4.6885e+00 +1.2837e+00 -7.7286e+00 +6.9550e+00 -9.8267e-01 -6.1005e+00 +3.5787e+00 -1.2107e+00 +6.2886e+00 -4.4958e+00
506 +2.006033135e+03 +2.006033135e+03 +2.137953135e+03 +2.137953135e+03 -1.2656e+01 +7.3350e+00 -1.1240e+01 +8.7427e+00 +5.3177e-01 +2.0715e-01 -7.6781e+00 +8.5887e+00 -4.6549e+00 +2.9350e+00 -7.2168e+00 +1.1769e+00 -7.4442e+00 +7.5795e+00 -9.0739e-01 -1.0176e+01 +5.0056e+00 -2.9613e+00 +7.6181e+00 -6.8375e+00
528 +1.527936528e+03 +1.527936528e+03 +1.659856528e+03 +1.659856528e+03 -1.1705e+01 +7.0435e+00 -1.0147e+01 +9.7822e+00 +1.6574e+00 -1.2184e-02 -6.9476e+00 +8.5318e+00 -4.3108e+00 +3.5117e+00 -7.3066e+00 -2.1531e-01 -7.8591e+00 +7.3133e+00 +6.1869e-01 -1.0934e+01 +6.4792e+00 -1.8724e+00 +8.2633e+00 -7.1718e+00
643 +6.120734333e+02 +6.120734333e+02 +7.439934333e+02 +7.439934333e+02 -2.6848e+00 +4.3461e+00 -9.8772e+00 +3.8418e+00 -2.1699e+00 +1.8345e+00 -5.8601e+00 +7.7325e+00 -2.6556e+00 +2.2530e+00 -3.7518e+00 -2.2064e+00 -7.9435e+00 +5.0606e+00 +3.5902e+00 -5.0672e+00 +4.4295e+00 +1.6052e+00 +6.2620e+00 -2.4551e+00
1822 +3.979079836e+02 +3.979079836e+02 +5.298279836e+02 +5.298279836e+02 -3.4771e+00 +4.0547e+00 -7.3834e+00 +3.8576e+00 -1.4568e+00 +1.5631e+00 -5.6322e+00 +6.6313e+00 -1.6065e+00 +1.7242e+00 -2.5861e+00 -3.8169e-01 -7.2872e+00 +4.3550e+00 +1.3672e+00 -3.9966e+00 +4.3289e+00 +2.1319e+00 +5.7371e+00 -1.5944e+00
2646 +2.372578526e+02 +2.372578526e+02 +3.691778526e+02 +3.691778526e+02 -4.5211e+00 +3.4426e+00 -6.3766e+00 +2.7724e+00 -1.3645e+00 +4.8345e-01 -4.5990e+00 +5.7633e+00 -4.0536e-01 +1.2013e+00 -1.2968e+00 +1.6296e+00 -6.9211e+00 +4.5342e+00 -1.6572e+00 -2.9241e+00 +2.4132e+00 +1.3110e+00 +4.9833e+00 -8.6074e-02
% function evaluation | noise-free fitness - Fopt (5.908400000000e+02) | best noise-free fitness - Fopt | measured fitness | best measured fitness | x1 | x2...
1 +4.868201936e+05 +4.868201936e+05 +4.874110336e+05 +4.874110336e+05 +4.7529e-01 -4.9367e+00 +3.6879e+00 +2.3570e+00 +4.2275e+00 -3.3749e+00 +4.4444e-01 +2.4899e+00 +3.8216e+00 +2.7921e+00 -1.8701e+00 +4.5363e+00 +1.2077e-01 -2.1734e+00 -4.2877e+00 -4.9204e+00 -1.4546e+00 +4.6745e+00 +2.7728e+00 -3.2623e+00
5 +1.070204003e+05 +1.070204003e+05 +1.076112403e+05 +1.076112403e+05 -4.7187e+00 +2.4624e-02 +3.2574e+00 +2.5481e+00 +4.0917e+00 +2.4772e+00 -3.6410e+00 -2.9595e+00 +2.4294e+00 +1.5715e+00 -2.8185e+00 +3.5403e+00 +2.0293e+00 +6.0641e-01 -4.2316e+00 +5.9183e-01 -3.7175e+00 -2.1153e+00 +1.1392e+00 -2.3510e+00
22 +6.622127240e+04 +6.622127240e+04 +6.681211240e+04 +6.681211240e+04 -3.2015e+00 +2.7456e+00 +6.7340e+00 +4.6971e+00 +8.6645e+00 +3.7647e+00 +3.3798e+00 -3.2203e+00 +3.9002e+00 +2.9641e+00 -6.0199e+00 -1.8310e-01 +3.7974e+00 -1.4166e+00 -9.8006e-01 +5.4444e-01 -5.3398e+00 -1.9102e+00 -3.0594e+00 -5.7726e+00
31 +5.095321619e+04 +5.095321619e+04 +5.154405619e+04 +5.154405619e+04 -1.9450e+00 -1.5821e+00 +5.3631e+00 +1.0233e+00 +1.6599e+00 +4.7995e+00 -9.3142e-01 -3.5198e+00 +4.4128e+00 +5.3386e-01 -4.0066e+00 -1.3532e+00 +4.3196e-01 +5.9872e-01 -1.7651e+00 +2.1838e+00 -3.6493e+00 -1.5000e+00 +1.9400e+00 +2.9906e+00
43 +3.865763926e+04 +3.865763926e+04 +3.924847926e+04 +3.924847926e+04 -2.9091e+00 -6.0684e-01 +7.8430e+00 +4.2186e+00 +2.2645e+00 +2.6361e+00 +1.7839e+00 -4.2962e-01 +5.8988e+00 +2.1983e+00 -5.9397e+00 +2.2338e+00 +9.6028e-01 -3.2941e-01 -2.2790e+00 +5.9384e+00 -5.2152e+00 -3.8940e+00 +1.9359e+00 +2.6611e+00
71 +1.233634467e+04 +1.233634467e+04 +1.292718467e+04 +1.292718467e+04 -3.1464e+00 -1.0332e+00 +1.0794e+01 +1.5491e+00 +5.7709e+00 +1.8696e+00 -2.4123e+00 -5.9925e+00 +1.4477e+01 +5.6627e+00 -2.6571e+00 +4.9329e+00 +1.0859e+00 +9.7374e-01 +3.8994e+00 +9.8315e+00 -3.3359e+00 -3.2315e+00 +6.1853e+00 +1.6932e-01
157 +6.214751619e+03 +6.214751619e+03 +6.805591619e+03 +6.805591619e+03 -6.9842e+00 +2.3037e-01 +1.1473e+01 +4.0755e+00 +7.3916e+00 +5.3382e+00 -3.3966e+00 -7.7747e+00 +1.4786e+01 +1.9901e+00 -9.3167e+00 +3.7725e+00 +9.6931e-01 -3.8240e-01 +3.6418e+00 +3.8595e+00 -3.7254e+00 -8.3143e+00 +3.9403e+00 +9.0586e-01
170 +1.973018456e+03 +1.973018456e+03 +2.563858456e+03 +2.563858456e+03 -5.2769e+00 -1.0245e+00 +1.6640e+01 +3.9044e+00 +1.1106e+01 +5.0043e+00 -5.4571e+00 -1.1299e+01 +1.9734e+01 +2.2320e+00 -1.0409e+01 +1.4157e+00 -1.9393e+00 -6.3513e-01 +4.7970e+00 +9.7062e+00 -6.5876e+00 -8.2712e+00 +5.4551e+00 +1.6042e+00
192 +1.231678759e+03 +1.231678759e+03 +1.822518759e+03 +1.822518759e+03 -4.8417e+00 -1.8273e-01 +1.1189e+01 +4.5721e+00 +8.8744e+00 +3.4657e+00 +8.3763e-01 -4.2833e+00 +1.2282e+01 +1.9626e+00 -8.3044e+00 -1.0004e-01 -2.7048e-01 -3.7793e+00 +3.4225e+00 +7.7075e+00 -5.7034e+00 -4.6299e+00 -5.7700e-01 +3.2802e-01
245 +8.037878122e+02 +8.037878122e+02 +1.394627812e+03 +1.394627812e+03 -2.5462e+00 +1.1829e+00 +7.7029e+00 +4.5395e+00 +9.7478e+00 +2.0176e+00 -1.1220e+00 -4.4590e+00 +1.0219e+01 +3.2512e+00 -7.7822e+00 +1.9982e+00 +2.0587e+00 -2.0052e-01 +3.2844e-01 +5.3064e+00 -5.3723e+00 -1.9998e+00 +6.0783e-01 -1.3611e+00
343 +5.980765269e+02 +5.980765269e+02 +1.188916527e+03 +1.188916527e+03 +1.2587e-01 +1.2912e+00 +6.6944e+00 +5.4945e+00 +6.0523e+00 +1.4451e+00 -9.1666e-02 -3.9774e+00 +9.7518e+00 +1.6153e+00 -6.2104e+00 +1.4492e+00 +4.3733e+00 +8.0134e-01 +1.6936e+00 +2.8078e+00 -4.9095e+00 -9.4050e-01 +1.2840e+00 +1.1378e+00
695 +3.720067672e+02 +3.720067672e+02 +9.628467672e+02 +9.628467672e+02 -2.3453e+00 +9.1112e-02 +5.0553e+00 +3.5354e+00 +4.8137e+00 +9.7464e-01 -5.4806e-01 -2.9530e+00 +5.9607e+00 +1.9369e+00 -1.4900e+00 +1.8477e+00 +1.3948e+00 -3.2139e-01 +2.0841e+00 +2.5914e+00 -3.7709e+00 -2.8652e-01 -3.3053e-01 -2.3288e+00
1101 +2.445378688e+02 +2.445378688e+02 +8.353778688e+02 +8.353778688e+02 -2.5093e+00 +6.6069e-01 +3.8576e+00 +3.1816e+00 +3.9670e+00 +1.8397e+00 -5.6452e-01 -3.0607e+00 +6.3587e+00 +1.4155e+00 -1.9323e+00 +2.9224e+00 +1.1841e+00 +7.3869e-01 +1.3582e+00 +1.2577e+00 -3.5477e+00 -1.5517e+00 +1.9984e-01 -1.2056e+00
1679 +1.548486024e+02 +1.548486024e+02 +7.456886024e+02 +7.456886024e+02 -5.9121e-01 -4.3664e-01 +7.4367e-01 +3.1466e+00 +3.0858e+00 -7.7369e-02 +3.2130e-01 -1.2019e+00 +5.0217e+00 -7.2109e-01 -2.1883e+00 +1.4343e+00 +4.1696e-01 +6.6634e-01 -4.6531e-01 +1.2724e+00 -3.0492e+00 -1.0263e-01 +8.4280e-04 -2.0043e-01
2547 +9.679182852e+01 +9.679182852e+01 +6.876318285e+02 +6.876318285e+02 -6.1023e-01 -1.9216e+00 -1.0292e-01 +1.8451e+00 +1.3004e+00 -7.1026e-01 -3.6848e-01 -7.0730e-01 +3.9441e+00 -1.4257e+00 -9.1605e-01 +1.0854e+00 +7.1062e-01 +1.0067e+00 -6.0995e-01 +2.3570e-01 -2.1436e+00 -5.0353e-01 +9.9438e-01 +4.4115e-01
3336 +6.192715151e+01 +6.192715151e+01 +6.527671515e+02 +6.527671515e+02 -6.1995e-01 -2.1722e+00 -8.1207e-01 +9.6011e-01 +2.2978e-01 -5.1141e-01 -2.1082e-01 -4.3694e-01 +4.5633e+00 -2.0293e+00 -3.6340e-01 +7.0726e-01 +6.6718e-01 +1.0455e+00 +1.9845e-01 -6.2566e-01 -1.2564e+00 -1.0302e+00 +1.3858e+00 +1.5471e+00
% function evaluation | noise-free fitness - Fopt (3.098000000000e+01) | best noise-free fitness - Fopt | measured fitness | best measured fitness | x1 | x2...
1 +3.685963333e+05 +3.685963333e+05 +3.686273133e+05 +3.686273133e+05 +3.0642e+00 +1.4210e+00 +2.7929e+00 +1.2767e+00 -3.2247e+00 +3.9136e+00 -1.9631e+00 -2.2450e+00 +2.1770e+00 -1.5529e+00 -3.0475e+00 -2.6780e+00 -5.9628e-02 -4.5322e+00 +2.9542e+00 -6.4958e-02 +4.9989e+00 +3.7850e+00 +1.5159e+00 +1.7091e+00
57 +1.925096544e+05 +1.925096544e+05 +1.925406344e+05 +1.925406344e+05 -4.1134e+00 +1.0270e-01 +9.5301e+00 +1.5749e+00 -2.4332e+00 -1.6964e+00 -9.2987e+00 -6.2620e+00 +6.5505e+00 -4.7962e+00 -4.1787e-01 -3.1378e+00 -3.4417e+00 -4.8839e+00 +4.7428e+00 -2.4333e+00 +3.1905e-01 +8.1804e+00 +4.1856e+00 +1.9303e-01
68 +1.106959406e+05 +1.106959406e+05 +1.107269206e+05 +1.107269206e+05 -1.2528e-01 -3.9407e+00 +5.0091e+00 +1.3891e+00 -9.9893e+00 +5.9820e+00 -6.3957e+00 -2.4199e+00 +3.9806e+00 -5.1015e+00 -4.5086e+00 -6.9763e-02 -1.3561e+00 -7.6225e+00 +5.8627e+00 -3.5720e+00 +2.6278e+00 +8.4131e+00 +6.8719e+00 -3.4488e+00
116 +6.334610584e+04 +6.334610584e+04 +6.337708584e+04 +6.337708584e+04 -1.7904e+00 -4.7290e+00 +2.1666e+00 +1.3044e+00 -4.9035e+00 +2.3523e+00 -5.8216e+00 -4.6273e+00 +5.0313e-01 -2.5101e-01 +2.2841e+00 -1.7222e+00 -8.2414e-01 -4.8442e+00 +6.2179e+00 -5.7629e+00 +4.9448e+00 +8.1570e+00 +8.9405e-02 -4.0662e+00
128 +4.254237691e+04 +4.254237691e+04 +4.257335691e+04 +4.257335691e+04 -3.2447e+00 -4.9886e+00 +2.2709e+00 +2.3637e+00 -3.1561e+00 -1.8849e+00 -8.9919e+00 -2.3091e+00 +2.0340e+00 -5.9557e-01 +1.7958e+00 +4.1383e-01 -7.9490e-01 -5.8270e+00 +6.2141e+00 -5.9259e+00 +3.8532e+00 +7.7392e+00 -1.1205e+00 -2.8645e+00
162 +1.051484724e+04 +1.051484724e+04 +1.054582724e+04 +1.054582724e+04 -3.3618e+00 -7.1694e+00 +5.9949e+00 +1.8554e+00 -6.5747e+00 +2.9916e+00 -7.2363e+00 -2.8965e+00 +3.5347e+00 -2.4888e+00 +8.5620e-01 -1.7947e+00 -2.7240e+00 -5.5887e+00 +8.3184e+00 -5.7813e+00 +5.0474e+00 +1.0689e+01 +2.6699e+00 -4.1747e+00
241 +5.557034533e+03 +5.557034533e+03 +5.588014533e+03 +5.588014533e+03 -6.2617e+00 -7.4206e+00 +9.4056e+00 +3.3355e+00 -9.0351e+00 +2.0280e+00 -1.0453e+01 -4.4031e+00 +6.8531e+00 -2.7834e+00 +1.3259e+00 -2.0413e+00 -5.1657e+00 -6.0702e+00 +1.0804e+01 -7.8465e+00 +4.3352e+00 +1.2790e+01 +3.0640e+00 -5.5494e+00
264 +2.038584621e+03 +2.038584621e+03 +2.069564621e+03 +2.069564621e+03 -8.7689e+00 -1.0738e+01 +8.4919e+00 +3.3994e+00 -8.6739e+00 -3.0701e+00 -1.3510e+01 -2.0012e+00 +6.6373e+00 -3.4651e+00 +8.8987e-01 +1.0018e-01 -5.5467e+00 -7.0305e+00 +1.1970e+01 -9.6281e+00 +3.1645e+00 +1.3148e+01 +1.8943e+00 -7.5566e+00
421 +1.209803264e+03 +1.209803264e+03 +1.240783264e+03 +1.240783264e+03 -7.1333e+00 -8.3439e+00 +4.9320e+00 -1.0742e+00 -5.2460e+00 -5.3919e+00 -1.0587e+01 -2.2964e+00 +2.8187e+00 -5.2427e-01 -3.5005e-01 -9.6711e-01 -2.9890e+00 -6.0637e+00 +8.8135e+00 -8.8024e+00 -6.2825e-01 +9.8676e+00 +4.3242e-01 -4.7242e+00
692 +8.425310406e+02 +8.425310406e+02 +8.735110406e+02 +8.735110406e+02 -6.0575e+00 -5.9369e+00 +2.2949e+00 -1.9076e+00 -3.7207e+00 -6.5929e+00 -1.0527e+01 -3.8813e+00 +5.6792e-01 +9.8222e-01 +8.9900e-02 -6.2015e-01 -6.7545e-01 -4.7495e+00 +6.3455e+00 -8.3501e+00 -2.3375e+00 +6.9671e+00 -3.5365e-01 -4.7427e+00
863 +5.926825733e+02 +5.926825733e+02 +6.236625733e+02 +6.236625733e+02 -4.3494e+00 -5.5468e+00 +3.3826e-01 -2.6967e+00 -3.5936e+00 -4.1198e+00 -8.1327e+00 -3.4412e+00 -1.6546e+00 +1.3206e+00 -9.1332e-02 -1.1803e+00 +1.2218e+00 -4.6741e+00 +5.0324e+00 -7.2704e+00 -1.3485e+00 +6.3473e+00 -2.3249e-01 -3.7244e+00
931 +3.942031688e+02 +3.942031688e+02 +4.251831688e+02 +4.251831688e+02 -2.7417e+00 -4.4465e+00 -1.1315e+00 -4.2972e+00 -2.8269e+00 -4.2035e+00 -8.2449e+00 -3.9392e+00 -3.1780e+00 +1.1436e+00 -1.1025e+00 -6.6542e-01 +3.2551e+00 -4.4232e+00 +4.2677e+00 -6.4427e+00 -2.7051e+00 +4.8274e+00 +8.2301e-01 -3.7187e+00
1265 +2.316658286e+02 +2.316658286e+02 +2.626458286e+02 +2.626458286e+02 -7.9686e-01 -4.0458e+00 -1.5254e+00 -4.0945e+00 -3.1633e+00 -1.7276e-01 -5.6958e+00 -3.4053e+00 -4.0127e+00 +7.5119e-01 -5.9485e-01 -1.5454e+00 +3.7139e+00 -4.6375e+00 +3.7758e+00 -4.9090e+00 -6.7046e-01 +5.5711e+00 +1.6421e+00 -1.7840e+00
3504 +1.578623439e+02 +1.578623439e+02 +1.888423439e+02 +1.888423439e+02 +2.1009e-01 -3.4052e+00 -1.6523e+00 -4.8485e+00 -1.4985e+00 -8.3836e-01 -4.8938e+00 -3.8524e+00 -3.2534e+00 +8.6284e-01 -1.5527e+00 -3.6155e-01 +3.5984e+00 -4.6839e+00 +2.1312e+00 -4.0586e+00 -2.1446e+00 +4.6640e+00 +1.7914e+00 -8.0523e-01
% function evaluation | noise-free fitness - Fopt (-1.445400000000e+02) | best noise-free fitness - Fopt | measured fitness | best measured fitness | x1 | x2...
1 +5.898303709e+05 +5.898303709e+05 +5.896858309e+05 +5.896858309e+05 -1.3148e+00 +2.9966e+00 -1.4323e+00 +4.0696e+00 +1.5449e+00 -2.2623e+00 -1.4423e+00 +1.7550e-01 -4.2461e+00 -3.0752e+00 -2.0066e+00 +8.9435e-01 -3.5314e+00 -3.1138e+00 +1.9390e-01 +2.4949e+00 -2.4952e+00 +4.9839e+00 +2.8517e+00 +1.1383e+00
6 +3.243938178e+05 +3.243938178e+05 +3.242492778e+05 +3.242492778e+05 +1.9559e+00 +2.2740e+00 -2.4498e-01 -2.0412e+00 +3.0995e+00 +4.7660e+00 -5.9971e-01 +2.4168e+00 +2.1393e+00 -1.8906e+00 +4.9022e+00 +3.8806e+00 +4.6900e+00 +2.5937e+00 +4.1353e+00 +5.7449e-02 -3.8843e+00 -3.3965e-01 +1.4111e+00 -3.8022e+00
11 +2.286531440e+05 +2.286531440e+05 +2.285086040e+05 +2.285086040e+05 +2.9363e+00 -3.9437e+00 -4.4326e-01 +4.1320e+00 -3.6175e+00 -4.7153e+00 -4.9080e+00 +1.9372e+00 +4.2865e+00 -2.0443e+00 +4.7077e+00 -1.5139e+00 +2.5509e+00 -1.6554e+00 +1.5359e+00 -3.9985e+00 +3.9669e+00 -4.8596e-01 +3.1301e+00 +1.3750e+00
70 +1.170682789e+05 +1.170682789e+05 +1.169237389e+05 +1.169237389e+05 -5.3436e+00 -3.7995e+00 -2.8502e+00 +2.2732e+00 -6.3700e+00 -5.2012e+00 -5.9984e-01 +2.5807e+00 +4.2459e-01 +1.2748e+00 -1.8491e-01 +2.6118e+00 +3.5707e+00 -2.5959e+00 -9.6252e-01 -5.4792e-01 -1.0406e+00 +1.9290e+00 +3.6600e+00 +1.6744e+00
94 +4.757226335e+04 +4.757226335e+04 +4.742772335e+04 +4.742772335e+04 -7.3145e+00 -2.6399e-02 -2.0835e+00 +1.5090e+00 -1.9169e+00 -4.1587e+00 +4.3871e+00 +3.4535e+00 +2.5119e-01 +7.5670e-01 -1.1486e-02 -8.2589e-02 +2.7976e+00 -3.6637e+00 +2.5026e+00 +3.6579e-01 +1.5419e+00 +5.8044e-01 +3.2363e+00 +2.2714e+00
104 +2.251485816e+04 +2.251485816e+04 +2.237031816e+04 +2.237031816e+04 -5.4412e+00 -3.6674e+00 -2.3572e+00 +5.9633e+00 -4.7920e+00 -3.1575e+00 +4.4277e+00 +2.1200e-01 +2.0049e+00 -1.1070e+00 +1.2622e+00 +4.9079e-01 +3.3267e+00 -3.3348e+00 +5.3755e-01 -2.6096e+00 +2.3226e-01 -6.7956e-01 +4.6948e+00 -7.2097e-01
383 +1.402605626e+04 +1.402605626e+04 +1.388151626e+04 +1.388151626e+04 -1.0504e+01 -4.1608e+00 -1.6014e+00 +1.0148e+01 -7.5675e+00 -3.6990e+00 +7.0047e+00 -1.4746e+00 +7.0810e+00 +9.8887e-01 +9.2793e-01 +4.6750e-01 +3.3466e-01 -5.3773e+00 -8.2604e-01 -3.2326e+00 -1.3507e+00 -1.7339e-01 +7.7353e+00 -1.1260e+00
412 +3.715104984e+03 +3.715104984e+03 +3.570564984e+03 +3.570564984e+03 -4.1156e+00 -3.0405e+00 -3.1089e+00 +6.4708e+00 -7.5987e+00 -3.5667e+00 +4.1123e+00 -1.1693e+00 +4.3479e+00 +9.4662e-01 +3.2011e+00 -2.0131e-01 +4.0921e+00 -2.5734e+00 -2.0115e-01 -4.2048e+00 -3.7221e-01 -4.7708e-02 +4.8793e+00 -1.5758e-01
428 +2.117575184e+03 +2.117575184e+03 +1.973035184e+03 +1.973035184e+03 -7.3937e+00 -1.7767e+00 -2.0941e+00 +6.9987e+00 -9.7572e+00 -3.7977e+00 +3.6182e+00 -1.8195e+00 +5.8342e+00 +2.5432e+00 +4.0661e+00 -2.8363e-01 +3.1431e+00 -4.6112e+00 -1.0359e+00 -3.9483e+00 +2.4630e-02 +1.5323e+00 +7.2531e+00 +1.7542e+00
482 +5.381432640e+02 +5.381432640e+02 +3.936032640e+02 +3.936032640e+02 -6.1480e+00 -6.6841e+00 -4.2499e-04 +7.1380e+00 -5.6306e+00 -4.8740e+00 +2.3701e+00 -1.2637e+00 +7.8437e+00 +1.4860e+00 +1.6528e+00 +5.7946e-01 +8.8388e-01 -3.7737e+00 -2.7390e-01 -3.4754e+00 -1.2335e+00 -1.2653e+00 +8.1053e+00 +8.4415e-02
486 +2.790185301e+02 +2.790185301e+02 +1.344785301e+02 +1.344785301e+02 -5.3747e+00 -2.4996e+00 -1.2582e+00 +2.3296e+00 -2.3345e+00 -3.6912e+00 +2.9644e+00 +1.5874e+00 +2.9488e+00 +1.8992e+00 +1.4836e-02 +3.8266e-01 +9.6903e-01 -2.3601e+00 +8.6944e-01 -1.1226e+00 +2.5677e-01 +4.2387e-01 +3.1118e+00 +1.4669e+00
579 +2.234866471e+02 +2.234866471e+02 +7.894664713e+01 +7.894664713e+01 -4.8519e+00 -2.7167e+00 -1.8555e+00 +2.8906e+00 -3.2311e+00 -3.8182e+00 +2.2988e+00 +1.5495e+00 +2.8873e+00 +1.5565e+00 +1.1784e+00 -1.0551e-01 +1.9772e+00 -2.6990e+00 +7.8876e-01 -1.4233e+00 -1.4962e-01 +5.3636e-01 +3.2269e+00 +1.5657e+00
883 +1.562924639e+02 +1.562924639e+02 +1.175246393e+01 +1.175246393e+01 -3.6551e+00 -1.4424e+00 -3.0212e+00 +1.3685e+00 -3.0313e+00 -2.3275e+00 +2.9754e+00 +1.2551e+00 +7.5068e-01 +1.0580e+00 +9.2426e-01 -5.7887e-02 +1.3637e+00 -1.2338e+00 +8.4414e-02 -1.8531e+00 -3.0847e-01 +7.6131e-01 +2.6607e+00 +1.9543e-01
1190 +9.546070230e+01 +9.546070230e+01 -4.907929770e+01 -4.907929770e+01 -2.1388e+00 -2.8924e+00 -2.5949e+00 +4.4229e-02 -5.2727e-01 -2.4571e+00 +3.2192e+00 +2.1836e+00 +6.0127e-01 +8.3448e-01 -3.1376e-02 -1.1364e+00 -2.9503e-01 +2.9656e-02 +5.2369e-01 -1.4958e+00 -8.6520e-01 +4.5882e-01 +3.2628e+00 -2.0554e+00
1675 +6.107953454e+01 +6.107953454e+01 -8.346046546e+01 -8.346046546e+01 -2.1416e+00 -1.9365e+00 -2.6676e+00 -1.1823e+00 -2.6882e-01 -2.8529e+00 +3.1275e+00 +1.7034e+00 +1.3807e-01 +1.1457e+00 -4.7347e-01 -3.9666e-01 -8.0983e-01 +2.2131e-01 +5.9086e-01 -1.3175e+00 -1.0377e+00 -2.5296e-01 +2.5548e+00 -1.1106e+00
2924 +3.909464233e+01 +3.909464233e+01 -1.054453577e+02 -1.054453577e+02 -2.3338e+00 -1.2620e+00 -3.0799e+00 -1.6466e+00 +1.3574e+00 -2.6027e+00 +3.7577e+00 +1.1866e+00 +2.3077e-01 +5.9947e-01 -4.3002e-01 -1.2618e+00 -8.5656e-01 +4.0546e-01 +5.3864e-01 -1.6181e+00 -1.4994e+00 -9.8498e-01 +2.6308e+00 -1.0692e+00
3540 +2.504924563e+01 +2.504924563e+01 -1.194907544e+02 -1.194907544e+02 -2.9933e+00 -1.3195e+00 -3.2965e+00 -8.9307e-01 +1.9775e+00 -2.5239e+00 +3.3751e+00 +1.3466e+00 +3.4555e-01 -2.0991e-02 -4.1273e-01 -1.6293e+00 -1.0726e+00 -5.7473e-01 +4.7449e-01 -1.3928e+00 -1.8241e+00 -1.3143e+00 +3.5022e+00 -7.3919e-01
4945 +1.545929974e+01 +1.545929974e+01 -1.290807003e+02 -1.290807003e+02 -2.6139e+00 -1.6631e+00 -3.0351e+00 -6.2644e-01 +2.4899e+00 -2.7428e+00 +3.2199e+00 +9.0098e-01 +5.0697e-02 -2.3282e-01 -8.0448e-01 -2.0142e+00 -1.2068e+00 -4.8368e-01 +2.8912e-01 -1.6998e+00 -1.8356e+00 -2.0605e+00 +4.3182e+00 -1.4865e-01
% function evaluation | noise-free fitness - Fopt (-9.649000000000e+01) | best noise-free fitness - Fopt | measured fitness | best measured fitness | x1 | x2...
1 +8.400191194e+05 +8.400191194e+05 +8.399226294e+05 +8.399226294e+05 -2.0217e+00 +2.3755e+00 -4.9514e+00 -2.6205e+00 +1.2283e+00 +8.1987e-01 -9.8123e-01 -2.2044e+00 +4.4314e+00 +3.1740e+00 -3.9740e+00 +1.6683e+00 +8.1626e-01 +4.6421e+00 -4.0542e-01 -3.5294e+00 -4.9940e+00 +2.8521e+00 -2.1374e+00 +1.2044e+00
8 +5.202639158e+05 +5.202639158e+05 +5.201674258e+05 +5.201674258e+05 +3.6975e+00 +4.9820e-01 -4.3839e+00 +4.0044e+00 -1.5899e-01 +4.7796e+00 +3.0207e+00 +2.3616e+00 +3.6477e+00 +1.7388e+00 +1.8011e+00 -3.5308e+00 -4.2676e+00 -1.1997e+00 +1.4822e+00 -2.2830e+00 -3.1006e+00 +3.7407e+00 -2.6147e+00 +2.3069e+00
11 +3.461086802e+05 +3.461086802e+05 +3.460121902e+05 +3.460121902e+05 +1.3880e+00 +1.9523e+00 +1.6190e+00 +8.9144e-01 -1.6680e+00 +2.9797e+00 -2.1948e+00 -8.6087e-01 -4.4401e+00 -4.7488e+00 +1.9053e+00 +1.7091e+00 +2.0393e+00 -1.9468e+00 +3.4943e+00 -4.4140e+00 -5.1254e-01 +2.1895e+00 -4.8749e+00 -1.2019e+00
141 +2.385538783e+05 +2.385538783e+05 +2.384573883e+05 +2.384573883e+05 +3.1109e-01 +1.6702e+00 +2.1928e+00 +8.4777e-01 -8.9043e-01 +7.2564e+00 +3.4700e+00 -4.5348e+00 +3.7146e-01 -2.3263e+00 +4.3740e+00 +3.0109e+00 +1.8756e+00 -2.6221e+00 +5.1236e+00 -1.1706e+00 +2.7750e+00 +4.5907e+00 -3.4696e+00 +6.6509e+00
200 +1.280565935e+05 +1.280565935e+05 +1.279601035e+05 +1.279601035e+05 +2.4806e+00 +2.3575e+00 +2.8707e+00 +2.3266e+00 -6.0302e+00 +1.0704e+01 +4.2134e+00 -2.2659e+00 -3.8167e+00 -6.6285e+00 +4.4117e+00 +9.6145e-01 -2.8981e+00 -9.8846e-01 +2.1334e+00 -1.0679e+01 +7.0006e-01 +8.2907e+00 -4.7052e+00 +1.7792e+00
283 +6.279999394e+04 +6.279999394e+04 +6.270350394e+04 +6.270350394e+04 +6.0133e+00 +3.2926e+00 +2.7233e+00 +5.7258e+00 -8.8704e+00 +1.2364e+01 +4.4608e+00 -6.2937e-02 -1.0967e+01 -6.2332e+00 +5.6630e+00 -1.4832e+00 -2.6517e+00 -2.5803e+00 +2.9974e+00 -1.4047e+01 -8.9111e-01 +8.3033e+00 -4.5571e+00 -3.0222e+00
371 +3.441820899e+04 +3.441820899e+04 +3.432171899e+04 +3.432171899e+04 +4.8338e+00 +6.1985e+00 +5.6088e-01 +2.7417e+00 -3.8239e+00 +1.1646e+01 +1.1935e+00 -2.7472e+00 -6.2669e+00 -7.3145e+00 +3.4129e+00 +2.3210e+00 +2.5558e+00 -1.6545e+00 +3.1211e+00 -7.6893e+00 -2.5556e+00 +6.2179e+00 -3.2223e+00 +1.3526e+00
380 +1.956639901e+04 +1.956639901e+04 +1.946990901e+04 +1.946990901e+04 +6.3884e+00 +5.4699e+00 +4.2228e+00 +3.3681e+00 -9.6413e+00 +1.3522e+01 +3.5134e+00 +1.3603e-03 -1.2770e+01 -7.3826e+00 +6.5788e+00 +2.2678e-01 +1.8631e-02 -3.9167e-01 +1.4884e+00 -1.4176e+01 -7.2660e-01 +8.8199e+00 -4.0806e+00 -2.1865e+00
394 +1.407918652e+04 +1.407918652e+04 +1.398269652e+04 +1.398269652e+04 +8.0384e+00 +7.7267e+00 +2.7036e+00 +4.9663e+00 -8.9212e+00 +1.3086e+01 +1.3775e+00 +7.2754e-03 -1.4729e+01 -9.4651e+00 +5.4967e+00 +9.2336e-01 +6.4521e-01 -1.1683e+00 +2.4643e+00 -1.2762e+01 -2.7318e+00 +7.9993e+00 -5.2787e+00 -1.9856e+00
442 +8.977698406e+03 +8.977698406e+03 +8.881208406e+03 +8.881208406e+03 +7.5827e+00 +1.0307e+01 +3.8682e+00 +6.0179e+00 -1.2894e+01 +1.7430e+01 +2.9623e+00 -9.9756e-01 -1.7891e+01 -1.2270e+01 +5.9858e+00 +1.5040e+00 -9.5955e-01 +2.4096e-01 +4.9638e-01 -1.7924e+01 -1.5926e+00 +9.4716e+00 -4.1780e+00 -4.1389e+00
527 +4.857419020e+03 +4.857419020e+03 +4.760929020e+03 +4.760929020e+03 +1.2552e+01 +1.0599e+01 +5.0172e+00 +1.0321e+01 -1.6826e+01 +1.6975e+01 +3.0873e-01 +4.7823e+00 -2.8105e+01 -1.4625e+01 +6.2268e+00 -1.5689e+00 -2.8052e+00 -4.7923e-02 -1.2711e-01 -2.3488e+01 -5.3252e+00 +9.2484e+00 -7.4047e+00 -1.0151e+01
558 +3.737426311e+03 +3.737426311e+03 +3.640936311e+03 +3.640936311e+03 +1.2817e+01 +1.1489e+01 +5.1884e+00 +8.9091e+00 -1.7855e+01 +1.8892e+01 +1.4920e+00 +3.9269e+00 -2.6499e+01 -1.5256e+01 +6.9579e+00 -6.1057e-01 -1.6132e+00 -4.5390e-01 -4.9749e-02 -2.2984e+01 -3.6837e+00 +1.1129e+01 -6.4648e+00 -8.9584e+00
723 +2.269951274e+03 +2.269951274e+03 +2.173461274e+03 +2.173461274e+03 +1.0107e+01 +1.1430e+01 +5.2932e+00 +5.7318e+00 -1.2252e+01 +1.3843e+01 +1.4619e+00 +9.0720e-01 -2.0673e+01 -1.0484e+01 +6.7338e+00 +2.3445e+00 -8.1887e-01 +1.5399e-01 +3.1014e+00 -1.5856e+01 -3.8371e+00 +8.8242e+00 -5.0857e+00 -3.0661e+00
1061 +1.366359721e+03 +1.366359721e+03 +1.269869721e+03 +1.269869721e+03 +5.9223e+00 +8.2829e+00 +4.3855e+00 +1.9396e+00 -8.2850e+00 +1.1268e+01 +3.0777e+00 -2.0072e+00 -1.4119e+01 -6.1637e+00 +6.3632e+00 +3.4962e+00 +7.9111e-01 -2.6012e-01 +4.7534e+00 -1.1114e+01 -2.2073e+00 +7.6430e+00 -3.5760e+00 +5.4392e-01
1348 +9.552256881e+02 +9.552256881e+02 +8.587356881e+02 +8.587356881e+02 +3.0389e+00 +6.6151e+00 +3.5699e+00 +3.8436e-01 -5.9010e+00 +8.5363e+00 +3.2240e+00 -2.6027e+00 -8.7035e+00 -3.4004e+00 +5.6910e+00 +4.2070e+00 -1.4643e-01 +2.4982e-01 +3.3572e+00 -7.6519e+00 -1.6031e+00 +6.2306e+00 -2.7214e+00 +2.1154e+00
1481 +5.650703448e+02 +5.650703448e+02 +4.685803448e+02 +4.685803448e+02 +1.5911e+00 +6.3666e+00 +2.9541e+00 -7.0538e-01 -4.2536e+00 +6.9906e+00 +2.7323e+00 -2.7082e+00 -4.9814e+00 -2.1240e+00 +4.9960e+00 +5.2107e+00 -4.4798e-01 +7.5117e-01 +2.1164e+00 -4.7618e+00 -1.4686e+00 +5.3607e+00 -2.3157e+00 +3.4740e+00
1922 +3.902059381e+02 +3.902059381e+02 +2.937159381e+02 +2.937159381e+02 +1.2425e+00 +3.1299e+00 +8.1260e-01 +4.7582e-02 -3.7073e+00 +6.2737e+00 +2.6470e+00 -1.7747e+00 -4.8186e+00 -1.9409e+00 +3.0834e+00 +2.8105e+00 -7.1630e-02 -4.7651e-01 +2.6990e+00 -6.4790e+00 -1.9885e+00 +4.3862e+00 -2.5828e+00 +8.2031e-01
2431 +2.486066702e+02 +2.486066702e+02 +1.521166702e+02 +1.521166702e+02 +1.3241e-01 +2.3714e+00 +4.7943e-01 -1.0209e+00 -2.4889e+00 +5.3232e+00 +2.9098e+00 -2.4001e+00 -2.6971e+00 -6.9561e-01 +2.9774e+00 +3.2664e+00 +2.7813e-01 -5.4085e-01 +3.0368e+00 -4.8237e+00 -1.6155e+00 +3.9714e+00 -2.1666e+00 +1.8428e+00
% function evaluation | noise-free fitness - Fopt (1.000000000000e+03) | best noise-free fitness - Fopt | measured fitness | best measured fitness | x1 | x2...
1 +1.053134059e+06 +1.053134059e+06 +1.054134059e+06 +1.054134059e+06 -3.7666e+00 -3.0036e+00 +3.1636e+00 +3.7392e+00 -4.9999e+00 -4.8883e+00 +2.2699e+00 -5.7560e-02 -3.3991e+00 -4.7421e+00 +4.7047e+00 +3.9137e+00 -2.7232e+00 -3.9800e-02 +4.9200e+00 -2.1001e-01 -4.9053e+00 -2.8277e+00 +1.1574e+00 +3.3186e+00
2 +7.350603152e+05 +7.350603152e+05 +7.360603152e+05 +7.360603152e+05 -1.9930e+00 +2.7728e+00 -4.1143e+00 +1.8003e+00 -3.0868e+00 +4.0596e-01 -2.1521e+00 -6.5047e-01 +4.6316e+00 -3.4192e+00 +3.6950e+00 +4.4280e+00 -1.5193e+00 -4.5142e+00 +4.6160e+00 +2.7588e+00 -3.6512e+00 -4.0325e+00 -8.3070e-02 -3.2857e+00
3 +3.245075529e+05 +3.245075529e+05 +3.255075529e+05 +3.255075529e+05 -1.0997e+00 +3.9926e-01 -3.5958e+00 +2.6740e-01 -2.5471e+00 +4.0169e+00 +2.0839e+00 -3.2082e+00 -3.2144e+00 +4.8767e+00 +1.0576e+00 +3.1254e+00 +1.0245e+00 -4.2970e+00 +4.4368e+00 -3.3895e+00 +6.8992e-01 +1.7647e+00 +6.4509e-01 +1.3384e+00
6 +2.025760500e+05 +2.025760500e+05 +2.035760500e+05 +2.035760500e+05 -2.0582e+00 +4.9478e+00 -2.7914e+00 +2.1224e+00 +2.3252e+00 +2.0879e+00 +3.4646e+00 -4.7677e+00 +2.8069e+00 +4.5286e+00 +4.1555e+00 -2.8799e+00 -2.0179e-01 -2.2790e+00 +3.5283e-01 +1.3306e+00 -3.6978e+00 +3.2811e+00 -2.0637e+00 -1.3737e+00
23 +3.277515031e+04 +3.277515031e+04 +3.377515031e+04 +3.377515031e+04 -1.1458e+00 +3.6089e-01 -1.4132e+00 +3.2162e+00 +3.0967e+00 -1.7205e+00 +1.7240e+00 -1.7518e+00 +1.5832e+00 +4.8767e+00 -2.7504e-01 -3.9576e+00 +1.0245e+00 -4.2970e+00 +1.8234e+00 -3.3895e+00 -1.4297e+00 +1.8572e+00 -2.2499e+00 +2.1265e+00
179 +1.938206530e+04 +1.938206530e+04 +2.038206530e+04 +2.038206530e+04 +7.6841e-01 +4.1051e+00 -3.1556e+00 +5.1697e+00 +4.7252e+00 -3.8716e+00 +3.5185e+00 -3.1641e+00 +1.6852e+00 +4.6988e+00 +2.1297e+00 -3.1818e+00 +1.1722e+00 -4.7014e+00 +5.3271e+00 -2.7298e+00 -6.0506e+00 +4.3584e+00 -6.0332e+00 +7.1326e-01
186 +1.934874386e+03 +1.934874386e+03 +2.934874386e+03 +2.934874386e+03 -2.2470e+00 +1.7571e+00 -1.7403e+00 +4.1826e+00 +4.3603e+00 -9.7601e-01 +6.4444e+00 -2.4697e+00 +2.2954e+00 +6.3276e+00 +7.0008e-01 -3.2293e+00 +5.6924e-01 -3.0183e+00 +3.9828e+00 +4.4370e-02 -4.2702e+00 +4.4982e+00 -3.1673e+00 -1.4688e-01
275 +1.183982836e+03 +1.183982836e+03 +2.183982836e+03 +2.183982836e+03 +1.1311e-02 +2.3494e+00 -2.9807e+00 +4.1605e+00 +3.7636e+00 -1.3859e+00 +1.9549e+00 -2.2161e+00 +1.0109e+00 +4.8333e+00 +1.8866e+00 -1.6515e+00 +9.2093e-02 -4.7848e+00 +5.7888e+00 -2.7155e+00 -4.4590e+00 +2.9910e+00 -3.0613e+00 -8.8908e-02
329 +6.693389013e+02 +6.693389013e+02 +1.669338901e+03 +1.669338901e+03 -1.8745e+00 +1.0353e+00 -2.5678e+00 +4.6590e+00 +4.8821e+00 +2.2214e+00 +4.4482e+00 -2.8031e+00 +2.0080e+00 +6.7683e+00 -5.6905e-01 -3.9247e+00 -2.4704e-01 -3.8579e+00 +5.2104e+00 -8.4537e-01 -4.0400e+00 +3.4088e+00 -2.8393e+00 +3.4666e-01
367 +5.918628163e+02 +5.918628163e+02 +1.591862816e+03 +1.591862816e+03 -6.2857e-01 +1.1453e+00 -2.9835e+00 +4.5617e+00 +5.2280e+00 +6.7913e-01 +4.1990e+00 -2.9921e+00 +1.8819e+00 +7.1697e+00 -2.5835e-01 -2.4890e+00 -1.6966e+00 -4.8187e+00 +6.4337e+00 -9.9366e-01 -5.0894e+00 +3.3853e+00 -3.4661e+00 -4.5238e-01
811 +3.889551671e+02 +3.889551671e+02 +1.388955167e+03 +1.388955167e+03 -1.4088e+00 +1.1216e-01 -1.8530e+00 +4.0041e+00 +4.3582e+00 +1.3512e+00 +1.8043e+00 -2.2918e+00 +1.5373e+00 +3.7839e+00 +1.8823e-01 -1.1027e+00 -5.4139e-01 -4.0627e+00 +6.3933e+00 -2.2255e+00 -2.7064e+00 +2.2460e+00 -7.6543e-01 +6.5835e-01
1371 +2.489997208e+02 +2.489997208e+02 +1.248999721e+03 +1.248999721e+03 -1.1867e+00 -7.1390e-01 -1.5937e+00 +3.3508e+00 +4.5605e+00 -4.2230e-01 +5.8331e-01 -2.5055e+00 +5.3723e-01 +8.8915e-01 +7.3246e-01 -8.2975e-01 +7.3800e-01 -2.7516e+00 +4.8748e+00 -2.5418e+00 -1.5231e+00 +1.8784e+00 -1.3754e+00 +1.7684e+00
% function evaluation | noise-free fitness - Fopt (-1.547600000000e+02) | best noise-free fitness - Fopt | measured fitness | best measured fitness | x1 | x2...
1 +1.243596742e+06 +1.243596742e+06 +1.243441982e+06 +1.243441982e+06 -1.5067e+00 -2.4082e+00 +3.6048e+00 +3.6657e+00 +4.9800e+00 +4.1269e+00 -3.9772e+00 -3.0058e+00 -2.5978e+00 +2.7642e+00 +3.8131e+00 +3.5760e+00 +3.6501e+00 +1.9397e+00 +2.7306e+00 -3.6047e+00 -4.5144e+00 -9.4904e-01 -2.1896e+00 -2.6920e+00
2 +5.862799608e+05 +5.862799608e+05 +5.861252008e+05 +5.861252008e+05 +2.1571e+00 +4.3060e+00 -4.3249e+00 -1.5235e+00 +2.3349e+00 -3.3989e+00 +4.4969e+00 +3.9831e+00 +1.5336e+00 +9.3176e-01 +1.4824e-01 +4.8061e+00 -3.7167e+00 -1.6254e+00 +1.5481e+00 -3.3165e+00 -4.6487e+00 -1.3225e+00 -1.1537e+00 +2.1736e+00
37 +1.736188322e+05 +1.736188322e+05 +1.734640722e+05 +1.734640722e+05 +9.1097e+00 -3.6316e+00 +3.3070e-01 +1.1996e+00 +1.9667e+00 -2.5442e+00 +7.0951e+00 -6.6721e-01 -1.2383e+00 +5.2447e-01 +1.1198e+00 -2.6942e+00 +3.9557e+00 +1.3105e+00 +4.4665e+00 +2.2124e+00 -2.6483e+00 -7.1257e+00 -5.7763e+00 -2.7121e+00
83 +1.197963561e+05 +1.197963561e+05 +1.196415961e+05 +1.196415961e+05 +7.2614e+00 +6.7201e-01 +2.6111e+00 -3.6123e-01 -8.2745e-01 -3.1633e+00 +6.7545e+00 +3.7185e+00 -7.0312e-01 +1.4438e+00 +1.9858e+00 -4.2993e+00 +4.8229e+00 -3.1216e-01 +6.8185e+00 +4.9924e+00 +3.7565e+00 -5.6396e+00 -6.0180e-01 -3.9947e+00
132 +5.338696233e+04 +5.338696233e+04 +5.323220233e+04 +5.323220233e+04 +8.9239e+00 -4.6316e+00 +4.7963e-01 +1.3067e+00 +1.7754e+00 +5.5103e-03 +7.4510e+00 +3.8830e+00 -3.1163e+00 +1.9609e+00 +3.2409e+00 -4.5844e+00 +3.7822e+00 +7.4554e-01 +5.3113e+00 +2.4569e+00 -7.1458e-01 -3.6042e+00 -5.5287e+00 -5.4025e+00
163 +2.117736641e+04 +2.117736641e+04 +2.102260641e+04 +2.102260641e+04 +1.0794e+01 -6.0986e+00 +5.5863e-01 -2.5552e-02 +3.7066e+00 -8.0146e-01 +9.6100e+00 +6.2750e+00 -5.3056e+00 +5.6366e+00 +3.0416e+00 -6.3860e+00 +1.1176e+00 +3.4310e+00 +5.7663e+00 +1.7855e+00 +3.4294e-01 -3.4689e+00 -6.2627e+00 -7.2700e+00
268 +1.081663406e+04 +1.081663406e+04 +1.066187406e+04 +1.066187406e+04 +1.0843e+01 -1.0399e+00 -4.1446e-01 -4.2363e+00 +8.9023e-01 -4.3545e+00 +7.6120e+00 +3.1664e+00 -6.1967e-01 +4.5997e+00 +4.1142e+00 -1.9747e+00 +7.6395e-01 +2.7571e-01 +3.4783e+00 +3.4098e+00 +1.9763e+00 -2.2272e+00 -2.3883e+00 -4.4719e+00
278 +2.006564042e+03 +2.006564042e+03 +1.851804042e+03 +1.851804042e+03 +1.3860e+01 -7.6579e+00 +2.1070e+00 -3.4431e+00 +3.8358e+00 -4.9577e-01 +1.1914e+01 +6.5261e+00 -3.0332e+00 +8.6985e+00 +6.6361e+00 -9.9624e+00 +1.6511e+00 +7.3158e-01 +5.0565e+00 +7.6247e-01 +2.2836e+00 -1.1122e+00 -8.5258e+00 -5.1323e+00
307 +1.281877467e+03 +1.281877467e+03 +1.127117467e+03 +1.127117467e+03 +1.3766e+01 -4.2451e+00 +1.2866e+00 -3.9276e+00 +2.4712e+00 -2.0016e+00 +1.0483e+01 +6.4199e+00 -1.8735e+00 +7.8585e+00 +7.3210e+00 -8.0971e+00 +1.7883e+00 +3.2073e-01 +5.3438e+00 +2.4167e+00 +4.4400e+00 -1.7341e+00 -6.1758e+00 -4.5352e+00
524 +9.567866213e+02 +9.567866213e+02 +8.020266213e+02 +8.020266213e+02 +1.3313e+01 -7.0615e-01 +1.0234e+00 -4.8453e+00 +6.2441e-01 -4.2522e+00 +1.0739e+01 +1.9394e+00 +1.1289e+00 +4.5753e+00 +6.9818e+00 -6.6687e+00 +6.6518e-01 -1.0691e+00 +4.1404e+00 +4.5268e+00 +5.3686e-01 -7.0762e-01 -5.3138e+00 -4.8061e+00
988 +6.202658480e+02 +6.202658480e+02 +4.655058480e+02 +4.655058480e+02 +9.9090e+00 -2.1285e+00 +4.9844e-01 -7.7338e+00 +1.2932e+00 -3.5170e+00 +8.9441e+00 -1.1534e+00 -4.2362e-03 +1.8237e+00 +2.2366e+00 -2.0368e+00 +5.3806e-01 -2.2376e+00 +1.5182e+00 +1.5916e+00 -5.8142e+00 +1.8364e+00 -6.2337e+00 -5.0845e+00
1085 +3.978746857e+02 +3.978746857e+02 +2.431146857e+02 +2.431146857e+02 +8.5152e+00 +2.4036e-01 -6.0211e-01 -4.7740e+00 +9.5173e-01 -2.9164e+00 +5.5867e+00 +1.6460e+00 -2.4092e+00 +6.2941e-01 +2.4143e+00 -1.0459e+00 +4.0076e+00 -2.0039e+00 +2.1513e+00 +2.5102e+00 -3.4184e+00 -8.2470e-01 -5.8121e+00 -5.6919e+00
1496 +2.507407893e+02 +2.507407893e+02 +9.598078926e+01 +9.598078926e+01 +6.5012e+00 +2.0044e+00 -2.2678e-01 -4.7050e+00 +2.6752e-01 -3.3767e+00 +6.3748e+00 -1.0902e+00 -7.1295e-02 -1.4528e+00 +2.2670e+00 +1.1553e+00 +1.9291e+00 -2.8058e+00 +6.8199e-01 +2.3356e+00 -5.2284e+00 +8.4876e-01 -3.6234e+00 -5.6006e+00
2545 +1.502690902e+02 +1.502690902e+02 -4.490909804e+00 -4.490909804e+00 +4.8478e+00 +2.1953e+00 -9.1310e-01 -2.9456e+00 +7.8382e-01 -2.8720e+00 +4.7838e+00 -1.1250e-01 -2.6233e+00 -1.4847e+00 +1.5765e+00 +2.1794e+00 +3.1728e+00 -2.1208e+00 +7.8274e-03 +1.2678e+00 -3.6748e+00 -4.5493e-01 -1.3442e+00 -5.2098e+00
% function evaluation | noise-free fitness - Fopt (3.914000000000e+01) | best noise-free fitness - Fopt | measured fitness | best measured fitness | x1 | x2...
1 +2.359522823e+06 +2.359522823e+06 +2.359561963e+06 +2.359561963e+06 +1.3565e+00 +4.0208e+00 +3.3844e+00 +6.6273e-01 -2.4628e+00 +3.1080e+00 +1.8680e+00 -8.0035e-01 -4.4868e+00 +2.4043e+00 -2.8227e+00 -2.4963e+00 -4.4787e+00 -4.6575e+00 +3.7116e+00 +4.5775e+00 -4.7256e+00 +4.2297e+00 -4.1420e-01 +7.3093e-01
2 +1.060725347e+06 +1.060725347e+06 +1.060764487e+06 +1.060764487e+06 +2.1065e+00 -3.8155e+00 +1.2558e+00 +4.5882e-01 -3.9701e+00 +1.7107e+00 +4.2199e+00 +2.1016e+00 -1.6563e+00 +4.3865e+00 +4.7065e+00 -1.5447e+00 +2.9175e+00 -1.3122e+00 -6.3992e-01 +9.1853e-01 -3.1260e-01 -1.7545e+00 -2.0357e+00 +1.9287e+00
21 +7.945874624e+05 +7.945874624e+05 +7.946266024e+05 +7.946266024e+05 -5.3253e-01 +2.5751e-01 -4.7916e+00 +3.7248e-01 -1.6475e-01 -3.9220e+00 +3.3331e+00 -3.2652e+00 -1.7830e+00 +1.9667e+00 -9.3142e-01 +3.8714e+00 +4.6397e-01 -4.3601e-01 -1.9821e+00 +2.8637e+00 +3.3449e+00 -1.5317e+00 -1.3256e+00 +3.6640e+00
24 +5.832909043e+05 +5.832909043e+05 +5.833300443e+05 +5.833300443e+05 +1.9652e+00 +2.7670e-01 -3.5111e+00 +4.2908e+00 +4.8065e-01 -5.1609e+00 +8.8648e+00 -3.7833e+00 -1.5618e+00 -1.3847e+00 +2.0667e+00 -4.6683e+00 +4.4124e+00 -2.3369e+00 +7.9139e-01 +1.5881e+00 -9.8318e-01 -3.1236e+00 +2.1693e+00 +3.9921e+00
73 +2.215216434e+05 +2.215216434e+05 +2.215607834e+05 +2.215607834e+05 -6.7969e-01 -5.7503e+00 +9.5756e-01 +1.4451e+00 +2.8731e+00 -4.0596e+00 +7.9831e+00 +6.0239e+00 -1.1220e-01 -7.2603e-01 +5.4301e+00 -4.6991e+00 -7.5505e-01 -1.9371e+00 +1.3444e-01 +1.0065e+00 +3.2394e+00 +3.2482e-01 -6.8184e-01 +6.1096e+00
142 +1.352418629e+05 +1.352418629e+05 +1.352810029e+05 +1.352810029e+05 -5.5840e-01 -4.3505e+00 -2.8885e+00 +4.0853e+00 +3.7397e+00 -7.0799e+00 +1.0417e+01 +4.6361e+00 +1.5509e+00 -2.0402e+00 +5.6875e+00 -5.4740e+00 +2.1246e+00 -3.8460e+00 +2.2020e+00 +5.7233e-01 +1.5955e+00 -1.9361e+00 +2.7026e+00 +5.7621e+00
184 +7.567914770e+04 +7.567914770e+04 +7.571828770e+04 +7.571828770e+04 -3.1994e+00 -4.3259e+00 -1.7317e+00 +1.7701e+00 +4.0020e+00 -8.2151e+00 +7.7426e+00 +8.0282e+00 +5.5415e-01 -1.5898e+00 +3.8891e+00 -5.9819e-01 -3.6421e+00 -2.7373e+00 +1.1999e+00 +3.1214e+00 +7.2511e+00 -7.4060e-01 +4.8467e-01 +8.9624e+00
264 +6.076988548e+04 +6.076988548e+04 +6.080902548e+04 +6.080902548e+04 -1.2672e+00 -1.4999e+00 -5.8513e+00 +2.8993e+00 +2.5159e+00 -8.8296e+00 +1.0013e+01 +6.1300e+00 -5.9881e-01 +6.4549e-02 +5.0005e+00 -1.8825e+00 +3.1480e+00 -1.0450e+00 +4.4826e-01 +2.3792e+00 +5.7755e+00 -2.7177e+00 +4.8976e+00 +8.1620e+00
343 +2.802746022e+04 +2.802746022e+04 +2.806660022e+04 +2.806660022e+04 -2.8508e+00 -4.2653e+00 -3.5504e+00 +8.5630e-01 +4.5244e+00 -9.8359e+00 +1.1687e+01 +6.8871e+00 -1.4556e+00 -3.4956e+00 +5.4818e+00 -6.4359e-01 -1.9602e+00 -3.1921e+00 +1.7209e-01 +1.7285e+00 +7.2130e+00 -1.9696e+00 +2.3135e+00 +8.5948e+00
456 +1.819622200e+04 +1.819622200e+04 +1.823536200e+04 +1.823536200e+04 -4.3885e+00 -4.6284e+00 -3.4763e+00 +1.5756e+00 +3.5018e+00 -9.3446e+00 +1.2686e+01 +6.6219e+00 -1.2371e+00 -3.5367e+00 +4.5652e+00 -1.9503e+00 -1.9796e+00 -3.1872e+00 -5.2408e-01 +1.9445e+00 +7.9266e+00 -1.2241e+00 +3.1200e+00 +8.3656e+00
604 +1.534647915e+04 +1.534647915e+04 +1.538561915e+04 +1.538561915e+04 -1.8025e+00 -4.2069e+00 -2.6063e+00 +2.3045e+00 +3.5649e+00 -8.7033e+00 +1.1707e+01 +5.3182e+00 -8.1122e-01 -1.4565e+00 +5.8718e+00 -3.2888e+00 +1.8390e-01 -3.1005e+00 +3.5795e-01 +1.6611e+00 +5.2706e+00 -2.1244e+00 +2.8089e+00 +7.9222e+00
774 +8.975223133e+03 +8.975223133e+03 +9.014363133e+03 +9.014363133e+03 -6.3235e+00 -6.6285e+00 -2.7741e+00 +1.1093e+00 +3.4989e+00 -9.9408e+00 +1.4448e+01 +8.6963e+00 -1.5838e+00 -4.5919e+00 +4.4147e+00 -2.6217e+00 -3.1907e+00 -2.6856e+00 -9.1446e-01 +2.1710e+00 +1.0249e+01 -9.0360e-01 +4.0264e+00 +9.7758e+00
835 +5.031632940e+03 +5.031632940e+03 +5.070772940e+03 +5.070772940e+03 -6.1352e+00 -8.0661e+00 -1.5837e+00 +2.9222e+00 +3.2190e+00 -1.0048e+01 +1.4712e+01 +7.8700e+00 -8.1005e-01 -4.7949e+00 +5.8100e+00 -3.1325e+00 -3.3105e+00 -2.8826e+00 -5.9164e-01 +2.7262e+00 +1.0739e+01 -1.7587e-01 +4.8946e+00 +9.7258e+00
885 +3.586202386e+03 +3.586202386e+03 +3.625342386e+03 +3.625342386e+03 -8.6731e+00 -9.1265e+00 -2.9106e+00 +8.9203e-01 +3.7472e+00 -1.0911e+01 +1.6951e+01 +1.0087e+01 -1.2056e+00 -6.1448e+00 +4.8060e+00 -2.6284e+00 -4.3141e+00 -2.4074e+00 -1.1248e+00 +2.4244e+00 +1.2780e+01 -4.0088e-01 +5.5722e+00 +1.0479e+01
951 +2.480804889e+03 +2.480804889e+03 +2.519944889e+03 +2.519944889e+03 -7.2625e+00 -7.4093e+00 -2.8870e+00 +1.6471e+00 +3.5555e+00 -1.0449e+01 +1.5460e+01 +8.6058e+00 -1.0854e+00 -4.2172e+00 +4.7770e+00 -2.6773e+00 -3.4714e+00 -2.4567e+00 -1.1359e+00 +2.8686e+00 +1.1260e+01 -4.7263e-01 +5.1558e+00 +9.6702e+00
985 +9.665446906e+02 +9.665446906e+02 +1.005684691e+03 +1.005684691e+03 -7.4071e+00 -8.0829e+00 -2.8941e+00 +1.4805e+00 +3.4377e+00 -1.0319e+01 +1.5988e+01 +8.4984e+00 -8.9266e-01 -3.8133e+00 +5.0494e+00 -3.4219e+00 -2.8057e+00 -2.0986e+00 -1.1382e+00 +2.6139e+00 +1.1338e+01 -9.5302e-01 +5.5494e+00 +9.6715e+00
1406 +6.268436695e+02 +6.268436695e+02 +6.659836695e+02 +6.659836695e+02 -5.1261e+00 -6.8549e+00 -2.9966e+00 +2.1903e+00 +3.3077e+00 -9.3735e+00 +1.4287e+01 +6.4679e+00 -2.5923e-01 -1.2677e+00 +5.6850e+00 -4.5253e+00 -3.5143e-01 -1.8768e+00 -7.8224e-01 +2.3621e+00 +8.8760e+00 -1.9588e+00 +5.1169e+00 +8.8038e+00
2084 +3.975941444e+02 +3.975941444e+02 +4.367341444e+02 +4.367341444e+02 -2.1485e+00 -4.3954e+00 -3.0178e+00 +3.5200e+00 +3.6054e+00 -8.4486e+00 +1.0823e+01 +3.3263e+00 -1.5889e-01 +2.8994e-02 +6.5313e+00 -4.9623e+00 +6.7611e-01 -2.1410e+00 +1.7732e-01 +3.0252e+00 +6.2351e+00 -1.7101e+00 +3.9080e+00 +7.8226e+00
3695 +2.509164523e+02 +2.509164523e+02 +2.900564523e+02 +2.900564523e+02 -2.0625e+00 -3.9228e+00 -2.9388e+00 +3.5708e+00 +2.7869e+00 -7.6114e+00 +8.5784e+00 +2.8192e+00 +2.8828e-01 -8.1476e-01 +6.3716e+00 -3.7171e+00 -4.5244e-01 -2.2009e+00 +1.1367e+00 +2.7066e+00 +6.3637e+00 -2.1233e+00 +3.2849e+00 +7.1207e+00
% function evaluation | noise-free fitness - Fopt (-1.186000000000e+01) | best noise-free fitness - Fopt | measured fitness | best measured fitness | x1 | x2...
1 +1.091470434e+06 +1.091470434e+06 +1.091458574e+06 +1.091458574e+06 +4.3051e+00 -2.2311e+00 -8.5194e-01 -4.8838e+00 -9.0572e-01 -4.7460e+00 -1.0180e+00 +2.6871e+00 +2.0835e+00 +2.8321e+00 -2.0909e+00 -2.3234e+00 -7.9854e-01 +2.8726e+00 -3.9420e+00 -4.1515e+00 -9.1407e-01 -3.8167e+00 +1.6594e+00 -4.1419e+00
3 +8.843840443e+05 +8.843840443e+05 +8.843721843e+05 +8.843721843e+05 -4.4984e+00 +1.3673e+00 +4.7331e+00 -2.4439e+00 -4.9481e-01 +4.8789e+00 +2.3563e+00 +3.8097e+00 -3.8214e+00 +3.2670e+00 -1.5554e+00 +4.1116e+00 +4.1930e-02 +2.5467e+00 -2.3854e-01 -2.3283e+00 +4.8497e+00 -4.7970e+00 -2.6305e+00 -7.8668e-01
22 +5.964349707e+05 +5.964349707e+05 +5.964231107e+05 +5.964231107e+05 -4.3251e+00 -2.1589e-01 +1.3569e+00 -4.2649e+00 -2.2192e+00 +4.5281e+00 +3.6445e+00 +2.9662e+00 -3.2943e+00 +5.1481e+00 -7.7595e-01 +3.0254e+00 +8.6158e-01 +5.3266e+00 +2.3341e-01 -2.7507e+00 +2.9143e+00 -8.1694e+00 -8.6103e-01 -2.9348e+00
145 +3.282498449e+05 +3.282498449e+05 +3.282379849e+05 +3.282379849e+05 -2.0648e+00 +1.3749e+00 +2.9784e+00 -2.6490e+00 -2.3240e-01 +4.7251e+00 +6.3812e-01 +2.9095e+00 -5.3014e+00 +3.4671e+00 +4.1574e+00 +4.1854e+00 +2.8223e+00 +4.7642e+00 -2.9512e+00 -3.4868e+00 +2.6134e+00 -3.7185e+00 -2.3536e+00 -2.5805e+00
205 +2.496173047e+05 +2.496173047e+05 +2.496054447e+05 +2.496054447e+05 -2.3533e-01 +1.3517e+00 +2.4389e+00 -3.0623e+00 +2.6869e-01 +1.7791e+00 -3.7139e-01 +9.8742e-01 -2.8301e+00 +3.0130e+00 +3.7579e+00 +3.4258e+00 +2.7287e+00 +4.2310e+00 -2.9959e+00 -2.7459e+00 +2.4807e+00 -2.0914e+00 -6.0771e-01 -2.4661e+00
301 +1.531750887e+05 +1.531750887e+05 +1.531632287e+05 +1.531632287e+05 +6.4282e+00 -1.1515e+00 +8.1615e+00 -1.8742e+00 -1.2854e+00 +1.4062e+00 -3.3811e+00 +7.2242e-01 -2.3018e+00 +2.6937e+00 +1.1129e+01 +6.3517e+00 +8.1082e+00 +5.0468e+00 -5.2210e+00 -2.7002e+00 +2.1971e+00 -2.9967e-01 -5.6967e+00 -4.3894e+00
350 +9.184656932e+04 +9.184656932e+04 +9.183470932e+04 +9.183470932e+04 +8.0365e+00 +7.4686e-02 +7.3202e+00 -3.5253e-01 -2.1426e+00 -2.4628e-01 -6.7556e+00 -3.7058e-01 -2.1129e+00 +9.1432e-01 +1.2941e+01 +4.0787e+00 +9.3602e+00 +6.2550e+00 -3.0384e+00 -4.7965e+00 +2.6629e+00 +1.5123e+00 -7.4257e+00 -3.4579e+00
389 +6.057771311e+04 +6.057771311e+04 +6.056585311e+04 +6.056585311e+04 +1.1855e+01 -6.0438e-01 +1.0577e+01 -1.8333e-01 -3.6122e+00 -1.8134e-01 -7.6682e+00 -1.0003e+00 -2.0561e+00 +9.6894e-01 +1.8847e+01 +5.6558e+00 +1.1775e+01 +7.5769e+00 -3.1983e+00 -4.5535e+00 +2.2917e+00 +2.6570e+00 -1.0714e+01 -5.4719e+00
434 +3.423997746e+04 +3.423997746e+04 +3.422811746e+04 +3.422811746e+04 +1.5289e+01 -1.2849e+00 +1.3473e+01 +5.2991e-01 -4.7145e+00 -7.0863e-01 -9.6710e+00 -3.2544e+00 -3.8615e+00 -7.9493e-01 +2.8327e+01 +5.4797e+00 +1.5361e+01 +9.3430e+00 -2.6576e+00 -4.7246e+00 +2.0648e+00 +6.9949e+00 -1.2081e+01 -5.6057e+00
452 +2.133989510e+04 +2.133989510e+04 +2.132803510e+04 +2.132803510e+04 +1.5163e+01 -2.6827e-01 +1.3575e+01 +6.5946e-01 -5.5590e+00 +5.1636e-01 -1.0180e+01 -3.8230e+00 -3.5665e+00 -2.3961e-01 +2.9136e+01 +5.2384e+00 +1.5558e+01 +9.7161e+00 -1.1891e+00 -4.9013e+00 +1.4986e+00 +7.5570e+00 -1.3906e+01 -6.0128e+00
475 +1.513587499e+04 +1.513587499e+04 +1.512401499e+04 +1.512401499e+04 +1.5321e+01 -1.2348e+00 +1.4370e+01 +6.1087e-01 -6.3655e+00 +8.8950e-01 -9.6896e+00 -4.4916e+00 -3.1294e+00 -2.0018e-01 +2.9836e+01 +5.5987e+00 +1.5900e+01 +9.8292e+00 -7.9498e-01 -4.3940e+00 +9.7363e-01 +8.2926e+00 -1.3433e+01 -6.2855e+00
565 +7.692873058e+03 +7.692873058e+03 +7.681013058e+03 +7.681013058e+03 +1.6012e+01 -2.3093e+00 +1.4986e+01 +1.3677e+00 -6.6952e+00 +8.8919e-01 -9.2399e+00 -4.3068e+00 -3.3165e+00 -4.8467e-01 +3.1119e+01 +6.4803e+00 +1.6261e+01 +9.9929e+00 -1.5398e+00 -4.8785e+00 +3.3061e-01 +9.4635e+00 -1.3785e+01 -6.6449e+00
588 +5.467896069e+03 +5.467896069e+03 +5.456036069e+03 +5.456036069e+03 +1.6109e+01 -2.8014e+00 +1.4222e+01 -4.6265e-01 -7.4306e+00 -2.0657e-01 -8.4953e+00 -3.6582e+00 -3.5788e+00 +8.2062e-01 +3.0804e+01 +6.4932e+00 +1.6618e+01 +9.8379e+00 -6.5492e-01 -4.7502e+00 +1.0035e+00 +6.9729e+00 -1.3617e+01 -7.2692e+00
657 +3.742712205e+03 +3.742712205e+03 +3.730852205e+03 +3.730852205e+03 +1.5889e+01 -2.4679e+00 +1.3671e+01 +9.7347e-01 -6.4615e+00 -3.5844e-01 -8.4378e+00 -3.7170e+00 -3.6882e+00 +1.7550e-01 +2.9417e+01 +5.0436e+00 +1.6351e+01 +1.0643e+01 -1.8668e+00 -4.7982e+00 +8.0293e-01 +7.2936e+00 -1.2988e+01 -6.3778e+00
861 +2.286151074e+03 +2.286151074e+03 +2.274291074e+03 +2.274291074e+03 +1.0566e+01 -1.5375e+00 +8.8476e+00 -3.9001e+00 -4.9761e+00 +1.9080e-01 -4.2987e+00 -1.4015e+00 -3.9829e+00 +3.9773e+00 +2.2274e+01 +2.9399e+00 +1.4678e+01 +8.1854e+00 -5.1180e-01 -6.6197e+00 +3.8635e+00 +3.4695e+00 -8.8882e+00 -4.5986e+00
1015 +1.310716812e+03 +1.310716812e+03 +1.298856812e+03 +1.298856812e+03 +7.3562e+00 -1.3112e+00 +6.5082e+00 -3.5694e+00 -4.2408e+00 +1.5355e+00 -2.2661e+00 -2.8893e-01 -3.3139e+00 +3.4191e+00 +1.5047e+01 +2.6409e+00 +1.0559e+01 +6.9002e+00 -1.1709e+00 -5.7357e+00 +2.9529e+00 +2.0528e+00 -6.6605e+00 -3.2853e+00
1202 +9.550072240e+02 +9.550072240e+02 +9.431472240e+02 +9.431472240e+02 +5.7448e+00 -1.3386e+00 +4.9693e+00 -3.9757e+00 -3.4997e+00 +1.3294e+00 -8.5763e-01 +5.8463e-01 -2.2307e+00 +4.8041e+00 +1.1904e+01 +2.0960e+00 +9.2507e+00 +6.8318e+00 -2.0362e+00 -4.5549e+00 +3.3211e+00 +9.6314e-01 -5.5248e+00 -2.2994e+00
1790 +6.252676986e+02 +6.252676986e+02 +6.134076986e+02 +6.134076986e+02 +4.8164e+00 -1.1656e+00 +4.4953e+00 -4.2741e+00 -2.5651e+00 +1.6566e+00 -2.9233e-01 +1.1268e+00 -1.6888e+00 +4.6148e+00 +8.1752e+00 +2.1015e+00 +7.7707e+00 +6.5687e+00 -3.2529e+00 -4.7151e+00 +3.5664e+00 -5.8866e-01 -4.1759e+00 -2.0230e+00
2393 +3.968316680e+02 +3.968316680e+02 +3.849716680e+02 +3.849716680e+02 +3.8915e+00 -1.2351e+00 +2.1771e+00 -5.2556e+00 -1.6703e+00 +1.6475e+00 +1.5288e+00 +2.4092e+00 -9.8101e-01 +5.6713e+00 +4.8591e+00 +2.1108e+00 +6.2990e+00 +6.9681e+00 -4.9384e+00 -4.8578e+00 +4.0517e+00 -2.0843e+00 -2.9734e+00 -1.0671e+00
2747 +2.409885405e+02 +2.409885405e+02 +2.291285405e+02 +2.291285405e+02 +3.4834e+00 -1.5878e+00 +1.6709e+00 -5.4963e+00 -8.6677e-01 +2.1221e+00 +2.0804e+00 +3.1377e+00 -2.6168e-01 +5.2802e+00 +3.0917e+00 +2.1711e+00 +5.4417e+00 +6.7994e+00 -6.2678e+00 -5.0535e+00 +4.5211e+00 -2.4745e+00 -2.1765e+00 +1.9237e-01
% function evaluation | noise-free fitness - Fopt (7.068000000000e+01) | best noise-free fitness - Fopt | measured fitness | best measured fitness | x1 | x2...
1 +3.247975180e+05 +3.247975180e+05 +3.248681980e+05 +3.248681980e+05 +3.7450e+00 +4.6843e+00 +2.9806e-01 -3.8348e+00 -3.6561e+00 +3.8146e+00 +3.3667e-01 +8.7166e-01 -1.8431e+00 +4.1311e+00 +4.1072e+00 +3.5236e+00 +2.2501e+00 +4.9819e+00 -2.5291e+00 +2.8939e-01 -3.2574e+00 -4.9247e+00 -2.8891e+00 -7.5243e-01
22 +1.676034908e+05 +1.676034908e+05 +1.676741708e+05 +1.676741708e+05 +5.0569e+00 +1.0583e+01 -3.0616e+00 -3.9575e+00 -3.9974e+00 +4.1033e+00 +2.9713e+00 +4.1513e+00 -2.9844e+00 +1.9056e+00 +4.2014e-01 +1.0241e+01 +9.5973e+00 +5.6170e+00 -1.8851e+00 -2.1432e+00 -5.1892e+00 -1.0562e+00 -3.4575e+00 -5.7253e-01
42 +1.562614247e+05 +1.562614247e+05 +1.563321047e+05 +1.563321047e+05 +8.1402e+00 +1.0357e+01 -5.0934e+00 -4.4374e+00 -3.6912e+00 +8.1575e+00 +4.5157e+00 +8.7166e-01 -2.1678e-01 +2.8356e+00 +3.7470e+00 +1.5694e+01 +8.8621e+00 +4.9819e+00 -2.5291e+00 -4.2286e+00 -8.5653e+00 -4.9247e+00 -2.8891e+00 -7.5243e-01
43 +6.166544778e+04 +6.166544778e+04 +6.173612778e+04 +6.173612778e+04 +3.5647e+00 +5.1665e+00 -2.9402e+00 -8.9118e-01 -2.6917e+00 +4.6929e+00 -9.8865e-01 +2.2395e+00 -1.0109e+00 -1.8552e+00 -5.1073e-01 +6.6298e+00 +7.1878e-01 +1.1215e+00 -6.2459e-02 -4.1480e+00 -4.1504e+00 -3.3185e+00 -5.2340e+00 -4.3558e-01
155 +2.410081666e+04 +2.410081666e+04 +2.417149666e+04 +2.417149666e+04 +6.7233e+00 +7.3193e+00 -4.2934e+00 -3.2030e+00 -3.3510e+00 +5.3013e+00 +7.8105e-01 +2.7972e-01 -1.0380e+00 -2.3017e+00 -6.4758e-01 +1.0524e+01 +4.1745e+00 +2.1608e+00 +8.2463e-01 -3.4429e+00 -6.5093e+00 -3.6822e+00 -7.2066e+00 -1.5559e+00
203 +1.495577209e+04 +1.495577209e+04 +1.502645209e+04 +1.502645209e+04 +9.1491e+00 +7.2743e+00 -5.2473e+00 -3.9329e+00 -4.4604e+00 +4.9672e+00 +2.4167e+00 -8.1582e-01 -2.8671e+00 -5.0938e-01 -1.0742e+00 +1.3098e+01 +6.7152e+00 +3.1894e+00 +1.5519e+00 -1.7554e+00 -8.8635e+00 -2.9355e+00 -7.1291e+00 -2.5408e+00
282 +3.667162085e+03 +3.667162085e+03 +3.737842085e+03 +3.737842085e+03 +1.0944e+01 +1.0241e+01 -7.3528e+00 -4.0779e+00 -5.7647e+00 +6.5672e+00 +3.8862e+00 -1.3410e+00 -1.9175e+00 -1.2046e+00 -2.2787e+00 +1.9327e+01 +1.1090e+01 +1.9146e+00 +3.2184e+00 -5.3998e+00 -1.1558e+01 -7.6437e+00 -9.8083e+00 -4.1021e+00
384 +1.713630705e+03 +1.713630705e+03 +1.784310705e+03 +1.784310705e+03 +9.1047e+00 +1.1813e+01 -8.4025e+00 -5.4582e+00 -5.6591e+00 +5.2215e+00 +3.5871e+00 -2.9994e+00 -1.2728e+00 -3.4525e+00 -1.4430e+00 +1.8757e+01 +9.9397e+00 +2.3071e+00 +2.1650e+00 -7.0513e+00 -1.4657e+01 -6.8643e+00 -1.3320e+01 -5.1776e+00
417 +1.380672952e+03 +1.380672952e+03 +1.451352952e+03 +1.451352952e+03 +6.6905e+00 +9.8192e+00 -6.7642e+00 -5.0804e+00 -4.2270e+00 +2.5704e+00 +2.0685e+00 -1.2753e+00 -8.9903e-01 -2.6877e+00 -2.8370e+00 +1.2745e+01 +8.1591e+00 +1.5548e+00 +8.5718e-01 -5.4646e+00 -1.2436e+01 -4.7661e+00 -1.0500e+01 -4.3435e+00
541 +9.895980260e+02 +9.895980260e+02 +1.060278026e+03 +1.060278026e+03 +2.4681e+00 +6.6213e+00 -4.8701e+00 -1.1126e+00 -3.6693e+00 +9.4298e-01 +7.4145e-01 -7.0977e-01 -6.2889e-02 -6.0039e+00 -1.0612e+00 +7.6993e+00 +7.8035e+00 +1.2491e+00 +9.2646e-01 -6.7384e+00 -1.2711e+01 -6.0564e+00 -1.0064e+01 -3.7093e+00
657 +5.468284341e+02 +5.468284341e+02 +6.175084341e+02 +6.175084341e+02 +5.4624e+00 +7.5531e+00 -3.6681e+00 -1.5884e+00 -4.1364e+00 +1.3495e+00 -9.8474e-01 +2.4650e+00 -3.4880e+00 +2.1590e-01 -3.3025e+00 +8.0477e+00 +9.7046e+00 +9.7662e-01 -4.8421e-01 -4.2671e+00 -7.8442e+00 -1.8958e+00 -5.8863e+00 -1.9790e+00
771 +3.963231356e+02 +3.963231356e+02 +4.670031356e+02 +4.670031356e+02 +4.0094e+00 +5.8254e+00 -3.4427e+00 -1.6913e+00 -3.2138e+00 +1.4697e+00 -1.8580e+00 +2.1349e+00 -2.8608e+00 +7.7968e-01 -2.6512e+00 +5.6837e+00 +6.3344e+00 +4.7773e-02 -1.7692e+00 -3.2613e+00 -6.1251e+00 -6.5472e-01 -3.9874e+00 -1.2628e+00
1213 +2.506094561e+02 +2.506094561e+02 +3.212894561e+02 +3.212894561e+02 +2.3954e+00 +5.1177e+00 -2.4570e+00 -1.4200e+00 -2.5205e+00 +2.1098e+00 -2.3249e+00 +2.9977e+00 -2.2215e+00 +1.2564e+00 -1.7254e+00 +4.0944e+00 +3.8550e+00 -2.4306e-01 -2.3544e+00 -2.8423e+00 -3.5473e+00 -5.1377e-01 -2.4169e+00 -4.5066e-01
1870 +1.559823103e+02 +1.559823103e+02 +2.266623103e+02 +2.266623103e+02 +9.7504e-01 +4.7388e+00 -3.6821e-01 -1.2177e+00 -1.8846e+00 +2.1107e+00 -2.1462e+00 +3.6453e+00 -2.0252e+00 +1.3661e+00 -4.3295e-01 +1.8336e+00 +3.1111e+00 +8.3027e-01 -1.7835e+00 -2.4549e+00 -1.9116e+00 -9.0104e-01 -1.7730e+00 -6.6909e-01
2729 +9.967644111e+01 +9.967644111e+01 +1.703564411e+02 +1.703564411e+02 +8.3941e-01 +5.9384e+00 -5.1325e-01 -7.4727e-01 -2.3253e+00 +2.5546e+00 -2.6063e+00 +2.5433e+00 -1.5606e+00 +1.8207e+00 -1.6077e-01 +2.5102e+00 +3.3753e+00 +4.8365e-01 -8.7763e-01 -1.6457e+00 -9.5769e-01 -3.1581e-01 -8.2182e-01 -2.0199e+00
% function evaluation | noise-free fitness - Fopt (-6.260000000000e+00) | best noise-free fitness - Fopt | measured fitness | best measured fitness | x1 | x2...
1 +8.740854852e+05 +8.740854852e+05 +8.740792252e+05 +8.740792252e+05 +5.0802e-01 -1.6333e+00 -1.1211e+00 +4.2350e+00 +4.1167e+00 +2.2408e+00 -2.3223e+00 -4.4357e+00 +1.3430e+00 -1.0294e-01 -2.8135e+00 -9.1853e-02 -2.3279e+00 -7.0966e-01 +1.4826e-01 +1.9360e+00 -3.1689e+00 +5.9204e-02 +1.2399e+00 -1.6170e+00
2 +5.806924235e+05 +5.806924235e+05 +5.806861635e+05 +5.806861635e+05 +4.1686e+00 -3.8044e+00 -2.6051e+00 +1.1864e+00 +4.9610e+00 -4.2374e-01 +5.1223e-01 -3.1119e+00 +9.6976e-01 -2.4549e+00 +3.4534e+00 -4.6322e-01 +1.4280e+00 +3.6838e+00 -4.2471e+00 +6.1045e-01 -2.9340e+00 -3.4328e+00 -9.4745e-01 +2.9764e+00
4 +1.974928691e+05 +1.974928691e+05 +1.974866091e+05 +1.974866091e+05 -8.4739e-01 +3.5153e+00 +1.7118e+00 -3.7711e+00 +2.5590e+00 +4.3927e+00 +1.4175e+00 +1.6679e+00 +7.9510e-01 +3.7522e+00 -1.0917e+00 +1.9819e+00 -1.8885e+00 -3.8268e+00 -2.8562e+00 -4.7077e+00 +4.1973e-01 -4.2802e+00 -1.3506e+00 +7.1952e-01
21 +1.347239650e+05 +1.347239650e+05 +1.347177050e+05 +1.347177050e+05 -8.4739e-01 +5.0549e+00 +2.2714e-01 -3.2745e+00 +8.0586e+00 +4.3927e+00 +1.4175e+00 +7.4780e-01 -5.5614e-01 +5.9056e+00 +4.3813e+00 +3.9999e+00 -5.9558e-01 -3.8268e+00 -6.9544e+00 -4.7077e+00 +4.1973e-01 -3.6335e+00 +1.1083e+00 +7.1952e-01
83 +6.288525785e+04 +6.288525785e+04 +6.287899785e+04 +6.287899785e+04 -4.0765e+00 +9.8672e+00 +7.2239e+00 -3.4688e+00 +1.1244e+01 +9.4623e+00 +3.5752e+00 -3.1978e+00 +2.1607e+00 +7.0819e+00 +9.5135e+00 +8.5270e+00 -4.0424e+00 -6.3212e+00 -8.3712e+00 -8.4181e+00 +7.3160e-01 -9.8817e+00 +3.8212e+00 +6.2076e-01
112 +1.716542973e+04 +1.716542973e+04 +1.715916973e+04 +1.715916973e+04 -2.4446e+00 +1.0787e+01 +6.7093e+00 -2.5028e+00 +1.0996e+01 +1.7680e+00 +2.1084e+00 -3.6159e+00 +3.7961e+00 +1.1576e+01 +7.8726e+00 +4.3112e+00 -1.8911e+00 -3.8822e+00 -1.0427e+01 -6.4652e+00 +7.7893e-01 -8.8899e+00 +2.6496e+00 -2.4494e-01
134 +1.440099515e+04 +1.440099515e+04 +1.439473515e+04 +1.439473515e+04 -3.5188e+00 +1.1215e+01 +6.2524e+00 -2.3183e+00 +1.2849e+01 +1.5153e+00 +3.2982e+00 -2.0878e+00 +6.0598e+00 +8.9148e+00 +6.4142e+00 +5.4432e+00 -3.0889e+00 -6.9327e+00 -1.0065e+01 -6.6715e+00 +8.2949e-01 -9.7880e+00 +5.3170e+00 -5.4703e-01
162 +4.451311913e+03 +4.451311913e+03 +4.445051913e+03 +4.445051913e+03 +1.8579e+00 +2.2505e+01 +1.2098e+01 -4.0002e-01 +2.4986e+01 +4.1129e+00 +4.9363e+00 -3.3741e+00 +7.8821e+00 +2.0729e+01 +1.6425e+01 +1.3962e+01 -8.2949e+00 -1.1111e+01 -1.9585e+01 -1.4295e+01 -1.3520e+00 -1.2714e+01 +5.9272e+00 +1.9920e+00
199 +3.774558039e+03 +3.774558039e+03 +3.768298039e+03 +3.768298039e+03 +3.0526e+00 +1.2936e+01 +6.2343e+00 -2.6564e+00 +1.5391e+01 -1.9299e+00 +4.2438e+00 -7.1665e-02 +1.3142e+01 +1.2919e+01 +1.1718e+01 +1.1017e+01 -3.3582e+00 -7.3714e+00 -1.6975e+01 -8.8910e+00 +1.3056e+00 -1.5460e+01 +8.7656e+00 +3.6114e+00
204 +2.278854458e+03 +2.278854458e+03 +2.272594458e+03 +2.272594458e+03 +2.3025e+00 +1.3903e+01 +6.3767e+00 -3.2635e+00 +1.4723e+01 -2.3737e-01 +4.1959e+00 -3.8428e-01 +1.1193e+01 +1.2889e+01 +1.3095e+01 +8.8613e+00 -2.0572e+00 -6.7495e+00 -1.6818e+01 -8.4121e+00 +1.7148e+00 -1.5044e+01 +6.7301e+00 +3.6299e+00
370 +1.005912697e+03 +1.005912697e+03 +9.996526967e+02 +9.996526967e+02 +1.5195e+00 +8.2645e+00 +1.9353e+00 -2.5691e+00 +8.9496e+00 +2.2563e+00 +1.4600e+00 -3.6932e+00 +6.0543e+00 +8.1635e+00 +9.7100e-01 +2.5505e+00 -1.3925e+00 -1.3883e+00 -9.8960e+00 -6.1031e+00 +1.7930e+00 -7.8230e+00 +2.3625e+00 +1.2945e+00
461 +9.425935733e+02 +9.425935733e+02 +9.363335733e+02 +9.363335733e+02 +1.2290e+00 +8.2526e+00 +1.9338e+00 -2.3064e+00 +8.5783e+00 +1.6933e+00 +1.0781e+00 -2.9234e+00 +6.1806e+00 +8.6164e+00 +1.1729e+00 +2.4015e+00 -1.1440e+00 -1.5485e+00 -9.7621e+00 -5.6619e+00 +1.6715e+00 -8.1741e+00 +2.7892e+00 +9.6706e-01
647 +5.809139198e+02 +5.809139198e+02 +5.746539198e+02 +5.746539198e+02 -1.6260e+00 +5.1443e+00 +2.4021e+00 -1.6855e+00 +6.6756e+00 +5.3490e-01 -1.3739e+00 +1.0134e+00 +4.0731e+00 +6.6714e+00 +4.5846e-01 +2.4108e+00 -5.2584e-01 -1.9184e+00 -8.8928e+00 -5.3005e+00 +9.5839e-01 -6.1001e+00 +3.5729e+00 +8.0314e-01
997 +3.961409575e+02 +3.961409575e+02 +3.898809575e+02 +3.898809575e+02 -1.9954e+00 +2.9100e+00 +9.1452e-01 -1.8338e+00 +5.0706e+00 -7.7762e-01 -2.0116e+00 +5.1980e-01 +2.8282e+00 +5.5370e+00 -7.9754e-01 +1.2301e+00 +4.7878e-02 -8.6376e-01 -7.3937e+00 -4.2087e+00 +4.9704e-01 -4.8259e+00 +3.3037e+00 +6.4000e-01
1328 +2.400413428e+02 +2.400413428e+02 +2.337813428e+02 +2.337813428e+02 -2.1825e+00 +1.5612e+00 +1.8190e+00 -1.0604e+00 +3.0981e+00 -3.8587e-01 -3.2573e+00 +1.4891e+00 +8.8090e-01 +4.2168e+00 -2.4720e+00 -1.5179e-01 -8.9961e-02 -1.8903e-01 -5.9781e+00 -4.2694e+00 +4.0389e-01 -2.9380e+00 +2.2817e+00 +6.9965e-01
2766 +1.558211130e+02 +1.558211130e+02 +1.495611130e+02 +1.495611130e+02 -1.0448e+00 +1.5139e-01 +2.3364e+00 -5.9812e-01 +1.5394e+00 -8.4051e-01 -2.8736e+00 +2.3711e+00 -4.3169e-01 +2.6720e+00 -2.3955e+00 -1.6753e+00 -5.7696e-01 +1.2778e+00 -6.2773e+00 -2.6921e+00 -4.8213e-01 -1.8338e+00 +1.0276e+00 +1.9617e+00
% function evaluation | noise-free fitness - Fopt (1.838600000000e+02) | best noise-free fitness - Fopt | measured fitness | best measured fitness | x1 | x2...
1 +1.092257438e+06 +1.092257438e+06 +1.092441298e+06 +1.092441298e+06 -4.1957e+00 -2.1579e+00 -6.8250e-01 -3.6285e+00 +2.5507e+00 +2.6357e+00 +1.6231e+00 +2.6382e+00 +2.2532e+00 +1.3430e+00 -4.3537e+00 +4.6869e+00 +1.8127e+00 -4.1089e+00 +3.8753e+00 -2.4982e+00 -3.1902e+00 -1.3281e+00 -2.0958e-01 +4.2838e+00
2 +3.319381205e+05 +3.319381205e+05 +3.321219805e+05 +3.321219805e+05 -6.0482e-01 -3.5877e+00 +9.2635e-01 -2.4986e+00 -1.3582e+00 -4.0274e+00 +2.3539e-01 -4.2463e-01 +2.2532e+00 -2.9930e+00 -3.6438e+00 -4.5573e+00 +3.0165e+00 -7.8125e-01 -3.8899e+00 +2.2254e+00 +4.5569e+00 -4.9989e+00 -8.1375e-01 -2.0306e+00
32 +2.046319999e+05 +2.046319999e+05 +2.048158599e+05 +2.048158599e+05 -6.1991e-01 -6.5048e-01 +2.0804e+00 -3.2196e+00 +2.4736e+00 +2.3726e+00 +3.3361e+00 -2.8458e-01 -1.9478e+00 -6.1909e-01 +2.8111e+00 -8.6918e-01 +3.6950e+00 -1.2675e+00 -4.4963e+00 -4.8633e+00 +7.4695e+00 -7.6430e+00 +4.3381e-01 -1.7883e+00
67 +1.098085208e+05 +1.098085208e+05 +1.099923808e+05 +1.099923808e+05 -2.7555e+00 -3.8074e+00 +6.0905e+00 -1.0085e+00 +2.4072e+00 +2.7330e+00 +1.5731e+00 -6.2858e+00 +4.6911e-02 +2.1466e+00 -6.3588e+00 +2.7117e+00 +3.6455e+00 -1.3352e+00 -7.9942e-01 +1.0505e-01 +7.2792e+00 -7.7818e+00 +1.0679e+00 -6.2721e-01
81 +3.419414945e+04 +3.419414945e+04 +3.437800945e+04 +3.437800945e+04 -2.6147e+00 -4.0694e+00 +6.0760e+00 -1.8571e+00 +4.7071e+00 +2.6321e+00 +2.2438e+00 -4.4159e+00 +4.2261e-01 +2.3572e+00 -5.1018e+00 +2.8399e+00 +1.5277e+00 -1.9392e+00 +1.2357e-01 +3.0282e+00 +7.1003e+00 -8.5323e+00 +1.3663e-01 +8.5048e-01
271 +1.928389590e+04 +1.928389590e+04 +1.946775590e+04 +1.946775590e+04 -2.8457e+00 -5.8806e+00 +5.9061e+00 -3.7329e+00 +2.8889e+00 +4.3242e+00 +2.2790e+00 -6.0738e+00 -2.0963e-01 +3.4167e+00 -4.6732e+00 +2.6313e+00 +4.1697e+00 -1.0770e+00 -1.7560e+00 -3.6592e-01 +8.9078e+00 -9.3527e+00 +1.7113e+00 +3.8807e-01
331 +1.260799023e+04 +1.260799023e+04 +1.279185023e+04 +1.279185023e+04 -3.0449e+00 -6.0905e+00 +6.8482e+00 -3.9372e+00 +2.4121e+00 +5.3164e+00 +3.9351e+00 -5.6070e+00 -2.5991e-01 +3.0615e+00 -6.3027e+00 +3.3594e+00 +4.2359e+00 -1.4192e+00 -1.6981e+00 -7.9110e-01 +1.0754e+01 -1.1057e+01 +9.7011e-01 -5.6219e-02
342 +6.864547551e+03 +6.864547551e+03 +7.048407551e+03 +7.048407551e+03 -2.4951e+00 -7.8133e+00 +7.0878e+00 -5.0988e+00 +2.8366e+00 +6.3561e+00 +5.0212e+00 -4.1503e+00 -5.4592e-01 +4.6205e+00 -4.6542e+00 +3.7952e+00 +4.1232e+00 -1.2900e+00 -1.6127e+00 -1.1739e+00 +1.2422e+01 -1.1790e+01 -1.7075e-01 -1.3359e-02
344 +3.969832155e+03 +3.969832155e+03 +4.153692155e+03 +4.153692155e+03 -2.5418e+00 -6.7116e+00 +6.7012e+00 -2.3707e+00 +4.0663e+00 +3.9577e+00 +4.4476e+00 -4.9330e+00 +3.9371e-01 +3.3729e+00 -6.5385e+00 +3.4199e+00 +2.8559e+00 -1.0645e+00 -1.1362e+00 +1.5840e+00 +1.0023e+01 -9.9363e+00 +1.5264e+00 +1.3014e-01
399 +8.817176265e+02 +8.817176265e+02 +1.065577627e+03 +1.065577627e+03 -1.4668e+00 -7.3848e+00 +6.7202e+00 -2.8605e+00 +4.5062e+00 +4.0081e+00 +4.6261e+00 -3.5457e+00 -3.3703e-01 +3.9892e+00 -6.4308e+00 +3.9282e+00 +3.1384e+00 -3.5508e-01 -1.0142e+00 +1.3206e+00 +9.1878e+00 -9.0302e+00 +1.0288e-01 +5.5854e-02
583 +6.231791507e+02 +6.231791507e+02 +8.070391507e+02 +8.070391507e+02 -1.0121e+00 -6.7653e+00 +6.0927e+00 -3.1701e+00 +4.3902e+00 +3.5703e+00 +4.8252e+00 -3.2376e+00 -6.3299e-01 +3.2580e+00 -8.0437e+00 +4.2657e+00 +3.0277e+00 -5.6709e-01 -4.7095e-01 +1.7452e+00 +8.4350e+00 -8.2966e+00 -9.9082e-01 +6.1781e-01
1314 +3.966568652e+02 +3.966568652e+02 +5.805168652e+02 +5.805168652e+02 -1.4899e+00 -7.4031e+00 +4.6264e+00 -2.7869e+00 +2.9703e+00 +8.7247e-01 +2.2030e+00 -2.5517e+00 +1.1760e+00 +4.9393e+00 -2.7462e+00 +2.1770e+00 +1.7897e+00 +1.6781e+00 -2.0467e+00 +2.3961e+00 +8.8538e+00 -6.1576e+00 +1.3083e+00 -1.4979e-01
1663 +2.399519685e+02 +2.399519685e+02 +4.238119685e+02 +4.238119685e+02 -1.1360e+00 -6.3606e+00 +3.2465e+00 -2.3639e+00 +3.3181e+00 +5.0181e-01 +8.9251e-01 -2.0399e+00 +7.5317e-01 +4.3592e+00 +8.3199e-01 +2.2311e+00 +1.4422e+00 +2.0184e+00 -3.3248e+00 +2.2412e+00 +8.0674e+00 -3.9600e+00 +2.4802e+00 -8.5494e-01
2855 +1.553121310e+02 +1.553121310e+02 +3.391721310e+02 +3.391721310e+02 -6.4058e-01 -5.7156e+00 +3.1949e+00 -1.8914e+00 +3.9374e+00 +7.1746e-01 -3.6903e-01 -8.0588e-01 -6.3242e-01 +3.2082e+00 +4.9393e+00 +2.6323e+00 +6.7006e-01 +1.4564e+00 -4.7703e+00 +2.1484e+00 +6.2867e+00 -1.3212e+00 +2.5573e+00 -1.4156e+00
4742 +9.921880354e+01 +9.921880354e+01 +2.830788035e+02 +2.830788035e+02 -2.2499e+00 -6.0839e+00 +4.2928e+00 -1.4833e+00 +2.9876e+00 +1.4401e+00 -1.8618e+00 -1.0024e+00 -1.3823e+00 +7.0644e-01 +4.6820e+00 +2.2162e+00 +6.4030e-02 +8.8634e-01 -4.5600e+00 +1.8809e+00 +5.7414e+00 -8.3433e-01 +1.6771e+00 -8.6886e-01
