% function evaluation | noise-free fitness - Fopt (9.294000000000e+01) | best noise-free fitness - Fopt | measured fitness | best measured fitness | x1 | x2...
1 +2.304782192e+02 +2.304782192e+02 +3.234182192e+02 +3.234182192e+02 -1.0664e-01 +4.2761e+00
4 +3.309814220e+01 +3.309814220e+01 +1.260381422e+02 +1.260381422e+02 +3.4593e+00 -1.8855e+00
14 +8.486338522e+00 +8.486338522e+00 +1.014263385e+02 +1.014263385e+02 -4.8093e-01 +2.4006e-01
18 +2.403662360e+00 +2.403662360e+00 +9.534366236e+01 +9.534366236e+01 -1.4472e+00 +1.8932e+00
45 +6.009155901e-01 +6.009155901e-01 +9.354091559e+01 +9.354091559e+01 -9.0501e-01 +1.9532e+00
146 +6.903348290e-02 +6.903348290e-02 +9.300903348e+01 +9.300903348e+01 +0.0000e+00 +5.4604e-01
510 +6.009155901e-03 +6.009155901e-03 +9.294600916e+01 +9.294600916e+01 -2.7184e-01 +7.8471e-01
1881 +4.149903106e-07 +4.149903106e-07 +9.294000041e+01 +9.294000041e+01 -1.9845e-01 +7.0177e-01
1950 +2.973931430e-07 +2.973931430e-07 +9.294000030e+01 +9.294000030e+01 -2.0959e-01 +7.1020e-01
2030 +6.046425938e-08 +6.046425938e-08 +9.294000006e+01 +9.294000006e+01 -2.2496e-01 +7.2979e-01
2489 +3.222943690e-08 +3.222943690e-08 +9.294000003e+01 +9.294000003e+01 -2.1208e-01 +7.4441e-01
2551 +1.185263443e-08 +1.185263443e-08 +9.294000001e+01 +9.294000001e+01 -2.3974e-01 +7.2953e-01
2698 +1.866027333e-10 +1.866027333e-10 +9.294000000e+01 +9.294000000e+01 -2.3145e-01 +7.3383e-01
3244 +1.203659394e-11 +1.203659394e-11 +9.294000000e+01 +9.294000000e+01 -2.3145e-01 +7.3385e-01
4138 +9.109157872e-12 +9.109157872e-12 +9.294000000e+01 +9.294000000e+01 -2.3145e-01 +7.3385e-01
4167 +6.210143511e-12 +6.210143511e-12 +9.294000000e+01 +9.294000000e+01 -2.3145e-01 +7.3385e-01
4178 +3.026912054e-12 +3.026912054e-12 +9.294000000e+01 +9.294000000e+01 -2.3145e-01 +7.3385e-01
4218 +1.676880856e-12 +1.676880856e-12 +9.294000000e+01 +9.294000000e+01 -2.3145e-01 +7.3385e-01
4258 +1.378452907e-12 +1.378452907e-12 +9.294000000e+01 +9.294000000e+01 -2.3145e-01 +7.3385e-01
4272 +9.379164112e-13 +9.379164112e-13 +9.294000000e+01 +9.294000000e+01 -2.3180e-01 +7.3372e-01
4586 +1.421085472e-14 +1.421085472e-14 +9.294000000e+01 +9.294000000e+01 -2.3057e-01 +7.3417e-01
% function evaluation | noise-free fitness - Fopt (3.535000000000e+01) | best noise-free fitness - Fopt | measured fitness | best measured fitness | x1 | x2...
1 +6.443010485e+01 +6.443010485e+01 +9.978010485e+01 +9.978010485e+01 -3.1499e+00 -8.7555e-01
2 +1.542672348e+01 +1.542672348e+01 +5.077672348e+01 +5.077672348e+01 +8.6237e-01 -8.4053e-01
27 +5.392902533e+00 +5.392902533e+00 +4.074290253e+01 +4.074290253e+01 +3.5013e+00 +3.3822e+00
31 +3.708886717e+00 +3.708886717e+00 +3.905888672e+01 +3.905888672e+01 +2.0791e-01 -1.6875e-01
69 +1.332201575e+00 +1.332201575e+00 +3.668220157e+01 +3.668220157e+01 +1.9954e+00 +1.2357e+00
73 +9.710203575e-01 +9.710203575e-01 +3.632102036e+01 +3.632102036e+01 +1.0781e+00 +1.1262e+00
261 +4.645013305e-02 +4.645013305e-02 +3.539645013e+01 +3.539645013e+01 +1.7898e+00 +1.6258e+00
1010 +1.534437970e-02 +1.534437970e-02 +3.536534438e+01 +3.536534438e+01 +1.7058e+00 +1.4904e+00
1174 +3.836094924e-03 +3.836094924e-03 +3.535383609e+01 +3.535383609e+01 +1.7431e+00 +1.4868e+00
1606 +1.393492894e-07 +1.393492894e-07 +3.535000014e+01 +3.535000014e+01 +1.7651e+00 +1.4721e+00
2006 +1.607021005e-08 +1.607021005e-08 +3.535000002e+01 +3.535000002e+01 +1.7552e+00 +1.4817e+00
2177 +1.376650971e-08 +1.376650971e-08 +3.535000001e+01 +3.535000001e+01 +1.7693e+00 +1.4897e+00
2295 +4.243240426e-09 +4.243240426e-09 +3.535000000e+01 +3.535000000e+01 +1.7465e+00 +1.4809e+00
2591 +3.018897132e-09 +3.018897132e-09 +3.535000000e+01 +3.535000000e+01 +1.7750e+00 +1.4898e+00
2697 +1.378381853e-09 +1.378381853e-09 +3.535000000e+01 +3.535000000e+01 +1.7753e+00 +1.4904e+00
2750 +7.302034533e-10 +7.302034533e-10 +3.535000000e+01 +3.535000000e+01 +1.7715e+00 +1.4889e+00
2832 +8.334666290e-11 +8.334666290e-11 +3.535000000e+01 +3.535000000e+01 +1.7715e+00 +1.4890e+00
3271 +2.840749858e-11 +2.840749858e-11 +3.535000000e+01 +3.535000000e+01 +1.7746e+00 +1.4900e+00
3867 +9.961809155e-12 +9.961809155e-12 +3.535000000e+01 +3.535000000e+01 +1.7746e+00 +1.4900e+00
3947 +1.136868377e-13 +1.136868377e-13 +3.535000000e+01 +3.535000000e+01 +1.7746e+00 +1.4900e+00
4387 +6.394884622e-14 +6.394884622e-14 +3.535000000e+01 +3.535000000e+01 +1.7746e+00 +1.4900e+00
4427 +2.842170943e-14 +2.842170943e-14 +3.535000000e+01 +3.535000000e+01 +1.7746e+00 +1.4900e+00
4467 +2.131628207e-14 +2.131628207e-14 +3.535000000e+01 +3.535000000e+01 +1.7746e+00 +1.4900e+00
4745 +7.105427358e-15 +7.105427358e-15 +3.535000000e+01 +3.535000000e+01 +1.7746e+00 +1.4900e+00
4867 +0.000000000e+00 +0.000000000e+00 +3.535000000e+01 +3.535000000e+01 +1.7746e+00 +1.4900e+00
% function evaluation | noise-free fitness - Fopt (3.820000000000e+00) | best noise-free fitness - Fopt | measured fitness | best measured fitness | x1 | x2...
1 +5.150085344e+03 +5.150085344e+03 +5.153905344e+03 +5.153905344e+03 -3.4754e+00 +4.6515e+00
2 +7.987036030e+00 +7.987036030e+00 +1.180703603e+01 +1.180703603e+01 +4.7512e+00 +3.3213e+00
26 +2.811841591e+00 +2.811841591e+00 +6.631841591e+00 +6.631841591e+00 +4.6945e+00 +3.7995e+00
82 +5.122905424e-01 +5.122905424e-01 +4.332290542e+00 +4.332290542e+00 +4.4966e+00 +2.8779e+00
146 +7.987036030e-02 +7.987036030e-02 +3.899870360e+00 +3.899870360e+00 +3.9331e+00 +1.0009e+00
311 +2.811841591e-02 +2.811841591e-02 +3.848118416e+00 +3.848118416e+00 +4.0759e+00 +1.4323e+00
592 +5.122905424e-03 +5.122905424e-03 +3.825122905e+00 +3.825122905e+00 +4.0433e+00 +1.4088e+00
1188 +1.825491815e-07 +1.825491815e-07 +3.820000183e+00 +3.820000183e+00 +3.9917e+00 +1.1960e+00
1361 +1.055391547e-07 +1.055391547e-07 +3.820000106e+00 +3.820000106e+00 +3.9793e+00 +1.1675e+00
1422 +8.135021989e-08 +8.135021989e-08 +3.820000081e+00 +3.820000081e+00 +3.9987e+00 +1.1694e+00
1462 +2.838089319e-09 +2.838089319e-09 +3.820000003e+00 +3.820000003e+00 +4.0041e+00 +1.1771e+00
1822 +9.574065984e-10 +9.574065984e-10 +3.820000001e+00 +3.820000001e+00 +4.0037e+00 +1.1773e+00
2132 +5.487179600e-10 +5.487179600e-10 +3.820000001e+00 +3.820000001e+00 +4.0099e+00 +1.1771e+00
2681 +3.498312751e-10 +3.498312751e-10 +3.820000000e+00 +3.820000000e+00 +4.0101e+00 +1.1772e+00
2721 +1.100692870e-10 +1.100692870e-10 +3.820000000e+00 +3.820000000e+00 +4.0106e+00 +1.1772e+00
2801 +7.156586435e-11 +7.156586435e-11 +3.820000000e+00 +3.820000000e+00 +4.0105e+00 +1.1772e+00
2881 +7.905232025e-12 +7.905232025e-12 +3.820000000e+00 +3.820000000e+00 +4.0105e+00 +1.1772e+00
3361 +2.989164472e-12 +2.989164472e-12 +3.820000000e+00 +3.820000000e+00 +4.0105e+00 +1.1772e+00
3697 +7.540634783e-13 +7.540634783e-13 +3.820000000e+00 +3.820000000e+00 +4.0104e+00 +1.1772e+00
3857 +2.118305531e-13 +2.118305531e-13 +3.820000000e+00 +3.820000000e+00 +4.0104e+00 +1.1772e+00
3937 +4.041211810e-14 +4.041211810e-14 +3.820000000e+00 +3.820000000e+00 +4.0104e+00 +1.1772e+00
4257 +1.021405183e-14 +1.021405183e-14 +3.820000000e+00 +3.820000000e+00 +4.0104e+00 +1.1772e+00
4297 +3.996802889e-15 +3.996802889e-15 +3.820000000e+00 +3.820000000e+00 +4.0104e+00 +1.1772e+00
4950 +8.881784197e-16 +8.881784197e-16 +3.820000000e+00 +3.820000000e+00 +4.0104e+00 +1.1772e+00
4976 +0.000000000e+00 +0.000000000e+00 +3.820000000e+00 +3.820000000e+00 +4.0104e+00 +1.1772e+00
% function evaluation | noise-free fitness - Fopt (2.175000000000e+01) | best noise-free fitness - Fopt | measured fitness | best measured fitness | x1 | x2...
1 +8.739238155e+01 +8.739238155e+01 +1.091423815e+02 +1.091423815e+02 +2.3788e+00 +4.4766e+00
6 +1.220771398e+01 +1.220771398e+01 +3.395771398e+01 +3.395771398e+01 +3.3217e-01 +4.1162e+00
21 +8.036260147e+00 +8.036260147e+00 +2.978626015e+01 +2.978626015e+01 +6.1790e-01 +3.1566e+00
45 +5.915735173e+00 +5.915735173e+00 +2.766573517e+01 +2.766573517e+01 +1.1166e+00 +2.8830e+00
47 +7.629821235e-01 +7.629821235e-01 +2.251298212e+01 +2.251298212e+01 +2.8787e+00 +1.6313e+00
286 +4.839357534e-01 +4.839357534e-01 +2.223393575e+01 +2.223393575e+01 +3.4599e+00 +1.0323e+00
350 +3.051928494e-02 +3.051928494e-02 +2.178051928e+01 +2.178051928e+01 +3.9371e+00 +7.3395e-01
1144 +1.535814456e-02 +1.535814456e-02 +2.176535814e+01 +2.176535814e+01 +3.8092e+00 +8.5975e-01
1274 +7.629821235e-03 +7.629821235e-03 +2.175762982e+01 +2.175762982e+01 +3.6952e+00 +9.6520e-01
2319 +3.382160720e-07 +3.382160720e-07 +2.175000034e+01 +2.175000034e+01 +3.7849e+00 +8.5934e-01
2344 +1.384849462e-07 +1.384849462e-07 +2.175000014e+01 +2.175000014e+01 +3.7771e+00 +8.7807e-01
2503 +9.017287894e-08 +9.017287894e-08 +2.175000009e+01 +2.175000009e+01 +3.7648e+00 +8.8027e-01
2542 +3.452427677e-09 +3.452427677e-09 +2.175000000e+01 +2.175000000e+01 +3.7544e+00 +8.8754e-01
3063 +5.602664999e-10 +5.602664999e-10 +2.175000000e+01 +2.175000000e+01 +3.7559e+00 +8.8745e-01
3183 +3.541025251e-10 +3.541025251e-10 +2.175000000e+01 +2.175000000e+01 +3.7558e+00 +8.8753e-01
3423 +6.548717124e-11 +6.548717124e-11 +2.175000000e+01 +2.175000000e+01 +3.7559e+00 +8.8752e-01
3583 +1.449151910e-11 +1.449151910e-11 +2.175000000e+01 +2.175000000e+01 +3.7560e+00 +8.8752e-01
3803 +4.522604513e-12 +4.522604513e-12 +2.175000000e+01 +2.175000000e+01 +3.7559e+00 +8.8752e-01
3942 +6.004086117e-13 +6.004086117e-13 +2.175000000e+01 +2.175000000e+01 +3.7559e+00 +8.8752e-01
4249 +3.765876500e-13 +3.765876500e-13 +2.175000000e+01 +2.175000000e+01 +3.7559e+00 +8.8752e-01
4331 +1.563194019e-13 +1.563194019e-13 +2.175000000e+01 +2.175000000e+01 +3.7559e+00 +8.8752e-01
4422 +3.197442311e-14 +3.197442311e-14 +2.175000000e+01 +2.175000000e+01 +3.7559e+00 +8.8752e-01
4496 +7.105427358e-15 +7.105427358e-15 +2.175000000e+01 +2.175000000e+01 +3.7559e+00 +8.8752e-01
4896 +3.552713679e-15 +3.552713679e-15 +2.175000000e+01 +2.175000000e+01 +3.7559e+00 +8.8752e-01
% function evaluation | noise-free fitness - Fopt (6.479000000000e+01) | best noise-free fitness - Fopt | measured fitness | best measured fitness | x1 | x2...
1 +3.066157894e+03 +3.066157894e+03 +3.130947894e+03 +3.130947894e+03 +2.5743e+00 +2.8379e+00
2 +1.517829827e+02 +1.517829827e+02 +2.165729827e+02 +2.165729827e+02 -3.1373e+00 +1.6004e+00
6 +3.985836622e+01 +3.985836622e+01 +1.046483662e+02 +1.046483662e+02 -3.1796e-01 -2.8077e+00
33 +1.605039404e+01 +1.605039404e+01 +8.084039404e+01 +8.084039404e+01 -3.2941e+00 -4.0086e-02
36 +1.054211535e+01 +1.054211535e+01 +7.533211535e+01 +7.533211535e+01 +6.4788e-01 -4.4260e+00
44 +5.673389869e+00 +5.673389869e+00 +7.046338987e+01 +7.046338987e+01 -1.5381e-01 -4.6076e+00
60 +3.977313407e+00 +3.977313407e+00 +6.876731341e+01 +6.876731341e+01 -1.7342e+00 -2.4431e+00
110 +2.509132044e+00 +2.509132044e+00 +6.729913204e+01 +6.729913204e+01 +6.7657e-01 -5.0000e+00
167 +6.303766521e-01 +6.303766521e-01 +6.542037665e+01 +6.542037665e+01 -1.2047e+00 -2.7873e+00
318 +1.442549270e-01 +1.442549270e-01 +6.493425493e+01 +6.493425493e+01 -1.6842e+00 -2.2493e+00
359 +1.979872827e-02 +1.979872827e-02 +6.480979873e+01 +6.480979873e+01 -1.7285e+00 -2.2453e+00
470 +1.453904304e-07 +1.453904304e-07 +6.479000015e+01 +6.479000015e+01 -1.8692e+00 -2.0907e+00
688 +9.569035342e-09 +9.569035342e-09 +6.479000001e+01 +6.479000001e+01 -1.8663e+00 -2.1096e+00
1630 +3.813667604e-09 +3.813667604e-09 +6.479000000e+01 +6.479000000e+01 -1.8628e+00 -2.1071e+00
2285 +1.446949227e-09 +1.446949227e-09 +6.479000000e+01 +6.479000000e+01 -1.8637e+00 -2.1074e+00
2445 +8.716085631e-10 +8.716085631e-10 +6.479000000e+01 +6.479000000e+01 -1.8634e+00 -2.1073e+00
2725 +9.592326933e-12 +9.592326933e-12 +6.479000000e+01 +6.479000000e+01 -1.8634e+00 -2.1072e+00
3533 +6.224354365e-12 +6.224354365e-12 +6.479000000e+01 +6.479000000e+01 -1.8635e+00 -2.1073e+00
3730 +1.421085472e-14 +1.421085472e-14 +6.479000000e+01 +6.479000000e+01 -1.8634e+00 -2.1073e+00
4578 +0.000000000e+00 +0.000000000e+00 +6.479000000e+01 +6.479000000e+01 -1.8634e+00 -2.1073e+00
% function evaluation | noise-free fitness - Fopt (5.407000000000e+01) | best noise-free fitness - Fopt | measured fitness | best measured fitness | x1 | x2...
1 +1.058473185e+03 +1.058473185e+03 +1.112543185e+03 +1.112543185e+03 +2.9001e+00 +2.7326e+00
2 +5.127340081e+01 +5.127340081e+01 +1.053434008e+02 +1.053434008e+02 +2.0526e+00 -4.0304e+00
3 +4.274390475e+00 +4.274390475e+00 +5.834439047e+01 +5.834439047e+01 -1.4854e+00 -4.6572e+00
20 +2.524499764e+00 +2.524499764e+00 +5.659449976e+01 +5.659449976e+01 +2.1255e+00 -2.9713e+00
48 +6.311249409e-01 +6.311249409e-01 +5.470112494e+01 +5.470112494e+01 +3.8396e-01 -3.4759e+00
160 +4.749322750e-03 +4.749322750e-03 +5.407474932e+01 +5.407474932e+01 +8.9044e-01 -3.3769e+00
956 +1.408418839e-07 +1.408418839e-07 +5.407000014e+01 +5.407000014e+01 +9.3536e-01 -3.3633e+00
2010 +9.908846010e-08 +9.908846010e-08 +5.407000010e+01 +5.407000010e+01 +9.5879e-01 -3.3525e+00
2055 +2.542525834e-08 +2.542525834e-08 +5.407000003e+01 +5.407000003e+01 +9.4917e-01 -3.3605e+00
2059 +1.854483145e-08 +1.854483145e-08 +5.407000002e+01 +5.407000002e+01 +9.4402e-01 -3.3547e+00
2130 +2.470578409e-09 +2.470578409e-09 +5.407000000e+01 +5.407000000e+01 +9.5236e-01 -3.3597e+00
2634 +1.016438489e-09 +1.016438489e-09 +5.407000000e+01 +5.407000000e+01 +9.3964e-01 -3.3480e+00
3005 +8.567724308e-10 +8.567724308e-10 +5.407000000e+01 +5.407000000e+01 +9.3962e-01 -3.3480e+00
3085 +7.894129794e-12 +7.894129794e-12 +5.407000000e+01 +5.407000000e+01 +9.3964e-01 -3.3479e+00
3364 +2.515321285e-12 +2.515321285e-12 +5.407000000e+01 +5.407000000e+01 +9.3948e-01 -3.3477e+00
4324 +8.597567103e-13 +8.597567103e-13 +5.407000000e+01 +5.407000000e+01 +9.3948e-01 -3.3477e+00
4364 +1.989519660e-13 +1.989519660e-13 +5.407000000e+01 +5.407000000e+01 +9.3948e-01 -3.3477e+00
4444 +8.526512829e-14 +8.526512829e-14 +5.407000000e+01 +5.407000000e+01 +9.3948e-01 -3.3477e+00
4564 +2.131628207e-14 +2.131628207e-14 +5.407000000e+01 +5.407000000e+01 +9.3948e-01 -3.3477e+00
4604 +1.421085472e-14 +1.421085472e-14 +5.407000000e+01 +5.407000000e+01 +9.3948e-01 -3.3477e+00
4644 +7.105427358e-15 +7.105427358e-15 +5.407000000e+01 +5.407000000e+01 +9.3948e-01 -3.3477e+00
% function evaluation | noise-free fitness - Fopt (-9.152000000000e+01) | best noise-free fitness - Fopt | measured fitness | best measured fitness | x1 | x2...
1 +8.457294617e+01 +8.457294617e+01 -6.947053826e+00 -6.947053826e+00 -2.3640e+00 +8.8783e-01
6 +5.326636028e+01 +5.326636028e+01 -3.825363972e+01 -3.825363972e+01 +3.5124e+00 +1.1773e+00
13 +2.390470658e+01 +2.390470658e+01 -6.761529342e+01 -6.761529342e+01 -3.0572e-01 +1.9313e+00
16 +2.967585711e+00 +2.967585711e+00 -8.855241429e+01 -8.855241429e+01 -1.8841e+00 +2.8791e+00
41 +6.865307630e-01 +6.865307630e-01 -9.083346924e+01 -9.083346924e+01 -3.7685e+00 +2.6707e+00
54 +2.408547134e-01 +2.408547134e-01 -9.127914529e+01 -9.127914529e+01 -2.7651e+00 +2.7684e+00
267 +1.214148999e-01 +1.214148999e-01 -9.139858510e+01 -9.139858510e+01 -2.8496e+00 +2.8082e+00
347 +1.617119780e-02 +1.617119780e-02 -9.150382880e+01 -9.150382880e+01 -2.4547e+00 +2.7908e+00
707 +6.865307630e-03 +6.865307630e-03 -9.151313469e+01 -9.151313469e+01 -2.5234e+00 +2.7841e+00
1668 +1.851766456e-07 +1.851766456e-07 -9.151999981e+01 -9.151999981e+01 -2.4074e+00 +2.8086e+00
1748 +1.622089485e-08 +1.622089485e-08 -9.151999998e+01 -9.151999998e+01 -2.4133e+00 +2.7856e+00
2002 +4.199279147e-09 +4.199279147e-09 -9.152000000e+01 -9.152000000e+01 -2.4089e+00 +2.7743e+00
2568 +2.101913310e-09 +2.101913310e-09 -9.152000000e+01 -9.152000000e+01 -2.4093e+00 +2.7762e+00
2688 +1.144314865e-09 +1.144314865e-09 -9.152000000e+01 -9.152000000e+01 -2.4093e+00 +2.7756e+00
2762 +7.660361234e-10 +7.660361234e-10 -9.152000000e+01 -9.152000000e+01 -2.4079e+00 +2.7734e+00
2962 +1.947171313e-10 +1.947171313e-10 -9.152000000e+01 -9.152000000e+01 -2.4079e+00 +2.7735e+00
3039 +6.244249562e-11 +6.244249562e-11 -9.152000000e+01 -9.152000000e+01 -2.4080e+00 +2.7735e+00
3293 +1.270450412e-11 +1.270450412e-11 -9.152000000e+01 -9.152000000e+01 -2.4080e+00 +2.7736e+00
3652 +4.533262654e-12 +4.533262654e-12 -9.152000000e+01 -9.152000000e+01 -2.4079e+00 +2.7735e+00
4154 +3.709033081e-12 +3.709033081e-12 -9.152000000e+01 -9.152000000e+01 -2.4079e+00 +2.7735e+00
4194 +2.842170943e-13 +2.842170943e-13 -9.152000000e+01 -9.152000000e+01 -2.4079e+00 +2.7735e+00
4714 +0.000000000e+00 +0.000000000e+00 -9.152000000e+01 -9.152000000e+01 -2.4079e+00 +2.7735e+00
% function evaluation | noise-free fitness - Fopt (2.263000000000e+01) | best noise-free fitness - Fopt | measured fitness | best measured fitness | x1 | x2...
1 +6.061309325e+02 +6.061309325e+02 +6.287609325e+02 +6.287609325e+02 -3.2978e-02 -1.3689e-01
3 +1.982305375e+02 +1.982305375e+02 +2.208605375e+02 +2.208605375e+02 +4.3086e+00 -1.8336e+00
4 +2.575235725e+01 +2.575235725e+01 +4.838235725e+01 +4.838235725e+01 +3.4276e+00 +2.7393e+00
8 +7.299779259e-01 +7.299779259e-01 +2.335997793e+01 +2.335997793e+01 +2.6874e+00 -3.3001e+00
256 +2.312893339e-01 +2.312893339e-01 +2.286128933e+01 +2.286128933e+01 +2.8197e+00 -3.8943e+00
701 +1.397172413e-01 +1.397172413e-01 +2.276971724e+01 +2.276971724e+01 +2.8163e+00 -3.7695e+00
748 +4.291351010e-02 +4.291351010e-02 +2.267291351e+01 +2.267291351e+01 +2.7568e+00 -3.2608e+00
749 +3.065116800e-07 +3.065116800e-07 +2.263000031e+01 +2.263000031e+01 +2.7758e+00 -3.6763e+00
909 +5.015681381e-08 +5.015681381e-08 +2.263000005e+01 +2.263000005e+01 +2.7650e+00 -3.6480e+00
1449 +1.622719736e-08 +1.622719736e-08 +2.263000002e+01 +2.263000002e+01 +2.7836e+00 -3.6450e+00
1539 +4.002881582e-09 +4.002881582e-09 +2.263000000e+01 +2.263000000e+01 +2.7716e+00 -3.6446e+00
2019 +2.011390166e-09 +2.011390166e-09 +2.263000000e+01 +2.263000000e+01 +2.7625e+00 -3.6422e+00
2379 +2.179412206e-10 +2.179412206e-10 +2.263000000e+01 +2.263000000e+01 +2.7678e+00 -3.6435e+00
2810 +7.501554933e-11 +7.501554933e-11 +2.263000000e+01 +2.263000000e+01 +2.7670e+00 -3.6433e+00
3233 +2.849631642e-11 +2.849631642e-11 +2.263000000e+01 +2.263000000e+01 +2.7670e+00 -3.6433e+00
3353 +1.252331572e-11 +1.252331572e-11 +2.263000000e+01 +2.263000000e+01 +2.7669e+00 -3.6433e+00
3501 +2.344791028e-13 +2.344791028e-13 +2.263000000e+01 +2.263000000e+01 +2.7669e+00 -3.6433e+00
3643 +1.776356839e-14 +1.776356839e-14 +2.263000000e+01 +2.263000000e+01 +2.7669e+00 -3.6433e+00
4043 +0.000000000e+00 +0.000000000e+00 +2.263000000e+01 +2.263000000e+01 +2.7669e+00 -3.6433e+00
% function evaluation | noise-free fitness - Fopt (1.554000000000e+01) | best noise-free fitness - Fopt | measured fitness | best measured fitness | x1 | x2...
1 +5.604042847e+02 +5.604042847e+02 +5.759442847e+02 +5.759442847e+02 +1.1369e+00 -4.7477e+00
2 +1.938264992e+02 +1.938264992e+02 +2.093664992e+02 +2.093664992e+02 +1.6391e+00 -1.0064e+00
11 +9.902028143e+01 +9.902028143e+01 +1.145602814e+02 +1.145602814e+02 +4.3551e+00 -3.7926e+00
12 +5.301307840e+00 +5.301307840e+00 +2.084130784e+01 +2.084130784e+01 +3.6661e-01 -2.5172e+00
13 +1.480831473e+00 +1.480831473e+00 +1.702083147e+01 +1.702083147e+01 +1.1908e+00 -2.3597e+00
104 +4.932982237e-01 +4.932982237e-01 +1.603329822e+01 +1.603329822e+01 +7.8679e-01 -2.3161e+00
443 +3.328142896e-01 +3.328142896e-01 +1.587281429e+01 +1.587281429e+01 -5.6592e-01 -2.2146e+00
457 +1.301915557e-01 +1.301915557e-01 +1.567019156e+01 +1.567019156e+01 -2.2799e-01 -2.2139e+00
823 +7.232333984e-02 +7.232333984e-02 +1.561232334e+01 +1.561232334e+01 -1.5386e+00 -2.0710e+00
994 +1.248853162e-02 +1.248853162e-02 +1.555248853e+01 +1.555248853e+01 -1.7991e+00 -2.0063e+00
1246 +3.122132904e-03 +3.122132904e-03 +1.554312213e+01 +1.554312213e+01 -1.4975e+00 -2.0485e+00
1290 +1.655437298e-07 +1.655437298e-07 +1.554000017e+01 +1.554000017e+01 -1.6006e+00 -2.0155e+00
1588 +4.919311181e-09 +4.919311181e-09 +1.554000000e+01 +1.554000000e+01 -1.5847e+00 -2.0183e+00
2534 +1.511283543e-09 +1.511283543e-09 +1.554000000e+01 +1.554000000e+01 -1.5840e+00 -2.0147e+00
2654 +6.078550996e-10 +6.078550996e-10 +1.554000000e+01 +1.554000000e+01 -1.5838e+00 -2.0148e+00
2694 +2.620428319e-10 +2.620428319e-10 +1.554000000e+01 +1.554000000e+01 -1.5839e+00 -2.0148e+00
2894 +9.140954660e-11 +9.140954660e-11 +1.554000000e+01 +1.554000000e+01 -1.5839e+00 -2.0148e+00
3022 +3.727684827e-11 +3.727684827e-11 +1.554000000e+01 +1.554000000e+01 -1.5839e+00 -2.0151e+00
3584 +1.295674679e-11 +1.295674679e-11 +1.554000000e+01 +1.554000000e+01 -1.5846e+00 -2.0226e+00
3648 +4.689582056e-13 +4.689582056e-13 +1.554000000e+01 +1.554000000e+01 -1.5846e+00 -2.0225e+00
3968 +3.232969448e-13 +3.232969448e-13 +1.554000000e+01 +1.554000000e+01 -1.5846e+00 -2.0225e+00
4328 +1.438849040e-13 +1.438849040e-13 +1.554000000e+01 +1.554000000e+01 -1.5846e+00 -2.0225e+00
4368 +6.927791674e-14 +6.927791674e-14 +1.554000000e+01 +1.554000000e+01 -1.5846e+00 -2.0225e+00
4408 +5.506706202e-14 +5.506706202e-14 +1.554000000e+01 +1.554000000e+01 -1.5846e+00 -2.0225e+00
4450 +1.776356839e-14 +1.776356839e-14 +1.554000000e+01 +1.554000000e+01 -1.5846e+00 -2.0225e+00
4488 +1.776356839e-15 +1.776356839e-15 +1.554000000e+01 +1.554000000e+01 -1.5846e+00 -2.0225e+00
4568 +0.000000000e+00 +0.000000000e+00 +1.554000000e+01 +1.554000000e+01 -1.5846e+00 -2.0225e+00
% function evaluation | noise-free fitness - Fopt (-3.765100000000e+02) | best noise-free fitness - Fopt | measured fitness | best measured fitness | x1 | x2...
1 +7.148350344e+00 +7.148350344e+00 -3.693616497e+02 -3.693616497e+02 -3.7575e+00 -4.9599e-01
20 +1.726344263e+00 +1.726344263e+00 -3.747836557e+02 -3.747836557e+02 -3.0902e+00 +4.5045e-01
121 +1.166590065e-01 +1.166590065e-01 -3.763933410e+02 -3.763933410e+02 -3.0618e+00 +1.4740e+00
128 +2.916475162e-02 +2.916475162e-02 -3.764808352e+02 -3.764808352e+02 -2.8755e+00 +1.9473e+00
561 +2.501748445e-02 +2.501748445e-02 -3.764849825e+02 -3.764849825e+02 -2.9778e+00 +1.8045e+00
1238 +6.254371111e-03 +6.254371111e-03 -3.765037456e+02 -3.765037456e+02 -2.9673e+00 +1.7887e+00
1390 +2.074440317e-07 +2.074440317e-07 -3.765099998e+02 -3.765099998e+02 -2.9214e+00 +1.7783e+00
1613 +1.040743314e-07 +1.040743314e-07 -3.765099999e+02 -3.765099999e+02 -2.9296e+00 +1.7704e+00
1750 +8.459255696e-08 +8.459255696e-08 -3.765099999e+02 -3.765099999e+02 -2.9465e+00 +1.7616e+00
1769 +2.329943527e-08 +2.329943527e-08 -3.765100000e+02 -3.765100000e+02 -2.9349e+00 +1.7466e+00
1836 +1.055633447e-08 +1.055633447e-08 -3.765100000e+02 -3.765100000e+02 -2.9432e+00 +1.7746e+00
2013 +2.267995569e-09 +2.267995569e-09 -3.765100000e+02 -3.765100000e+02 -2.9382e+00 +1.7625e+00
2306 +9.267182577e-10 +9.267182577e-10 -3.765100000e+02 -3.765100000e+02 -2.9380e+00 +1.7626e+00
2620 +2.846718417e-10 +2.846718417e-10 -3.765100000e+02 -3.765100000e+02 -2.9380e+00 +1.7626e+00
2668 +1.545004125e-10 +1.545004125e-10 -3.765100000e+02 -3.765100000e+02 -2.9379e+00 +1.7626e+00
2881 +7.582912076e-11 +7.582912076e-11 -3.765100000e+02 -3.765100000e+02 -2.9380e+00 +1.7626e+00
2973 +6.082245818e-12 +6.082245818e-12 -3.765100000e+02 -3.765100000e+02 -2.9380e+00 +1.7627e+00
3293 +2.273736754e-13 +2.273736754e-13 -3.765100000e+02 -3.765100000e+02 -2.9380e+00 +1.7627e+00
4541 +1.136868377e-13 +1.136868377e-13 -3.765100000e+02 -3.765100000e+02 -2.9380e+00 +1.7627e+00
4613 +5.684341886e-14 +5.684341886e-14 -3.765100000e+02 -3.765100000e+02 -2.9380e+00 +1.7627e+00
4893 +0.000000000e+00 +0.000000000e+00 -3.765100000e+02 -3.765100000e+02 -2.9380e+00 +1.7627e+00
% function evaluation | noise-free fitness - Fopt (3.960400000000e+02) | best noise-free fitness - Fopt | measured fitness | best measured fitness | x1 | x2...
1 +9.933563128e+02 +9.933563128e+02 +1.389396313e+03 +1.389396313e+03 +3.6480e+00 +1.5002e+00
2 +2.571612549e+02 +2.571612549e+02 +6.532012549e+02 +6.532012549e+02 +1.2432e+00 -8.0289e-01
3 +1.553067675e+02 +1.553067675e+02 +5.513467675e+02 +5.513467675e+02 -7.2506e-01 -4.8910e+00
7 +7.525561184e-01 +7.525561184e-01 +3.967925561e+02 +3.967925561e+02 -2.7083e+00 -3.3660e+00
131 +2.709238593e-01 +2.709238593e-01 +3.963109239e+02 +3.963109239e+02 -1.4190e+00 -3.3806e+00
362 +4.458547927e-02 +4.458547927e-02 +3.960845855e+02 +3.960845855e+02 -2.7495e+00 -3.5237e+00
452 +2.438314734e-02 +2.438314734e-02 +3.960643831e+02 +3.960643831e+02 -3.0776e+00 -3.5485e+00
1026 +1.083695437e-02 +1.083695437e-02 +3.960508370e+02 +3.960508370e+02 -2.9381e+00 -3.5136e+00
1282 +1.528623557e-07 +1.528623557e-07 +3.960400002e+02 +3.960400002e+02 -2.7485e+00 -3.5060e+00
1513 +6.804896202e-08 +6.804896202e-08 +3.960400001e+02 +3.960400001e+02 -2.7689e+00 -3.5145e+00
1602 +7.629807897e-09 +7.629807897e-09 +3.960400000e+02 +3.960400000e+02 -2.7654e+00 -3.5038e+00
2215 +9.905534171e-10 +9.905534171e-10 +3.960400000e+02 +3.960400000e+02 -2.7725e+00 -3.4899e+00
2482 +6.906475392e-11 +6.906475392e-11 +3.960400000e+02 +3.960400000e+02 -2.7724e+00 -3.4904e+00
3209 +1.620037438e-11 +1.620037438e-11 +3.960400000e+02 +3.960400000e+02 -2.7724e+00 -3.4904e+00
3318 +9.890754882e-12 +9.890754882e-12 +3.960400000e+02 +3.960400000e+02 -2.7724e+00 -3.4904e+00
3398 +1.591615728e-12 +1.591615728e-12 +3.960400000e+02 +3.960400000e+02 -2.7724e+00 -3.4904e+00
3998 +1.193711796e-12 +1.193711796e-12 +3.960400000e+02 +3.960400000e+02 -2.7724e+00 -3.4904e+00
4038 +6.252776075e-13 +6.252776075e-13 +3.960400000e+02 +3.960400000e+02 -2.7724e+00 -3.4904e+00
4118 +3.979039320e-13 +3.979039320e-13 +3.960400000e+02 +3.960400000e+02 -2.7724e+00 -3.4904e+00
4209 +2.273736754e-13 +2.273736754e-13 +3.960400000e+02 +3.960400000e+02 -2.7724e+00 -3.4904e+00
4278 +1.136868377e-13 +1.136868377e-13 +3.960400000e+02 +3.960400000e+02 -2.7724e+00 -3.4904e+00
4289 +5.684341886e-14 +5.684341886e-14 +3.960400000e+02 +3.960400000e+02 -2.7724e+00 -3.4904e+00
4505 +0.000000000e+00 +0.000000000e+00 +3.960400000e+02 +3.960400000e+02 -2.7724e+00 -3.4904e+00
% function evaluation | noise-free fitness - Fopt (1.281100000000e+02) | best noise-free fitness - Fopt | measured fitness | best measured fitness | x1 | x2...
1 +4.052920811e+03 +4.052920811e+03 +4.181030811e+03 +4.181030811e+03 +3.7961e+00 -1.4723e+00
2 +1.485882937e+02 +1.485882937e+02 +2.766982937e+02 +2.766982937e+02 -2.8608e+00 -4.7316e+00
11 +2.275021337e+00 +2.275021337e+00 +1.303850213e+02 +1.303850213e+02 -2.1259e+00 -3.6213e+00
193 +1.798897186e-02 +1.798897186e-02 +1.281279890e+02 +1.281279890e+02 -3.5313e+00 +7.7928e-01
1229 +4.497242964e-03 +4.497242964e-03 +1.281144972e+02 +1.281144972e+02 -3.3291e+00 +2.0233e-01
1309 +1.124310741e-03 +1.124310741e-03 +1.281111243e+02 +1.281111243e+02 -3.3882e+00 +3.1633e-01
1914 +4.500475370e-07 +4.500475370e-07 +1.281100005e+02 +1.281100005e+02 -3.4246e+00 +4.6722e-01
2159 +1.501419149e-07 +1.501419149e-07 +1.281100002e+02 +1.281100002e+02 -3.4152e+00 +4.0695e-01
2516 +3.405278903e-08 +3.405278903e-08 +1.281100000e+02 +1.281100000e+02 -3.4134e+00 +4.1986e-01
2636 +1.262702654e-08 +1.262702654e-08 +1.281100000e+02 +1.281100000e+02 -3.4162e+00 +4.2384e-01
2925 +2.333734983e-09 +2.333734983e-09 +1.281100000e+02 +1.281100000e+02 -3.4045e+00 +4.2633e-01
3206 +9.086988939e-10 +9.086988939e-10 +1.281100000e+02 +1.281100000e+02 -3.4048e+00 +4.2657e-01
3340 +3.524291969e-10 +3.524291969e-10 +1.281100000e+02 +1.281100000e+02 -3.4098e+00 +4.2468e-01
3452 +5.556444194e-11 +5.556444194e-11 +1.281100000e+02 +1.281100000e+02 -3.4048e+00 +4.2647e-01
3932 +3.774403012e-11 +3.774403012e-11 +1.281100000e+02 +1.281100000e+02 -3.4048e+00 +4.2647e-01
4012 +1.435296326e-11 +1.435296326e-11 +1.281100000e+02 +1.281100000e+02 -3.4048e+00 +4.2646e-01
4061 +5.343281373e-12 +5.343281373e-12 +1.281100000e+02 +1.281100000e+02 -3.4048e+00 +4.2647e-01
4141 +2.785327524e-12 +2.785327524e-12 +1.281100000e+02 +1.281100000e+02 -3.4048e+00 +4.2646e-01
4280 +2.359001883e-12 +2.359001883e-12 +1.281100000e+02 +1.281100000e+02 -3.4048e+00 +4.2647e-01
4349 +1.421085472e-12 +1.421085472e-12 +1.281100000e+02 +1.281100000e+02 -3.4048e+00 +4.2647e-01
4357 +8.810729923e-13 +8.810729923e-13 +1.281100000e+02 +1.281100000e+02 -3.4048e+00 +4.2647e-01
4480 +6.252776075e-13 +6.252776075e-13 +1.281100000e+02 +1.281100000e+02 -3.4048e+00 +4.2647e-01
4492 +1.136868377e-13 +1.136868377e-13 +1.281100000e+02 +1.281100000e+02 -3.4048e+00 +4.2647e-01
4532 +5.684341886e-14 +5.684341886e-14 +1.281100000e+02 +1.281100000e+02 -3.4048e+00 +4.2647e-01
4612 +2.842170943e-14 +2.842170943e-14 +1.281100000e+02 +1.281100000e+02 -3.4048e+00 +4.2647e-01
4692 +0.000000000e+00 +0.000000000e+00 +1.281100000e+02 +1.281100000e+02 -3.4048e+00 +4.2647e-01
% function evaluation | noise-free fitness - Fopt (-2.923500000000e+02) | best noise-free fitness - Fopt | measured fitness | best measured fitness | x1 | x2...
1 +3.580355856e+02 +3.580355856e+02 +6.568558557e+01 +6.568558557e+01 +1.3717e+00 +3.6847e+00
3 +1.999429166e+02 +1.999429166e+02 -9.240708339e+01 -9.240708339e+01 -3.0800e+00 +2.3253e+00
5 +2.351522659e+01 +2.351522659e+01 -2.688347734e+02 -2.688347734e+02 -1.0970e+00 -1.5734e+00
6 +1.081679330e+01 +1.081679330e+01 -2.815332067e+02 -2.815332067e+02 -2.1365e+00 -1.5330e+00
17 +1.300054925e+00 +1.300054925e+00 -2.910499451e+02 -2.910499451e+02 -1.8017e+00 -2.7045e+00
121 +3.125901584e-02 +3.125901584e-02 -2.923187410e+02 -2.923187410e+02 -1.8346e+00 -3.0204e+00
936 +1.280898296e-02 +1.280898296e-02 -2.923371910e+02 -2.923371910e+02 -1.9045e+00 -3.1210e+00
1288 +4.530184583e-07 +4.530184583e-07 -2.923499995e+02 -2.923499995e+02 -1.9285e+00 -3.4015e+00
1507 +3.023282602e-07 +3.023282602e-07 -2.923499997e+02 -2.923499997e+02 -1.9175e+00 -3.3897e+00
1660 +1.191721708e-07 +1.191721708e-07 -2.923499999e+02 -2.923499999e+02 -1.9095e+00 -3.3474e+00
2102 +6.598151003e-08 +6.598151003e-08 -2.923499999e+02 -2.923499999e+02 -1.9162e+00 -3.3647e+00
2145 +1.771991265e-08 +1.771991265e-08 -2.923500000e+02 -2.923500000e+02 -1.9348e+00 -3.3519e+00
2147 +1.510153425e-08 +1.510153425e-08 -2.923500000e+02 -2.923500000e+02 -1.9079e+00 -3.3626e+00
2222 +2.259469056e-09 +2.259469056e-09 -2.923500000e+02 -2.923500000e+02 -1.9163e+00 -3.3577e+00
2701 +3.757349987e-11 +3.757349987e-11 -2.923500000e+02 -2.923500000e+02 -1.9179e+00 -3.3568e+00
3615 +9.379164112e-12 +9.379164112e-12 -2.923500000e+02 -2.923500000e+02 -1.9179e+00 -3.3568e+00
3683 +5.911715562e-12 +5.911715562e-12 -2.923500000e+02 -2.923500000e+02 -1.9179e+00 -3.3568e+00
3803 +2.160049917e-12 +2.160049917e-12 -2.923500000e+02 -2.923500000e+02 -1.9179e+00 -3.3568e+00
3935 +1.136868377e-13 +1.136868377e-13 -2.923500000e+02 -2.923500000e+02 -1.9179e+00 -3.3568e+00
4158 +5.684341886e-14 +5.684341886e-14 -2.923500000e+02 -2.923500000e+02 -1.9179e+00 -3.3568e+00
4544 +0.000000000e+00 +0.000000000e+00 -2.923500000e+02 -2.923500000e+02 -1.9179e+00 -3.3568e+00
% function evaluation | noise-free fitness - Fopt (3.110100000000e+02) | best noise-free fitness - Fopt | measured fitness | best measured fitness | x1 | x2...
1 +4.550604551e+02 +4.550604551e+02 +7.660704551e+02 +7.660704551e+02 -7.1745e-01 +1.3471e+00
2 +2.346851449e+02 +2.346851449e+02 +5.456951449e+02 +5.456951449e+02 +3.3310e+00 +9.5086e-01
3 +6.226531375e+01 +6.226531375e+01 +3.732753138e+02 +3.732753138e+02 +8.4432e-01 -1.3493e+00
7 +2.826538961e+01 +2.826538961e+01 +3.392753896e+02 +3.392753896e+02 -2.0767e-02 -4.4973e-01
8 +4.824508868e+00 +4.824508868e+00 +3.158345089e+02 +3.158345089e+02 -6.8423e-01 -2.2428e+00
17 +2.894020799e+00 +2.894020799e+00 +3.139040208e+02 +3.139040208e+02 +1.2339e+00 +2.9356e-01
31 +7.781280983e-01 +7.781280983e-01 +3.117881281e+02 +3.117881281e+02 -1.4997e+00 -2.7726e+00
98 +3.894963670e-01 +3.894963670e-01 +3.113994964e+02 +3.113994964e+02 -1.9324e+00 -3.5587e+00
196 +1.418017373e-01 +1.418017373e-01 +3.111518017e+02 +3.111518017e+02 -2.5221e+00 -4.2104e+00
539 +1.450363304e-02 +1.450363304e-02 +3.110245036e+02 +3.110245036e+02 -2.1008e+00 -3.6798e+00
1636 +3.625908261e-03 +3.625908261e-03 +3.110136259e+02 +3.110136259e+02 -2.0420e+00 -3.6163e+00
2320 +3.032312748e-07 +3.032312748e-07 +3.110100003e+02 +3.110100003e+02 -1.9988e+00 -3.5406e+00
2613 +1.282171525e-07 +1.282171525e-07 +3.110100001e+02 +3.110100001e+02 -1.9951e+00 -3.5218e+00
2655 +5.056858754e-08 +5.056858754e-08 +3.110100001e+02 +3.110100001e+02 -1.9940e+00 -3.5006e+00
2735 +9.125471934e-09 +9.125471934e-09 +3.110100000e+02 +3.110100000e+02 -1.9937e+00 -3.5081e+00
3015 +3.993307018e-09 +3.993307018e-09 +3.110100000e+02 +3.110100000e+02 -1.9978e+00 -3.5046e+00
3095 +2.739284355e-10 +2.739284355e-10 +3.110100000e+02 +3.110100000e+02 -1.9968e+00 -3.5048e+00
3614 +1.169269126e-10 +1.169269126e-10 +3.110100000e+02 +3.110100000e+02 -1.9970e+00 -3.5047e+00
3655 +4.865796654e-11 +4.865796654e-11 +3.110100000e+02 +3.110100000e+02 -1.9970e+00 -3.5047e+00
3935 +2.955857781e-11 +2.955857781e-11 +3.110100000e+02 +3.110100000e+02 -1.9970e+00 -3.5047e+00
3975 +2.034994395e-11 +2.034994395e-11 +3.110100000e+02 +3.110100000e+02 -1.9970e+00 -3.5047e+00
4054 +1.165290087e-11 +1.165290087e-11 +3.110100000e+02 +3.110100000e+02 -1.9970e+00 -3.5047e+00
4080 +9.947598301e-12 +9.947598301e-12 +3.110100000e+02 +3.110100000e+02 -1.9970e+00 -3.5047e+00
4095 +1.477928890e-12 +1.477928890e-12 +3.110100000e+02 +3.110100000e+02 -1.9970e+00 -3.5047e+00
4280 +3.410605132e-13 +3.410605132e-13 +3.110100000e+02 +3.110100000e+02 -1.9970e+00 -3.5047e+00
4415 +1.136868377e-13 +1.136868377e-13 +3.110100000e+02 +3.110100000e+02 -1.9970e+00 -3.5047e+00
4440 +0.000000000e+00 +0.000000000e+00 +3.110100000e+02 +3.110100000e+02 -1.9970e+00 -3.5047e+00
% function evaluation | noise-free fitness - Fopt (-8.051800000000e+02) | best noise-free fitness - Fopt | measured fitness | best measured fitness | x1 | x2...
1 +7.524635978e+02 +7.524635978e+02 -5.271640221e+01 -5.271640221e+01 -1.5630e-01 -4.2418e+00
2 +2.999506888e+02 +2.999506888e+02 -5.052293112e+02 -5.052293112e+02 -8.3920e-01 +3.3646e+00
4 +1.713402123e+02 +1.713402123e+02 -6.338397877e+02 -6.338397877e+02 +2.1484e+00 +3.2243e+00
6 +7.183446884e+01 +7.183446884e+01 -7.333455312e+02 -7.333455312e+02 +6.0417e-03 +3.4458e+00
9 +6.280337254e+00 +6.280337254e+00 -7.988996627e+02 -7.988996627e+02 +2.5991e+00 -2.9183e+00
119 +1.000668735e+00 +1.000668735e+00 -8.041793313e+02 -8.041793313e+02 +1.8216e+00 -1.9645e-01
346 +5.013441447e-01 +5.013441447e-01 -8.046786559e+02 -8.046786559e+02 +2.6533e+00 -3.7522e+00
395 +2.558804781e-01 +2.558804781e-01 -8.049241195e+02 -8.049241195e+02 +2.7659e+00 -5.0000e+00
600 +1.591763450e-01 +1.591763450e-01 -8.050208237e+02 -8.050208237e+02 +2.8538e+00 -5.0000e+00
644 +1.172745654e-01 +1.172745654e-01 -8.050627254e+02 -8.050627254e+02 +2.7987e+00 -5.0000e+00
1823 +4.298461523e-02 +4.298461523e-02 -8.051370154e+02 -8.051370154e+02 +2.5400e+00 -3.7667e+00
1978 +1.074615381e-02 +1.074615381e-02 -8.051692538e+02 -8.051692538e+02 +2.5413e+00 -3.6499e+00
2896 +3.303722451e-07 +3.303722451e-07 -8.051799997e+02 -8.051799997e+02 +2.5156e+00 -3.5664e+00
2943 +1.805129841e-07 +1.805129841e-07 -8.051799998e+02 -8.051799998e+02 +2.5218e+00 -3.5505e+00
3150 +1.798900939e-08 +1.798900939e-08 -8.051800000e+02 -8.051800000e+02 +2.5187e+00 -3.5345e+00
3310 +1.181558673e-08 +1.181558673e-08 -8.051800000e+02 -8.051800000e+02 +2.5240e+00 -3.5332e+00
3351 +3.927993930e-09 +3.927993930e-09 -8.051800000e+02 -8.051800000e+02 +2.5161e+00 -3.5326e+00
3469 +2.095248419e-09 +2.095248419e-09 -8.051800000e+02 -8.051800000e+02 +2.5119e+00 -3.5333e+00
3470 +1.208150024e-09 +1.208150024e-09 -8.051800000e+02 -8.051800000e+02 +2.5167e+00 -3.5331e+00
3555 +3.271907190e-10 +3.271907190e-10 -8.051800000e+02 -8.051800000e+02 +2.5169e+00 -3.5329e+00
3591 +1.979287845e-10 +1.979287845e-10 -8.051800000e+02 -8.051800000e+02 +2.5180e+00 -3.5327e+00
3690 +9.538325685e-11 +9.538325685e-11 -8.051800000e+02 -8.051800000e+02 +2.5182e+00 -3.5327e+00
3829 +2.569322533e-11 +2.569322533e-11 -8.051800000e+02 -8.051800000e+02 +2.5190e+00 -3.5326e+00
4423 +2.091837814e-11 +2.091837814e-11 -8.051800000e+02 -8.051800000e+02 +2.5191e+00 -3.5326e+00
4442 +3.637978807e-12 +3.637978807e-12 -8.051800000e+02 -8.051800000e+02 +2.5190e+00 -3.5326e+00
4694 +4.547473509e-13 +4.547473509e-13 -8.051800000e+02 -8.051800000e+02 +2.5190e+00 -3.5326e+00
4860 +2.273736754e-13 +2.273736754e-13 -8.051800000e+02 -8.051800000e+02 +2.5190e+00 -3.5326e+00
4900 +1.136868377e-13 +1.136868377e-13 -8.051800000e+02 -8.051800000e+02 +2.5190e+00 -3.5326e+00
4942 +0.000000000e+00 +0.000000000e+00 -8.051800000e+02 -8.051800000e+02 +2.5190e+00 -3.5326e+00
