% function evaluation | noise-free fitness - Fopt (-9.210000000000e+00) | best noise-free fitness - Fopt | measured fitness | best measured fitness | x1 | x2...
1 +5.117482213e+02 +5.117482213e+02 +5.025382213e+02 +5.025382213e+02 +2.6472e+00 -4.8045e+00 -5.0679e-01 +4.6311e-01 +2.4072e+00 -2.1513e+00 +2.2697e+00 +1.2449e+00 -1.6745e+00 +2.2460e+00 +2.6010e+00 +2.0406e+00 +1.4165e+00 -2.3319e+00 +3.3264e+00 -1.7042e+00 -3.3750e+00 -2.1922e+00 +2.0924e+00 -9.8302e-01
2 +3.039728556e+02 +3.039728556e+02 +2.947628556e+02 +2.947628556e+02 +3.4623e+00 +1.0849e+00 +2.0250e+00 +4.6183e+00 +3.4042e-01 -1.4191e+00 +3.7089e+00 +1.1659e+00 -4.2255e+00 -4.1833e+00 +3.8484e+00 -1.4098e+00 +3.3720e+00 -4.5576e+00 -2.6505e+00 -2.4748e+00 +4.0269e+00 +3.4064e+00 -3.2978e+00 -2.5629e+00
24 +2.175206687e+02 +2.175206687e+02 +2.083106687e+02 +2.083106687e+02 -2.3239e+00 +4.6997e+00 +6.9653e-01 -3.1028e+00 +2.8751e+00 +4.3694e+00 -7.4311e-01 -3.4151e+00 -1.1834e+00 -2.0838e+00 -1.7242e+00 -2.1159e+00 +4.6870e+00 +8.8054e-01 -3.8109e-01 -1.5507e+00 +4.2881e+00 +5.5694e+00 -4.0432e+00 +3.0806e+00
78 +1.566146674e+02 +1.566146674e+02 +1.474046674e+02 +1.474046674e+02 -1.3319e+00 +9.8132e+00 +2.2368e-02 -9.3338e+00 +5.7202e+00 +1.3410e+01 +7.5691e-01 -2.6815e+00 -1.0563e+00 -4.3900e+00 -1.6631e+00 -3.0008e+00 +1.0107e+01 +8.6796e-01 -1.6141e+00 -6.3162e+00 +5.2370e+00 +7.6820e+00 -4.5289e+00 +5.6289e+00
121 +9.856359152e+01 +9.856359152e+01 +8.935359152e+01 +8.935359152e+01 -3.7156e+00 +8.5824e+00 +2.6486e+00 -3.7040e+00 -3.8915e+00 +1.0831e+01 +2.9108e+00 -2.4621e+00 -8.5437e+00 -2.0083e+00 -5.3586e+00 -5.2807e+00 +1.6034e+01 +5.3675e+00 -5.9092e+00 -5.7772e+00 +5.7286e+00 +1.3491e+01 -8.7455e+00 +4.3835e+00
226 +5.522500775e+01 +5.522500775e+01 +4.601500775e+01 +4.601500775e+01 -7.0676e+00 +9.7740e+00 +1.0042e+01 +1.6235e-01 -5.3693e+00 +8.9016e+00 +6.3549e+00 +5.2134e+00 -8.2798e+00 -5.6627e+00 -1.1601e+01 -4.6877e+00 +2.2189e+01 +8.6330e+00 -1.2865e+01 -1.6206e+01 +9.0110e+00 +1.7605e+01 -8.0521e+00 +7.0806e+00
283 +3.903699822e+01 +3.903699822e+01 +2.982699822e+01 +2.982699822e+01 -4.7138e+00 +1.4190e+01 +9.6160e+00 +1.7019e+00 -6.6291e+00 +1.0965e+01 +6.3325e+00 +5.9251e+00 -4.1300e+00 -5.3358e+00 -1.0509e+01 -5.7850e+00 +2.7887e+01 +8.1166e+00 -1.3182e+01 -1.8281e+01 +4.9272e+00 +1.4227e+01 -5.8810e+00 +7.3253e+00
361 +2.081569939e+01 +2.081569939e+01 +1.160569939e+01 +1.160569939e+01 -1.5119e+01 +2.2534e+01 +1.6863e+01 +5.0414e+00 -1.1359e+01 +1.6955e+01 +4.6632e+00 +9.8717e+00 +5.3767e+00 -1.1094e+01 -1.6843e+01 -9.0910e+00 +4.3336e+01 +1.3787e+01 -1.9499e+01 -3.1455e+01 +5.7737e+00 +2.4512e+01 -9.8769e+00 +9.6773e+00
463 +1.575085121e+01 +1.575085121e+01 +6.540851209e+00 +6.540851209e+00 -1.0454e+01 +2.0966e+01 +1.5743e+01 +6.6229e+00 -6.4848e+00 +1.1950e+01 +4.8565e+00 +1.2513e+01 +5.4024e+00 -1.3074e+01 -1.8658e+01 -8.3050e+00 +4.1314e+01 +1.3380e+01 -1.9470e+01 -2.9577e+01 +8.9021e+00 +2.0035e+01 -5.9863e+00 +1.0038e+01
605 +8.527095715e+00 +8.527095715e+00 -6.829042847e-01 -6.829042847e-01 -2.9773e+00 +3.0765e+01 +1.8188e+01 +1.1823e+01 -1.0591e+01 +1.2413e+01 +4.7343e+00 +1.6630e+01 +6.9479e+00 -1.5535e+01 -2.4867e+01 -1.4847e+01 +6.6979e+01 +1.9776e+01 -2.7532e+01 -3.2772e+01 +1.1912e+01 +2.1785e+01 -5.6429e+00 +1.5181e+01
634 +5.516794487e+00 +5.516794487e+00 -3.693205513e+00 -3.693205513e+00 +5.4549e+00 +3.9101e+01 +2.3737e+01 +1.5674e+01 -1.1652e+01 +9.9450e+00 +2.3338e+00 +2.2974e+01 +7.6656e+00 -2.2891e+01 -2.9475e+01 -1.9365e+01 +8.6075e+01 +2.2751e+01 -2.8886e+01 -3.9744e+01 +1.4718e+01 +2.2541e+01 -6.7165e+00 +1.7562e+01
644 +3.141356279e+00 +3.141356279e+00 -6.068643721e+00 -6.068643721e+00 +1.8586e+00 +3.0307e+01 +1.7272e+01 +1.6065e+01 -9.7999e+00 +8.5206e+00 +5.3211e+00 +1.9056e+01 +6.1937e+00 -1.6696e+01 -2.5375e+01 -1.5386e+01 +6.9594e+01 +2.1433e+01 -3.2766e+01 -2.9945e+01 +1.5722e+01 +2.2525e+01 -7.2003e+00 +1.4063e+01
661 +3.230292170e-01 +3.230292170e-01 -8.886970783e+00 -8.886970783e+00 +4.6770e+00 +4.4894e+01 +2.0919e+01 +1.5672e+01 -1.2250e+01 +1.7517e+01 +5.7734e+00 +2.3885e+01 +8.5434e+00 -2.3797e+01 -3.1528e+01 -2.3017e+01 +1.0021e+02 +2.7335e+01 -3.7692e+01 -4.2889e+01 +1.8951e+01 +2.4878e+01 -5.5670e+00 +2.2700e+01
681 +2.131628207e-14 +2.131628207e-14 -9.210000000e+00 -9.210000000e+00 +6.5332e+00 +4.7150e+01 +2.3788e+01 +2.0459e+01 -1.4404e+01 +1.5006e+01 +6.0867e+00 +2.7572e+01 +1.0319e+01 -2.5544e+01 -3.3406e+01 -2.4446e+01 +1.0844e+02 +2.9324e+01 -4.2034e+01 -4.6792e+01 +1.9391e+01 +2.5398e+01 -5.9375e+00 +2.3676e+01
% function evaluation | noise-free fitness - Fopt (6.559900000000e+02) | best noise-free fitness - Fopt | measured fitness | best measured fitness | x1 | x2...
1 +4.575393397e+02 +4.575393397e+02 +1.113529340e+03 +1.113529340e+03 +5.1127e-01 -2.1061e+00 +3.0434e+00 +2.9176e+00 +7.7197e-01 +2.4737e+00 +1.8886e+00 -2.8530e+00 +7.1901e-01 +4.2260e+00 -3.8261e+00 -2.2111e+00 +4.5559e+00 +5.8091e-02 -3.0585e+00 +1.9765e+00 +3.0636e+00 -1.1519e+00 -3.9405e+00 +2.3057e+00
2 +3.316538553e+02 +3.316538553e+02 +9.876438553e+02 +9.876438553e+02 -4.4903e+00 +4.6745e+00 -4.9964e+00 -3.0139e+00 +4.8555e+00 +6.6977e-01 -1.7706e+00 +2.5028e+00 -3.2709e+00 +3.1298e+00 -1.7373e-02 -4.6510e+00 -8.2845e-01 +2.4908e+00 +2.9716e+00 +4.7073e+00 -3.2834e+00 +1.4478e+00 +2.3068e+00 +3.1833e+00
50 +2.100676756e+02 +2.100676756e+02 +8.660576756e+02 +8.660576756e+02 -7.0159e+00 -4.6040e+00 +3.3149e+00 +5.1087e+00 +1.3973e-01 +5.3964e+00 +2.1916e+00 +8.2689e+00 +8.3607e+00 -1.0376e+01 +9.4041e+00 -1.1595e+01 +3.6206e+00 +1.0915e+00 +1.1333e+01 +5.7138e+00 -1.0441e+01 -3.5710e+00 +9.1348e+00 +5.6184e+00
121 +1.517560840e+02 +1.517560840e+02 +8.077460840e+02 +8.077460840e+02 -7.0714e+00 +8.8267e+00 +1.1695e+01 -5.3749e+00 -2.0988e+01 +5.7243e+00 -2.3734e+01 -4.5608e+00 -1.8421e+00 -1.6907e+01 +9.8098e+00 +6.0438e-01 +1.9010e+01 -5.5028e+00 +4.9450e+00 +9.5020e+00 -3.6509e+00 -4.2997e+00 +8.5522e+00 +4.4282e+00
312 +9.776237055e+01 +9.776237055e+01 +7.537523705e+02 +7.537523705e+02 -1.1169e+00 +4.6910e+00 +1.7438e+01 -6.0232e+00 -2.1852e+01 -2.0326e+00 -8.0559e+00 -2.0801e+00 -2.2016e+00 -9.8618e+00 +6.3369e+00 +5.6359e+00 +1.9644e+01 -1.6052e+01 +9.7399e+00 +1.2224e+01 -5.4786e+00 -4.1205e+00 +7.0334e+00 +8.8612e+00
781 +6.271315519e+01 +6.271315519e+01 +7.187031552e+02 +7.187031552e+02 +1.7105e+01 -2.6372e+00 +4.0363e+01 +5.8103e+00 -4.0154e+01 -3.9601e+00 -4.9937e+00 +5.9154e+00 -5.2678e+00 -8.1529e+00 +7.3151e+00 +5.7056e+00 +2.7736e+01 -2.9738e+01 +1.0108e+01 +2.8121e+01 -4.9537e+00 -6.0752e+00 +6.7120e+00 +1.0262e+01
1716 +3.973173183e+01 +3.973173183e+01 +6.957217318e+02 +6.957217318e+02 +7.2940e+00 -7.5158e+00 +2.2212e+01 +4.1640e+00 -2.4822e+01 -3.1450e+00 -6.1327e+00 +5.5431e+00 -4.9108e+00 -5.5416e+00 +8.3391e+00 +5.4488e+00 +2.0646e+01 -1.7678e+01 +5.6030e+00 +2.4269e+01 -4.9687e+00 -5.3109e+00 +7.1466e+00 +5.6702e+00
2186 +2.335314733e+01 +2.335314733e+01 +6.793431473e+02 +6.793431473e+02 +1.2390e+00 -2.3334e+01 +8.3763e+00 +5.7810e+00 -2.5379e+01 -5.7830e+00 -8.5567e+00 +5.6991e+00 -5.8225e+00 -1.1923e+01 +1.7937e+01 +4.9579e+00 +3.6268e+01 -2.2046e+01 +5.8753e+00 +3.5140e+01 -6.7172e+00 -4.6958e+00 +2.8495e+01 +5.1897e+00
2301 +1.556203033e+01 +1.556203033e+01 +6.715520303e+02 +6.715520303e+02 -9.4451e-01 -3.4062e+01 -5.5501e-01 +5.9149e+00 -3.3330e+01 -5.4943e+00 -1.6921e+01 +6.3395e+00 -6.8097e+00 -2.1601e+01 +2.9668e+01 +5.4019e+00 +5.7110e+01 -2.7433e+01 +5.9796e+00 +4.9795e+01 -1.0311e+01 -4.4962e+00 +5.3964e+01 +5.0625e+00
2406 +9.437288432e+00 +9.437288432e+00 +6.654272884e+02 +6.654272884e+02 -2.9264e+00 -3.9335e+01 -5.4139e+00 +4.1461e+00 -3.8996e+01 -6.4584e+00 -2.1667e+01 +6.4606e+00 -7.4247e+00 -2.8019e+01 +3.6758e+01 +6.1336e+00 +7.1293e+01 -3.2019e+01 +6.9310e+00 +5.7979e+01 -1.2740e+01 -4.9640e+00 +7.0755e+01 +5.4191e+00
2563 +6.006432742e+00 +6.006432742e+00 +6.619964327e+02 +6.619964327e+02 -1.0064e+00 -5.1796e+01 -1.0586e+01 +8.4316e+00 -5.0058e+01 -6.2972e+00 -3.0434e+01 +8.2150e+00 -8.0905e+00 -3.6686e+01 +4.7671e+01 +5.3965e+00 +9.3399e+01 -3.8387e+01 +7.3836e+00 +7.4082e+01 -1.5297e+01 -5.1555e+00 +9.6491e+01 +5.0507e+00
2587 +3.699706869e+00 +3.699706869e+00 +6.596897069e+02 +6.596897069e+02 +2.3194e+00 -4.5537e+01 -8.9602e+00 +6.8708e+00 -4.8689e+01 -5.8284e+00 -3.2086e+01 +6.9594e+00 -8.1346e+00 -3.4474e+01 +4.5627e+01 +6.1348e+00 +8.9280e+01 -3.7004e+01 +6.4104e+00 +7.1072e+01 -1.6440e+01 -4.8701e+00 +9.4924e+01 +5.2921e+00
2636 +1.929646065e+00 +1.929646065e+00 +6.579196461e+02 +6.579196461e+02 +4.2502e+00 -4.7823e+01 -1.0441e+01 +7.1400e+00 -5.2481e+01 -4.8409e+00 -3.5891e+01 +7.9747e+00 -8.8500e+00 -3.9437e+01 +4.9335e+01 +6.8895e+00 +9.6890e+01 -3.8298e+01 +6.0314e+00 +7.7404e+01 -1.7778e+01 -4.8868e+00 +1.0393e+02 +6.0049e+00
2648 +1.266208212e+00 +1.266208212e+00 +6.572562082e+02 +6.572562082e+02 +3.8698e+00 -4.5249e+01 -8.4996e+00 +4.9054e+00 -5.2221e+01 -6.1484e+00 -3.3502e+01 +7.5040e+00 -8.7373e+00 -3.7113e+01 +4.6253e+01 +7.1216e+00 +9.4728e+01 -3.9147e+01 +7.1208e+00 +7.2512e+01 -1.6578e+01 -5.2147e+00 +9.9790e+01 +5.8283e+00
2656 +5.933653493e-01 +5.933653493e-01 +6.565833653e+02 +6.565833653e+02 +4.5653e+00 -4.3999e+01 -5.9129e+00 +7.9362e+00 -4.8259e+01 -4.9134e+00 -3.0292e+01 +8.1088e+00 -8.5238e+00 -3.4293e+01 +4.2841e+01 +6.5616e+00 +8.5841e+01 -3.5321e+01 +6.2663e+00 +6.9555e+01 -1.5311e+01 -5.2614e+00 +8.9028e+01 +5.6761e+00
2686 +1.136868377e-13 +1.136868377e-13 +6.559900000e+02 +6.559900000e+02 +5.9736e+00 -6.2800e+01 -1.8083e+01 +9.4811e+00 -6.5655e+01 -5.6442e+00 -4.7472e+01 +9.5517e+00 -1.0294e+01 -5.3143e+01 +6.4099e+01 +7.4136e+00 +1.2685e+02 -4.6805e+01 +6.4788e+00 +9.9309e+01 -2.2657e+01 -5.0310e+00 +1.3978e+02 +7.0398e+00
% function evaluation | noise-free fitness - Fopt (6.671000000000e+01) | best noise-free fitness - Fopt | measured fitness | best measured fitness | x1 | x2...
1 +4.614347583e+02 +4.614347583e+02 +5.281447583e+02 +5.281447583e+02 -8.9458e-01 -4.0896e+00 +3.7276e+00 -3.1569e+00 +7.1907e-01 -2.4209e+00 +3.9384e+00 -3.1280e+00 +3.2858e-01 -1.9147e+00 -1.3528e-01 -2.4558e+00 -1.9359e+00 +4.6158e+00 -2.0215e+00 -1.6568e+00 -3.6546e-01 -2.3089e+00 +4.4328e+00 +4.2443e+00
3 +3.943454681e+02 +3.943454681e+02 +4.610554681e+02 +4.610554681e+02 +2.4097e+00 -4.5281e+00 -4.7254e-01 +1.5424e+00 -4.8108e+00 -3.8219e+00 +3.6385e+00 +2.7931e-01 -9.2870e-01 -4.1847e+00 +1.9351e+00 +8.7597e-01 -1.1102e+00 +3.8048e+00 -5.3797e-01 +3.1946e+00 +2.0318e+00 -1.6427e+00 +3.1454e+00 -5.3226e-01
24 +2.425243134e+02 +2.425243134e+02 +3.092343134e+02 +3.092343134e+02 -2.9233e+00 -1.0024e+01 +1.8693e-01 +9.3656e-02 -4.6838e+00 -5.7009e+00 -7.2200e+00 -3.7196e+00 +5.9111e+00 -8.2501e+00 -1.6911e+00 +8.4276e+00 +4.7814e+00 +4.4753e-01 +8.3787e-01 +1.0391e+01 -3.3593e+00 -3.2254e+00 +1.4145e+00 -3.6182e+00
68 +1.240867899e+02 +1.240867899e+02 +1.907967899e+02 +1.907967899e+02 -7.1763e-01 -8.7489e+00 -5.3809e+00 -7.2908e-01 -5.7080e+00 +2.0232e+00 -1.3371e+00 +6.2223e-01 +8.8989e+00 -7.9687e+00 -3.5623e+00 +1.1863e+01 +2.5108e+00 +7.0394e+00 +5.2304e+00 +1.9835e+01 -4.6652e+00 -4.5381e+00 -6.3438e+00 -1.9734e+01
194 +9.310540913e+01 +9.310540913e+01 +1.598154091e+02 +1.598154091e+02 -3.5849e+00 -7.8464e+00 +2.5560e-01 +2.1201e+00 -5.9434e+00 +5.6207e+00 -2.1787e+00 +1.3642e+00 +2.1925e+01 -1.1078e+00 -5.0693e+00 +2.0816e-01 +2.8348e+00 +2.2015e+00 +1.4989e+01 +7.7081e+00 -6.1255e+00 -1.0266e+01 -4.3209e+00 -1.3867e+01
295 +5.147701220e+01 +5.147701220e+01 +1.181870122e+02 +1.181870122e+02 -9.5631e+00 -8.8806e+00 -7.7177e+00 +4.8782e+00 -4.5165e+00 +7.4460e+00 -1.2060e+01 +4.2718e+00 +2.3429e+01 -6.0865e+00 -1.0839e+01 +2.6095e+00 +5.2340e+00 +5.1679e+00 +1.9135e+01 +1.2017e+01 -1.1001e+01 -1.6323e+01 -1.2259e+01 -1.8265e+01
334 +2.557034571e+01 +2.557034571e+01 +9.228034571e+01 +9.228034571e+01 -1.5664e+01 -8.8647e+00 -7.5794e+00 +4.9834e+00 -4.8353e+00 +6.1761e+00 -1.7784e+01 +5.8228e+00 +2.5812e+01 -6.0784e+00 -1.0460e+01 -5.4649e+00 +6.3746e+00 +6.5971e+00 +2.1024e+01 +1.2623e+01 -6.7124e+00 -1.8082e+01 -1.1763e+01 -1.5206e+01
443 +2.209570477e+01 +2.209570477e+01 +8.880570477e+01 +8.880570477e+01 -1.3822e+01 -5.6345e+00 -6.0522e+00 +5.8518e+00 -5.7247e+00 +5.0015e+00 -1.4758e+01 +4.1094e+00 +2.4311e+01 -4.7249e+00 -8.1637e+00 -5.4553e+00 +8.7450e+00 +5.6170e+00 +2.0690e+01 +1.2144e+01 -7.1459e+00 -2.1107e+01 -6.4996e+00 -1.8005e+01
623 +1.559272745e+01 +1.559272745e+01 +8.230272745e+01 +8.230272745e+01 -1.2571e+01 -3.1857e+00 -7.3636e+00 +5.5747e+00 -7.5061e+00 +5.2829e+00 -1.4227e+01 +3.1967e-01 +2.1565e+01 -7.3464e+00 -5.9106e+00 -8.9065e+00 +1.7623e+01 +5.3425e+00 +2.5750e+01 +1.3304e+01 -7.2903e+00 -2.6136e+01 -4.8736e+00 -2.4311e+01
757 +9.110117501e+00 +9.110117501e+00 +7.582011750e+01 +7.582011750e+01 -2.2749e+01 -5.7667e+00 -1.6263e+01 +7.2866e+00 -1.6728e+01 +5.4110e+00 -3.2965e+01 -1.0997e+00 +3.3512e+01 -1.6066e+01 -5.4128e+00 -1.0704e+01 +3.3018e+01 +5.5006e+00 +4.5354e+01 +3.0410e+01 -1.1696e+01 -4.2945e+01 -6.0389e+00 -4.5261e+01
805 +5.343553107e+00 +5.343553107e+00 +7.205355311e+01 +7.205355311e+01 -1.6629e+01 -6.5679e+00 -1.2750e+01 +6.5393e+00 -1.7009e+01 +5.3445e+00 -2.8818e+01 -2.7122e+00 +3.6757e+01 -1.3740e+01 -6.7374e+00 -8.4188e+00 +3.1130e+01 +6.0076e+00 +4.7479e+01 +2.9202e+01 -1.1734e+01 -4.0096e+01 -6.7164e+00 -4.9809e+01
842 +3.309598379e+00 +3.309598379e+00 +7.001959838e+01 +7.001959838e+01 -2.0746e+01 -1.1142e+01 -1.7459e+01 +1.0272e+01 -2.7515e+01 +4.4504e+00 -4.7140e+01 -4.0144e+00 +5.8072e+01 -1.9009e+01 -9.9803e+00 -8.4877e+00 +4.4061e+01 +6.6650e+00 +7.5252e+01 +4.2451e+01 -1.8289e+01 -5.6993e+01 -1.0677e+01 -7.6738e+01
858 +1.408847015e+00 +1.408847015e+00 +6.811884702e+01 +6.811884702e+01 -2.2171e+01 -1.0511e+01 -1.8203e+01 +1.0876e+01 -2.6427e+01 +4.9626e+00 -4.8819e+01 -4.4261e+00 +5.8385e+01 -1.9177e+01 -1.0691e+01 -8.1019e+00 +4.4316e+01 +5.5518e+00 +7.5493e+01 +4.3789e+01 -1.8929e+01 -5.8699e+01 -9.7902e+00 -7.6389e+01
866 +6.713193451e-01 +6.713193451e-01 +6.738131935e+01 +6.738131935e+01 -1.7101e+01 -7.6189e+00 -1.7341e+01 +9.5355e+00 -2.6455e+01 +4.6338e+00 -4.0363e+01 -5.3900e+00 +5.1965e+01 -1.7535e+01 -8.8922e+00 -7.1985e+00 +4.3796e+01 +5.6841e+00 +6.9637e+01 +4.1443e+01 -1.7555e+01 -5.6378e+01 -6.7597e+00 -7.5273e+01
879 +2.558248052e-01 +2.558248052e-01 +6.696582481e+01 +6.696582481e+01 -2.3570e+01 -1.2004e+01 -2.0927e+01 +1.2356e+01 -2.8465e+01 +6.0608e+00 -5.3623e+01 -4.8905e+00 +6.2984e+01 -2.1096e+01 -1.2144e+01 -8.5565e+00 +4.7485e+01 +5.3215e+00 +8.3221e+01 +4.7262e+01 -2.0638e+01 -6.5256e+01 -1.0528e+01 -8.1873e+01
893 -1.421085472e-14 -1.421085472e-14 +6.671000000e+01 +6.671000000e+01 -2.4454e+01 -1.3109e+01 -2.3013e+01 +1.3523e+01 -3.0186e+01 +6.8080e+00 -5.7329e+01 -5.0821e+00 +6.6501e+01 -2.2554e+01 -1.3235e+01 -9.0051e+00 +4.9748e+01 +5.2067e+00 +8.8987e+01 +4.9926e+01 -2.1889e+01 -7.0377e+01 -1.1002e+01 -8.6033e+01
% function evaluation | noise-free fitness - Fopt (9.416700000000e+02) | best noise-free fitness - Fopt | measured fitness | best measured fitness | x1 | x2...
1 +3.716467748e+02 +3.716467748e+02 +1.313316775e+03 +1.313316775e+03 +4.0071e+00 -2.6889e+00 +4.9266e+00 +3.1153e+00 -3.7177e+00 +2.1543e-01 +3.3674e+00 +3.5610e+00 +4.2818e+00 -1.2111e+00 -1.5500e+00 +7.4345e-01 -1.1234e+00 +2.0088e+00 -6.6176e-01 +1.2398e-01 -1.3887e+00 -2.3665e+00 -1.1965e+00 +4.2242e+00
26 +2.109748361e+02 +2.109748361e+02 +1.152644836e+03 +1.152644836e+03 +5.5179e+00 -5.2166e-01 +2.2934e+00 +2.5568e+00 +2.6010e+00 -2.7072e+00 +1.3387e+00 -1.3746e+00 +6.9666e-01 -2.4216e+00 -2.2750e+00 +8.7718e+00 -4.6338e+00 -4.4931e+00 +2.2530e+00 -2.6089e+00 -4.1858e+00 +4.2445e+00 +2.8561e+00 +3.9599e+00
119 +1.485786313e+02 +1.485786313e+02 +1.090248631e+03 +1.090248631e+03 +8.5819e+00 +9.6976e-01 +5.6978e+00 +8.8176e+00 -3.7674e+00 -5.4589e-01 +3.9500e+00 -2.3904e+00 +4.4570e+00 -3.0659e+00 -3.6986e+00 +1.2497e+01 -7.7224e+00 -1.8376e+01 +1.1080e+01 -2.4457e+00 -1.0936e+01 +7.9677e+00 +9.1308e+00 +3.8790e+00
411 +9.980468643e+01 +9.980468643e+01 +1.041474686e+03 +1.041474686e+03 +3.9554e+00 -3.9761e+00 +6.3438e+00 +8.9667e+00 +7.9627e+00 -6.6952e+00 +3.9999e+00 +7.0479e+00 +5.3901e+00 -6.6655e+00 +9.3449e-01 +1.7067e+01 -1.1617e+01 -1.7054e+01 +6.0606e+00 +5.2126e+00 -7.2768e+00 +1.3390e+01 +7.8620e+00 +4.1777e+00
1282 +6.024799014e+01 +6.024799014e+01 +1.001917990e+03 +1.001917990e+03 +6.5883e+00 -5.3881e+00 +1.4263e+01 +1.4430e+01 +1.0610e+00 -1.4485e+01 +6.5358e+00 +5.6581e-01 +5.0458e+00 -5.0200e+00 +4.6951e+00 +3.4388e+01 -2.0179e+01 -1.9643e+01 +5.7291e+00 +4.8499e+00 -1.2541e+01 +1.1728e+01 +1.1402e+01 +5.0258e+00
1488 +3.810826750e+01 +3.810826750e+01 +9.797782675e+02 +9.797782675e+02 +1.1113e+01 -5.6803e+00 +1.7622e+01 +1.9562e+01 -6.0757e+00 -1.6563e+01 +3.8941e+00 -4.1160e+00 +6.2524e+00 -4.7300e+00 +4.8602e+00 +4.9452e+01 -2.5326e+01 -2.9933e+01 +7.6683e+00 +5.4688e+00 -1.7040e+01 +6.2084e+00 +1.5071e+01 +4.9746e+00
1711 +2.460814639e+01 +2.460814639e+01 +9.662781464e+02 +9.662781464e+02 +1.4574e+01 -5.8102e+00 +2.1669e+01 +2.6284e+01 -5.7134e+00 -1.8592e+01 -2.5669e+00 -6.0744e+00 +7.5612e+00 -7.6501e+00 +5.0954e+00 +7.1215e+01 -3.3581e+01 -4.8355e+01 +9.4285e+00 +7.9923e+00 -2.4021e+01 +5.1786e+00 +2.1811e+01 +5.4491e+00
2016 +1.297987367e+01 +1.297987367e+01 +9.546498737e+02 +9.546498737e+02 +7.0611e+00 -5.2116e+00 +3.1644e+01 +2.5342e+01 -8.5783e+00 -2.7068e+01 -4.5560e+00 -7.4157e+00 +6.9031e+00 -1.4162e+01 +7.3786e+00 +7.0860e+01 -3.2139e+01 -5.3034e+01 +8.9003e+00 +1.0372e+01 -1.9864e+01 +5.3389e+00 +2.7457e+01 +9.8525e+00
2051 +9.082466757e+00 +9.082466757e+00 +9.507524668e+02 +9.507524668e+02 +1.9049e+00 -4.3531e+00 +3.7256e+01 +2.6226e+01 -8.2210e+00 -3.4547e+01 -6.9545e+00 -5.6386e+00 +4.4511e+00 -2.0741e+01 +7.5495e+00 +7.2400e+01 -3.2290e+01 -5.8906e+01 +8.5816e+00 +1.4770e+01 -1.8442e+01 +6.0073e+00 +2.9698e+01 +1.0787e+01
2066 +2.234803603e+00 +2.234803603e+00 +9.439048036e+02 +9.439048036e+02 -3.2476e+00 -5.2970e+00 +4.4167e+01 +2.5906e+01 -1.2348e+01 -3.9476e+01 -5.7447e+00 -6.7408e+00 +4.8170e+00 -2.4144e+01 +8.1144e+00 +6.8591e+01 -3.1159e+01 -5.5713e+01 +8.7906e+00 +1.5715e+01 -1.4302e+01 +5.9663e+00 +3.2131e+01 +1.3787e+01
2121 +5.556872508e-01 +5.556872508e-01 +9.422256873e+02 +9.422256873e+02 -5.5504e+00 -4.5956e+00 +4.6019e+01 +2.8907e+01 -1.1199e+01 -4.5716e+01 -4.9521e+00 -6.2285e+00 +7.4190e+00 -2.5573e+01 +1.3249e+01 +6.6765e+01 -3.5041e+01 -5.8948e+01 +8.4852e+00 +1.9337e+01 -1.3172e+01 +7.0057e+00 +3.7571e+01 +1.6760e+01
2137 +0.000000000e+00 +0.000000000e+00 +9.416700000e+02 +9.416700000e+02 -7.7425e+00 -5.8621e+00 +4.7421e+01 +2.4083e+01 -1.2492e+01 -4.2396e+01 -6.5538e+00 -5.8910e+00 +5.2652e+00 -2.4948e+01 +8.1033e+00 +6.2591e+01 -3.0632e+01 -5.2218e+01 +9.3834e+00 +1.6773e+01 -1.0698e+01 +5.2447e+00 +3.4742e+01 +1.5900e+01
% function evaluation | noise-free fitness - Fopt (-3.745000000000e+01) | best noise-free fitness - Fopt | measured fitness | best measured fitness | x1 | x2...
1 +3.356752050e+02 +3.356752050e+02 +2.982252050e+02 +2.982252050e+02 +1.5216e+00 +1.5014e+00 +2.7870e-01 +3.2987e-01 -3.7214e+00 -1.9885e+00 +9.6605e-01 -2.7415e+00 +4.8613e+00 -4.1064e+00 -1.6682e+00 -2.0672e+00 +3.5620e+00 -2.2217e+00 +4.7276e+00 +6.4198e-01 -5.4617e-01 +2.5673e+00 +4.0235e+00 +2.2266e+00
93 +2.436464446e+02 +2.436464446e+02 +2.061964446e+02 +2.061964446e+02 +3.9238e-01 +3.5096e+00 -4.8616e+00 -5.1502e+00 -3.5811e-01 -3.6881e+00 +6.0157e+00 +6.2871e+00 +3.2044e+00 +9.0499e+00 +2.9743e+00 +1.0655e+00 +1.7190e+00 -9.6726e+00 -1.2767e+00 +5.6462e+00 +1.1843e+00 +2.2109e+00 +2.6733e+00 -5.1117e+00
186 +1.576868210e+02 +1.576868210e+02 +1.202368210e+02 +1.202368210e+02 +2.4987e+00 +9.5622e+00 -1.0517e+01 -2.1013e-01 -9.5488e-01 -4.6755e+00 -1.4475e+00 +4.9074e+00 -2.7015e+00 +1.2073e+01 +9.8163e+00 +7.9344e+00 -1.5500e+00 -3.8627e+00 +5.7226e+00 +5.1186e+00 -3.0792e+00 +4.6354e+00 +5.0339e+00 -3.9051e+00
456 +9.881359770e+01 +9.881359770e+01 +6.136359770e+01 +6.136359770e+01 +5.0362e+00 +1.0736e+01 -1.7103e+01 -5.1321e+00 +6.1425e-01 +2.4835e-01 +8.4946e-01 +3.7525e+00 -4.0233e+00 +1.6374e+01 +1.2450e+01 +1.5069e+01 -6.4718e+00 -6.6436e+00 +1.1204e+01 +1.1411e+01 -5.8335e+00 +5.6992e+00 +6.0802e+00 -5.8765e+00
719 +6.221948947e+01 +6.221948947e+01 +2.476948947e+01 +2.476948947e+01 +5.6881e+00 +1.9663e+01 -1.4006e+01 -4.0449e+00 +4.6721e+00 +1.3077e+01 +5.4399e+00 -2.7113e+00 +5.1846e-01 +8.8400e+00 +2.5357e+01 +1.4075e+01 -7.7877e+00 -4.2221e+00 +1.5971e+01 +1.8220e+01 -5.0400e+00 +8.2861e+00 +5.4604e+00 -6.8168e+00
1023 +3.815673206e+01 +3.815673206e+01 +7.067320622e-01 +7.067320622e-01 +6.5142e+00 +5.2519e+01 -2.4790e+01 -6.8416e+00 -5.5767e+00 +4.1832e+01 +2.1442e+01 -1.1899e+01 +6.0438e+00 +4.9342e+00 +7.0448e+01 +1.4684e+01 -2.6162e+01 -5.6662e+00 +3.3069e+01 +4.6497e+01 -5.3303e+00 +1.5288e+01 +5.9899e+00 -1.5237e+01
1184 +2.308744658e+01 +2.308744658e+01 -1.436255342e+01 -1.436255342e+01 +6.0280e+00 +6.0897e+01 -1.3118e+01 -9.7525e+00 -6.1192e+00 +3.9614e+01 +2.7218e+01 -5.2807e+00 +7.8170e+00 +1.2263e+01 +7.2289e+01 +8.7787e+00 -7.9226e+00 -5.9712e+00 +2.2072e+01 +4.4804e+01 -5.1580e+00 +1.9746e+01 +5.0558e+00 -9.0391e+00
1362 +1.470196503e+01 +1.470196503e+01 -2.274803497e+01 -2.274803497e+01 +1.2903e+01 +1.0241e+02 -6.5375e+00 -2.0734e+01 -8.8286e+00 +6.8422e+01 +5.5485e+01 -1.0334e+01 +8.7734e+00 +3.0011e+01 +1.2502e+02 +8.1495e+00 -5.1524e+00 -6.6917e+00 +2.9047e+01 +7.7827e+01 -8.1738e+00 +3.0814e+01 +5.4323e+00 -1.5298e+01
1382 +9.455036891e+00 +9.455036891e+00 -2.799496311e+01 -2.799496311e+01 +1.4611e+01 +1.0872e+02 -2.4199e+00 -2.5266e+01 -9.0802e+00 +7.6512e+01 +6.1478e+01 -1.4839e+01 +9.4694e+00 +2.9070e+01 +1.3591e+02 +6.0455e+00 -7.4620e+00 -6.9608e+00 +3.1868e+01 +8.4921e+01 -8.0947e+00 +3.2254e+01 +5.4597e+00 -1.5344e+01
1402 +3.227558569e+00 +3.227558569e+00 -3.422244143e+01 -3.422244143e+01 +1.8572e+01 +1.3952e+02 +3.4345e+00 -3.5886e+01 -1.0361e+01 +1.0477e+02 +8.6323e+01 -2.5199e+01 +1.1881e+01 +3.9293e+01 +1.8075e+02 +4.6750e+00 -1.0948e+01 -8.1087e+00 +3.9001e+01 +1.1259e+02 -8.6840e+00 +3.8431e+01 +5.6699e+00 -2.0407e+01
1421 +1.500559426e+00 +1.500559426e+00 -3.594944057e+01 -3.594944057e+01 +2.0576e+01 +1.2793e+02 +3.8224e+00 -3.9434e+01 -5.2322e+00 +1.0019e+02 +8.0373e+01 -2.7277e+01 +8.8065e+00 +4.2846e+01 +1.7077e+02 +9.6245e+00 -1.3881e+01 -8.1719e+00 +3.5134e+01 +1.0740e+02 -9.0523e+00 +3.4858e+01 +5.9322e+00 -1.9732e+01
1450 +1.421085472e-14 +1.421085472e-14 -3.745000000e+01 -3.745000000e+01 +2.0943e+01 +1.0906e+02 +6.2225e+00 -3.7532e+01 -5.6988e+00 +8.2757e+01 +7.0352e+01 -2.1794e+01 +5.1658e+00 +4.1210e+01 +1.4466e+02 +7.3057e+00 -1.0709e+01 -9.3628e+00 +2.9607e+01 +9.3967e+01 -7.9433e+00 +3.0927e+01 +5.7854e+00 -1.7695e+01
% function evaluation | noise-free fitness - Fopt (2.906200000000e+02) | best noise-free fitness - Fopt | measured fitness | best measured fitness | x1 | x2...
1 +4.759698559e+02 +4.759698559e+02 +7.665898559e+02 +7.665898559e+02 +5.6626e-01 -1.2747e+00 +2.6682e+00 +4.6559e+00 -4.0327e+00 +2.3142e+00 -4.8298e+00 +3.0276e+00 -9.8434e-01 -2.0457e+00 +4.1793e+00 +4.4811e+00 +2.7061e+00 +3.4145e+00 -1.5535e+00 +1.8769e+00 -4.7254e+00 +3.6266e+00 -1.1253e+00 -4.2912e+00
2 +3.748447000e+02 +3.748447000e+02 +6.654647000e+02 +6.654647000e+02 +2.6913e+00 -3.4703e+00 -5.8644e-02 -2.7760e+00 +4.8667e+00 +1.6900e+00 -3.9475e+00 +5.1432e-01 +1.5152e-01 -3.2728e+00 +1.0188e+00 +1.9170e+00 -4.5058e+00 -3.8163e+00 +6.2290e-01 +2.9147e+00 -3.1156e+00 -3.7842e+00 -2.5753e+00 -8.9474e-01
54 +2.470193852e+02 +2.470193852e+02 +5.376393852e+02 +5.376393852e+02 +6.0149e+00 +7.0010e+00 -8.0424e+00 +3.2166e-01 -5.9829e+00 -9.8793e+00 +3.8045e+00 -6.3499e+00 +6.9026e-01 -2.6289e+00 +3.2201e+00 +7.8639e+00 -3.0443e+00 -3.0112e+00 -2.2051e-01 -2.6550e-01 +4.2001e+00 -3.0257e+00 +3.9289e+00 -6.7737e+00
439 +1.533675122e+02 +1.533675122e+02 +4.439875122e+02 +4.439875122e+02 +1.0996e+01 +1.1265e+01 -1.0093e+01 -5.6378e+00 -1.2992e+01 -4.2275e+00 -5.2533e+00 -6.7524e+00 +5.6886e+00 +7.7545e-02 +1.2227e+01 +7.1114e+00 -1.4582e+01 -1.0020e+01 -4.9390e+00 +4.7731e+00 +6.9889e+00 -4.5444e+00 +5.9959e+00 -6.3175e+00
836 +9.831942599e+01 +9.831942599e+01 +3.889394260e+02 +3.889394260e+02 +4.7348e+00 +8.4441e+00 -1.5151e+01 -1.1154e+01 -5.4281e+00 +2.9687e-01 -1.3811e+00 -1.0542e+01 +6.9007e+00 +8.2260e+00 +7.3882e+00 -4.4435e+00 -1.9526e+01 -7.6218e+00 -4.9209e+00 +5.4769e+00 +5.4732e+00 -4.9623e+00 +4.4335e+00 -5.9457e+00
1268 +6.287013967e+01 +6.287013967e+01 +3.534901397e+02 +3.534901397e+02 +1.7513e+00 +1.7792e+01 -2.5464e+01 -1.4486e+01 -7.2090e+00 -6.4381e+00 +6.9482e+00 -2.1031e+01 -4.9619e+00 +1.5917e+01 +3.4259e+00 -5.0687e+00 -2.5624e+01 -4.5289e+00 -4.5975e+00 +4.8967e+00 +7.3517e+00 -9.6594e+00 +6.8851e+00 -4.8620e+00
1559 +3.910973042e+01 +3.910973042e+01 +3.297297304e+02 +3.297297304e+02 +1.7878e+00 +1.8693e+01 -2.5669e+01 -1.5214e+01 -5.3717e+00 -7.0512e+00 +9.5947e+00 -2.6968e+01 -5.5438e+00 +1.7774e+01 -4.7568e+00 -7.3426e+00 -1.7101e+01 -5.9893e+00 -5.4303e+00 +4.2073e+00 +9.8914e+00 -2.1209e+01 +5.2864e+00 -5.8651e+00
1788 +2.430712505e+01 +2.430712505e+01 +3.149271250e+02 +3.149271250e+02 +3.1880e+00 +1.8337e+01 -2.6184e+01 -1.2773e+01 -7.5793e+00 -4.4605e+00 +5.0887e+00 -2.5930e+01 -6.0143e+00 +1.4359e+01 -4.8121e+00 -5.1540e+00 -1.2496e+01 -8.8455e+00 -5.9487e+00 +5.3929e+00 +7.7530e+00 -2.7357e+01 +5.1160e+00 -6.1836e+00
1968 +1.553229047e+01 +1.553229047e+01 +3.061522905e+02 +3.061522905e+02 +5.0067e+00 +1.9825e+01 -2.2551e+01 -5.8166e+00 -1.4945e+01 -5.4165e+00 +2.5066e+00 -2.7767e+01 -8.1337e+00 +1.2225e+01 -5.4590e+00 -5.1823e+00 -5.5626e+00 -1.0506e+01 -7.9520e+00 +5.3789e+00 +8.1682e+00 -3.3844e+01 +5.0176e+00 -7.4966e+00
2093 +9.746432443e+00 +9.746432443e+00 +3.003664324e+02 +3.003664324e+02 +5.9279e+00 +2.0868e+01 -2.6781e+01 -5.7025e+00 -1.6690e+01 -5.0190e+00 -2.8962e-01 -3.3526e+01 -1.0417e+01 +1.3931e+01 -5.4825e+00 -5.1843e+00 -6.6490e+00 -1.2473e+01 -9.2164e+00 +7.7645e+00 +1.0565e+01 -4.4060e+01 +5.5494e+00 -9.2071e+00
2129 +4.512769004e+00 +4.512769004e+00 +2.951327690e+02 +2.951327690e+02 +7.3286e+00 +2.3082e+01 -3.4278e+01 -5.0952e+00 -1.9139e+01 -5.0137e+00 -3.8637e+00 -4.1380e+01 -1.6415e+01 +1.6310e+01 -4.3566e+00 -5.1152e+00 -1.0412e+01 -1.5495e+01 -1.0296e+01 +1.1839e+01 +1.1248e+01 -5.6302e+01 +6.5060e+00 -1.1762e+01
2164 +5.479703009e-01 +5.479703009e-01 +2.911679703e+02 +2.911679703e+02 +7.9189e+00 +2.5765e+01 -3.8631e+01 -5.7632e+00 -2.1595e+01 -4.9579e+00 -4.7724e+00 -4.3858e+01 -2.0438e+01 +1.7021e+01 -5.2646e+00 -5.9861e+00 -1.0876e+01 -1.6862e+01 -1.1949e+01 +1.1663e+01 +1.0901e+01 -6.2514e+01 +6.1300e+00 -1.1092e+01
2237 +0.000000000e+00 +0.000000000e+00 +2.906200000e+02 +2.906200000e+02 +9.9277e+00 +2.8817e+01 -4.6572e+01 -5.3370e+00 -2.4480e+01 -6.7700e+00 -8.3833e+00 -5.6790e+01 -2.8160e+01 +1.9878e+01 -5.7615e+00 -6.3702e+00 -1.6237e+01 -1.8934e+01 -1.3552e+01 +1.4653e+01 +1.3240e+01 -7.7275e+01 +5.9859e+00 -1.5668e+01
% function evaluation | noise-free fitness - Fopt (-1.015300000000e+02) | best noise-free fitness - Fopt | measured fitness | best measured fitness | x1 | x2...
1 +3.319316828e+02 +3.319316828e+02 +2.304016828e+02 +2.304016828e+02 +3.0887e+00 +2.8911e+00 +4.9799e+00 +2.7856e+00 +1.0843e+00 -2.6928e+00 -2.5129e+00 -2.8109e+00 -2.5373e+00 -3.0765e+00 +1.3945e+00 -1.7263e+00 -3.8708e+00 +4.1920e-01 +3.8690e+00 +2.8165e+00 -3.0684e-01 -4.9464e+00 +9.4914e-01 +3.4757e+00
33 +2.083333422e+02 +2.083333422e+02 +1.068033422e+02 +1.068033422e+02 +4.9260e+00 +3.2355e+00 -3.0297e+00 +4.2155e+00 -8.7512e-01 +5.7987e+00 -8.2023e+00 -4.7305e+00 -1.3446e+00 -1.3023e+00 +1.4514e+00 -5.1461e+00 +9.7220e+00 -4.8161e+00 +4.2420e+00 +3.6045e+00 +3.8304e+00 -7.8272e+00 +9.1867e+00 -2.9042e+00
41 +1.486706938e+02 +1.486706938e+02 +4.714069382e+01 +4.714069382e+01 +6.5888e+00 +7.3153e+00 -7.4725e-01 +7.7737e+00 -2.1286e+00 +3.2015e+00 -1.1463e+01 -3.1047e+00 -9.1654e-01 -1.9271e+00 +1.1913e+00 -9.0038e+00 +1.1946e+01 -4.9906e+00 +2.0089e+00 +5.7991e+00 -1.2865e+00 -7.1821e+00 +7.0107e+00 -4.7659e+00
181 +9.790112760e+01 +9.790112760e+01 -3.628872402e+00 -3.628872402e+00 +5.7732e+00 +7.0710e+00 +7.5765e-01 +1.7355e+01 +7.0843e+00 +9.7004e+00 -1.1797e+01 -2.8647e-01 -4.9202e+00 -5.2550e+00 +2.3302e+00 -2.0347e+01 +1.7033e+01 -8.3281e+00 +5.9723e+00 +7.3624e+00 -5.5194e+00 -9.4241e+00 +6.1962e+00 -1.6636e+01
525 +5.861559415e+01 +5.861559415e+01 -4.291440585e+01 -4.291440585e+01 +8.8836e+00 +1.2089e+01 -7.6134e+00 +9.9966e+00 -6.9334e+00 -1.7004e+00 -1.5908e+01 +6.1728e+00 -6.7213e+00 -7.9263e+00 +7.3764e+00 -2.9815e+01 +3.5072e+01 -5.6479e+00 +4.3915e+00 +7.9266e+00 -1.1614e+01 -5.6755e+00 +5.0642e+00 -1.4667e+01
1021 +3.910703008e+01 +3.910703008e+01 -6.242296992e+01 -6.242296992e+01 +3.7753e+00 +7.6404e+00 -3.8699e+00 +1.7751e+01 -5.2629e+00 -4.1714e+00 -2.1234e+01 +1.2421e+01 -2.7777e+01 -4.3668e+00 +4.5962e+00 -7.3414e+00 +4.8291e+01 -5.8578e+00 +1.9733e+01 +5.2872e+00 -3.9023e+01 -1.7745e+01 +7.4964e+00 -3.5336e+01
1259 +2.433788135e+01 +2.433788135e+01 -7.719211865e+01 -7.719211865e+01 -3.1908e+00 +1.4713e+00 -6.9469e+00 +2.3558e+01 -1.0090e+01 -7.7444e+00 -4.5609e+01 +2.8432e+01 -4.4293e+01 -5.9862e+00 +5.0797e+00 -1.8834e+01 +9.1186e+01 -1.0251e+01 +2.9527e+01 +5.3295e+00 -5.5819e+01 -2.3396e+01 +5.6361e+00 -3.9997e+01
1391 +1.396397117e+01 +1.396397117e+01 -8.756602883e+01 -8.756602883e+01 -1.2648e+01 -3.7156e+00 -4.8205e+00 +5.2787e+01 -7.4218e+00 -1.6847e+01 -9.2972e+01 +5.7986e+01 -9.8564e+01 -5.1882e+00 +5.3527e+00 -1.5516e+01 +1.6621e+02 -1.5570e+01 +6.6426e+01 +7.5174e+00 -1.2401e+02 -4.1870e+01 +1.0077e+01 -8.3549e+01
1422 +6.796842457e+00 +6.796842457e+00 -9.473315754e+01 -9.473315754e+01 -1.0136e+01 -4.3452e+00 +1.4320e+00 +5.5095e+01 -4.9306e+00 -9.6590e+00 -8.5829e+01 +4.5593e+01 -9.1331e+01 -5.8469e+00 +4.5838e+00 -1.6626e+01 +1.5651e+02 -1.8524e+01 +6.9086e+01 +7.1537e+00 -1.1496e+02 -3.7232e+01 +9.7064e+00 -8.3794e+01
1445 +6.298041180e+00 +6.298041180e+00 -9.523195882e+01 -9.523195882e+01 -1.5595e+01 -8.9436e+00 +5.7549e-02 +6.7216e+01 -9.8532e+00 -1.5892e+01 -1.0920e+02 +6.5947e+01 -1.2096e+02 -6.6046e+00 +5.7583e+00 -1.4657e+01 +2.0252e+02 -2.2151e+01 +8.6694e+01 +6.7279e+00 -1.5169e+02 -5.0787e+01 +8.7943e+00 -1.0657e+02
1462 +3.520249834e+00 +3.520249834e+00 -9.800975017e+01 -9.800975017e+01 -1.4290e+01 -8.2100e+00 +2.9414e+00 +6.5617e+01 -5.9808e+00 -1.5474e+01 -1.0230e+02 +5.9090e+01 -1.1568e+02 -5.2839e+00 +4.7330e+00 -1.0310e+01 +1.8746e+02 -2.1179e+01 +8.4211e+01 +7.4281e+00 -1.4570e+02 -4.6232e+01 +8.2022e+00 -1.0239e+02
1490 +1.834728233e+00 +1.834728233e+00 -9.969527177e+01 -9.969527177e+01 -1.5575e+01 -1.2174e+01 +4.7696e+00 +7.4780e+01 -4.0509e+00 -1.7619e+01 -1.1359e+02 +6.7682e+01 -1.3781e+02 -5.6622e+00 +7.0504e+00 -1.1154e+01 +2.1460e+02 -2.4695e+01 +1.0016e+02 +7.0998e+00 -1.6966e+02 -4.9484e+01 +7.6822e+00 -1.2313e+02
1499 +9.823170695e-01 +9.823170695e-01 -1.005476829e+02 -1.005476829e+02 -1.3904e+01 -9.3238e+00 +4.2291e+00 +7.0461e+01 -1.0281e+01 -1.7879e+01 -1.1402e+02 +6.2277e+01 -1.2502e+02 -7.5219e+00 +6.6364e+00 -2.2542e+01 +2.1501e+02 -2.4646e+01 +9.3868e+01 +7.4765e+00 -1.5740e+02 -4.3777e+01 +7.9918e+00 -1.1192e+02
1501 +2.842170943e-14 +2.842170943e-14 -1.015300000e+02 -1.015300000e+02 -1.3502e+01 -9.0450e+00 +6.5445e+00 +7.4573e+01 -8.4285e+00 -1.9541e+01 -1.1816e+02 +6.0586e+01 -1.2961e+02 -7.4103e+00 +6.4329e+00 -2.4661e+01 +2.1957e+02 -2.6113e+01 +9.8689e+01 +8.2010e+00 -1.6252e+02 -3.9999e+01 +8.2877e+00 -1.1654e+02
% function evaluation | noise-free fitness - Fopt (3.019700000000e+02) | best noise-free fitness - Fopt | measured fitness | best measured fitness | x1 | x2...
1 +3.195803877e+02 +3.195803877e+02 +6.215503877e+02 +6.215503877e+02 +2.7396e+00 -4.5750e+00 +3.8194e+00 +8.2304e-01 +4.7959e-01 -3.2445e+00 +3.0697e+00 +2.7377e+00 -1.0576e+00 +7.5164e-01 -4.6942e+00 +2.5797e+00 +4.4488e+00 -1.8886e+00 +1.9806e+00 +1.3448e+00 -2.0415e+00 +4.9445e+00 +1.4371e+00 +4.0710e+00
36 +2.127371960e+02 +2.127371960e+02 +5.147071960e+02 +5.147071960e+02 +1.7861e+00 -6.7940e+00 +8.0211e+00 +2.8678e+00 -2.5243e+00 -6.6841e+00 +3.5262e+00 -3.4409e+00 -2.5219e+00 +5.8598e-01 -6.5017e-01 -4.3780e+00 +4.2366e+00 -4.5554e+00 +3.9101e+00 +1.2623e+00 -4.5159e+00 +1.0661e+01 +5.7595e+00 +7.7114e+00
122 +1.487595185e+02 +1.487595185e+02 +4.507295185e+02 +4.507295185e+02 -4.2567e+00 +6.0953e+00 -4.6138e+00 -6.1796e+00 -4.3725e+00 +6.7530e-01 -7.0830e+00 -3.3956e+00 -2.0135e+01 -1.0985e+01 +4.6791e+00 -7.7944e+00 +6.4693e+00 -6.9132e+00 +5.4098e+00 -4.2600e+00 -5.1732e+00 +9.5511e+00 +1.1481e+01 +7.6069e+00
397 +9.861802694e+01 +9.861802694e+01 +4.005880269e+02 +4.005880269e+02 -7.6536e+00 +4.8299e+00 +1.5877e+00 -4.3973e+00 +3.0354e+00 -1.2178e+00 -9.1925e+00 +4.1128e+00 -2.4866e+01 -1.2464e+01 +1.0922e+01 -5.3233e+00 -4.5603e+00 -5.9923e+00 +1.4044e+01 -5.5133e+00 -4.9906e+00 +2.1353e+01 +1.4369e+01 +7.5556e+00
783 +6.207179851e+01 +6.207179851e+01 +3.640417985e+02 +3.640417985e+02 -3.0225e+01 +2.9603e+00 +6.8073e+00 -5.3107e+00 -4.3678e+00 +1.6120e+01 -1.6488e+01 +2.2647e+00 -4.0876e+01 -3.4752e+01 +5.1572e+00 -4.2033e+00 -5.5506e+00 -1.0529e+01 +2.6346e+01 -3.0105e+00 -6.9048e+00 +4.0690e+01 +4.3667e+01 +5.5929e+00
924 +3.890290294e+01 +3.890290294e+01 +3.408729029e+02 +3.408729029e+02 -2.9539e+01 -4.5376e+00 +1.2474e+01 -7.6915e+00 -5.4402e+00 +6.0360e+00 -2.0617e+01 +4.2784e+00 -5.1905e+01 -3.7553e+01 +4.4626e+00 -4.8585e+00 -6.8837e+00 -1.2427e+01 +3.0446e+01 +1.0853e+00 -5.8275e+00 +4.9672e+01 +5.6444e+01 +5.4048e+00
1095 +2.427106687e+01 +2.427106687e+01 +3.262410669e+02 +3.262410669e+02 -3.4587e+01 -1.5414e+01 +2.2811e+01 -4.7813e+00 -1.0254e+01 +7.1700e+00 -1.4083e+01 +5.1484e+00 -4.8477e+01 -3.7733e+01 +6.2192e+00 -5.3730e+00 -4.7868e+00 -1.6762e+01 +3.6271e+01 +5.1888e+00 -7.6871e+00 +5.8483e+01 +7.1965e+01 +5.7901e+00
1320 +1.473838670e+01 +1.473838670e+01 +3.167083867e+02 +3.167083867e+02 -5.6206e+01 -8.0562e+00 +2.7282e+01 -1.5274e+01 -8.7505e+00 +7.9398e+00 -2.2538e+01 +1.1157e+01 -6.4946e+01 -5.4218e+01 +1.3861e+01 -5.1950e+00 -5.5896e+00 -2.1454e+01 +5.1045e+01 +5.2288e+00 -1.1369e+01 +7.3912e+01 +1.0733e+02 +1.0807e+01
1381 +9.724576343e+00 +9.724576343e+00 +3.116945763e+02 +3.116945763e+02 -7.3281e+01 -3.6147e+00 +2.7971e+01 -2.0065e+01 -6.0714e+00 +9.5772e+00 -2.7377e+01 +1.4738e+01 -7.4668e+01 -6.4358e+01 +2.2887e+01 -6.2624e+00 -5.8615e+00 -2.1161e+01 +6.0521e+01 +5.1640e+00 -1.5391e+01 +8.6192e+01 +1.2875e+02 +1.5493e+01
1413 +3.886003826e+00 +3.886003826e+00 +3.058560038e+02 +3.058560038e+02 -8.3405e+01 +2.5667e+00 +3.0433e+01 -2.1066e+01 -7.3263e+00 +1.1039e+01 -2.6672e+01 +1.6254e+01 -6.9977e+01 -6.7783e+01 +2.6452e+01 -4.6996e+00 -7.6304e+00 -2.1891e+01 +6.3614e+01 +5.2882e+00 -1.6656e+01 +8.7737e+01 +1.3777e+02 +1.4101e+01
1426 +2.049651015e+00 +2.049651015e+00 +3.040196510e+02 +3.040196510e+02 -8.8798e+01 +3.1843e+00 +3.1103e+01 -2.1569e+01 -6.1869e+00 +1.1947e+01 -2.8566e+01 +1.6746e+01 -7.3636e+01 -7.2056e+01 +2.7763e+01 -5.3728e+00 -7.6892e+00 -2.2309e+01 +6.8252e+01 +5.8745e+00 -1.6522e+01 +9.2444e+01 +1.4504e+02 +1.6025e+01
1429 +1.461338334e+00 +1.461338334e+00 +3.034313383e+02 +3.034313383e+02 -8.8209e+01 +4.2763e+00 +3.1213e+01 -2.4857e+01 -4.6031e+00 +8.8237e+00 -3.0705e+01 +1.8014e+01 -7.7241e+01 -7.3225e+01 +3.0214e+01 -6.3969e+00 -8.9836e+00 -2.0642e+01 +6.8242e+01 +5.1200e+00 -1.7461e+01 +9.2747e+01 +1.4779e+02 +1.7617e+01
1441 +1.101729350e-01 +1.101729350e-01 +3.020801729e+02 +3.020801729e+02 -9.8288e+01 +4.9024e+00 +3.3509e+01 -2.9822e+01 -5.2866e+00 +9.3921e+00 -3.6065e+01 +1.9830e+01 -8.5538e+01 -8.1797e+01 +3.2474e+01 -6.2944e+00 -1.0308e+01 -2.0087e+01 +7.5003e+01 +6.4370e+00 -1.9411e+01 +1.0111e+02 +1.6597e+02 +1.9729e+01
1483 +3.373346887e-02 +3.373346887e-02 +3.020037335e+02 +3.020037335e+02 -9.6841e+01 +6.8005e+00 +3.2814e+01 -2.9425e+01 -4.9792e+00 +8.1031e+00 -3.3618e+01 +1.8976e+01 -7.8135e+01 -7.7333e+01 +3.1760e+01 -5.5692e+00 -9.0841e+00 -1.8906e+01 +7.2959e+01 +6.7425e+00 -1.9954e+01 +9.5802e+01 +1.6258e+02 +1.8752e+01
1486 +0.000000000e+00 +0.000000000e+00 +3.019700000e+02 +3.019700000e+02 -1.0755e+02 +6.1946e+00 +3.6789e+01 -3.3366e+01 -5.0597e+00 +8.8903e+00 -4.0245e+01 +2.1557e+01 -9.3872e+01 -8.9959e+01 +3.5403e+01 -7.1185e+00 -1.2797e+01 -2.0544e+01 +8.1660e+01 +7.5559e+00 -2.1744e+01 +1.1054e+02 +1.8338e+02 +1.9383e+01
% function evaluation | noise-free fitness - Fopt (-6.561000000000e+01) | best noise-free fitness - Fopt | measured fitness | best measured fitness | x1 | x2...
1 +3.682433944e+02 +3.682433944e+02 +3.026333944e+02 +3.026333944e+02 -3.0461e+00 -8.5609e-01 +4.5251e+00 -4.1046e+00 -4.6242e+00 -1.5529e-01 +4.6945e+00 -6.8445e-01 -4.1470e+00 -1.2388e+00 -4.7344e+00 +1.0796e-01 +2.5919e+00 +3.1522e+00 +4.9057e+00 -2.6636e+00 -3.3951e+00 +1.0329e+00 +5.8183e-01 -2.6799e+00
5 +2.158718465e+02 +2.158718465e+02 +1.502618465e+02 +1.502618465e+02 +2.9044e+00 +3.3774e+00 -1.9543e+00 +3.2449e+00 +3.7410e+00 +6.8831e-02 -3.8701e+00 -5.4724e-02 +2.6235e+00 -3.1092e+00 -3.2074e+00 -4.7535e+00 +2.0876e+00 +2.5906e+00 +2.9730e+00 -8.2971e-02 +9.1313e-01 -4.6360e+00 +3.6583e+00 +2.9397e+00
21 +1.544106685e+02 +1.544106685e+02 +8.880066846e+01 +8.880066846e+01 +3.9664e+00 +3.3774e+00 -1.8122e+00 +3.2449e+00 +5.4973e-01 -1.3521e-01 -3.8701e+00 +7.0305e-01 +2.6235e+00 -3.1092e+00 +9.1335e-02 -4.7535e+00 +5.9040e+00 +5.2284e+00 +6.5070e+00 -8.2971e-02 +7.2170e+00 -4.8813e+00 +6.9331e+00 +2.9213e+00
137 +9.478158500e+01 +9.478158500e+01 +2.917158500e+01 +2.917158500e+01 -5.0069e+00 +1.9666e+00 -3.9541e+00 +1.3358e+01 -4.6522e-01 -1.7517e+00 -4.1049e+00 +7.4618e+00 +1.4907e+00 +6.8340e-01 -2.2313e+00 -1.4000e+01 +9.2868e+00 +6.6766e+00 +9.8810e+00 -3.5267e+00 +5.4432e+00 -8.3758e+00 +6.9926e+00 +1.0679e+01
223 +5.684239065e+01 +5.684239065e+01 -8.767609347e+00 -8.767609347e+00 -3.9998e+00 +7.1636e+00 -3.4387e+00 +7.9391e+00 +1.9231e+00 +7.3120e+00 -3.8048e+00 +6.7504e+00 -5.1902e-01 -1.6580e+00 -5.6590e+00 -1.2385e+01 +1.3333e+01 +4.5599e+00 +1.4748e+01 -5.5913e+00 +8.5059e+00 -7.7819e+00 +1.2846e+01 +5.9204e+00
417 +3.895682269e+01 +3.895682269e+01 -2.665317731e+01 -2.665317731e+01 -2.7092e+00 +6.7732e+00 -4.8524e-01 +7.6741e+00 -4.5973e+00 +6.7175e+00 -4.6122e+00 +1.3497e+01 -5.0396e+00 -6.1437e+00 -1.1192e+01 -9.9251e+00 +2.3979e+01 +9.7556e+00 +2.2059e+01 -1.3274e+01 +7.7745e+00 -1.1406e+01 +2.2841e+01 +6.9488e+00
704 +2.492172096e+01 +2.492172096e+01 -4.068827904e+01 -4.068827904e+01 -1.7243e+01 +1.6071e+01 +5.1854e+00 +5.1080e+00 +5.0475e+00 +1.0723e+01 -5.7893e+00 +3.5920e+01 -5.4995e+00 -4.6184e+00 -3.0368e+01 -2.2245e+01 +4.1746e+01 +5.7157e+00 +3.5058e+01 -2.5962e+01 +1.2763e+01 -1.2154e+01 +2.6613e+01 +1.0666e+01
1035 +1.474163754e+01 +1.474163754e+01 -5.086836246e+01 -5.086836246e+01 -3.0013e+01 +5.8145e+00 +3.7236e+00 +5.4448e+00 +5.4512e+00 +4.5050e+00 -8.5334e+00 +7.1786e+01 -9.5803e+00 -5.6498e+00 -2.8870e+01 -2.7110e+01 +6.4547e+01 +6.4355e+00 +6.2266e+01 -4.7253e+01 +8.0178e+00 -3.0705e+01 +3.8129e+01 +1.5568e+01
1097 +6.959355038e+00 +6.959355038e+00 -5.865064496e+01 -5.865064496e+01 -4.9074e+01 -6.2647e-01 +4.4722e+00 +4.8865e+00 +8.0636e+00 +4.8885e+00 -1.2665e+01 +1.1721e+02 -1.3447e+01 -4.6700e+00 -3.7571e+01 -3.8359e+01 +9.5172e+01 +6.3038e+00 +9.5894e+01 -7.3613e+01 +6.6979e+00 -4.6298e+01 +5.5078e+01 +2.0434e+01
1101 +3.586506932e+00 +3.586506932e+00 -6.202349307e+01 -6.202349307e+01 -6.7081e+01 -2.7292e+00 +6.2423e+00 +4.2887e+00 +1.1771e+01 +5.0382e+00 -1.4967e+01 +1.5918e+02 -1.9156e+01 -6.0934e+00 -4.7934e+01 -4.9938e+01 +1.2714e+02 +6.1380e+00 +1.2894e+02 -1.0063e+02 +6.8505e+00 -6.2166e+01 +7.2202e+01 +2.7125e+01
1115 +1.639807555e+00 +1.639807555e+00 -6.397019245e+01 -6.397019245e+01 -5.9266e+01 -4.8713e+00 +4.3801e+00 +6.7491e+00 +7.3148e+00 +5.5704e+00 -1.4822e+01 +1.3512e+02 -1.3514e+01 -4.7633e+00 -3.8198e+01 -4.4370e+01 +1.0618e+02 +6.2759e+00 +1.0638e+02 -8.5140e+01 +7.5435e+00 -4.9883e+01 +6.0898e+01 +2.2064e+01
1123 -1.421085472e-14 -1.421085472e-14 -6.561000000e+01 -6.561000000e+01 -7.6422e+01 -7.2365e+00 +6.2658e+00 +5.3302e+00 +1.0360e+01 +5.9862e+00 -1.7692e+01 +1.7498e+02 -1.8255e+01 -5.5283e+00 -4.8369e+01 -5.4074e+01 +1.3495e+02 +6.3898e+00 +1.3706e+02 -1.0987e+02 +6.4883e+00 -6.4754e+01 +7.6594e+01 +2.7288e+01
% function evaluation | noise-free fitness - Fopt (-3.569000000000e+01) | best noise-free fitness - Fopt | measured fitness | best measured fitness | x1 | x2...
1 +4.194574230e+02 +4.194574230e+02 +3.837674230e+02 +3.837674230e+02 +2.7706e+00 +9.9819e-01 +4.3193e+00 -2.2299e+00 -3.1250e+00 +2.0879e+00 -1.8437e+00 -2.3178e+00 +1.9971e+00 -4.6104e+00 +3.0791e+00 -3.4119e-01 +9.7243e-01 -3.5649e-01 +1.0892e+00 +5.9496e-01 -2.8738e-01 -3.7721e+00 -4.5049e+00 -4.5066e+00
8 +3.520207608e+02 +3.520207608e+02 +3.163307608e+02 +3.163307608e+02 -2.5539e+00 -4.1619e+00 +1.0465e+00 +4.4735e+00 -3.6857e+00 +4.3067e+00 -8.6543e-01 +3.1983e+00 +1.5171e+00 +1.4058e+00 +4.8098e+00 -1.7087e+00 -1.3597e+00 -8.1773e-01 -5.1748e-01 -2.1673e+00 +4.2515e+00 -2.6613e+00 +2.9965e+00 +2.1025e+00
43 +2.486377458e+02 +2.486377458e+02 +2.129477458e+02 +2.129477458e+02 +5.2511e+00 +4.6633e+00 -7.1377e+00 +8.3605e+00 +5.8809e+00 +2.2148e+00 -4.0625e+00 -1.1019e+00 +3.1073e+00 -2.2272e+00 -6.6050e+00 -4.4932e+00 +1.8036e-02 -1.8887e+00 -2.6063e+00 -3.9080e+00 +7.3469e+00 -2.2557e+00 +4.4046e+00 -7.7706e+00
184 +1.550045516e+02 +1.550045516e+02 +1.193145516e+02 +1.193145516e+02 +8.3696e+00 +1.0229e+01 -1.0281e+01 +2.9294e+00 +2.7810e+00 +5.5048e+00 -7.0033e+00 +8.9572e+00 +5.5863e+00 -2.4813e+00 +1.0212e+01 -5.9338e+00 +7.9253e-01 +1.9330e+00 +1.1745e+00 -2.3705e+01 +1.4587e+01 +2.2996e+00 +3.5142e+00 -8.7593e+00
324 +9.641170919e+01 +9.641170919e+01 +6.072170919e+01 +6.072170919e+01 +1.7849e+01 +1.2016e+01 -1.8326e+01 +6.1575e+00 +7.5961e+00 +6.4277e+00 +2.3288e+00 +1.3592e+01 +5.6645e+00 -5.2344e+00 +9.6619e+00 -1.2390e+01 -4.5541e+00 -3.8468e+00 +5.3010e-01 -3.3836e+01 +1.8301e+01 +5.6763e+00 +5.2470e+00 -1.0505e+01
466 +5.515304951e+01 +5.515304951e+01 +1.946304951e+01 +1.946304951e+01 +2.7015e+01 +2.9337e+01 -3.2585e+01 +2.3004e+01 +2.8852e+01 +8.3959e+00 +4.3896e+00 +1.1316e+01 +3.5808e+00 -6.5242e+00 +7.6646e+00 -2.5000e+01 -4.5890e+00 +5.4442e+00 -5.1655e+00 -4.4173e+01 +2.9135e+01 +3.9671e+00 +5.9417e+00 -2.8778e+01
728 +3.913950906e+01 +3.913950906e+01 +3.449509056e+00 +3.449509056e+00 +3.8719e+01 +4.1321e+01 -5.4323e+01 +2.2210e+01 +2.9827e+01 +1.3456e+01 +6.9910e+00 +2.5009e+01 +9.3728e+00 -1.6990e+01 +1.0599e+01 -3.6555e+01 -8.9729e+00 +5.0374e+00 -6.4720e+00 -7.1540e+01 +4.4559e+01 +1.2053e+01 +6.9972e+00 -3.7633e+01
851 +1.394344141e+01 +1.394344141e+01 -2.174655859e+01 -2.174655859e+01 +2.6953e+01 +4.4834e+01 -8.1320e+01 +4.6934e+00 +2.2653e+01 +1.3433e+01 +1.0401e+01 +3.5592e+01 +1.3350e+01 -2.6358e+01 +1.6696e+01 -3.8143e+01 -7.7893e+00 +7.3127e+00 -7.0928e+00 -8.6561e+01 +5.5064e+01 +2.8146e+01 +5.2394e+00 -4.4024e+01
861 +4.205600025e+00 +4.205600025e+00 -3.148439997e+01 -3.148439997e+01 +2.7372e+01 +4.7144e+01 -9.1111e+01 -2.0763e+00 +1.6117e+01 +1.5128e+01 +1.0844e+01 +4.3522e+01 +1.6405e+01 -3.1953e+01 +2.1886e+01 -4.0542e+01 -8.7791e+00 +7.9046e+00 -5.3290e+00 -9.8533e+01 +6.1558e+01 +3.4321e+01 +5.2068e+00 -4.4473e+01
923 +2.947955620e+00 +2.947955620e+00 -3.274204438e+01 -3.274204438e+01 +2.3828e+01 +5.1115e+01 -1.0069e+02 -5.9806e+00 +1.2683e+01 +1.5809e+01 +8.1638e+00 +4.8521e+01 +1.8703e+01 -3.3681e+01 +2.6235e+01 -4.1349e+01 -1.0729e+01 +8.7872e+00 -4.6981e+00 -1.0236e+02 +6.9599e+01 +3.8403e+01 +4.8532e+00 -4.5856e+01
962 +1.159792233e+00 +1.159792233e+00 -3.453020777e+01 -3.453020777e+01 +1.8740e+01 +4.7168e+01 -9.6790e+01 -6.4034e+00 +1.4922e+01 +1.2885e+01 +1.0988e+01 +4.4683e+01 +2.0432e+01 -2.9284e+01 +2.2980e+01 -3.6973e+01 -4.7291e+00 +7.2913e+00 -7.0574e+00 -9.6789e+01 +6.2983e+01 +3.8023e+01 +6.7274e+00 -4.7502e+01
964 +0.000000000e+00 +0.000000000e+00 -3.569000000e+01 -3.569000000e+01 +1.5067e+01 +5.0542e+01 -9.9893e+01 -7.5594e+00 +1.1772e+01 +1.4326e+01 +7.1017e+00 +4.2186e+01 +2.2534e+01 -2.9281e+01 +2.3819e+01 -3.3865e+01 -5.6255e+00 +7.0093e+00 -5.0304e+00 -9.6395e+01 +6.2411e+01 +3.9456e+01 +7.6249e+00 -4.7031e+01
% function evaluation | noise-free fitness - Fopt (3.174000000000e+01) | best noise-free fitness - Fopt | measured fitness | best measured fitness | x1 | x2...
1 +3.596513124e+02 +3.596513124e+02 +3.913913124e+02 +3.913913124e+02 -4.1057e+00 -3.7526e+00 -2.3225e+00 +4.9384e+00 +3.8867e+00 -2.1200e+00 -4.3038e+00 -3.8015e+00 +2.5257e+00 +4.7799e+00 -9.9067e-01 -4.3282e+00 -3.5033e+00 -8.4547e-01 -4.4148e+00 -4.6440e+00 +4.6836e+00 +1.9772e+00 +5.3664e-01 -1.0872e+00
18 +2.221579162e+02 +2.221579162e+02 +2.538979162e+02 +2.538979162e+02 -4.0541e+00 -4.0060e+00 -3.9049e+00 -4.0164e+00 +1.8575e+00 -4.6536e-01 +2.9591e+00 +2.7442e+00 -4.2165e+00 +1.5412e+00 -4.3344e+00 +4.5524e+00 -3.1378e+00 +3.4003e+00 +4.6327e+00 -6.5741e-01 +4.3856e+00 +1.1672e+00 -3.2516e+00 +3.5453e+00
61 +1.481305011e+02 +1.481305011e+02 +1.798705011e+02 +1.798705011e+02 -6.7400e+00 -3.2422e+00 -1.1025e+01 -2.6829e+00 +7.8181e+00 -9.7078e-01 +4.8473e+00 +5.3996e+00 +2.8882e+00 +1.8536e+00 -7.4608e+00 +1.0039e+01 -2.7645e+00 -3.1065e+00 +1.2411e+01 +2.9863e+00 +9.5585e+00 +7.2021e+00 -2.7740e+00 +8.5225e+00
171 +9.802359277e+01 +9.802359277e+01 +1.297635928e+02 +1.297635928e+02 -7.8323e+00 -1.5048e+01 -2.1712e+00 +6.6431e+00 +1.1551e+01 +5.7812e+00 +1.6169e+01 +8.8605e+00 +1.5455e+01 +1.1307e+01 -1.1685e+01 +1.1352e+01 -4.3104e+00 -8.2511e+00 +1.1790e+01 -2.5238e+00 +7.4681e+00 +7.1635e+00 -1.0184e+01 +1.9476e+01
481 +6.071154944e+01 +6.071154944e+01 +9.245154944e+01 +9.245154944e+01 -6.9561e-01 -1.3188e+01 -1.0453e+01 -9.7678e+00 +4.2369e+00 +1.1807e+01 +9.5370e+00 +2.3708e+01 +2.4446e+01 +6.9619e+00 -8.0972e+00 +5.3644e+00 -7.4870e+00 -6.0581e+00 +1.3579e+01 -3.5044e+00 +5.0891e+00 +6.6367e+00 -8.8897e+00 +2.1019e+01
730 +3.878114749e+01 +3.878114749e+01 +7.052114749e+01 +7.052114749e+01 -2.1335e+00 -6.9695e+00 -5.3344e+00 -1.2374e+01 -4.0087e+00 +1.1388e+01 +1.5921e+01 +2.5488e+01 +3.2625e+01 +6.6729e+00 -5.4600e+00 +7.8527e+00 -7.6093e+00 -5.9168e+00 +9.5651e+00 -5.4102e+00 +7.1105e+00 +1.1570e+01 -7.3927e+00 +2.7049e+01
1039 +2.462202751e+01 +2.462202751e+01 +5.636202751e+01 +5.636202751e+01 +4.7659e+00 -4.2827e+00 -6.4692e+00 -5.0710e+00 -1.7815e+00 +5.0122e+00 +1.2776e+01 +3.6354e+01 +3.3315e+01 +5.3239e+00 -2.0527e+01 +6.2026e+00 -6.9739e+00 -2.1401e+01 +6.8519e+00 -7.0651e+00 +1.6551e+01 +2.0838e+01 -7.0312e+00 +3.8380e+01
1223 +1.570093769e+01 +1.570093769e+01 +4.744093769e+01 +4.744093769e+01 +7.5890e+00 -4.5048e+00 -5.2016e+00 -4.7201e+00 -5.4185e+00 +2.2198e+00 +1.2883e+01 +4.3050e+01 +3.7708e+01 +4.4942e+00 -2.0590e+01 +6.9515e+00 -5.5707e+00 -2.7589e+01 +7.0523e+00 -7.6081e+00 +1.7064e+01 +2.5370e+01 -5.7407e+00 +4.3929e+01
1418 +9.988304091e+00 +9.988304091e+00 +4.172830409e+01 +4.172830409e+01 +6.2852e+00 -5.3623e+00 -2.8172e+00 -6.6210e+00 -5.5193e+00 -1.0682e+00 +1.5262e+01 +4.6008e+01 +4.1069e+01 +5.0376e+00 -1.5649e+01 +1.1541e+01 -6.7312e+00 -2.8938e+01 +8.0401e+00 -9.2107e+00 +2.0181e+01 +2.8470e+01 -5.4637e+00 +4.5783e+01
1467 +5.923100533e+00 +5.923100533e+00 +3.766310053e+01 +3.766310053e+01 +5.2912e+00 -4.8314e+00 -2.6969e+00 -6.0908e+00 -4.8768e+00 -3.5826e+00 +1.4525e+01 +4.6463e+01 +3.9789e+01 +5.6633e+00 -1.5343e+01 +1.3194e+01 -7.3172e+00 -3.0190e+01 +9.5571e+00 -8.9749e+00 +2.2252e+01 +2.9412e+01 -5.0975e+00 +4.6677e+01
1481 +3.386649163e+00 +3.386649163e+00 +3.512664916e+01 +3.512664916e+01 +7.0619e+00 -3.8647e+00 -5.1348e+00 -4.8972e+00 -4.2599e+00 -4.8467e+00 +1.2846e+01 +4.6667e+01 +3.6438e+01 +4.8405e+00 -2.0067e+01 +1.2705e+01 -8.0146e+00 -3.2830e+01 +1.0356e+01 -7.8546e+00 +2.3436e+01 +3.0285e+01 -6.5207e+00 +4.6431e+01
1568 +2.143891535e+00 +2.143891535e+00 +3.388389153e+01 +3.388389153e+01 +7.1898e+00 -4.7072e+00 -5.2808e+00 -3.8544e+00 -4.8981e+00 -5.0492e+00 +1.2669e+01 +4.7553e+01 +3.6970e+01 +5.4626e+00 -1.9965e+01 +1.1969e+01 -8.2852e+00 -3.4060e+01 +1.0931e+01 -8.2784e+00 +2.3040e+01 +2.9807e+01 -7.1778e+00 +4.7128e+01
1583 +8.171703883e-01 +8.171703883e-01 +3.255717039e+01 +3.255717039e+01 +7.0918e+00 -4.7080e+00 -4.8135e+00 -5.0941e+00 -7.3772e+00 -6.1746e+00 +1.4872e+01 +5.0291e+01 +4.1125e+01 +4.9160e+00 -1.6272e+01 +1.5912e+01 -8.0005e+00 -3.6283e+01 +1.2238e+01 -7.9753e+00 +2.2036e+01 +3.2794e+01 -7.0430e+00 +4.9049e+01
1605 +5.275726080e-01 +5.275726080e-01 +3.226757261e+01 +3.226757261e+01 +5.7801e+00 -5.0654e+00 -5.3454e+00 -4.6332e+00 -6.1061e+00 -5.3034e+00 +1.4688e+01 +4.7909e+01 +3.9819e+01 +5.5374e+00 -1.6431e+01 +1.4948e+01 -8.2520e+00 -3.3997e+01 +1.2427e+01 -7.9930e+00 +2.2087e+01 +3.0306e+01 -7.1846e+00 +4.7716e+01
1657 +3.151154347e-01 +3.151154347e-01 +3.205511543e+01 +3.205511543e+01 +5.3884e+00 -5.9140e+00 -5.8653e+00 -5.2673e+00 -8.5685e+00 -7.4980e+00 +1.5179e+01 +4.8847e+01 +4.0016e+01 +4.8941e+00 -1.1824e+01 +1.8771e+01 -8.7940e+00 -3.5975e+01 +1.5208e+01 -6.8416e+00 +2.0023e+01 +3.2275e+01 -7.8970e+00 +4.6317e+01
1671 +1.065814104e-14 +1.065814104e-14 +3.174000000e+01 +3.174000000e+01 +7.1507e+00 -6.9596e+00 -9.6831e+00 -5.7813e+00 -7.0501e+00 -6.2848e+00 +1.3236e+01 +5.1304e+01 +3.8853e+01 +5.7132e+00 -1.6369e+01 +1.7729e+01 -1.0075e+01 -3.8702e+01 +1.8069e+01 -5.5371e+00 +2.1165e+01 +3.3874e+01 -7.8324e+00 +4.7052e+01
% function evaluation | noise-free fitness - Fopt (8.344900000000e+02) | best noise-free fitness - Fopt | measured fitness | best measured fitness | x1 | x2...
1 +4.064945826e+02 +4.064945826e+02 +1.240984583e+03 +1.240984583e+03 -2.9213e+00 +7.8942e-01 +8.7434e-01 -3.6281e+00 +4.5847e-01 +6.9807e-01 +4.2549e+00 +2.6324e+00 -4.5753e+00 +1.6759e+00 -4.5167e-01 +1.8849e+00 -2.3407e+00 -4.8595e+00 +2.7479e+00 -4.3040e+00 -2.6521e+00 -3.3786e+00 +3.8913e+00 +2.0890e+00
3 +3.314321666e+02 +3.314321666e+02 +1.165922167e+03 +1.165922167e+03 -2.8693e+00 +3.5117e+00 -7.0655e-01 +4.7392e+00 -4.5524e+00 -1.1965e-01 -3.8187e+00 +9.3525e-01 -4.7951e+00 +3.0473e+00 +2.3625e+00 +2.6451e+00 +1.6884e+00 +1.3891e+00 -5.3175e-01 +4.1580e+00 -2.0604e+00 -4.0053e+00 -4.0662e+00 +4.9477e+00
22 +2.225241559e+02 +2.225241559e+02 +1.057014156e+03 +1.057014156e+03 -3.0124e+00 +2.7115e+00 -1.2811e+00 +4.1954e-01 -1.1434e+00 +5.0167e+00 -1.7658e+00 -2.6878e-01 +2.8696e-01 +2.6681e+00 +3.5590e+00 +4.0023e+00 -8.8624e-01 +4.4478e+00 -4.9981e-01 +9.7595e-01 -2.1286e+00 +2.3945e+00 +6.5726e+00 +7.0284e+00
61 +1.449387812e+02 +1.449387812e+02 +9.794287812e+02 +9.794287812e+02 +1.9062e+00 +4.1626e+00 +5.8056e+00 +5.9735e+00 -7.9011e+00 +4.1872e-01 -6.3316e+00 +1.0408e+01 +1.7948e-01 +5.1983e+00 +4.7008e+00 +1.3208e+01 +5.4497e+00 +3.6185e+00 -5.7898e+00 +7.2230e+00 -4.6741e+00 +1.0858e+01 +8.0627e+00 +7.8260e+00
225 +9.762657309e+01 +9.762657309e+01 +9.321165731e+02 +9.321165731e+02 +7.7268e+00 +5.0890e+00 +3.2967e+00 +6.3635e+00 -8.9699e+00 -3.9015e+00 -1.6008e+00 -4.5066e+00 -3.0920e+00 +5.8196e+00 +9.8602e+00 +6.8078e+00 +4.5352e+00 +1.2931e+01 -1.9921e+00 +6.6757e+00 -7.7762e+00 +7.0839e+00 +9.3592e+00 +9.3896e+00
541 +6.182796634e+01 +6.182796634e+01 +8.963179663e+02 +8.963179663e+02 +2.3935e+00 -2.4577e+00 -3.3428e+00 -6.7677e+00 -1.2060e+01 -5.3149e+00 +5.0563e+00 -2.6304e+01 -3.1702e+00 +9.7807e+00 +2.2999e+01 +6.7084e+00 +5.3404e+00 +3.3569e+01 -9.5241e+00 +7.3739e+00 -1.2523e+01 +8.0543e+00 +1.4936e+01 +6.5844e+00
929 +3.942129240e+01 +3.942129240e+01 +8.739112924e+02 +8.739112924e+02 -8.0614e+00 -5.3293e+00 +3.5731e+00 +6.1302e+00 -1.0845e+01 -5.0527e+00 +4.0890e+00 -3.9058e+01 -7.2797e+00 +1.0967e+01 +2.3704e+01 +9.6038e+00 +4.7936e+00 +2.8942e+01 -1.4315e+01 +6.9366e+00 -5.9101e+00 +5.3710e+00 +2.3462e+01 +5.4564e+00
1502 +2.470561001e+01 +2.470561001e+01 +8.591956100e+02 +8.591956100e+02 -7.1678e+00 -5.1038e+00 -2.5927e+00 +5.0025e+00 -8.3258e+00 -5.3511e+00 +5.5366e+00 -2.1538e+01 -7.9408e+00 +9.1660e+00 +7.1753e+00 +5.0116e+00 +5.4585e+00 +2.2772e+01 -1.4794e+01 +7.2864e+00 -6.0210e+00 +5.1518e+00 +2.3110e+01 +5.8694e+00
1912 +1.532335327e+01 +1.532335327e+01 +8.498133533e+02 +8.498133533e+02 -1.2606e+01 -8.9814e+00 -5.3783e+00 +4.9100e+00 -4.3571e+00 -5.6014e+00 +7.0440e+00 -1.5175e+01 -8.0769e+00 +5.3702e+00 +5.3710e+00 +9.3729e+00 +6.4757e+00 +2.1551e+01 -2.4150e+01 +5.1894e+00 -6.7422e+00 +5.3958e+00 +2.2440e+01 +6.5288e+00
2101 +9.936734639e+00 +9.936734639e+00 +8.444267346e+02 +8.444267346e+02 -1.7510e+01 -1.3448e+01 -5.2152e+00 +5.6732e+00 +1.8609e-02 -5.1281e+00 +1.0426e+01 -1.4986e+01 -8.8660e+00 +5.4134e+00 +4.4500e+00 +9.4898e+00 +8.4971e+00 +2.0867e+01 -2.9146e+01 +6.0210e+00 -5.3993e+00 +5.5923e+00 +2.3471e+01 +5.7805e+00
2183 +4.891421284e+00 +4.891421284e+00 +8.393814213e+02 +8.393814213e+02 -1.5007e+01 -1.7054e+01 -5.9346e+00 +4.8839e+00 +4.0321e+00 -5.4762e+00 +1.1108e+01 -1.6205e+01 -9.0360e+00 +3.9408e+00 +1.0931e+01 +9.9991e+00 +9.4121e+00 +1.9348e+01 -2.9358e+01 +5.4892e+00 -6.8520e+00 +5.6530e+00 +1.8198e+01 +6.5643e+00
2208 +3.034763128e+00 +3.034763128e+00 +8.375247631e+02 +8.375247631e+02 -1.8780e+01 -1.5346e+01 -5.1301e+00 +5.9997e+00 +3.3436e+00 -4.8117e+00 +1.1308e+01 -2.0364e+01 -9.6087e+00 +5.2728e+00 +8.7521e+00 +8.7925e+00 +8.7154e+00 +2.1082e+01 -3.0354e+01 +5.8365e+00 -6.3093e+00 +5.5925e+00 +2.2258e+01 +7.9122e+00
2222 +1.742300062e+00 +1.742300062e+00 +8.362323001e+02 +8.362323001e+02 -1.7144e+01 -1.6661e+01 -5.8844e+00 +5.7348e+00 +5.2111e+00 -5.1688e+00 +1.3179e+01 -1.7491e+01 -9.3668e+00 +4.4146e+00 +7.4511e+00 +7.9504e+00 +9.4441e+00 +1.9849e+01 -3.0989e+01 +6.5145e+00 -6.9851e+00 +5.8257e+00 +1.9500e+01 +7.0250e+00
2226 +1.175339731e+00 +1.175339731e+00 +8.356653397e+02 +8.356653397e+02 -2.0711e+01 -1.6521e+01 -4.9463e+00 +5.0880e+00 +4.3183e+00 -5.4492e+00 +1.1447e+01 -2.4465e+01 -9.3468e+00 +5.5506e+00 +1.0151e+01 +8.3822e+00 +8.3895e+00 +2.2207e+01 -3.0491e+01 +5.4367e+00 -5.3574e+00 +6.0094e+00 +2.2677e+01 +7.1678e+00
2243 +6.636980832e-01 +6.636980832e-01 +8.351536981e+02 +8.351536981e+02 -2.4777e+01 -1.6714e+01 -4.4792e+00 +5.5926e+00 +6.0975e+00 -5.9162e+00 +1.0958e+01 -2.9644e+01 -1.0266e+01 +5.9573e+00 +1.0171e+01 +7.4273e+00 +8.1821e+00 +2.2847e+01 -3.1834e+01 +5.4768e+00 -5.0945e+00 +5.8321e+00 +2.4680e+01 +9.0640e+00
2265 +5.018139641e-01 +5.018139641e-01 +8.349918140e+02 +8.349918140e+02 -2.4870e+01 -1.8992e+01 -5.7927e+00 +4.6511e+00 +5.1360e+00 -6.3919e+00 +1.1149e+01 -3.3326e+01 -1.0362e+01 +5.2216e+00 +1.5763e+01 +9.9377e+00 +8.5440e+00 +2.6047e+01 -3.4527e+01 +5.0497e+00 -6.5987e+00 +6.2740e+00 +2.3418e+01 +9.0083e+00
2276 +1.136868377e-13 +1.136868377e-13 +8.344900000e+02 +8.344900000e+02 -3.0427e+01 -1.9883e+01 -6.5173e+00 +5.1191e+00 +7.4019e+00 -6.4458e+00 +1.1769e+01 -3.4146e+01 -1.1507e+01 +5.6902e+00 +1.2597e+01 +8.9383e+00 +9.1142e+00 +2.6522e+01 -3.8301e+01 +5.8017e+00 -6.0451e+00 +6.4393e+00 +2.6576e+01 +1.0840e+01
% function evaluation | noise-free fitness - Fopt (4.159000000000e+01) | best noise-free fitness - Fopt | measured fitness | best measured fitness | x1 | x2...
1 +3.654476421e+02 +3.654476421e+02 +4.070376421e+02 +4.070376421e+02 -1.7231e+00 +1.5205e+00 +2.7231e+00 +2.4695e+00 -2.2041e+00 +2.9319e+00 +1.6231e+00 -1.6841e+00 -3.6977e+00 -1.8563e+00 -1.2589e+00 +2.3354e+00 -1.3144e+00 +1.9436e+00 +2.9509e+00 +4.3130e+00 +9.4937e-01 -2.3477e+00 -1.3491e+00 -8.3512e-01
26 +2.035745571e+02 +2.035745571e+02 +2.451645571e+02 +2.451645571e+02 -3.3233e+00 -1.3689e+00 +6.0543e+00 +5.4195e+00 -2.9468e+00 +7.5499e+00 -1.3755e+00 -6.4262e-01 -3.6758e+00 +1.8934e+00 -9.0880e+00 -9.0288e+00 +9.5187e-01 +1.2580e+00 +4.9893e+00 +3.5553e+00 +4.6646e+00 -4.6950e+00 +2.7000e+00 +7.4423e+00
101 +1.566795623e+02 +1.566795623e+02 +1.982695623e+02 +1.982695623e+02 -3.4472e+00 +4.6980e+00 +5.0985e+00 +6.1059e+00 -9.3449e-01 +7.7948e+00 +1.4228e+00 -2.5218e+00 -3.7685e+00 -3.3680e+00 -7.7764e+00 -6.9350e+00 +8.7107e-01 +3.2465e+00 +5.2863e+00 +6.8387e+00 +1.1128e+00 +2.2419e+00 +1.2183e+01 +1.2031e+01
214 +8.486405847e+01 +8.486405847e+01 +1.264540585e+02 +1.264540585e+02 +2.3687e-01 +1.3871e+01 +8.0468e+00 +1.0001e+01 -3.4198e+00 +6.3909e+00 -5.3628e+00 +1.8591e+00 -8.3271e+00 -2.0970e+00 -2.4690e+01 -7.4750e+00 +3.1550e+00 +2.6372e+00 +1.5891e+01 +8.8629e+00 +4.6056e+00 +5.7675e+00 +1.9027e+01 +2.3055e+01
288 +5.980455661e+01 +5.980455661e+01 +1.013945566e+02 +1.013945566e+02 -1.7487e+00 +2.1331e+01 +1.2207e+01 +5.6888e+00 +1.1111e+00 +4.2142e+00 -6.6119e+00 +3.2443e+00 -6.8626e+00 +1.2575e+00 -3.3749e+01 -6.0122e+00 +9.6896e-01 +5.2898e+00 +1.6848e+01 +5.0587e+00 +4.8709e+00 +7.4342e+00 +2.0491e+01 +2.8462e+01
428 +3.654536452e+01 +3.654536452e+01 +7.813536452e+01 +7.813536452e+01 +1.3895e+00 +2.3916e+01 +1.2305e+01 +4.8590e+00 -2.8804e+00 +8.2702e+00 -6.7049e+00 +5.1824e+00 -9.2016e+00 +3.9595e+00 -4.1735e+01 -1.2190e+01 +1.1181e+00 +5.9309e+00 +1.7068e+01 +5.8540e+00 +8.2285e+00 +7.2715e+00 +2.4705e+01 +3.0669e+01
481 +2.327783479e+01 +2.327783479e+01 +6.486783479e+01 +6.486783479e+01 +4.4156e+00 +4.2526e+01 +1.9187e+01 +4.8316e+00 -1.6602e+00 +5.1031e+00 -8.5184e+00 +7.8382e+00 -1.0258e+01 +4.3454e+00 -6.3371e+01 -1.2104e+01 -1.5351e+00 +8.2067e+00 +2.7637e+01 +4.9601e+00 +8.6280e+00 +9.9860e+00 +3.7532e+01 +4.3353e+01
523 +1.045397696e+01 +1.045397696e+01 +5.204397696e+01 +5.204397696e+01 +3.7752e+00 +4.3070e+01 +2.2694e+01 +3.8102e+00 -3.4881e+00 +9.9779e+00 -7.8967e+00 +6.7385e+00 -9.9115e+00 +5.1658e+00 -6.9869e+01 -2.1276e+01 -3.8175e+00 +8.2486e+00 +3.2982e+01 +7.3879e+00 +1.2175e+01 +6.6907e+00 +4.1243e+01 +4.6722e+01
544 +9.932763312e+00 +9.932763312e+00 +5.152276331e+01 +5.152276331e+01 +2.2839e+00 +4.3013e+01 +2.2170e+01 +5.0868e+00 -4.5440e+00 +1.1612e+01 -7.3120e+00 +6.2863e+00 -9.5174e+00 +4.0124e+00 -7.2706e+01 -2.3536e+01 -4.1739e+00 +8.0763e+00 +3.5229e+01 +7.9148e+00 +1.3640e+01 +6.6595e+00 +4.3271e+01 +4.9134e+01
581 +5.949871966e+00 +5.949871966e+00 +4.753987197e+01 +4.753987197e+01 +2.1251e+00 +4.4523e+01 +2.8101e+01 +4.7740e+00 -3.7657e+00 +9.9757e+00 -1.1307e+01 +6.0501e+00 -1.0058e+01 +5.0868e+00 -7.7506e+01 -2.5680e+01 -4.8259e+00 +6.6793e+00 +4.0001e+01 +8.3540e+00 +1.6331e+01 +5.7803e+00 +4.2446e+01 +5.2313e+01
593 +3.602266500e+00 +3.602266500e+00 +4.519226650e+01 +4.519226650e+01 +6.0339e+00 +4.7939e+01 +2.4481e+01 +5.1881e+00 -5.3703e+00 +6.9119e+00 -1.3271e+01 +8.4848e+00 -1.1973e+01 +3.7897e+00 -7.7437e+01 -1.8453e+01 -5.0555e+00 +6.9874e+00 +4.4150e+01 +6.7517e+00 +1.5000e+01 +5.9697e+00 +4.2709e+01 +5.1659e+01
603 +1.529553217e-01 +1.529553217e-01 +4.174295532e+01 +4.174295532e+01 +6.4793e+00 +5.8569e+01 +2.9713e+01 +4.8937e+00 -6.3359e+00 +9.8094e+00 -1.2877e+01 +1.0221e+01 -1.1258e+01 +9.7223e+00 -9.1026e+01 -2.3267e+01 -5.9460e+00 +6.9574e+00 +4.2151e+01 +7.2557e+00 +1.5868e+01 +7.8114e+00 +5.1891e+01 +5.8565e+01
627 +2.842170943e-14 +2.842170943e-14 +4.159000000e+01 +4.159000000e+01 +6.4203e+00 +6.5593e+01 +3.3109e+01 +6.8969e+00 -5.3843e+00 +9.1684e+00 -1.4915e+01 +1.1908e+01 -1.1322e+01 +1.1472e+01 -9.8691e+01 -2.1457e+01 -6.6909e+00 +6.7048e+00 +4.4074e+01 +6.7508e+00 +1.6124e+01 +8.5874e+00 +5.5052e+01 +6.3541e+01
% function evaluation | noise-free fitness - Fopt (1.004200000000e+02) | best noise-free fitness - Fopt | measured fitness | best measured fitness | x1 | x2...
1 +3.830149733e+02 +3.830149733e+02 +4.834349733e+02 +4.834349733e+02 -1.0897e+00 -3.8191e-01 +4.3895e+00 -4.1047e+00 +9.3983e-01 +4.7501e+00 +2.6428e+00 +1.1189e+00 -1.6745e+00 -4.5855e+00 -1.4670e+00 -3.1564e+00 -1.0508e+00 -3.1715e+00 -3.1633e+00 -1.2325e+00 -1.5295e+00 +2.2452e+00 +9.6577e-01 +9.0621e-01
30 +2.511385822e+02 +2.511385822e+02 +3.515585822e+02 +3.515585822e+02 +5.1250e+00 +4.7093e-01 -1.8366e+00 -1.9885e+00 +8.7432e+00 +1.8467e+00 +1.0442e+01 +6.1695e+00 +3.1749e+00 +5.1685e+00 +4.3512e+00 -3.5184e+00 +2.5151e+00 +2.2928e+00 -8.7937e-01 -4.9904e+00 +3.3774e+00 +8.5294e+00 -7.2442e+00 -4.7413e+00
310 +1.559053398e+02 +1.559053398e+02 +2.563253398e+02 +2.563253398e+02 +5.5474e+00 -1.2693e+00 +9.7192e-01 -6.7910e+00 +1.4029e+01 +1.1998e+01 +9.3055e+00 -6.6544e+00 +1.4198e+01 +5.2508e+00 +7.9972e-01 -7.9719e+00 -4.3790e+00 -2.1440e-01 +4.4846e+00 -1.1390e+01 +7.0584e+00 +1.5398e+01 -1.2473e+01 -5.1550e+00
433 +8.887670285e+01 +8.887670285e+01 +1.892967028e+02 +1.892967028e+02 +2.6178e+00 -2.1980e+00 +7.5971e+00 +3.8997e+00 +5.9253e+00 +5.2802e+00 +2.1338e+01 -6.1054e+00 +1.0322e+01 +5.3088e+00 -3.3200e+00 -3.0481e+01 -4.7174e+00 -1.1625e+01 +1.9287e+00 -1.8549e+01 +9.8774e+00 +1.6749e+01 -1.1641e+01 -8.5059e+00
501 +6.116238158e+01 +6.116238158e+01 +1.615823816e+02 +1.615823816e+02 +4.2502e+00 -1.1692e+00 +1.0140e+01 +9.4864e+00 +2.5470e+00 +3.3189e+00 +2.9923e+01 -1.2345e+01 +3.9040e+00 +6.9243e+00 -6.2632e+00 -4.9884e+01 -5.9809e+00 -1.4491e+01 +1.8335e+00 -2.1992e+01 +1.3187e+01 +1.2286e+01 -1.2434e+01 -1.0624e+01
546 +3.544337436e+01 +3.544337436e+01 +1.358633744e+02 +1.358633744e+02 +1.8217e+00 -3.3251e+00 +1.4976e+01 +1.8601e+00 -2.6847e+00 +5.8046e+00 +3.5337e+01 -3.2440e+01 -4.4520e+00 +4.2578e+00 -9.5535e+00 -6.2199e+01 -1.1153e+01 -1.0283e+01 +1.6192e+00 -1.8400e+01 +1.5116e+01 +8.0247e+00 -1.1821e+01 -8.8290e+00
604 +1.128912076e+01 +1.128912076e+01 +1.117091208e+02 +1.117091208e+02 +2.3104e-01 +5.3243e-02 +1.5874e+01 +5.9018e+00 -1.0992e+01 +5.0217e+00 +4.4386e+01 -5.4910e+01 -5.3011e+00 +4.7259e+00 -1.6171e+01 -8.4519e+01 -6.9058e+00 -1.7073e+01 +6.8564e+00 -1.3198e+01 +2.0444e+01 +6.0465e+00 -6.2281e+00 -6.3828e+00
647 +9.489746260e+00 +9.489746260e+00 +1.099097463e+02 +1.099097463e+02 -1.2453e-01 -4.2343e+00 +2.4322e+01 +1.5661e+01 -2.2308e+01 +4.1377e+00 +5.6344e+01 -7.0844e+01 -1.3378e+01 +4.3548e+00 -1.9740e+01 -1.1135e+02 -6.3097e+00 -2.3239e+01 +6.3972e+00 -2.1620e+01 +2.1724e+01 +9.4149e+00 -6.2385e+00 -1.3042e+01
664 +6.162214802e+00 +6.162214802e+00 +1.065822148e+02 +1.065822148e+02 -4.6861e-01 -6.4821e+00 +1.7906e+01 +6.5027e+00 -1.2404e+01 +4.6696e+00 +6.1295e+01 -6.6976e+01 -1.2243e+01 +9.4296e+00 -1.8654e+01 -1.0977e+02 -4.9794e+00 -1.9888e+01 +6.2332e+00 -1.7575e+01 +2.3377e+01 +1.5043e+01 -9.7826e+00 -1.5700e+01
686 +2.179982754e+00 +2.179982754e+00 +1.025999828e+02 +1.025999828e+02 +5.8370e+00 -3.3332e+00 +2.6536e+01 +1.6252e+01 -2.3183e+01 +5.9764e+00 +7.0976e+01 -9.5153e+01 -1.4808e+01 +9.4878e+00 -2.3426e+01 -1.4164e+02 -1.0476e+01 -2.1953e+01 +6.7714e+00 -2.0890e+01 +2.8231e+01 +4.9620e+00 -5.1999e+00 -1.2726e+01
701 +1.421085472e-14 +1.421085472e-14 +1.004200000e+02 +1.004200000e+02 +1.1618e+01 -5.0501e+00 +4.9040e+01 +3.0038e+01 -3.4785e+01 +8.7533e+00 +1.0731e+02 -1.3753e+02 -2.0649e+01 +1.1555e+01 -2.9907e+01 -2.0702e+02 -1.3226e+01 -3.2599e+01 +8.3027e+00 -3.5365e+01 +3.5906e+01 +1.3542e+01 -6.6703e+00 -2.0707e+01
% function evaluation | noise-free fitness - Fopt (-7.530000000000e+00) | best noise-free fitness - Fopt | measured fitness | best measured fitness | x1 | x2...
1 +3.696222428e+02 +3.696222428e+02 +3.620922428e+02 +3.620922428e+02 +4.5236e+00 -2.5446e+00 -1.8230e+00 -3.0111e+00 +2.5594e+00 -1.9419e+00 -1.4093e+00 +4.3477e+00 -1.8745e+00 +3.7496e-01 -3.8467e+00 +4.7672e+00 -2.0874e+00 +2.9247e+00 -2.9477e+00 -2.8934e+00 -5.0331e-01 -1.7340e+00 -3.4910e+00 -4.3880e+00
21 +2.179958824e+02 +2.179958824e+02 +2.104658824e+02 +2.104658824e+02 -8.1421e+00 +4.1485e+00 +3.9721e+00 +1.2937e+00 -1.3233e+00 -1.4078e+00 -5.6290e+00 +3.9331e+00 +8.2860e+00 -5.5970e+00 +2.9123e+00 +2.4317e+00 +5.4348e+00 -5.7826e+00 +2.0089e+00 +6.7628e+00 -2.0704e+00 -2.7351e+00 +1.0507e+00 -5.6665e+00
41 +1.287809620e+02 +1.287809620e+02 +1.212509620e+02 +1.212509620e+02 -8.7900e+00 +3.8704e+00 -2.2831e+00 +9.4129e+00 +2.0681e-01 +5.2484e+00 -1.0703e+01 +7.9077e+00 +7.8197e+00 -5.9986e+00 +3.8098e-01 +5.2867e+00 +9.1967e+00 -5.1028e+00 -3.2169e+00 +8.1094e+00 -4.9874e+00 -6.5521e+00 +3.9714e+00 -8.5231e+00
102 +9.589654968e+01 +9.589654968e+01 +8.836654968e+01 +8.836654968e+01 -1.0757e+01 -4.3336e+00 +1.1577e-01 +9.2957e+00 +2.5718e+00 +1.1076e+01 -8.4151e+00 +1.1360e+01 +6.0194e+00 -1.8546e+00 -2.5980e-01 +9.4793e+00 +1.3626e+01 -2.8102e+00 -6.2818e+00 +6.9599e+00 -8.5081e+00 -6.3214e+00 +6.8361e+00 -7.0906e+00
296 +5.185864636e+01 +5.185864636e+01 +4.432864636e+01 +4.432864636e+01 -1.0186e+01 -2.3446e+01 +7.6293e+00 -6.5212e-01 +1.5791e+01 +1.2251e+01 -9.7184e+00 +1.5710e+01 +7.4594e+00 -1.6037e+00 +4.8288e+00 +1.0242e+01 +5.6778e+00 -7.1525e+00 -5.4134e+00 +7.3958e+00 -1.2643e+01 -3.7018e+00 +1.0775e+01 -5.1842e+00
419 +3.358086097e+01 +3.358086097e+01 +2.605086097e+01 +2.605086097e+01 -9.1978e+00 -2.8584e+01 +8.8959e+00 +1.5681e+00 +1.5080e+01 +1.5005e+01 -9.1847e+00 +1.6120e+01 +4.3995e+00 +2.1939e+00 +8.0500e+00 +1.6411e+01 +7.1681e+00 -5.9542e+00 -5.9088e+00 +7.3280e+00 -1.9858e+01 -5.2177e+00 +1.1861e+01 -5.4321e+00
505 +2.418517414e+01 +2.418517414e+01 +1.665517414e+01 +1.665517414e+01 -7.3453e+00 -4.8299e+01 +1.5092e+01 -4.8722e+00 +3.1072e+01 +1.9414e+01 -1.0889e+01 +2.4611e+01 +1.5439e+00 +4.1454e+00 +7.3460e+00 +1.3968e+01 +5.1338e+00 -8.0480e+00 -7.9511e+00 +6.2527e+00 -1.8292e+01 -6.0839e+00 +2.0050e+01 -5.0490e+00
548 +1.450490755e+01 +1.450490755e+01 +6.974907547e+00 +6.974907547e+00 -6.2739e+00 -5.6802e+01 +1.8438e+01 -9.8920e+00 +3.8287e+01 +2.2929e+01 -1.3757e+01 +2.6959e+01 +4.1043e+00 +6.1573e+00 +4.7506e+00 +1.8853e+01 +4.9927e+00 -8.3592e+00 -6.9713e+00 +7.5106e+00 -1.7553e+01 -7.0843e+00 +2.3827e+01 -7.2970e+00
722 +9.047414794e+00 +9.047414794e+00 +1.517414794e+00 +1.517414794e+00 -1.5915e+00 -4.5945e+01 +1.5663e+01 -5.9659e+00 +2.9010e+01 +1.7432e+01 -1.8335e+01 +2.3047e+01 +4.0686e+00 +7.2126e+00 +7.8461e+00 +2.5589e+01 +5.4145e+00 -6.7136e+00 -5.2898e+00 +1.3722e+01 -2.3506e+01 -8.0250e+00 +1.6658e+01 -7.8620e+00
804 +5.100754338e+00 +5.100754338e+00 -2.429245662e+00 -2.429245662e+00 +7.9941e-01 -4.7847e+01 +1.3141e+01 -8.1648e+00 +3.1980e+01 +2.0688e+01 -2.3020e+01 +2.2031e+01 +4.9680e+00 +1.2624e+01 +6.5976e+00 +3.2975e+01 +4.8095e+00 -7.6404e+00 -5.6580e+00 +1.5775e+01 -2.9214e+01 -9.5016e+00 +1.4478e+01 -7.6120e+00
821 +3.202724266e+00 +3.202724266e+00 -4.327275734e+00 -4.327275734e+00 +2.7740e+00 -5.3003e+01 +1.3476e+01 -8.7936e+00 +3.5822e+01 +2.2726e+01 -2.8671e+01 +2.8486e+01 +4.6295e+00 +1.1942e+01 +7.4751e+00 +3.3295e+01 +6.0078e+00 -1.1007e+01 -6.9511e+00 +1.8964e+01 -2.9804e+01 -1.1687e+01 +1.6194e+01 -8.6959e+00
841 +2.485563884e+00 +2.485563884e+00 -5.044436116e+00 -5.044436116e+00 +2.5144e+00 -5.0241e+01 +1.0572e+01 -8.4366e+00 +3.1882e+01 +2.6118e+01 -2.8220e+01 +2.1595e+01 +5.1616e+00 +1.9109e+01 +5.6036e+00 +4.3575e+01 +5.1086e+00 -7.6276e+00 -6.8514e+00 +1.6614e+01 -3.5533e+01 -1.0345e+01 +1.3647e+01 -7.6682e+00
850 +1.690726960e-01 +1.690726960e-01 -7.360927304e+00 -7.360927304e+00 +6.8544e+00 -4.5868e+01 +5.6205e+00 -6.8433e+00 +3.1649e+01 +2.3906e+01 -3.5680e+01 +2.4031e+01 +4.9359e+00 +1.9578e+01 +7.0856e+00 +4.5000e+01 +5.2066e+00 -1.0713e+01 -6.9955e+00 +2.3271e+01 -3.8998e+01 -1.1692e+01 +8.4277e+00 -6.9562e+00
881 +2.753353101e-14 +2.753353101e-14 -7.530000000e+00 -7.530000000e+00 +5.0670e+00 -4.5783e+01 +8.1438e+00 -6.5530e+00 +3.0465e+01 +2.3593e+01 -3.5099e+01 +2.3135e+01 +5.5790e+00 +1.9554e+01 +8.6293e+00 +4.7274e+01 +5.8422e+00 -9.5541e+00 -6.8332e+00 +2.3230e+01 -4.0203e+01 -1.2367e+01 +9.1108e+00 -7.5860e+00
