% function evaluation | noise-free fitness - Fopt (1.026100000000e+02) | best noise-free fitness - Fopt | measured fitness | best measured fitness | x1 | x2...
1 +2.621275066e+02 +2.621275066e+02 +3.647375066e+02 +3.647375066e+02 -2.8828e+00 +3.4096e+00 +9.0258e-02 +4.4496e+00 -3.7416e+00 +1.7008e+00 +4.2000e-01 +4.1182e-01 -1.1503e+00 -1.1503e+00
2 +2.257739771e+02 +2.257739771e+02 +3.283839771e+02 +3.283839771e+02 -9.8919e-02 +1.2331e+00 +1.0768e-01 +1.4366e+00 -3.1902e+00 -1.2875e+00 -2.2469e+00 -4.3117e+00 +7.9224e-01 +1.5126e+00
29 +1.365395582e+02 +1.365395582e+02 +2.391495582e+02 +2.391495582e+02 -1.1066e+00 -2.1190e+00 -2.0436e+00 +1.4897e+00 -1.3800e+00 -1.3280e-01 +4.5784e+00 -2.1348e-01 +4.4956e+00 +3.3980e+00
507 +9.680001511e+01 +9.680001511e+01 +1.994100151e+02 +1.994100151e+02 -1.1497e+00 -6.4075e-01 -1.3438e+00 +1.0872e+00 +1.6205e-01 +8.6494e-01 +1.6902e+00 -6.4970e-01 +2.3287e+00 +0.0000e+00
2809 +5.263915020e+01 +5.263915020e+01 +1.552491502e+02 +1.552491502e+02 -1.8453e+00 -1.6629e+00 -1.0492e-02 +1.6051e+00 -2.1504e+00 +7.8462e-01 +2.3300e+00 -1.9266e+00 +1.3401e+00 +9.0227e-01
% function evaluation | noise-free fitness - Fopt (9.330000000000e+01) | best noise-free fitness - Fopt | measured fitness | best measured fitness | x1 | x2...
1 +2.827699122e+02 +2.827699122e+02 +3.760699122e+02 +3.760699122e+02 +1.1663e+00 -4.2421e+00 -2.2460e+00 -2.0584e-02 +1.2743e-01 +2.9451e-01 -1.3674e+00 -1.3416e+00 +4.0508e+00 +2.5145e+00
12 +2.436193047e+02 +2.436193047e+02 +3.369193047e+02 +3.369193047e+02 -3.7648e-01 +1.8455e+00 -2.0941e-01 +3.6470e+00 -4.8074e-01 -4.5234e+00 -1.8613e+00 +1.8528e+00 -1.5600e-01 -1.7586e+00
202 +1.568092595e+02 +1.568092595e+02 +2.501092595e+02 +2.501092595e+02 +3.1646e+00 -3.1274e-01 +3.0582e+00 +2.2497e+00 -1.0772e+00 +1.6008e-01 +1.0726e-01 -2.3490e+00 -8.3629e-01 +1.5670e+00
938 +9.089473487e+01 +9.089473487e+01 +1.841947349e+02 +1.841947349e+02 +7.1552e-01 -1.6643e+00 +1.0471e+00 -2.8080e-01 -6.3002e-01 +1.0285e+00 -2.6100e+00 -2.0179e+00 -2.0505e+00 -2.1464e+00
2252 +5.726236969e+01 +5.726236969e+01 +1.505623697e+02 +1.505623697e+02 +1.3392e+00 -1.3135e+00 +4.2871e-01 +1.5163e+00 -5.9911e-01 +8.6483e-01 -9.7661e-01 -1.5500e+00 -8.7028e-01 -1.5916e+00
% function evaluation | noise-free fitness - Fopt (1.364000000000e+01) | best noise-free fitness - Fopt | measured fitness | best measured fitness | x1 | x2...
1 +3.585239623e+02 +3.585239623e+02 +3.721639623e+02 +3.721639623e+02 -2.8156e+00 +3.6661e+00 +2.0536e+00 +2.9733e+00 +2.9417e+00 +7.2052e-01 +4.9871e+00 +7.0263e-01 +1.0873e+00 -2.9743e+00
17 +1.864942013e+02 +1.864942013e+02 +2.001342013e+02 +2.001342013e+02 -2.0505e-01 +3.7772e+00 +1.5397e+00 -5.4152e-02 +3.8269e+00 -3.1017e+00 -1.1972e+00 +2.3384e+00 +1.4950e+00 +2.3331e+00
61 +1.378945456e+02 +1.378945456e+02 +1.515345456e+02 +1.515345456e+02 -2.0662e+00 -3.4482e-02 +7.1120e-01 +1.1511e+00 +9.2923e-01 -3.3342e+00 -2.6272e+00 +2.8118e+00 +4.1600e+00 +7.3676e-01
320 +9.673086917e+01 +9.673086917e+01 +1.103708692e+02 +1.103708692e+02 -1.6000e+00 -2.0689e+00 +3.6701e-01 +2.4446e+00 +1.9677e+00 -3.1373e+00 -2.9507e+00 +4.1560e+00 +1.5077e+00 +1.2402e+00
1553 +5.623343159e+01 +5.623343159e+01 +6.987343159e+01 +6.987343159e+01 -7.0940e-01 -5.5036e-01 +1.4995e+00 +1.4481e+00 -1.8241e-01 -1.8238e+00 -3.9256e-01 +1.0096e+00 +0.0000e+00 +2.2844e+00
% function evaluation | noise-free fitness - Fopt (1.948000000000e+02) | best noise-free fitness - Fopt | measured fitness | best measured fitness | x1 | x2...
1 +3.095395473e+02 +3.095395473e+02 +5.043395473e+02 +5.043395473e+02 +1.4851e+00 -3.9059e+00 -7.8024e-01 -1.3582e+00 +3.5739e+00 +3.4523e+00 +8.6599e-01 -8.6051e-02 -3.4163e+00 +2.2402e+00
8 +1.831761488e+02 +1.831761488e+02 +3.779761488e+02 +3.779761488e+02 -6.0976e-01 -1.9507e+00 -1.4571e+00 +1.5992e+00 +2.7905e-01 +3.3079e+00 +1.9534e+00 +2.4444e+00 -3.6832e+00 +4.0664e-01
62 +1.458156165e+02 +1.458156165e+02 +3.406156165e+02 +3.406156165e+02 -4.8272e+00 -3.0639e+00 +5.7042e-02 -8.1123e-01 -8.1724e-01 +5.3233e-01 -4.8344e-01 +2.6428e+00 -2.1329e+00 -1.3381e+00
2275 +9.658421651e+01 +9.658421651e+01 +2.913842165e+02 +2.913842165e+02 -2.2937e+00 -1.8459e+00 +3.0021e-01 -3.1118e+00 +1.0035e-02 +7.3466e-01 +2.3136e+00 +2.0089e+00 -1.9716e+00 -5.7038e-02
3480 +5.179432689e+01 +5.179432689e+01 +2.465943269e+02 +2.465943269e+02 -7.1857e-01 -2.0899e+00 +1.5446e+00 -8.8681e-01 -2.2118e+00 +2.6625e+00 +1.9243e+00 +1.9563e+00 -7.5683e-01 -1.9803e+00
% function evaluation | noise-free fitness - Fopt (-1.335900000000e+02) | best noise-free fitness - Fopt | measured fitness | best measured fitness | x1 | x2...
1 +3.616993095e+02 +3.616993095e+02 +2.281093095e+02 +2.281093095e+02 -2.6200e+00 -3.3724e+00 -5.9839e-01 +1.7057e+00 +1.9272e+00 -4.6098e+00 +1.3756e+00 +4.3483e+00 -1.1404e+00 -4.2739e+00
8 +2.316635256e+02 +2.316635256e+02 +9.807352564e+01 +9.807352564e+01 -9.2235e-01 -2.6082e+00 -1.0867e+00 -3.5249e+00 +8.4538e-01 +2.9340e-01 +1.3507e+00 -3.9874e+00 +1.5081e+00 +3.7352e+00
136 +1.548501032e+02 +1.548501032e+02 +2.126010317e+01 +2.126010317e+01 +0.0000e+00 -2.7609e-01 -2.2586e+00 +0.0000e+00 +2.2566e-01 -3.8831e-01 -1.5560e-01 +2.1705e-01 +2.7928e+00 +1.7922e+00
918 +9.432153036e+01 +9.432153036e+01 -3.926846964e+01 -3.926846964e+01 +8.1610e-01 -4.6686e-01 -1.8576e-01 -2.8819e-01 +6.5627e-01 -1.4786e+00 -9.7013e-01 -6.7726e-01 +1.9168e+00 -2.7659e-01
2308 +6.257868201e+01 +6.257868201e+01 -7.101131799e+01 -7.101131799e+01 +8.6719e-01 -3.6907e-01 -1.4353e+00 -1.1651e-02 +9.3791e-01 -7.6291e-01 -2.1682e-01 +2.2881e+00 +1.0969e+00 -1.6785e+00
% function evaluation | noise-free fitness - Fopt (1.543700000000e+02) | best noise-free fitness - Fopt | measured fitness | best measured fitness | x1 | x2...
1 +3.670767880e+02 +3.670767880e+02 +5.214467880e+02 +5.214467880e+02 +5.0427e-01 -3.6760e+00 -3.5348e+00 -2.1839e+00 -2.7631e-01 +4.8615e+00 -4.3801e+00 -1.9479e+00 -1.3399e-01 -5.3828e-02
24 +2.266463648e+02 +2.266463648e+02 +3.810163648e+02 +3.810163648e+02 -9.3094e-01 +1.8486e+00 -3.6574e-02 -4.1085e+00 +4.9965e+00 -5.7091e-01 -1.1851e+00 -4.3003e+00 +2.6366e+00 +1.6365e+00
138 +1.150477968e+02 +1.150477968e+02 +2.694177968e+02 +2.694177968e+02 -9.3638e-01 +0.0000e+00 +6.2642e-01 -2.1413e+00 +0.0000e+00 +5.9520e-01 +2.9606e+00 -2.0479e+00 +2.0148e+00 +1.4123e+00
798 +9.507635352e+01 +9.507635352e+01 +2.494463535e+02 +2.494463535e+02 -5.8855e-01 +1.4093e-01 -2.7729e-01 -2.2662e+00 +2.2933e+00 -4.4422e-01 +1.7067e+00 -3.2317e+00 +9.2125e-01 +2.5714e+00
2635 +5.862673994e+01 +5.862673994e+01 +2.129967399e+02 +2.129967399e+02 -2.2596e+00 +1.4757e+00 +8.6443e-01 -1.7486e+00 +2.0376e+00 -9.4688e-01 +2.0582e+00 -1.4951e+00 +1.9809e+00 +9.5829e-01
% function evaluation | noise-free fitness - Fopt (-2.883300000000e+02) | best noise-free fitness - Fopt | measured fitness | best measured fitness | x1 | x2...
1 +2.858156996e+02 +2.858156996e+02 -2.514300412e+00 -2.514300412e+00 -1.6412e+00 -7.8678e-01 +2.5845e+00 +1.6680e+00 -5.4903e-01 +1.0842e+00 +1.0468e+00 -7.8676e-01 -4.0049e+00 -2.4383e+00
2 +2.303218302e+02 +2.303218302e+02 -5.800816983e+01 -5.800816983e+01 -2.8254e+00 +2.5484e+00 -1.7333e+00 -2.0292e+00 -2.0910e+00 -1.5678e+00 -2.3518e+00 +5.9307e-01 +2.6086e+00 +1.4793e+00
124 +1.566466511e+02 +1.566466511e+02 -1.316833489e+02 -1.316833489e+02 -1.9011e+00 +5.7213e-01 +2.5263e+00 +0.0000e+00 +0.0000e+00 +0.0000e+00 -2.2616e+00 -3.1749e+00 +8.5003e-01 -3.1115e-01
595 +8.965277966e+01 +8.965277966e+01 -1.986772203e+02 -1.986772203e+02 -1.2432e+00 -1.1332e+00 +2.6437e+00 -2.3029e+00 +1.4453e+00 -8.9037e-01 -1.5228e+00 -2.1633e+00 +2.3221e+00 -2.3384e+00
2408 +5.973739560e+01 +5.973739560e+01 -2.285926044e+02 -2.285926044e+02 -2.4946e+00 +1.7257e+00 +1.5772e+00 -1.1053e+00 +7.1560e-02 -1.6773e+00 +0.0000e+00 -1.3095e+00 +5.8226e-01 -9.5060e-01
% function evaluation | noise-free fitness - Fopt (-5.381100000000e+02) | best noise-free fitness - Fopt | measured fitness | best measured fitness | x1 | x2...
1 +3.539450607e+02 +3.539450607e+02 -1.841649393e+02 -1.841649393e+02 +1.7950e+00 -4.0566e+00 -3.4001e+00 +1.5328e+00 -2.2639e+00 -2.9017e+00 -4.8449e+00 -3.8961e+00 -1.6699e+00 +2.6034e+00
17 +2.386361501e+02 +2.386361501e+02 -2.994738499e+02 -2.994738499e+02 -2.0583e+00 -2.8050e+00 +2.5772e+00 -2.2993e+00 -4.3834e+00 -3.0627e+00 -3.5813e+00 -1.9393e+00 -1.0323e+00 -3.6069e-02
95 +1.544146094e+02 +1.544146094e+02 -3.836953906e+02 -3.836953906e+02 -2.2989e+00 -8.5158e-02 +1.6094e+00 +7.3088e-01 -2.1624e+00 -1.2305e+00 +0.0000e+00 +0.0000e+00 -1.9710e+00 +5.0000e+00
781 +9.551856932e+01 +9.551856932e+01 -4.425914307e+02 -4.425914307e+02 -3.0555e+00 -2.7293e+00 -3.6729e-01 -2.4901e+00 -2.6213e+00 +2.8280e+00 -1.0934e+00 -1.6872e+00 -1.4643e+00 +1.6003e+00
2025 +5.596778966e+01 +5.596778966e+01 -4.821422103e+02 -4.821422103e+02 -1.3269e+00 -4.0349e-02 +2.7156e+00 -2.0236e+00 -1.9599e+00 +1.3435e+00 -2.2036e+00 -1.3321e+00 -3.4480e+00 +2.0816e+00
2865 +3.905067872e+01 +3.905067872e+01 -4.990593213e+02 -4.990593213e+02 -1.3225e+00 -4.1162e-02 +2.6756e+00 -2.0236e+00 -1.9535e+00 +1.3360e+00 -2.1944e+00 -1.3513e+00 -3.4460e+00 +2.0822e+00
% function evaluation | noise-free fitness - Fopt (7.478200000000e+02) | best noise-free fitness - Fopt | measured fitness | best measured fitness | x1 | x2...
1 +4.940405301e+02 +4.940405301e+02 +1.241860530e+03 +1.241860530e+03 +2.1647e+00 +4.9473e+00 +4.9391e+00 +4.1095e+00 +4.8833e+00 -2.5366e+00 -7.6706e-01 +3.8330e+00 +6.0749e-01 -4.2492e+00
4 +2.815604499e+02 +2.815604499e+02 +1.029380450e+03 +1.029380450e+03 -3.9770e-01 -7.1570e-01 +3.5739e+00 -2.2840e+00 -1.3633e-01 -1.2514e+00 -3.5614e+00 -1.7548e+00 -2.3185e-01 -1.6272e+00
20 +2.187158001e+02 +2.187158001e+02 +9.665358001e+02 +9.665358001e+02 +2.0244e+00 -4.3811e+00 -2.7425e+00 -1.3357e+00 -1.6420e+00 -4.1376e+00 -5.5071e-01 -3.3846e+00 -1.0526e+00 +3.1099e+00
121 +1.479576964e+02 +1.479576964e+02 +8.957776964e+02 +8.957776964e+02 +8.4312e-01 +0.0000e+00 -2.6040e+00 +3.0075e-01 -1.8839e+00 -4.9078e+00 +3.5607e+00 -7.3768e-01 -6.3375e-01 +0.0000e+00
974 +8.421767929e+01 +8.421767929e+01 +8.320376793e+02 +8.320376793e+02 -4.9671e-01 -1.5302e+00 -4.0530e-01 +1.2304e+00 -1.9486e+00 -1.7423e+00 +1.7718e+00 -5.9146e-01 -3.0420e+00 +1.3279e+00
1462 +6.153586126e+01 +6.153586126e+01 +8.093558613e+02 +8.093558613e+02 -2.4074e-02 -4.6420e-01 -1.3395e+00 +1.8693e+00 -3.4164e+00 -1.2631e+00 +1.7620e+00 -8.0599e-01 -1.7270e+00 +1.8267e+00
% function evaluation | noise-free fitness - Fopt (1.667000000000e+01) | best noise-free fitness - Fopt | measured fitness | best measured fitness | x1 | x2...
1 +3.046525890e+02 +3.046525890e+02 +3.213225890e+02 +3.213225890e+02 -1.5746e+00 -4.4571e+00 +1.9194e+00 +2.6504e+00 +1.9572e+00 -1.2823e+00 +3.7245e+00 +9.0082e-01 -1.9148e+00 +7.0203e-02
30 +1.912099150e+02 +1.912099150e+02 +2.078799150e+02 +2.078799150e+02 -2.9243e+00 +2.5467e+00 -1.8749e+00 +1.8506e+00 +2.5054e+00 -2.1654e+00 -3.0734e+00 +5.0308e-02 +3.2876e+00 +3.0235e+00
82 +1.266454398e+02 +1.266454398e+02 +1.433154398e+02 +1.433154398e+02 +1.7993e-01 +1.6065e+00 -3.6484e+00 +1.9968e+00 -3.6841e-01 +6.1599e-01 -7.1764e-01 -4.3625e-01 +1.0352e+00 -2.1854e-01
724 +9.956766330e+01 +9.956766330e+01 +1.162376633e+02 +1.162376633e+02 -9.6574e-01 +8.1166e-01 -2.7249e+00 +1.5368e+00 +7.5504e-01 -3.4154e+00 -8.4019e-01 -2.2763e+00 +1.5375e+00 -1.8385e+00
3553 +6.112457617e+01 +6.112457617e+01 +7.779457617e+01 +7.779457617e+01 +1.7531e+00 +3.4346e+00 +0.0000e+00 +1.5037e+00 +1.1954e+00 -2.3164e+00 -8.3862e-01 -1.5888e+00 +1.5652e+00 -1.7338e+00
% function evaluation | noise-free fitness - Fopt (-6.277000000000e+01) | best noise-free fitness - Fopt | measured fitness | best measured fitness | x1 | x2...
1 +3.706364537e+02 +3.706364537e+02 +3.078664537e+02 +3.078664537e+02 -2.5720e-01 -5.9516e-01 -1.6634e+00 -3.2107e-01 +3.9444e+00 +4.3220e+00 -9.7732e-01 -1.0641e-01 +4.7456e+00 +3.8389e+00
2 +1.989480085e+02 +1.989480085e+02 +1.361780085e+02 +1.361780085e+02 -2.4249e+00 +2.8808e-01 +2.2944e+00 +3.0865e+00 -1.3189e+00 -8.2085e-01 +3.3569e-01 -3.5425e+00 -3.3004e+00 -2.7091e+00
83 +1.516149880e+02 +1.516149880e+02 +8.884498803e+01 +8.884498803e+01 -1.8248e+00 +5.8587e-01 +1.6840e+00 -9.6078e-01 -5.0000e+00 -8.1209e-01 -4.1339e+00 -1.4293e+00 -2.6095e+00 -3.4769e+00
970 +8.324612498e+01 +8.324612498e+01 +2.047612498e+01 +2.047612498e+01 -1.3215e+00 +2.6296e+00 +2.1501e+00 -3.2841e+00 -1.0674e+00 -7.2065e-01 -1.0148e+00 -2.3016e+00 -8.3341e-01 -1.4784e+00
3069 +5.272171841e+01 +5.272171841e+01 -1.004828159e+01 -1.004828159e+01 -1.0736e+00 +1.5573e+00 +1.3836e+00 -4.6895e-01 -1.6847e+00 -6.5939e-01 -1.0262e+00 -2.0869e+00 -1.7390e+00 -1.6035e+00
% function evaluation | noise-free fitness - Fopt (1.096000000000e+01) | best noise-free fitness - Fopt | measured fitness | best measured fitness | x1 | x2...
1 +1.997924027e+02 +1.997924027e+02 +2.107524027e+02 +2.107524027e+02 -1.3248e+00 -6.1786e-01 -4.4416e+00 +1.4581e+00 +3.5974e+00 +1.4367e+00 +3.3208e-01 +2.3088e+00 +2.5609e+00 -7.9404e-01
44 +1.486881502e+02 +1.486881502e+02 +1.596481502e+02 +1.596481502e+02 +4.7733e+00 -8.5590e-01 -4.2927e-01 +2.8335e-01 +1.1235e-01 -3.0274e-01 +1.3478e+00 +2.5666e+00 -7.7731e-01 +3.3923e+00
1092 +9.622616816e+01 +9.622616816e+01 +1.071861682e+02 +1.071861682e+02 +0.0000e+00 -6.0455e-01 -3.6124e+00 -2.1767e-01 +1.9014e+00 +1.5669e+00 -2.9214e+00 +2.4757e+00 -2.8437e+00 +2.6171e+00
2921 +6.001949303e+01 +6.001949303e+01 +7.097949303e+01 +7.097949303e+01 +1.9424e+00 -2.5000e+00 -4.8118e-01 +9.4281e-01 +1.5841e+00 +8.6642e-01 -2.8776e+00 +1.5633e+00 -2.1035e+00 +8.7962e-01
% function evaluation | noise-free fitness - Fopt (9.038000000000e+01) | best noise-free fitness - Fopt | measured fitness | best measured fitness | x1 | x2...
1 +4.126936025e+02 +4.126936025e+02 +5.030736025e+02 +5.030736025e+02 -2.2663e+00 +4.8889e+00 +3.5642e+00 -2.8375e+00 +1.2636e+00 -3.5903e+00 +4.1075e+00 -4.2675e+00 -3.3280e+00 +6.6633e-01
2 +2.870856836e+02 +2.870856836e+02 +3.774656836e+02 +3.774656836e+02 +3.1276e+00 -2.6539e+00 +2.7016e+00 -2.1518e+00 -2.0428e+00 +7.1841e-01 +2.4108e+00 -5.1499e-01 +4.0402e+00 -2.2565e+00
3 +2.435057450e+02 +2.435057450e+02 +3.338857450e+02 +3.338857450e+02 -4.8321e+00 -1.0976e+00 -4.6748e-01 -2.7477e+00 +2.4084e-01 +2.0886e+00 -4.9125e+00 +4.5885e+00 +2.7523e+00 +1.7415e+00
94 +1.352249151e+02 +1.352249151e+02 +2.256049151e+02 +2.256049151e+02 -3.2450e+00 -1.3513e+00 -5.2078e-01 -2.6868e+00 -2.4775e-01 +1.5864e+00 +4.2211e-01 +4.6966e-01 +2.1215e+00 -9.0258e-01
770 +8.546973001e+01 +8.546973001e+01 +1.758497300e+02 +1.758497300e+02 -1.3809e+00 -1.4824e+00 -2.5518e+00 +5.1280e-01 -6.5764e-01 +2.2041e+00 -1.9938e+00 +2.9150e+00 +1.2332e+00 -1.5004e+00
3396 +5.471865443e+01 +5.471865443e+01 +1.450986544e+02 +1.450986544e+02 -1.0436e+00 -7.1477e-01 -7.4759e-01 -2.5139e+00 -2.3869e+00 +1.1919e+00 -2.2839e+00 +2.5326e+00 +2.4676e+00 -2.6714e+00
% function evaluation | noise-free fitness - Fopt (-2.635200000000e+02) | best noise-free fitness - Fopt | measured fitness | best measured fitness | x1 | x2...
1 +3.083845412e+02 +3.083845412e+02 +4.486454121e+01 +4.486454121e+01 -3.4122e+00 +4.5157e+00 +3.6721e+00 +1.5293e-01 -4.5956e-01 +2.7879e+00 -4.4213e+00 +1.4188e+00 -3.7554e+00 -2.3000e+00
17 +2.069125511e+02 +2.069125511e+02 -5.660744892e+01 -5.660744892e+01 -1.1398e+00 -1.0221e+00 -1.2978e+00 -2.3808e+00 -1.1228e+00 +1.7439e+00 +8.5850e-01 +6.9630e-01 -1.1878e+00 +3.1171e+00
44 +1.566033047e+02 +1.566033047e+02 -1.069166953e+02 -1.069166953e+02 -2.2884e+00 +1.0600e+00 -1.5778e+00 +5.4015e-01 +6.3565e-01 -3.3514e+00 +1.7621e+00 -9.3840e-03 -2.1032e+00 -9.6660e-01
984 +9.402672317e+01 +9.402672317e+01 -1.694932768e+02 -1.694932768e+02 -1.0643e+00 +1.8836e+00 -1.1304e+00 +3.1360e+00 +4.8452e-01 -1.1559e+00 -5.6498e-01 +3.0518e+00 -2.9785e+00 -2.3726e+00
2144 +6.044473780e+01 +6.044473780e+01 -2.030752622e+02 -2.030752622e+02 -1.9052e+00 +1.4925e+00 -1.1203e+00 +2.5663e+00 +1.4192e+00 -1.3622e+00 -7.1278e-01 +1.5079e+00 -2.8354e+00 -1.9198e+00
% function evaluation | noise-free fitness - Fopt (3.101900000000e+02) | best noise-free fitness - Fopt | measured fitness | best measured fitness | x1 | x2...
1 +4.118599605e+02 +4.118599605e+02 +7.220499605e+02 +7.220499605e+02 -4.8043e+00 +4.2536e-01 +4.4144e-01 +4.8498e+00 +9.4551e-01 -2.6982e+00 -1.6208e+00 -3.1902e+00 -3.7612e+00 +9.0959e-01
2 +3.515556850e+02 +3.515556850e+02 +6.617456850e+02 +6.617456850e+02 +2.5611e+00 -2.5930e+00 +1.0881e+00 -1.8091e+00 +4.7446e+00 -4.4956e+00 -3.8439e+00 +2.0166e+00 -3.0522e-01 -4.1180e+00
4 +2.163632054e+02 +2.163632054e+02 +5.265532054e+02 +5.265532054e+02 +1.4514e+00 -1.5201e+00 -2.6475e+00 -3.5379e+00 +2.4390e+00 -2.3168e+00 +7.9132e-01 +6.2404e-01 +1.4874e+00 -4.9052e+00
126 +1.197208263e+02 +1.197208263e+02 +4.299108263e+02 +4.299108263e+02 -1.9788e+00 +1.6330e+00 -1.7482e-01 -4.5941e-01 +0.0000e+00 -1.5158e+00 -3.5464e-01 -2.5118e-01 +2.6446e+00 +1.4079e+00
533 +9.643891963e+01 +9.643891963e+01 +4.066289196e+02 +4.066289196e+02 -8.3332e-01 +1.2572e+00 -3.3663e+00 -2.2504e+00 +2.6694e+00 -2.3513e+00 +1.0043e+00 +2.9680e+00 +2.1036e+00 -1.3175e+00
2881 +6.217319613e+01 +6.217319613e+01 +3.723631961e+02 +3.723631961e+02 -4.0214e-01 +5.9887e-01 -2.3831e+00 -1.4925e+00 +6.6249e-01 -6.5317e-01 +2.2919e+00 +2.1990e+00 +1.0905e+00 -1.9104e+00
