% function evaluation | noise-free fitness - Fopt (4.078000000000e+01) | best noise-free fitness - Fopt | measured fitness | best measured fitness | x1 | x2...
1 +7.562766400e+01 +7.562766400e+01 +1.164076640e+02 +1.164076640e+02 +4.2698e+00 -4.2715e+00 -2.9886e+00 -3.4807e+00 -2.8051e+00 +1.8114e+00 -4.6402e+00 +3.8652e+00 -2.2652e+00 -6.3463e-01
60 +6.230539708e+01 +6.230539708e+01 +1.030853971e+02 +1.030853971e+02 -6.6881e-01 -2.7389e+00 +3.6777e+00 +2.3149e-01 -5.8131e-01 +8.8773e-01 -9.5962e-01 -2.6055e+00 -5.0000e+00 +4.0148e+00
294 +3.704499012e+01 +3.704499012e+01 +7.782499012e+01 +7.782499012e+01 +2.4492e+00 -8.5959e-01 +1.0525e+00 -5.7793e-01 -5.0000e+00 +4.6038e+00 -3.7785e+00 +2.8945e-03 -4.7423e+00 -1.2261e-01
333 +2.216228150e+01 +2.216228150e+01 +6.294228150e+01 +6.294228150e+01 +7.5108e-01 -4.0602e-01 -1.3366e+00 +1.2990e+00 -4.8733e+00 +5.0000e+00 -4.7836e+00 +1.5632e+00 -4.9868e+00 +2.2965e+00
489 +1.067292325e+01 +1.067292325e+01 +5.145292325e+01 +5.145292325e+01 +2.1641e+00 +4.1656e-01 -5.2203e-01 -1.7798e-01 -4.2616e+00 +5.0000e+00 -3.7009e+00 +1.2899e+00 -4.9759e+00 +3.6218e+00
805 +8.502891438e+00 +8.502891438e+00 +4.928289144e+01 +4.928289144e+01 +2.2159e+00 +7.7324e-01 +1.8798e+00 -2.1438e-01 -4.9881e+00 +5.0000e+00 -3.9450e+00 +1.8800e+00 -4.9890e+00 +3.0618e+00
856 +5.591729373e+00 +5.591729373e+00 +4.637172937e+01 +4.637172937e+01 +2.8037e+00 +4.8706e-01 +1.2264e+00 +4.3297e-01 -4.8496e+00 +5.0000e+00 -4.1191e+00 +2.3710e+00 -4.7070e+00 +3.1239e+00
1297 +3.872256290e+00 +3.872256290e+00 +4.465225629e+01 +4.465225629e+01 +2.4687e+00 -1.5008e-01 +2.8639e-01 +4.9477e-01 -4.9024e+00 +5.0000e+00 -3.9052e+00 +2.2320e+00 -4.8963e+00 +2.9653e+00
% function evaluation | noise-free fitness - Fopt (-1.600000000000e+00) | best noise-free fitness - Fopt | measured fitness | best measured fitness | x1 | x2...
1 +8.128249928e+01 +8.128249928e+01 +7.968249928e+01 +7.968249928e+01 +4.7574e+00 -4.4881e+00 +2.4066e+00 +2.4336e+00 +3.8538e+00 -7.3995e-01 +1.1421e+00 -2.9121e+00 -4.3924e+00 -1.6505e+00
14 +6.231374160e+01 +6.231374160e+01 +6.071374160e+01 +6.071374160e+01 -2.2512e+00 -2.6778e+00 +3.0368e-01 -1.7612e+00 -3.3358e+00 -6.9261e-01 +3.8402e+00 +7.3155e-01 +2.2714e+00 +2.3656e+00
601 +2.807536176e+01 +2.807536176e+01 +2.647536176e+01 +2.647536176e+01 -2.6207e+00 -3.1149e+00 +1.9621e+00 +2.6822e+00 -3.1287e+00 +2.9727e+00 -2.7534e+00 -2.7703e-01 +3.1685e+00 +1.6832e+00
801 +2.401736387e+01 +2.401736387e+01 +2.241736387e+01 +2.241736387e+01 -3.2932e+00 -3.2767e+00 +2.5899e+00 +3.0234e+00 -4.4811e+00 +4.6148e+00 -3.6226e+00 -3.7622e-01 +2.5616e+00 +2.0502e+00
1129 +1.509399337e+01 +1.509399337e+01 +1.349399337e+01 +1.349399337e+01 -4.6271e+00 -2.9000e+00 +4.7960e+00 +4.9123e+00 -2.5685e+00 +4.0090e+00 -3.7694e+00 -1.6599e+00 +2.6175e+00 +1.1657e+00
1497 +8.836060647e+00 +8.836060647e+00 +7.236060647e+00 +7.236060647e+00 -3.5312e+00 -3.2350e+00 +4.0664e+00 +3.6494e+00 -2.8314e+00 +4.0845e+00 -3.6626e+00 -1.3590e+00 +2.7625e+00 +1.5684e+00
1569 +5.747593354e+00 +5.747593354e+00 +4.147593354e+00 +4.147593354e+00 -3.7184e+00 -3.2848e+00 +4.2463e+00 +2.7318e+00 -2.4557e+00 +3.9279e+00 -3.8872e+00 +8.2247e-03 +2.2264e+00 +1.9265e+00
1773 +2.760439570e+00 +2.760439570e+00 +1.160439570e+00 +1.160439570e+00 -5.0000e+00 -2.8942e+00 +4.1517e+00 +2.7267e+00 -2.5031e+00 +4.3030e+00 -4.2353e+00 +5.5066e-03 +2.4230e+00 +1.7774e+00
1980 +2.430600566e+00 +2.430600566e+00 +8.306005661e-01 +8.306005661e-01 -4.2979e+00 -2.7765e+00 +4.2410e+00 +3.1532e+00 -2.3750e+00 +3.8915e+00 -4.9689e+00 -9.0009e-01 +2.3939e+00 +1.8788e+00
% function evaluation | noise-free fitness - Fopt (-3.708400000000e+02) | best noise-free fitness - Fopt | measured fitness | best measured fitness | x1 | x2...
1 +8.411012702e+01 +8.411012702e+01 -2.867298730e+02 -2.867298730e+02 -2.6468e+00 -1.4432e+00 -3.4026e+00 -3.0359e+00 -1.4455e+00 +2.1062e+00 -1.6742e+00 -2.9070e-01 -3.9867e+00 -4.5327e+00
151 +5.882317718e+01 +5.882317718e+01 -3.120168228e+02 -3.120168228e+02 +1.1122e+00 -4.4763e-01 -5.0000e+00 +8.9774e-01 +3.3282e-02 +2.6573e+00 +2.4778e+00 -5.0000e+00 +1.1197e+00 +4.4602e-01
287 +3.255439704e+01 +3.255439704e+01 -3.382856030e+02 -3.382856030e+02 +1.1574e+00 -3.7572e+00 -1.6290e+00 +3.5437e+00 +1.0675e+00 +5.0000e+00 -5.0250e-01 -4.4361e+00 +1.9087e+00 -4.1535e-01
359 +1.497689431e+01 +1.497689431e+01 -3.558631057e+02 -3.558631057e+02 +2.4140e+00 -2.4356e+00 -2.9285e+00 +1.4586e+00 -7.7341e-01 +2.6089e+00 +7.7204e-01 -5.0000e+00 +1.2198e+00 +5.6737e-03
872 +6.800131683e+00 +6.800131683e+00 -3.640398683e+02 -3.640398683e+02 +2.3255e+00 -1.9012e+00 -2.8729e+00 +2.8200e+00 -9.2276e-01 +4.7912e+00 +1.1889e+00 -5.0000e+00 +1.2365e+00 -1.9663e+00
1152 +5.133381936e+00 +5.133381936e+00 -3.657066181e+02 -3.657066181e+02 +2.3243e+00 -1.2717e+00 -2.8888e+00 +1.3207e+00 -9.2612e-01 +4.7857e+00 +1.3157e+00 -5.0000e+00 +1.2275e+00 -1.2749e+00
1433 +3.660983272e+00 +3.660983272e+00 -3.671790167e+02 -3.671790167e+02 +1.9924e+00 -7.2313e-01 -3.2149e+00 +1.5810e+00 -9.3060e-01 +4.7028e+00 +1.5621e+00 -5.0000e+00 +1.5433e+00 -1.7122e+00
1900 +2.511047675e+00 +2.511047675e+00 -3.683289523e+02 -3.683289523e+02 +2.0147e+00 -1.0177e+00 -2.6347e+00 +1.6441e+00 -9.4512e-01 +4.7528e+00 +1.3502e+00 -5.0000e+00 +1.2253e+00 -1.7135e+00
% function evaluation | noise-free fitness - Fopt (-3.256000000000e+01) | best noise-free fitness - Fopt | measured fitness | best measured fitness | x1 | x2...
1 +8.284519488e+01 +8.284519488e+01 +5.028519488e+01 +5.028519488e+01 +2.6127e+00 +3.6153e+00 +3.6729e+00 -2.4280e+00 +2.1899e+00 +2.1537e+00 -2.2355e+00 -3.0764e+00 +2.2582e+00 +3.9211e+00
15 +5.550797469e+01 +5.550797469e+01 +2.294797469e+01 +2.294797469e+01 -2.9047e+00 -2.7889e+00 +7.0328e-03 -4.3923e+00 +1.2137e+00 -2.2190e+00 -5.4720e-01 -5.3737e-02 -4.2846e+00 +2.0887e+00
44 +3.720705554e+01 +3.720705554e+01 +4.647055541e+00 +4.647055541e+00 -8.9118e-01 +1.8693e-01 +8.1345e-01 -5.0000e+00 -2.1455e+00 +3.4905e-01 -2.0789e+00 -1.3892e+00 -2.8726e+00 +4.5348e+00
1645 +2.468871985e+01 +2.468871985e+01 -7.871280146e+00 -7.871280146e+00 -2.8626e-01 -9.1039e-01 +8.1902e-01 -5.0000e+00 +1.2167e+00 -5.3637e-01 -1.2660e+00 +9.4563e-01 -2.2423e+00 +2.7770e+00
1799 +1.335871801e+01 +1.335871801e+01 -1.920128199e+01 -1.920128199e+01 +5.3510e-01 -1.3666e+00 +1.4580e-01 -5.0000e+00 +2.4545e+00 -1.2974e+00 -1.3876e+00 +1.2497e+00 -1.6342e+00 +1.6250e+00
2315 +8.759386523e+00 +8.759386523e+00 -2.380061348e+01 -2.380061348e+01 +8.2989e-01 -2.4055e+00 +5.1243e-02 -5.0000e+00 +3.0104e+00 -1.5957e+00 -1.4555e+00 +1.6868e+00 -1.6037e+00 +1.5706e+00
2724 +5.922442622e+00 +5.922442622e+00 -2.663755738e+01 -2.663755738e+01 +4.2507e-01 -1.8860e+00 +1.3226e-01 -5.0000e+00 +2.4197e+00 -1.6521e+00 -1.8214e+00 +8.9078e-01 -2.1455e+00 +9.3216e-01
2770 +3.746107297e+00 +3.746107297e+00 -2.881389270e+01 -2.881389270e+01 +3.9547e-01 -2.4380e+00 +3.1498e-02 -5.0000e+00 +2.8102e+00 -1.6404e+00 -1.7562e+00 +7.9320e-01 -2.5911e+00 +9.2237e-01
4216 +2.507759902e+00 +2.507759902e+00 -3.005224010e+01 -3.005224010e+01 +1.8359e-02 -3.2755e+00 -1.1259e-01 -5.0000e+00 +2.8432e+00 -2.3152e+00 -1.6579e+00 +4.8560e-01 -3.0597e+00 +7.5721e-01
% function evaluation | noise-free fitness - Fopt (5.154000000000e+02) | best noise-free fitness - Fopt | measured fitness | best measured fitness | x1 | x2...
1 +7.445078115e+01 +7.445078115e+01 +5.898507811e+02 +5.898507811e+02 +3.4311e-01 -1.3067e+00 -4.9431e+00 -3.2325e+00 +4.1504e+00 +2.6431e+00 -2.2101e+00 +2.0902e+00 -4.5967e+00 +1.8888e+00
51 +6.155580087e+01 +6.155580087e+01 +5.769558009e+02 +5.769558009e+02 +5.0000e+00 +1.6792e+00 -2.2436e+00 +9.9567e-02 +1.3092e+00 -2.8945e+00 +7.2003e-01 -5.0000e+00 +9.0789e-01 +3.7522e-02
177 +2.796896707e+01 +2.796896707e+01 +5.433689671e+02 +5.433689671e+02 +2.6096e+00 -2.4982e+00 +3.8029e+00 +0.0000e+00 +1.0402e+00 +7.3323e-01 +1.9219e+00 -3.1033e+00 +6.5012e-01 -3.4313e+00
419 +2.454859937e+01 +2.454859937e+01 +5.399485994e+02 +5.399485994e+02 +2.0254e+00 -4.6807e+00 +4.0275e+00 -9.6188e-01 -5.4749e-01 +2.0686e+00 +2.0621e+00 -4.1419e+00 -5.4603e-01 -5.0000e+00
700 +1.378612665e+01 +1.378612665e+01 +5.291861266e+02 +5.291861266e+02 +3.3755e+00 -3.7225e+00 +3.0305e+00 +1.1997e+00 -1.5004e-01 +2.4975e+00 +1.4638e-01 -4.5265e+00 -1.6842e+00 -3.6317e+00
780 +9.327151855e+00 +9.327151855e+00 +5.247271519e+02 +5.247271519e+02 +1.9362e+00 -3.8611e+00 +2.9446e+00 +1.3973e+00 -5.2936e-01 +2.6568e+00 +2.1829e-01 -4.5482e+00 +0.0000e+00 -4.6826e+00
1193 +5.991478763e+00 +5.991478763e+00 +5.213914788e+02 +5.213914788e+02 +3.2072e+00 -2.9366e+00 +3.2516e+00 +1.6655e+00 +4.8073e-02 +2.4583e+00 +7.1927e-01 -4.4720e+00 -1.4847e+00 -4.1208e+00
1227 +3.907483821e+00 +3.907483821e+00 +5.193074838e+02 +5.193074838e+02 +1.9502e+00 -2.8953e+00 +3.4760e+00 +1.5493e+00 -8.7014e-01 +1.9550e+00 +1.1724e+00 -4.5483e+00 -1.5618e+00 -4.4058e+00
1882 +2.500715181e+00 +2.500715181e+00 +5.179007152e+02 +5.179007152e+02 +2.5222e+00 -2.5614e+00 +3.1094e+00 +1.1179e+00 -4.5468e-01 +2.0537e+00 +1.1980e+00 -4.8576e+00 -1.4788e+00 -5.0000e+00
% function evaluation | noise-free fitness - Fopt (9.862300000000e+02) | best noise-free fitness - Fopt | measured fitness | best measured fitness | x1 | x2...
1 +6.744939112e+01 +6.744939112e+01 +1.053679391e+03 +1.053679391e+03 +3.4366e+00 +2.5008e+00 -1.1147e+00 -1.2893e+00 -9.3785e-01 +3.1701e+00 -1.2208e+00 -2.7684e-01 -3.1653e+00 -5.3400e-01
20 +4.788495504e+01 +4.788495504e+01 +1.034114955e+03 +1.034114955e+03 -4.8089e+00 +1.8583e+00 +2.5014e+00 +4.8026e+00 +7.3425e-01 -1.0054e+00 +4.2055e+00 -4.0881e+00 +3.3902e+00 -3.9741e+00
543 +3.666728006e+01 +3.666728006e+01 +1.022897280e+03 +1.022897280e+03 -5.0000e+00 +3.7575e+00 +2.5148e+00 +4.6742e+00 +9.6342e-01 -2.5388e+00 +3.8111e+00 -5.0000e+00 +3.0702e+00 -2.8467e+00
731 +2.370052787e+01 +2.370052787e+01 +1.009930528e+03 +1.009930528e+03 -5.0000e+00 +2.1661e+00 -2.1001e+00 +5.0000e+00 +1.1191e+00 +6.6578e-01 +5.0000e+00 +0.0000e+00 +3.4523e+00 -1.0599e+00
1225 +6.653212789e+00 +6.653212789e+00 +9.928832128e+02 +9.928832128e+02 -4.9908e+00 +1.5371e+00 -2.6039e+00 +5.0000e+00 +2.1682e+00 -7.5900e-01 +4.3353e+00 -2.6591e-01 +3.7160e+00 +7.4722e-01
1382 +5.072174500e+00 +5.072174500e+00 +9.913021745e+02 +9.913021745e+02 -4.9534e+00 +1.5765e+00 -2.7352e+00 +5.0000e+00 +1.2241e+00 -6.7395e-01 +3.9397e+00 -5.3332e-01 +4.2761e+00 +6.6092e-01
1462 +3.461469069e+00 +3.461469069e+00 +9.896914691e+02 +9.896914691e+02 -4.9528e+00 +1.5833e+00 -2.8428e+00 +5.0000e+00 +1.3916e+00 -1.0476e+00 +4.0954e+00 -5.3408e-01 +4.1764e+00 +6.7884e-01
2022 +2.486277677e+00 +2.486277677e+00 +9.887162777e+02 +9.887162777e+02 -4.9310e+00 +1.0529e+00 -2.7811e+00 +5.0000e+00 +1.8403e+00 -7.9877e-01 +4.2345e+00 -7.1648e-01 +4.1805e+00 +7.6473e-01
2847 +1.435377501e+00 +1.435377501e+00 +9.876653775e+02 +9.876653775e+02 -4.8543e+00 +4.0339e-01 -2.8020e+00 +4.2395e+00 +1.8876e+00 -1.3436e+00 +4.0146e+00 -8.6372e-01 +4.4287e+00 +7.6806e-01
3029 +8.927298274e-01 +8.927298274e-01 +9.871227298e+02 +9.871227298e+02 -4.8387e+00 +1.8710e-01 -3.2229e+00 +3.7865e+00 +2.2309e+00 -1.6078e+00 +4.2233e+00 -9.2291e-01 +4.7374e+00 +7.9263e-01
% function evaluation | noise-free fitness - Fopt (1.240800000000e+02) | best noise-free fitness - Fopt | measured fitness | best measured fitness | x1 | x2...
1 +7.128106344e+01 +7.128106344e+01 +1.953610634e+02 +1.953610634e+02 +1.8893e+00 -4.4303e+00 +9.1018e-01 -6.4501e-01 +1.4180e+00 -1.5140e+00 +4.2305e+00 +1.4156e-01 +1.7133e+00 +1.3828e+00
149 +6.210029933e+01 +6.210029933e+01 +1.861802993e+02 +1.861802993e+02 -3.3058e+00 +5.8173e-01 +1.0884e+00 -5.0000e+00 -2.0827e-01 -2.6060e-01 -7.9177e-01 -1.5264e+00 -4.4350e+00 +9.6000e-01
271 +2.358433719e+01 +2.358433719e+01 +1.476643372e+02 +1.476643372e+02 -1.4049e+00 -1.8690e+00 +0.0000e+00 +2.4665e+00 +9.9875e-01 +2.3971e+00 +0.0000e+00 +6.4287e-01 -2.6555e+00 +1.5348e+00
1191 +1.111580186e+01 +1.111580186e+01 +1.351958019e+02 +1.351958019e+02 -2.2451e+00 -2.0727e+00 -6.1061e-01 -1.0625e-01 +4.5504e-01 +1.9633e+00 -1.2769e+00 +1.0784e+00 -5.0000e+00 +1.0692e+00
2000 +9.635674714e+00 +9.635674714e+00 +1.337156747e+02 +1.337156747e+02 -2.0705e+00 -2.5463e+00 -6.0430e-01 +8.9456e-02 +2.1282e-02 +1.6291e+00 -1.2735e+00 +1.4424e+00 -4.6961e+00 +6.4183e-01
% function evaluation | noise-free fitness - Fopt (-4.683100000000e+02) | best noise-free fitness - Fopt | measured fitness | best measured fitness | x1 | x2...
1 +8.104919864e+01 +8.104919864e+01 -3.872608014e+02 -3.872608014e+02 -3.8221e+00 +3.1367e-02 +4.1359e+00 +3.0313e+00 -2.9195e+00 -1.8930e+00 +4.8511e+00 -2.5489e+00 +4.6495e+00 -3.6227e+00
6 +5.968485500e+01 +5.968485500e+01 -4.086251450e+02 -4.086251450e+02 +2.4121e+00 +1.0880e+00 -3.2564e+00 -8.1171e-01 -4.2969e+00 -2.9957e+00 -1.2674e+00 +3.2286e-01 -4.7851e-01 +6.9230e-01
141 +3.904513794e+01 +3.904513794e+01 -4.292648621e+02 -4.292648621e+02 +2.4747e+00 -3.7624e-01 -1.0397e+00 +9.4376e-01 -2.6858e-01 -3.5181e-01 +4.9519e-01 +3.2654e+00 +2.1301e+00 +4.4234e-01
481 +2.346250219e+01 +2.346250219e+01 -4.448474978e+02 -4.448474978e+02 -6.0792e-01 -5.0556e-01 +2.9726e+00 -8.8537e-01 -3.3565e+00 -1.1866e+00 +8.2628e-01 -3.1937e+00 -2.7394e+00 -1.2456e+00
724 +1.181676765e+01 +1.181676765e+01 -4.564932324e+02 -4.564932324e+02 -1.7490e+00 +7.8107e-01 +3.8321e+00 -2.6513e+00 -4.6390e+00 +2.2104e-01 +1.3195e+00 +3.5200e-01 -2.9110e+00 -1.7882e+00
775 +6.387738922e+00 +6.387738922e+00 -4.619222611e+02 -4.619222611e+02 -2.1847e+00 +3.1458e-02 +3.2289e+00 -2.0741e+00 -4.0985e+00 -5.2553e-01 +1.2881e+00 -2.8859e-01 -2.2911e+00 -1.2565e+00
1121 +3.132357972e+00 +3.132357972e+00 -4.651776420e+02 -4.651776420e+02 -1.8155e+00 +6.8163e-01 +3.8328e+00 -2.3774e+00 -3.3437e+00 -7.6851e-01 +1.2739e+00 -1.2159e+00 -2.6217e+00 -1.1785e+00
1412 +1.979402442e+00 +1.979402442e+00 -4.663305976e+02 -4.663305976e+02 -1.1069e+00 +5.1235e-01 +4.3092e+00 -2.4018e+00 -4.0273e+00 -1.3852e+00 +1.4707e+00 -1.4435e+00 -2.4672e+00 -1.1507e+00
1998 +1.571393609e+00 +1.571393609e+00 -4.667386064e+02 -4.667386064e+02 -1.1436e+00 +4.5568e-01 +3.8483e+00 -2.4688e+00 -4.0566e+00 -9.2597e-01 +1.7337e+00 -1.2557e+00 -2.1619e+00 -1.1999e+00
2957 +9.805849025e-01 +9.805849025e-01 -4.673294151e+02 -4.673294151e+02 -1.0935e+00 +9.4192e-01 +4.1249e+00 -2.4060e+00 -4.0717e+00 -8.5018e-01 +1.4617e+00 -1.1360e+00 -1.9950e+00 -1.4182e+00
% function evaluation | noise-free fitness - Fopt (-6.062000000000e+01) | best noise-free fitness - Fopt | measured fitness | best measured fitness | x1 | x2...
1 +6.566880152e+01 +6.566880152e+01 +5.048801516e+00 +5.048801516e+00 -2.0030e+00 +3.6264e+00 +2.4388e+00 +3.5425e+00 -4.6892e-01 +2.8792e+00 +4.6034e+00 +7.9934e-01 +7.9957e-01 -5.2920e-01
21 +4.996842138e+01 +4.996842138e+01 -1.065157862e+01 -1.065157862e+01 +2.0124e+00 -1.5366e+00 +4.4762e-01 -1.8509e+00 -1.4928e+00 -2.1651e+00 -1.1460e+00 +2.3855e+00 -2.4681e+00 +2.3048e-01
24 +3.771334319e+01 +3.771334319e+01 -2.290665681e+01 -2.290665681e+01 +3.3725e+00 -2.2770e+00 +2.1269e+00 +3.5472e+00 +3.9136e+00 -2.4781e+00 +2.7931e+00 -3.5538e+00 +3.7559e+00 +3.3537e+00
269 +1.790037064e+01 +1.790037064e+01 -4.271962936e+01 -4.271962936e+01 +5.0000e+00 -1.1644e+00 +1.8086e+00 +3.8952e+00 +2.9829e+00 -9.8680e-01 +0.0000e+00 -5.0000e+00 +1.8563e+00 +3.9246e+00
475 +8.994551771e+00 +8.994551771e+00 -5.162544823e+01 -5.162544823e+01 +2.0225e+00 -9.9537e-01 +1.1428e+00 +3.3201e+00 +1.0569e+00 -1.8884e+00 -9.5650e-01 -4.9897e+00 +1.4432e+00 +4.0037e+00
632 +5.687101777e+00 +5.687101777e+00 -5.493289822e+01 -5.493289822e+01 +3.1573e+00 -1.1953e+00 +1.8112e+00 +4.1748e+00 +2.6448e+00 -1.8619e+00 +4.9307e-01 -4.9732e+00 +2.5152e+00 +3.6942e+00
861 +3.804262370e+00 +3.804262370e+00 -5.681573763e+01 -5.681573763e+01 +3.2374e+00 -1.1987e+00 +1.9840e+00 +2.8882e+00 +2.8567e+00 -2.7177e+00 +6.1037e-01 -4.9916e+00 +1.6616e+00 +3.4922e+00
1055 +2.379966009e+00 +2.379966009e+00 -5.824003399e+01 -5.824003399e+01 +3.2244e+00 -1.1613e+00 +2.0017e+00 +3.1207e+00 +1.6713e+00 -2.9837e+00 +7.1191e-01 -5.0000e+00 +1.9537e+00 +3.2712e+00
2222 +1.559616089e+00 +1.559616089e+00 -5.906038391e+01 -5.906038391e+01 +2.8059e+00 -1.5516e+00 +1.2598e+00 +3.4275e+00 +1.9929e+00 -2.3019e+00 +6.5887e-01 -4.9900e+00 +1.7218e+00 +3.3600e+00
% function evaluation | noise-free fitness - Fopt (2.864600000000e+02) | best noise-free fitness - Fopt | measured fitness | best measured fitness | x1 | x2...
1 +7.620572693e+01 +7.620572693e+01 +3.626657269e+02 +3.626657269e+02 +5.3484e-01 +1.5806e+00 -2.1777e+00 +4.4093e+00 -1.5405e+00 +3.9252e+00 -2.9308e+00 -3.5734e+00 +4.7540e-01 -3.6960e+00
18 +6.079223758e+01 +6.079223758e+01 +3.472522376e+02 +3.472522376e+02 +4.4169e+00 -1.6259e-01 +4.6289e+00 -2.9399e+00 +1.8796e+00 -1.1482e+00 +3.2093e+00 +3.9707e+00 +3.7451e+00 +3.7618e+00
234 +3.238676641e+01 +3.238676641e+01 +3.188467664e+02 +3.188467664e+02 +1.2079e+00 +1.4702e+00 -1.4102e+00 -8.6463e-01 +0.0000e+00 -2.4674e+00 -3.1845e+00 +5.0000e+00 -2.2649e+00 -2.6184e+00
241 +2.340755781e+01 +2.340755781e+01 +3.098675578e+02 +3.098675578e+02 +2.2200e+00 +1.2138e+00 -1.7033e+00 -6.0753e-01 -2.8198e-01 -1.4786e+00 -4.1443e+00 +4.4955e+00 -3.4232e+00 -2.8315e+00
574 +1.513503394e+01 +1.513503394e+01 +3.015950339e+02 +3.015950339e+02 +3.1163e+00 +7.9845e-01 -2.8415e+00 -3.0877e+00 -7.7295e-01 -2.8296e+00 -2.7846e+00 -3.1080e+00 -3.2540e+00 -3.2204e+00
774 +9.639358989e+00 +9.639358989e+00 +2.960993590e+02 +2.960993590e+02 +3.2925e+00 +2.1412e-01 -2.5842e+00 -4.4064e+00 -7.1854e-01 -3.3353e+00 -1.5029e+00 -3.0133e+00 -3.1677e+00 -3.7860e+00
1252 +6.190862149e+00 +6.190862149e+00 +2.926508621e+02 +2.926508621e+02 +4.2076e+00 +7.2217e-02 -2.8909e+00 -4.1928e+00 -9.9721e-01 -3.3963e+00 -1.1634e+00 -2.9293e+00 -3.0591e+00 -4.0098e+00
1676 +2.595250119e+00 +2.595250119e+00 +2.890552501e+02 +2.890552501e+02 +4.1284e+00 -2.7295e-01 -3.1862e+00 -2.7990e+00 -1.0065e+00 -2.5000e+00 -1.6108e+00 -4.0277e+00 -3.0381e+00 -3.3030e+00
1861 +2.099907153e+00 +2.099907153e+00 +2.885599072e+02 +2.885599072e+02 +4.3181e+00 -4.7933e-01 -3.1382e+00 -3.2343e+00 -1.0151e+00 -2.5234e+00 -1.4343e+00 -3.7058e+00 -3.1801e+00 -3.7819e+00
2152 +1.584535267e+00 +1.584535267e+00 +2.880445353e+02 +2.880445353e+02 +4.4835e+00 -1.6554e-01 -2.5452e+00 -2.6789e+00 -1.3580e+00 -1.9028e+00 -1.0058e+00 -3.8355e+00 -3.0913e+00 -3.1883e+00
2788 +9.963278563e-01 +9.963278563e-01 +2.874563279e+02 +2.874563279e+02 +4.1882e+00 -4.6846e-01 -2.7495e+00 -2.7385e+00 -1.8857e+00 -1.9260e+00 -1.0160e+00 -3.5239e+00 -3.0783e+00 -3.0609e+00
% function evaluation | noise-free fitness - Fopt (1.134200000000e+02) | best noise-free fitness - Fopt | measured fitness | best measured fitness | x1 | x2...
1 +7.942105065e+01 +7.942105065e+01 +1.928410506e+02 +1.928410506e+02 +3.6548e+00 -3.5068e+00 -3.5171e+00 +9.2610e-01 +1.2857e+00 +2.9429e+00 +2.1503e+00 -1.6336e+00 -1.5829e-01 +2.9417e+00
13 +6.033577534e+01 +6.033577534e+01 +1.737557753e+02 +1.737557753e+02 -3.7381e+00 +5.7351e-01 +3.2452e+00 +2.4637e+00 +2.7428e+00 +1.2076e+00 +2.4039e+00 +3.1410e+00 -4.3583e+00 +3.8313e+00
45 +2.143575167e+01 +2.143575167e+01 +1.348557517e+02 +1.348557517e+02 -2.5436e+00 +3.4513e+00 +2.5324e+00 +1.3287e+00 +1.4492e+00 -6.3572e-01 +3.5561e+00 -2.3358e+00 +2.6957e-01 -1.9253e+00
615 +1.515322895e+01 +1.515322895e+01 +1.285732289e+02 +1.285732289e+02 -1.1939e+00 +2.9334e+00 +2.5499e+00 +1.2059e+00 +1.2936e-01 -8.1571e-01 +3.6002e+00 -2.2647e+00 +1.2164e+00 -2.9191e+00
2248 +9.294002908e+00 +9.294002908e+00 +1.227140029e+02 +1.227140029e+02 -2.8743e+00 +2.3060e+00 +3.5840e+00 +1.7256e+00 +2.8475e-01 -2.3816e+00 +3.8169e+00 -1.8998e+00 +4.9458e-03 -3.5220e+00
3022 +6.309079482e+00 +6.309079482e+00 +1.197290795e+02 +1.197290795e+02 -1.2896e+00 +9.9876e-01 +2.9048e+00 +2.4248e+00 -1.1822e-01 -2.0442e+00 +3.8856e+00 -2.2438e+00 -1.0071e+00 -3.1359e+00
4085 +3.980970161e+00 +3.980970161e+00 +1.174009702e+02 +1.174009702e+02 -5.6835e-01 +1.2606e+00 +2.0917e+00 +2.4785e+00 -6.1158e-02 -1.8265e+00 +3.4121e+00 -2.5677e+00 -9.4087e-01 -2.7638e+00
% function evaluation | noise-free fitness - Fopt (-1.958600000000e+02) | best noise-free fitness - Fopt | measured fitness | best measured fitness | x1 | x2...
1 +8.009172675e+01 +8.009172675e+01 -1.157682732e+02 -1.157682732e+02 +7.3913e-01 -5.3681e-01 +2.1135e+00 -7.9059e-01 +5.7906e-01 -4.1963e+00 -3.7952e+00 -3.9929e+00 +3.1584e+00 -4.1794e+00
43 +6.258488767e+01 +6.258488767e+01 -1.332751123e+02 -1.332751123e+02 +2.6326e+00 -4.6836e+00 +2.4484e-01 -4.9950e+00 -2.5650e+00 +4.6945e+00 +2.9014e+00 -5.0000e+00 -2.2763e+00 +2.6924e+00
283 +3.257136599e+01 +3.257136599e+01 -1.632886340e+02 -1.632886340e+02 +2.7353e+00 -4.5380e+00 -5.1604e-01 +0.0000e+00 +0.0000e+00 +1.0410e+00 +4.7891e+00 -5.0000e+00 -9.5272e-01 +1.3166e+00
548 +2.387598689e+01 +2.387598689e+01 -1.719840131e+02 -1.719840131e+02 +3.1434e+00 -4.6282e+00 -2.4750e+00 +4.3748e-02 +1.4368e+00 +1.9655e+00 +1.8510e+00 -5.0000e+00 +2.0085e+00 +2.0695e+00
643 +1.131306590e+01 +1.131306590e+01 -1.845469341e+02 -1.845469341e+02 +3.1388e+00 -4.6755e+00 -3.1021e+00 -8.6153e-01 +1.6802e+00 +1.9511e+00 +2.9738e+00 -5.0000e+00 +0.0000e+00 +2.1476e+00
716 +8.524274117e+00 +8.524274117e+00 -1.873357259e+02 -1.873357259e+02 +3.0481e+00 -4.4681e+00 -3.4528e+00 -6.0540e-01 +1.1860e+00 +2.6359e+00 +3.9177e+00 -5.0000e+00 -4.8239e-01 +2.2057e+00
1368 +5.482789056e+00 +5.482789056e+00 -1.903772109e+02 -1.903772109e+02 +4.2616e+00 -4.1227e+00 -2.9272e+00 -5.9214e-02 +1.3461e+00 +2.2835e+00 +3.4926e+00 -5.0000e+00 -2.0031e-01 +3.2116e+00
1765 +3.551513500e+00 +3.551513500e+00 -1.923084865e+02 -1.923084865e+02 +4.5882e+00 -3.4630e+00 -2.8630e+00 -2.1817e-01 +1.0986e+00 +2.6646e+00 +4.0911e+00 -4.3533e+00 -2.3862e-01 +2.9051e+00
2070 +2.403850086e+00 +2.403850086e+00 -1.934561499e+02 -1.934561499e+02 +4.0857e+00 -4.0338e+00 -3.2658e+00 +1.2642e-02 +9.3686e-01 +2.2768e+00 +3.4260e+00 -4.2256e+00 +2.3212e-01 +2.8966e+00
% function evaluation | noise-free fitness - Fopt (-5.760000000000e+00) | best noise-free fitness - Fopt | measured fitness | best measured fitness | x1 | x2...
1 +8.352323920e+01 +8.352323920e+01 +7.776323920e+01 +7.776323920e+01 +1.4297e+00 +4.7577e+00 +1.8906e+00 +4.8072e+00 +3.2535e+00 -6.9876e-01 +4.8007e+00 -5.6477e-01 -4.7675e+00 +1.0193e-02
26 +3.525632896e+01 +3.525632896e+01 +2.949632896e+01 +2.949632896e+01 +4.6238e+00 -1.0654e+00 +1.0463e+00 -4.9497e-01 -4.7293e-01 -1.3256e+00 +6.5160e-01 -6.9933e-01 -1.0595e+00 -2.6840e+00
233 +2.465391806e+01 +2.465391806e+01 +1.889391806e+01 +1.889391806e+01 +3.0468e+00 -2.2954e+00 +8.7414e-01 +0.0000e+00 -2.4784e-01 -2.1832e+00 +0.0000e+00 +1.5836e+00 -1.1754e+00 -2.5403e+00
1472 +1.530498721e+01 +1.530498721e+01 +9.544987205e+00 +9.544987205e+00 +3.1646e+00 -1.0126e+00 +2.2136e+00 +3.2363e+00 +1.6364e+00 -2.2813e+00 +7.6875e-01 +1.1684e+00 -1.3553e+00 -3.7450e+00
1477 +7.768847387e+00 +7.768847387e+00 +2.008847387e+00 +2.008847387e+00 +2.8730e+00 +0.0000e+00 +1.3638e+00 +1.9929e+00 +1.4077e+00 -6.3100e-01 -5.3119e-01 +2.8152e+00 -4.4703e-02 -1.9768e+00
1978 +6.149911348e+00 +6.149911348e+00 +3.899113485e-01 +3.899113485e-01 +3.1002e+00 +0.0000e+00 +1.3643e+00 +3.3892e+00 +1.5666e+00 -1.4143e+00 -2.6293e-01 +2.8368e+00 +1.1935e-01 -2.0688e+00
2311 +3.615835441e+00 +3.615835441e+00 -2.144164559e+00 -2.144164559e+00 +2.6135e+00 -7.6404e-04 +1.6148e+00 +2.8993e+00 +2.5827e+00 -2.0141e+00 -4.8186e-01 +2.6959e+00 +5.2823e-02 -2.1705e+00
2673 +2.369296109e+00 +2.369296109e+00 -3.390703891e+00 -3.390703891e+00 +3.4906e+00 -9.6428e-04 +1.5987e+00 +2.7196e+00 +1.5222e+00 -2.4226e+00 +2.7386e-02 +1.8163e+00 +1.0320e-02 -2.1670e+00
% function evaluation | noise-free fitness - Fopt (-4.986500000000e+02) | best noise-free fitness - Fopt | measured fitness | best measured fitness | x1 | x2...
1 +7.626494684e+01 +7.626494684e+01 -4.223850532e+02 -4.223850532e+02 -1.6341e+00 -4.5294e+00 -4.1750e+00 +1.3795e+00 -2.6521e+00 -3.0339e+00 -2.3503e+00 +1.1034e+00 -1.9127e-01 -3.6310e+00
17 +6.155593213e+01 +6.155593213e+01 -4.370940679e+02 -4.370940679e+02 -2.7971e-01 -2.3404e+00 +1.4901e+00 +4.2662e+00 +1.0015e+00 +2.2548e+00 -1.2888e+00 -4.2187e+00 -2.1419e+00 +1.6054e+00
444 +1.572534670e+01 +1.572534670e+01 -4.829246533e+02 -4.829246533e+02 -1.2606e+00 +1.4657e+00 -6.6089e-01 -1.4661e+00 -4.8472e+00 -7.8524e-01 +1.0775e+00 +0.0000e+00 +3.9833e+00 +0.0000e+00
887 +7.704025690e+00 +7.704025690e+00 -4.909459743e+02 -4.909459743e+02 -2.5962e+00 +1.3088e+00 -1.0917e+00 -2.2116e+00 -4.8564e+00 -3.9750e+00 +0.0000e+00 +7.5404e-02 +1.0547e+00 -5.7625e-01
1324 +5.037107249e+00 +5.037107249e+00 -4.936128928e+02 -4.936128928e+02 -6.8528e-01 +1.4601e+00 -1.0408e+00 -1.3489e+00 -4.8673e+00 -2.0126e+00 +1.4711e+00 +9.9752e-01 +2.7465e+00 -1.0626e+00
1630 +3.754938115e+00 +3.754938115e+00 -4.948950619e+02 -4.948950619e+02 -6.2876e-01 +1.5875e+00 -8.2990e-01 -1.6588e+00 -4.6192e+00 -1.6928e+00 +1.7491e+00 +4.6483e-01 +1.7315e+00 -5.7755e-01
1696 +2.398703103e+00 +2.398703103e+00 -4.962512969e+02 -4.962512969e+02 -3.7256e-01 +1.8621e+00 -8.5618e-01 -1.5367e+00 -4.6755e+00 -2.2674e+00 +1.0237e+00 +6.1084e-01 +2.2772e+00 -6.4581e-01
2064 +8.073115057e-01 +8.073115057e-01 -4.978426885e+02 -4.978426885e+02 -2.6776e-01 +9.9575e-01 -1.1012e+00 -7.3417e-01 -4.6777e+00 -3.5220e+00 +6.9572e-01 +1.3554e+00 +6.4159e-01 +1.3936e+00
2289 +5.039365955e-01 +5.039365955e-01 -4.981460634e+02 -4.981460634e+02 -2.1565e-01 +6.3989e-01 -1.4772e+00 -4.7488e-01 -4.4294e+00 -3.2240e+00 +7.3960e-01 +1.5656e+00 +8.0996e-02 +1.5765e+00
2323 +2.308434559e-01 +2.308434559e-01 -4.984191565e+02 -4.984191565e+02 -5.5953e-01 +1.3050e+00 -1.9763e+00 -6.9697e-01 -4.3445e+00 -3.1504e+00 +1.7814e+00 +1.5044e+00 +0.0000e+00 +5.1655e-01
2723 +1.528532545e-01 +1.528532545e-01 -4.984971467e+02 -4.984971467e+02 -5.2100e-01 +1.1853e+00 -1.8354e+00 -9.1558e-01 -4.4373e+00 -3.0733e+00 +1.6066e+00 +1.4919e+00 +0.0000e+00 +8.7504e-01
2873 +8.157791438e-02 +8.157791438e-02 -4.985684221e+02 -4.985684221e+02 -6.4964e-01 +1.1652e+00 -1.7750e+00 -5.5328e-01 -4.4317e+00 -3.0419e+00 +1.2673e+00 +1.3925e+00 +0.0000e+00 +5.7009e-01
2928 +5.366353067e-02 +5.366353067e-02 -4.985963365e+02 -4.985963365e+02 -7.1592e-01 +1.1887e+00 -1.7839e+00 -6.9240e-01 -4.4378e+00 -3.0235e+00 +1.1573e+00 +1.3371e+00 +0.0000e+00 +6.0781e-01
2997 +3.942747178e-02 +3.942747178e-02 -4.986105725e+02 -4.986105725e+02 -9.5151e-01 +1.1910e+00 -1.7635e+00 -7.5114e-01 -4.4247e+00 -3.1050e+00 +1.0700e+00 +1.2891e+00 +0.0000e+00 +6.0679e-01
3125 +1.346275097e-02 +1.346275097e-02 -4.986365372e+02 -4.986365372e+02 -8.7770e-01 +1.2485e+00 -1.4982e+00 -9.3860e-01 -4.2549e+00 -3.3156e+00 +1.3273e+00 +1.2682e+00 +3.0952e-01 +7.9060e-01
3165 +7.627430019e-03 +7.627430019e-03 -4.986423726e+02 -4.986423726e+02 -8.7724e-01 +1.2627e+00 -1.4911e+00 -9.6576e-01 -4.1180e+00 -3.3060e+00 +1.2817e+00 +1.2597e+00 +3.0532e-01 +8.0565e-01
3321 +4.079440202e-03 +4.079440202e-03 -4.986459206e+02 -4.986459206e+02 -8.9877e-01 +1.2442e+00 -1.4392e+00 -9.1294e-01 -4.0254e+00 -3.3816e+00 +1.2377e+00 +1.2237e+00 +3.9795e-01 +9.2607e-01
3352 +3.642987859e-03 +3.642987859e-03 -4.986463570e+02 -4.986463570e+02 -9.1983e-01 +1.1911e+00 -1.3438e+00 -9.9445e-01 -4.0310e+00 -3.3662e+00 +1.1808e+00 +1.2289e+00 +5.5354e-01 +8.8984e-01
3408 +2.417053186e-03 +2.417053186e-03 -4.986475829e+02 -4.986475829e+02 -1.0096e+00 +1.1832e+00 -1.5435e+00 -1.0025e+00 -3.9443e+00 -3.3713e+00 +1.1400e+00 +1.2078e+00 +6.0456e-01 +8.8312e-01
3472 +1.174674179e-03 +1.174674179e-03 -4.986488253e+02 -4.986488253e+02 -9.8573e-01 +1.1714e+00 -1.4905e+00 -1.0107e+00 -4.0456e+00 -3.3890e+00 +1.0726e+00 +1.2197e+00 +5.7877e-01 +8.9317e-01
3541 +9.740526895e-04 +9.740526895e-04 -4.986490259e+02 -4.986490259e+02 -9.5063e-01 +1.1736e+00 -1.4425e+00 -9.5525e-01 -4.0209e+00 -3.3669e+00 +1.0781e+00 +1.2019e+00 +6.0275e-01 +8.8736e-01
3642 +5.964207632e-04 +5.964207632e-04 -4.986494036e+02 -4.986494036e+02 -9.8646e-01 +1.1648e+00 -1.5121e+00 -9.0649e-01 -4.0015e+00 -3.3681e+00 +1.0588e+00 +1.2172e+00 +5.4520e-01 +8.4892e-01
3684 +3.724813909e-04 +3.724813909e-04 -4.986496275e+02 -4.986496275e+02 -1.0269e+00 +1.1433e+00 -1.5217e+00 -8.0889e-01 -4.0189e+00 -3.3951e+00 +1.1281e+00 +1.1795e+00 +5.0386e-01 +8.3650e-01
3734 +1.579105382e-04 +1.579105382e-04 -4.986498421e+02 -4.986498421e+02 -1.0496e+00 +1.1614e+00 -1.5441e+00 -8.0579e-01 -3.9881e+00 -3.3931e+00 +1.1156e+00 +1.1798e+00 +5.3236e-01 +8.4841e-01
3801 +5.949272241e-05 +5.949272241e-05 -4.986499405e+02 -4.986499405e+02 -1.0905e+00 +1.1750e+00 -1.5021e+00 -7.7195e-01 -3.9728e+00 -3.3467e+00 +1.1110e+00 +1.1606e+00 +5.1022e-01 +8.3789e-01
3850 +2.961087841e-05 +2.961087841e-05 -4.986499704e+02 -4.986499704e+02 -1.1257e+00 +1.1868e+00 -1.4955e+00 -7.7853e-01 -3.9760e+00 -3.3657e+00 +1.0927e+00 +1.1421e+00 +5.0632e-01 +8.2367e-01
3934 +2.373195935e-05 +2.373195935e-05 -4.986499763e+02 -4.986499763e+02 -1.1422e+00 +1.1834e+00 -1.5072e+00 -7.7943e-01 -3.9385e+00 -3.3455e+00 +1.0845e+00 +1.1386e+00 +5.0319e-01 +7.9765e-01
4001 +9.973442218e-06 +9.973442218e-06 -4.986499900e+02 -4.986499900e+02 -1.1361e+00 +1.1845e+00 -1.5007e+00 -7.7178e-01 -3.9041e+00 -3.3578e+00 +1.0983e+00 +1.1240e+00 +5.0913e-01 +8.1980e-01
4173 +5.940848609e-06 +5.940848609e-06 -4.986499941e+02 -4.986499941e+02 -1.1275e+00 +1.1722e+00 -1.4835e+00 -7.5963e-01 -3.9269e+00 -3.3386e+00 +1.0890e+00 +1.1089e+00 +5.6610e-01 +8.1614e-01
4178 +1.735386661e-06 +1.735386661e-06 -4.986499983e+02 -4.986499983e+02 -1.1548e+00 +1.1720e+00 -1.4730e+00 -7.5280e-01 -3.8541e+00 -3.3191e+00 +1.0857e+00 +1.0734e+00 +6.2932e-01 +8.0161e-01
4219 +5.267139045e-07 +5.267139045e-07 -4.986499995e+02 -4.986499995e+02 -1.1601e+00 +1.1719e+00 -1.4696e+00 -7.4737e-01 -3.8766e+00 -3.3211e+00 +1.0811e+00 +1.0827e+00 +5.8584e-01 +8.0292e-01
4320 +2.239410719e-07 +2.239410719e-07 -4.986499998e+02 -4.986499998e+02 -1.1592e+00 +1.1731e+00 -1.4660e+00 -7.4606e-01 -3.8763e+00 -3.3178e+00 +1.0750e+00 +1.0718e+00 +5.9087e-01 +8.0730e-01
4360 +1.457475491e-07 +1.457475491e-07 -4.986499999e+02 -4.986499999e+02 -1.1649e+00 +1.1733e+00 -1.4646e+00 -7.4406e-01 -3.8712e+00 -3.3151e+00 +1.0723e+00 +1.0648e+00 +5.9976e-01 +8.0498e-01
4394 +9.516207911e-08 +9.516207911e-08 -4.986499999e+02 -4.986499999e+02 -1.1712e+00 +1.1729e+00 -1.4602e+00 -7.4448e-01 -3.8699e+00 -3.3143e+00 +1.0658e+00 +1.0552e+00 +6.1166e-01 +8.0051e-01
4407 +6.299819688e-08 +6.299819688e-08 -4.986499999e+02 -4.986499999e+02 -1.1774e+00 +1.1726e+00 -1.4654e+00 -7.4518e-01 -3.8735e+00 -3.3033e+00 +1.0606e+00 +1.0545e+00 +6.0327e-01 +8.0098e-01
4459 +3.198294962e-08 +3.198294962e-08 -4.986500000e+02 -4.986500000e+02 -1.1718e+00 +1.1737e+00 -1.4668e+00 -7.4535e-01 -3.8717e+00 -3.3163e+00 +1.0612e+00 +1.0590e+00 +6.1201e-01 +8.0287e-01
4501 +2.122732212e-08 +2.122732212e-08 -4.986500000e+02 -4.986500000e+02 -1.1717e+00 +1.1727e+00 -1.4585e+00 -7.3409e-01 -3.8716e+00 -3.3120e+00 +1.0647e+00 +1.0630e+00 +6.1544e-01 +8.0474e-01
4503 +1.187481757e-08 +1.187481757e-08 -4.986500000e+02 -4.986500000e+02 -1.1726e+00 +1.1736e+00 -1.4592e+00 -7.4526e-01 -3.8730e+00 -3.3146e+00 +1.0611e+00 +1.0595e+00 +6.1929e-01 +8.0629e-01
4640 +9.214033980e-09 +9.214033980e-09 -4.986500000e+02 -4.986500000e+02 -1.1736e+00 +1.1737e+00 -1.4637e+00 -7.4540e-01 -3.8749e+00 -3.3144e+00 +1.0612e+00 +1.0595e+00 +6.2082e-01 +8.0779e-01
4690 +5.795300240e-09 +5.795300240e-09 -4.986500000e+02 -4.986500000e+02 -1.1751e+00 +1.1737e+00 -1.4614e+00 -7.4548e-01 -3.8745e+00 -3.3151e+00 +1.0591e+00 +1.0585e+00 +6.1578e-01 +8.0749e-01
4790 +3.441130048e-09 +3.441130048e-09 -4.986500000e+02 -4.986500000e+02 -1.1740e+00 +1.1737e+00 -1.4642e+00 -7.4507e-01 -3.8797e+00 -3.3135e+00 +1.0586e+00 +1.0601e+00 +6.1852e-01 +8.0713e-01
% function evaluation | noise-free fitness - Fopt (-4.286000000000e+01) | best noise-free fitness - Fopt | measured fitness | best measured fitness | x1 | x2...
1 +8.118094814e+01 +8.118094814e+01 +3.832094814e+01 +3.832094814e+01 -2.5708e+00 +2.8095e+00 -4.9484e+00 +1.4870e+00 +9.4220e-02 +3.4877e+00 -2.5384e+00 +2.7425e-01 -2.1794e+00 +3.3668e+00
54 +5.873384240e+01 +5.873384240e+01 +1.587384240e+01 +1.587384240e+01 -4.9279e-01 +1.7450e+00 -3.5057e-01 +2.0211e-01 -2.6470e+00 -1.8832e+00 -5.0000e+00 -1.9598e+00 +1.9218e-01 -1.7838e+00
98 +3.701343630e+01 +3.701343630e+01 -5.846563697e+00 -5.846563697e+00 -1.0599e+00 +5.0251e-02 -2.6144e+00 -7.4728e-02 -5.0000e+00 -5.0000e+00 -5.0000e+00 -6.7934e-01 -1.1443e+00 -5.0000e+00
210 +2.231364738e+01 +2.231364738e+01 -2.054635262e+01 -2.054635262e+01 +0.0000e+00 +4.5914e+00 -2.1083e+00 -4.4073e-01 -4.8405e+00 -3.8439e+00 -4.9308e+00 -2.5536e-01 -1.9051e+00 -5.0000e+00
469 +1.403783086e+01 +1.403783086e+01 -2.882216914e+01 -2.882216914e+01 -1.1150e+00 +1.3138e+00 -1.7599e+00 +4.1427e-01 -4.8537e+00 -3.7252e+00 -4.9435e+00 -1.1930e+00 -1.8195e+00 -4.0359e+00
758 +7.785253685e+00 +7.785253685e+00 -3.507474632e+01 -3.507474632e+01 +6.5604e-02 +2.3483e+00 -1.8218e+00 +1.0039e+00 -4.5869e+00 -3.3872e+00 -4.9392e+00 -1.1078e+00 -2.0855e+00 -5.0000e+00
2145 +6.290446270e+00 +6.290446270e+00 -3.656955373e+01 -3.656955373e+01 -4.1369e-01 +2.5432e+00 -1.8648e+00 +5.9918e-01 -4.1031e+00 -3.0122e+00 -4.9059e+00 -1.1580e+00 -1.8663e+00 -5.0000e+00
