% function evaluation | noise-free fitness - Fopt (9.294000000000e+01) | best noise-free fitness - Fopt | measured fitness | best measured fitness | x1 | x2...
1 +2.254059448e+02 +2.254059448e+02 +3.183459448e+02 +3.183459448e+02 +4.5505e+00 -9.5533e-01 -9.4589e-01
6 +3.568313282e+01 +3.568313282e+01 +1.286231328e+02 +1.286231328e+02 -1.1429e+00 -2.5946e-03 -4.4521e+00
30 +2.641053488e+00 +2.641053488e+00 +9.558105349e+01 +9.558105349e+01 -3.5880e-01 +2.1432e+00 +4.4517e+00
344 +2.250059636e+00 +2.250059636e+00 +9.519005964e+01 +9.519005964e+01 +2.3730e-02 +2.1644e+00 +4.4527e+00
675 +1.328492692e+00 +1.328492692e+00 +9.426849269e+01 +9.426849269e+01 -1.5757e-01 +1.6167e+00 +2.7092e+00
680 +8.736342307e-01 +8.736342307e-01 +9.381363423e+01 +9.381363423e+01 -1.2997e-01 +9.2770e-01 +1.1393e+00
757 +5.180641918e-01 +5.180641918e-01 +9.345806419e+01 +9.345806419e+01 -5.4195e-02 +9.6678e-01 +1.1898e+00
1401 +3.142709778e-01 +3.142709778e-01 +9.325427098e+01 +9.325427098e+01 -2.2767e-01 +1.1566e+00 +1.2602e+00
1417 +1.340642702e-01 +1.340642702e-01 +9.307406427e+01 +9.307406427e+01 -2.7575e-01 +1.1958e+00 +1.6685e+00
1540 +7.479325939e-02 +7.479325939e-02 +9.301479326e+01 +9.301479326e+01 -3.3083e-01 +7.9683e-01 +4.9590e-01
1566 +5.159204028e-02 +5.159204028e-02 +9.299159204e+01 +9.299159204e+01 -1.6841e-01 +6.8410e-01 +1.8550e-01
1795 +2.334413837e-02 +2.334413837e-02 +9.296334414e+01 +9.296334414e+01 -2.4768e-01 +6.6364e-01 +0.0000e+00
1935 +8.105351632e-03 +8.105351632e-03 +9.294810535e+01 +9.294810535e+01 -2.1867e-01 +7.0598e-01 +9.4086e-02
2127 +3.227848726e-03 +3.227848726e-03 +9.294322785e+01 +9.294322785e+01 -2.4255e-01 +7.7373e-01 +3.1542e-01
2412 +4.518025776e-07 +4.518025776e-07 +9.294000045e+01 +9.294000045e+01 -2.3219e-01 +7.7393e-01 +3.1078e-01
2463 +2.640677934e-07 +2.640677934e-07 +9.294000026e+01 +9.294000026e+01 -2.2357e-01 +7.2730e-01 +3.0703e-01
2700 +2.472658878e-07 +2.472658878e-07 +9.294000025e+01 +9.294000025e+01 -2.2151e-01 +7.1003e-01 +2.5871e-01
2763 +5.930903058e-08 +5.930903058e-08 +9.294000006e+01 +9.294000006e+01 -2.2957e-01 +7.2323e-01 +2.7329e-01
2831 +3.799868864e-09 +3.799868864e-09 +9.294000000e+01 +9.294000000e+01 -2.2872e-01 +7.4560e-01 +2.7210e-01
3231 +1.512361791e-09 +1.512361791e-09 +9.294000000e+01 +9.294000000e+01 -2.3038e-01 +7.4593e-01 +2.7233e-01
3323 +5.233289357e-10 +5.233289357e-10 +9.294000000e+01 +9.294000000e+01 -2.2872e-01 +7.4466e-01 +2.7275e-01
3366 +2.014814982e-10 +2.014814982e-10 +9.294000000e+01 +9.294000000e+01 -2.2238e-01 +7.4490e-01 +2.7355e-01
3660 +1.297451035e-11 +1.297451035e-11 +9.294000000e+01 +9.294000000e+01 -2.3154e-01 +7.4491e-01 +2.7234e-01
4503 +5.812239579e-12 +5.812239579e-12 +9.294000000e+01 +9.294000000e+01 -2.3134e-01 +7.4491e-01 +2.7237e-01
4540 +3.041122909e-12 +3.041122909e-12 +9.294000000e+01 +9.294000000e+01 -2.3154e-01 +7.4491e-01 +2.7234e-01
4801 +2.287947609e-12 +2.287947609e-12 +9.294000000e+01 +9.294000000e+01 -2.3155e-01 +7.4493e-01 +2.7234e-01
4950 +1.008970685e-12 +1.008970685e-12 +9.294000000e+01 +9.294000000e+01 -2.3156e-01 +7.4492e-01 +2.7234e-01
% function evaluation | noise-free fitness - Fopt (3.535000000000e+01) | best noise-free fitness - Fopt | measured fitness | best measured fitness | x1 | x2...
1 +4.581593173e+02 +4.581593173e+02 +4.935093173e+02 +4.935093173e+02 -1.5003e+00 +6.6341e-01 +1.0123e+00
2 +3.439135305e+02 +3.439135305e+02 +3.792635305e+02 +3.792635305e+02 +2.1995e+00 -1.8203e+00 +4.5903e+00
7 +1.961238080e+02 +1.961238080e+02 +2.314738080e+02 +2.314738080e+02 -1.3343e+00 +4.9707e+00 +4.5628e-03
16 +1.081211170e+02 +1.081211170e+02 +1.434711170e+02 +1.434711170e+02 +2.9453e+00 +2.6200e+00 -4.3652e+00
17 +4.174130270e+01 +4.174130270e+01 +7.709130270e+01 +7.709130270e+01 +4.0940e+00 +1.5333e-01 +3.7012e+00
35 +2.197668680e+01 +2.197668680e+01 +5.732668680e+01 +5.732668680e+01 +6.4445e-02 +2.6425e+00 +4.0034e+00
118 +1.053728676e+01 +1.053728676e+01 +4.588728676e+01 +4.588728676e+01 +7.1064e-01 +2.1451e+00 +4.0942e+00
141 +3.539213855e+00 +3.539213855e+00 +3.888921385e+01 +3.888921385e+01 +5.6296e-01 +2.1370e+00 +5.0000e+00
170 +1.082079396e+00 +1.082079396e+00 +3.643207940e+01 +3.643207940e+01 +1.7097e+00 +1.6363e+00 +4.5895e+00
470 +1.511274161e-02 +1.511274161e-02 +3.536511274e+01 +3.536511274e+01 +1.8616e+00 +1.4420e+00 +3.7649e+00
1768 +2.359095390e-07 +2.359095390e-07 +3.535000024e+01 +3.535000024e+01 +1.7778e+00 +1.4939e+00 +3.9551e+00
2241 +1.363356787e-07 +1.363356787e-07 +3.535000014e+01 +3.535000014e+01 +1.7489e+00 +1.4878e+00 +3.9559e+00
2332 +1.121699000e-08 +1.121699000e-08 +3.535000001e+01 +3.535000001e+01 +1.7392e+00 +1.4942e+00 +3.9651e+00
2641 +3.468997534e-09 +3.468997534e-09 +3.535000000e+01 +3.535000000e+01 +1.7394e+00 +1.4966e+00 +3.9658e+00
2838 +3.343245680e-10 +3.343245680e-10 +3.535000000e+01 +3.535000000e+01 +1.7379e+00 +1.4985e+00 +3.9654e+00
3081 +9.712408655e-11 +9.712408655e-11 +3.535000000e+01 +3.535000000e+01 +1.7379e+00 +1.4988e+00 +3.9654e+00
3887 +6.806999409e-12 +6.806999409e-12 +3.535000000e+01 +3.535000000e+01 +1.7476e+00 +1.4969e+00 +3.9691e+00
3912 +3.893774192e-12 +3.893774192e-12 +3.535000000e+01 +3.535000000e+01 +1.7476e+00 +1.4969e+00 +3.9691e+00
4475 +1.335820343e-12 +1.335820343e-12 +3.535000000e+01 +3.535000000e+01 +1.7476e+00 +1.4970e+00 +3.9691e+00
4515 +5.684341886e-14 +5.684341886e-14 +3.535000000e+01 +3.535000000e+01 +1.7476e+00 +1.4970e+00 +3.9691e+00
4837 +3.552713679e-14 +3.552713679e-14 +3.535000000e+01 +3.535000000e+01 +1.7476e+00 +1.4970e+00 +3.9691e+00
% function evaluation | noise-free fitness - Fopt (3.820000000000e+00) | best noise-free fitness - Fopt | measured fitness | best measured fitness | x1 | x2...
1 +2.300932080e+03 +2.300932080e+03 +2.304752080e+03 +2.304752080e+03 -1.7616e+00 +4.7582e+00 -2.9817e+00
2 +7.106229633e+02 +7.106229633e+02 +7.144429633e+02 +7.144429633e+02 +4.0003e+00 +5.8131e-01 -2.0927e+00
3 +4.334613322e+02 +4.334613322e+02 +4.372813322e+02 +4.372813322e+02 +3.6962e+00 -2.7010e+00 +4.3823e+00
10 +1.274282401e+02 +1.274282401e+02 +1.312482401e+02 +1.312482401e+02 -4.5916e-01 +5.2838e-01 +3.0026e+00
16 +7.621201987e+01 +7.621201987e+01 +8.003201987e+01 +8.003201987e+01 +7.4464e-01 +1.9517e+00 +3.1755e+00
18 +1.256628208e+01 +1.256628208e+01 +1.638628208e+01 +1.638628208e+01 +3.4360e+00 -2.8562e+00 +1.0652e+00
64 +6.305009606e+00 +6.305009606e+00 +1.012500961e+01 +1.012500961e+01 +3.6800e+00 +5.0000e+00 +2.3514e+00
305 +3.261712556e+00 +3.261712556e+00 +7.081712556e+00 +7.081712556e+00 +4.4888e+00 -2.6013e+00 +1.0224e+00
328 +2.126534186e+00 +2.126534186e+00 +5.946534186e+00 +5.946534186e+00 +5.0000e+00 -1.4504e+00 +1.0604e+00
476 +1.101603944e+00 +1.101603944e+00 +4.921603944e+00 +4.921603944e+00 +4.4333e+00 +0.0000e+00 +1.5208e+00
639 +8.601846742e-01 +8.601846742e-01 +4.680184674e+00 +4.680184674e+00 +4.4767e+00 +3.0398e-01 +1.6224e+00
849 +4.820162914e-01 +4.820162914e-01 +4.302016291e+00 +4.302016291e+00 +3.7850e+00 +1.3479e+00 +1.8659e+00
902 +7.400430077e-02 +7.400430077e-02 +3.894004301e+00 +3.894004301e+00 +3.8670e+00 +1.5201e+00 +1.9393e+00
1448 +2.161123199e-02 +2.161123199e-02 +3.841611232e+00 +3.841611232e+00 +3.9407e+00 +1.3089e+00 +1.8735e+00
1853 +1.340037941e-02 +1.340037941e-02 +3.833400379e+00 +3.833400379e+00 +3.9529e+00 +1.3241e+00 +1.9390e+00
2111 +6.717050601e-03 +6.717050601e-03 +3.826717051e+00 +3.826717051e+00 +4.0207e+00 +9.3139e-01 +1.8776e+00
2205 +1.953901325e-07 +1.953901325e-07 +3.820000195e+00 +3.820000195e+00 +4.0087e+00 +1.1573e+00 +1.8671e+00
2498 +5.495940414e-08 +5.495940414e-08 +3.820000055e+00 +3.820000055e+00 +3.9920e+00 +1.1826e+00 +1.8627e+00
2742 +9.758262642e-09 +9.758262642e-09 +3.820000010e+00 +3.820000010e+00 +3.9811e+00 +1.1775e+00 +1.8936e+00
2854 +3.409619254e-10 +3.409619254e-10 +3.820000000e+00 +3.820000000e+00 +3.9754e+00 +1.1784e+00 +1.8893e+00
3155 +2.265663213e-10 +2.265663213e-10 +3.820000000e+00 +3.820000000e+00 +4.0110e+00 +1.1773e+00 +1.8822e+00
3275 +9.090772579e-11 +9.090772579e-11 +3.820000000e+00 +3.820000000e+00 +4.0105e+00 +1.1774e+00 +1.8837e+00
3715 +4.817390931e-11 +4.817390931e-11 +3.820000000e+00 +3.820000000e+00 +4.0109e+00 +1.1774e+00 +1.8837e+00
3809 +1.231637015e-11 +1.231637015e-11 +3.820000000e+00 +3.820000000e+00 +4.0106e+00 +1.1774e+00 +1.8836e+00
4035 +9.379164112e-13 +9.379164112e-13 +3.820000000e+00 +3.820000000e+00 +4.0105e+00 +1.1774e+00 +1.8836e+00
4257 +1.922906279e-13 +1.922906279e-13 +3.820000000e+00 +3.820000000e+00 +4.0105e+00 +1.1774e+00 +1.8836e+00
4577 +7.860379014e-14 +7.860379014e-14 +3.820000000e+00 +3.820000000e+00 +4.0105e+00 +1.1774e+00 +1.8836e+00
4609 +3.241851232e-14 +3.241851232e-14 +3.820000000e+00 +3.820000000e+00 +4.0105e+00 +1.1774e+00 +1.8836e+00
4649 +8.437694987e-15 +8.437694987e-15 +3.820000000e+00 +3.820000000e+00 +4.0105e+00 +1.1774e+00 +1.8836e+00
4769 +3.996802889e-15 +3.996802889e-15 +3.820000000e+00 +3.820000000e+00 +4.0105e+00 +1.1774e+00 +1.8836e+00
4809 +3.108624469e-15 +3.108624469e-15 +3.820000000e+00 +3.820000000e+00 +4.0105e+00 +1.1774e+00 +1.8836e+00
4988 +1.332267630e-15 +1.332267630e-15 +3.820000000e+00 +3.820000000e+00 +4.0105e+00 +1.1774e+00 +1.8836e+00
% function evaluation | noise-free fitness - Fopt (2.175000000000e+01) | best noise-free fitness - Fopt | measured fitness | best measured fitness | x1 | x2...
1 +1.125717585e+02 +1.125717585e+02 +1.343217585e+02 +1.343217585e+02 -1.6477e+00 -3.1603e+00 +5.9917e-01
6 +3.951693381e+00 +3.951693381e+00 +2.570169338e+01 +2.570169338e+01 +3.6212e+00 +3.5402e+00 +4.1746e-01
118 +2.118233856e+00 +2.118233856e+00 +2.386823386e+01 +2.386823386e+01 +2.6842e+00 +1.0526e+00 -2.6743e-01
144 +2.207205868e-01 +2.207205868e-01 +2.197072059e+01 +2.197072059e+01 +3.6151e+00 +1.4705e+00 -5.1373e-01
1212 +1.226530536e-02 +1.226530536e-02 +2.176226531e+01 +2.176226531e+01 +3.7433e+00 +9.1680e-01 -1.0754e+00
1796 +6.056164281e-08 +6.056164281e-08 +2.175000006e+01 +2.175000006e+01 +3.7621e+00 +9.0222e-01 -1.0952e+00
2110 +9.751378371e-09 +9.751378371e-09 +2.175000001e+01 +2.175000001e+01 +3.7484e+00 +8.9832e-01 -1.1045e+00
2190 +4.002131959e-11 +4.002131959e-11 +2.175000000e+01 +2.175000000e+01 +3.7522e+00 +8.9736e-01 -1.0998e+00
3376 +1.825739560e-11 +1.825739560e-11 +2.175000000e+01 +2.175000000e+01 +3.7521e+00 +8.9740e-01 -1.0998e+00
3390 +1.407585160e-11 +1.407585160e-11 +2.175000000e+01 +2.175000000e+01 +3.7522e+00 +8.9737e-01 -1.0999e+00
3416 +5.506706202e-12 +5.506706202e-12 +2.175000000e+01 +2.175000000e+01 +3.7522e+00 +8.9737e-01 -1.0998e+00
3617 +2.696509682e-12 +2.696509682e-12 +2.175000000e+01 +2.175000000e+01 +3.7522e+00 +8.9738e-01 -1.0999e+00
3977 +1.094235813e-12 +1.094235813e-12 +2.175000000e+01 +2.175000000e+01 +3.7522e+00 +8.9738e-01 -1.0999e+00
4057 +7.887024367e-13 +7.887024367e-13 +2.175000000e+01 +2.175000000e+01 +3.7522e+00 +8.9738e-01 -1.0999e+00
4097 +3.481659405e-13 +3.481659405e-13 +2.175000000e+01 +2.175000000e+01 +3.7522e+00 +8.9738e-01 -1.0999e+00
4137 +2.451372438e-13 +2.451372438e-13 +2.175000000e+01 +2.175000000e+01 +3.7522e+00 +8.9738e-01 -1.0999e+00
4417 +5.329070518e-14 +5.329070518e-14 +2.175000000e+01 +2.175000000e+01 +3.7522e+00 +8.9738e-01 -1.0999e+00
4577 +1.065814104e-14 +1.065814104e-14 +2.175000000e+01 +2.175000000e+01 +3.7522e+00 +8.9738e-01 -1.0999e+00
4817 +0.000000000e+00 +0.000000000e+00 +2.175000000e+01 +2.175000000e+01 +3.7522e+00 +8.9738e-01 -1.0999e+00
% function evaluation | noise-free fitness - Fopt (6.479000000000e+01) | best noise-free fitness - Fopt | measured fitness | best measured fitness | x1 | x2...
1 +1.571554180e+03 +1.571554180e+03 +1.636344180e+03 +1.636344180e+03 +4.2474e+00 +4.8709e-02 -3.0511e+00
2 +7.036597224e+02 +7.036597224e+02 +7.684497224e+02 +7.684497224e+02 +2.7202e+00 -1.6431e+00 +3.3697e+00
4 +4.240609835e+02 +4.240609835e+02 +4.888509835e+02 +4.888509835e+02 +2.7453e-01 -2.5867e+00 -4.9418e+00
8 +1.432510606e+02 +1.432510606e+02 +2.080410606e+02 +2.080410606e+02 -2.6845e+00 +2.5809e+00 +6.1199e-01
12 +7.426597781e+01 +7.426597781e+01 +1.390559778e+02 +1.390559778e+02 -1.4500e+00 +2.4756e+00 +3.3854e+00
17 +2.805250211e+01 +2.805250211e+01 +9.284250211e+01 +9.284250211e+01 -1.4181e+00 +2.9685e+00 -4.1376e+00
20 +2.138906272e+01 +2.138906272e+01 +8.617906272e+01 +8.617906272e+01 -1.2300e+00 -3.0757e+00 +4.6248e+00
42 +4.224234931e+00 +4.224234931e+00 +6.901423493e+01 +6.901423493e+01 -2.2798e+00 -4.3755e+00 +3.6162e-01
159 +2.376562524e+00 +2.376562524e+00 +6.716656252e+01 +6.716656252e+01 -1.6791e+00 -1.4984e+00 -1.6679e+00
207 +9.519999925e-01 +9.519999925e-01 +6.574199999e+01 +6.574199999e+01 -1.8117e+00 -2.8102e+00 +0.0000e+00
291 +3.719064659e-01 +3.719064659e-01 +6.516190647e+01 +6.516190647e+01 -1.8160e+00 -1.8902e+00 -5.5385e-01
696 +1.511536645e-01 +1.511536645e-01 +6.494115366e+01 +6.494115366e+01 -1.8264e+00 -2.1094e+00 -1.7001e-01
1213 +7.436186768e-02 +7.436186768e-02 +6.486436187e+01 +6.486436187e+01 -1.8522e+00 -2.1619e+00 -2.1990e-01
1453 +4.954131714e-02 +4.954131714e-02 +6.483954132e+01 +6.483954132e+01 -1.8988e+00 -2.2479e+00 -1.5067e-02
1484 +2.778705184e-02 +2.778705184e-02 +6.481778705e+01 +6.481778705e+01 -1.8779e+00 -2.0543e+00 -1.0452e-01
1583 +2.376562524e-02 +2.376562524e-02 +6.481376563e+01 +6.481376563e+01 -1.8856e+00 -2.0809e+00 -2.5959e-01
1642 +1.530454869e-02 +1.530454869e-02 +6.480530455e+01 +6.480530455e+01 -1.8430e+00 -1.9700e+00 -1.5773e-01
1653 +5.504590793e-03 +5.504590793e-03 +6.479550459e+01 +6.479550459e+01 -1.8577e+00 -2.1243e+00 -5.0103e-02
2189 +4.815652375e-07 +4.815652375e-07 +6.479000048e+01 +6.479000048e+01 -1.8682e+00 -2.1200e+00 -1.5255e-01
2336 +5.340274356e-08 +5.340274356e-08 +6.479000005e+01 +6.479000005e+01 -1.8379e+00 -2.1011e+00 -1.2558e-01
2399 +1.737956268e-08 +1.737956268e-08 +6.479000002e+01 +6.479000002e+01 -1.8661e+00 -2.1052e+00 -1.0146e-01
2486 +5.578812079e-09 +5.578812079e-09 +6.479000001e+01 +6.479000001e+01 -1.8505e+00 -2.0977e+00 -1.1417e-01
2800 +2.135706723e-09 +2.135706723e-09 +6.479000000e+01 +6.479000000e+01 -1.8524e+00 -2.0956e+00 -1.1343e-01
2850 +1.396159632e-09 +1.396159632e-09 +6.479000000e+01 +6.479000000e+01 -1.8548e+00 -2.0915e+00 -1.1531e-01
2913 +6.565841204e-10 +6.565841204e-10 +6.479000000e+01 +6.479000000e+01 -1.8556e+00 -2.0915e+00 -1.1476e-01
3251 +4.570637202e-10 +4.570637202e-10 +6.479000000e+01 +6.479000000e+01 -1.8557e+00 -2.0914e+00 -1.1476e-01
3294 +3.751097211e-10 +3.751097211e-10 +6.479000000e+01 +6.479000000e+01 -1.8552e+00 -2.0918e+00 -1.1474e-01
3334 +1.361257773e-10 +1.361257773e-10 +6.479000000e+01 +6.479000000e+01 -1.8552e+00 -2.0917e+00 -1.1471e-01
3376 +1.267608241e-11 +1.267608241e-11 +6.479000000e+01 +6.479000000e+01 -1.8582e+00 -2.0896e+00 -1.1446e-01
4057 +5.584865903e-12 +5.584865903e-12 +6.479000000e+01 +6.479000000e+01 -1.8583e+00 -2.0895e+00 -1.1449e-01
4257 +1.136868377e-13 +1.136868377e-13 +6.479000000e+01 +6.479000000e+01 -1.8583e+00 -2.0895e+00 -1.1449e-01
4977 +8.526512829e-14 +8.526512829e-14 +6.479000000e+01 +6.479000000e+01 -1.8583e+00 -2.0895e+00 -1.1449e-01
% function evaluation | noise-free fitness - Fopt (5.407000000000e+01) | best noise-free fitness - Fopt | measured fitness | best measured fitness | x1 | x2...
1 +1.479605781e+03 +1.479605781e+03 +1.533675781e+03 +1.533675781e+03 +2.2210e+00 +3.5095e+00 -4.5017e+00
2 +7.095149971e+01 +7.095149971e+01 +1.250214997e+02 +1.250214997e+02 +4.0614e+00 -1.8337e+00 +3.4225e+00
4 +2.773947749e+00 +2.773947749e+00 +5.684394775e+01 +5.684394775e+01 +5.1586e-01 -2.6613e+00 +3.8763e+00
97 +2.032983054e+00 +2.032983054e+00 +5.610298305e+01 +5.610298305e+01 +2.7235e-01 -3.9279e+00 +3.8108e+00
166 +8.545050928e-01 +8.545050928e-01 +5.492450509e+01 +5.492450509e+01 +9.0462e-01 -2.9120e+00 +3.4363e+00
340 +3.143418123e-01 +3.143418123e-01 +5.438434181e+01 +5.438434181e+01 +9.3987e-01 -3.3495e+00 +3.2259e+00
540 +7.665085020e-02 +7.665085020e-02 +5.414665085e+01 +5.414665085e+01 +9.9302e-01 -3.3641e+00 +3.2770e+00
980 +3.010937859e-02 +3.010937859e-02 +5.410010938e+01 +5.410010938e+01 +1.1748e+00 -3.3584e+00 +3.2439e+00
1947 +1.724922650e-02 +1.724922650e-02 +5.408724923e+01 +5.408724923e+01 +8.3528e-01 -3.3591e+00 +3.5067e+00
2047 +1.515406552e-02 +1.515406552e-02 +5.408515407e+01 +5.408515407e+01 +9.4862e-01 -3.3704e+00 +3.4117e+00
2107 +7.527344648e-03 +7.527344648e-03 +5.407752734e+01 +5.407752734e+01 +8.4753e-01 -3.3581e+00 +3.4488e+00
3133 +3.501172330e-08 +3.501172330e-08 +5.407000004e+01 +5.407000004e+01 +9.2604e-01 -3.3491e+00 +3.3801e+00
3213 +8.644512661e-09 +8.644512661e-09 +5.407000001e+01 +5.407000001e+01 +9.3288e-01 -3.3506e+00 +3.3859e+00
3417 +5.183942164e-09 +5.183942164e-09 +5.407000001e+01 +5.407000001e+01 +9.6142e-01 -3.3483e+00 +3.3917e+00
3453 +2.403552912e-09 +2.403552912e-09 +5.407000000e+01 +5.407000000e+01 +9.3881e-01 -3.3487e+00 +3.3874e+00
3542 +1.467974187e-09 +1.467974187e-09 +5.407000000e+01 +5.407000000e+01 +9.4917e-01 -3.3490e+00 +3.3896e+00
3714 +6.181721801e-12 +6.181721801e-12 +5.407000000e+01 +5.407000000e+01 +9.5976e-01 -3.3501e+00 +3.3931e+00
4444 +7.318590178e-13 +7.318590178e-13 +5.407000000e+01 +5.407000000e+01 +9.5983e-01 -3.3501e+00 +3.3931e+00
4764 +2.700062396e-13 +2.700062396e-13 +5.407000000e+01 +5.407000000e+01 +9.5983e-01 -3.3501e+00 +3.3931e+00
4964 +2.060573934e-13 +2.060573934e-13 +5.407000000e+01 +5.407000000e+01 +9.5983e-01 -3.3501e+00 +3.3931e+00
% function evaluation | noise-free fitness - Fopt (-9.152000000000e+01) | best noise-free fitness - Fopt | measured fitness | best measured fitness | x1 | x2...
1 +7.850568562e+02 +7.850568562e+02 +6.935368562e+02 +6.935368562e+02 +3.8090e+00 -2.6037e+00 -8.6136e-01
2 +1.351743985e+02 +1.351743985e+02 +4.365439851e+01 +4.365439851e+01 -1.8799e+00 +5.9561e-01 -3.9537e-01
4 +7.587126587e+01 +7.587126587e+01 -1.564873413e+01 -1.564873413e+01 -1.6441e+00 +3.2619e+00 +1.5571e+00
13 +5.201784805e+01 +5.201784805e+01 -3.950215195e+01 -3.950215195e+01 -4.3187e+00 +4.9543e+00 -4.5267e+00
19 +3.452298265e+01 +3.452298265e+01 -5.699701735e+01 -5.699701735e+01 +9.9336e-01 +3.5644e+00 -8.6579e-01
33 +1.631797478e+01 +1.631797478e+01 -7.520202522e+01 -7.520202522e+01 -1.3763e+00 +1.6130e+00 +7.4574e-01
48 +1.212789490e+01 +1.212789490e+01 -7.939210510e+01 -7.939210510e+01 -2.4378e+00 +1.4643e+00 +1.6790e+00
68 +3.675651644e+00 +3.675651644e+00 -8.784434836e+01 -8.784434836e+01 -6.6317e-01 +3.3671e+00 -1.1678e+00
87 +1.813458409e+00 +1.813458409e+00 -8.970654159e+01 -8.970654159e+01 -2.1359e+00 +3.3929e+00 -1.9239e+00
263 +1.045758317e+00 +1.045758317e+00 -9.047424168e+01 -9.047424168e+01 -3.4985e+00 +2.7872e+00 -4.7825e-01
566 +7.008175776e-01 +7.008175776e-01 -9.081918242e+01 -9.081918242e+01 -2.6499e+00 +2.5644e+00 -7.2196e-01
586 +5.772216307e-01 +5.772216307e-01 -9.094277837e+01 -9.094277837e+01 -3.2005e+00 +2.9332e+00 -9.5240e-01
798 +1.891142130e-01 +1.891142130e-01 -9.133088579e+01 -9.133088579e+01 -2.4098e+00 +2.7958e+00 -1.0086e+00
1140 +3.295104812e-02 +3.295104812e-02 -9.148704895e+01 -9.148704895e+01 -2.4212e+00 +2.7487e+00 -7.6145e-01
1709 +7.169262701e-03 +7.169262701e-03 -9.151283074e+01 -9.151283074e+01 -2.4422e+00 +2.7997e+00 -8.6059e-01
1860 +1.729472672e-07 +1.729472672e-07 -9.151999983e+01 -9.151999983e+01 -2.4153e+00 +2.7659e+00 -8.6190e-01
2100 +1.341626472e-07 +1.341626472e-07 -9.151999987e+01 -9.151999987e+01 -2.4114e+00 +2.7707e+00 -8.6094e-01
2111 +9.286809188e-08 +9.286809188e-08 -9.151999991e+01 -9.151999991e+01 -2.4141e+00 +2.7823e+00 -8.6057e-01
2180 +3.275032157e-08 +3.275032157e-08 -9.151999997e+01 -9.151999997e+01 -2.4212e+00 +2.7785e+00 -8.7811e-01
2183 +1.403290639e-08 +1.403290639e-08 -9.151999999e+01 -9.151999999e+01 -2.4050e+00 +2.7739e+00 -8.7545e-01
2463 +3.509498470e-09 +3.509498470e-09 -9.152000000e+01 -9.152000000e+01 -2.4042e+00 +2.7840e+00 -8.6564e-01
2749 +8.375593552e-10 +8.375593552e-10 -9.152000000e+01 -9.152000000e+01 -2.4050e+00 +2.7857e+00 -8.6444e-01
2805 +3.147704319e-11 +3.147704319e-11 -9.152000000e+01 -9.152000000e+01 -2.4118e+00 +2.7861e+00 -8.6967e-01
3768 +1.179500941e-11 +1.179500941e-11 -9.152000000e+01 -9.152000000e+01 -2.4118e+00 +2.7861e+00 -8.6966e-01
3888 +2.046363079e-12 +2.046363079e-12 -9.152000000e+01 -9.152000000e+01 -2.4118e+00 +2.7861e+00 -8.6966e-01
4208 +4.547473509e-13 +4.547473509e-13 -9.152000000e+01 -9.152000000e+01 -2.4118e+00 +2.7861e+00 -8.6966e-01
4248 +2.700062396e-13 +2.700062396e-13 -9.152000000e+01 -9.152000000e+01 -2.4118e+00 +2.7861e+00 -8.6966e-01
4368 +9.947598301e-14 +9.947598301e-14 -9.152000000e+01 -9.152000000e+01 -2.4118e+00 +2.7861e+00 -8.6966e-01
4408 +5.684341886e-14 +5.684341886e-14 -9.152000000e+01 -9.152000000e+01 -2.4118e+00 +2.7861e+00 -8.6966e-01
% function evaluation | noise-free fitness - Fopt (2.263000000000e+01) | best noise-free fitness - Fopt | measured fitness | best measured fitness | x1 | x2...
1 +1.289740752e+02 +1.289740752e+02 +1.516040752e+02 +1.516040752e+02 +2.7161e+00 -4.3127e+00 -4.0152e-01
3 +8.274157716e+01 +8.274157716e+01 +1.053715772e+02 +1.053715772e+02 +2.0575e+00 +7.6471e-01 -2.4493e+00
6 +5.008283598e+01 +5.008283598e+01 +7.271283598e+01 +7.271283598e+01 +2.6757e+00 -1.7888e+00 -3.2075e+00
12 +3.457492161e+01 +3.457492161e+01 +5.720492161e+01 +5.720492161e+01 +3.4495e+00 -2.7714e+00 +2.7462e-01
32 +1.230002468e+01 +1.230002468e+01 +3.493002468e+01 +3.493002468e+01 +3.6791e+00 -3.9743e+00 +4.4546e+00
68 +7.385233543e-01 +7.385233543e-01 +2.336852335e+01 +2.336852335e+01 +3.0818e+00 -3.0050e+00 +2.7239e+00
776 +5.296346902e-01 +5.296346902e-01 +2.315963469e+01 +2.315963469e+01 +2.8853e+00 -2.7381e+00 +1.6228e+00
911 +6.096767503e-02 +6.096767503e-02 +2.269096768e+01 +2.269096768e+01 +2.7556e+00 -3.8786e+00 +3.7389e+00
1060 +1.120573372e-02 +1.120573372e-02 +2.264120573e+01 +2.264120573e+01 +2.7646e+00 -3.5443e+00 +3.2748e+00
1673 +4.577922335e-03 +4.577922335e-03 +2.263457792e+01 +2.263457792e+01 +2.7922e+00 -3.5847e+00 +3.3165e+00
2020 +4.408695169e-07 +4.408695169e-07 +2.263000044e+01 +2.263000044e+01 +2.7629e+00 -3.6173e+00 +3.3885e+00
2060 +1.525869990e-07 +1.525869990e-07 +2.263000015e+01 +2.263000015e+01 +2.7561e+00 -3.6293e+00 +3.4154e+00
2100 +1.124184479e-08 +1.124184479e-08 +2.263000001e+01 +2.263000001e+01 +2.7522e+00 -3.6362e+00 +3.4307e+00
2220 +2.955193423e-09 +2.955193423e-09 +2.263000000e+01 +2.263000000e+01 +2.7527e+00 -3.6344e+00 +3.4312e+00
2780 +8.631495518e-10 +8.631495518e-10 +2.263000000e+01 +2.263000000e+01 +2.7527e+00 -3.6344e+00 +3.4307e+00
3020 +5.570690575e-10 +5.570690575e-10 +2.263000000e+01 +2.263000000e+01 +2.7527e+00 -3.6344e+00 +3.4309e+00
3089 +2.319531234e-10 +2.319531234e-10 +2.263000000e+01 +2.263000000e+01 +2.7683e+00 -3.6348e+00 +3.4325e+00
3435 +1.292264074e-10 +1.292264074e-10 +2.263000000e+01 +2.263000000e+01 +2.7610e+00 -3.6376e+00 +3.4291e+00
3615 +6.351541515e-11 +6.351541515e-11 +2.263000000e+01 +2.263000000e+01 +2.7604e+00 -3.6380e+00 +3.4288e+00
3856 +3.103295398e-11 +3.103295398e-11 +2.263000000e+01 +2.263000000e+01 +2.7608e+00 -3.6380e+00 +3.4288e+00
4016 +9.972467296e-12 +9.972467296e-12 +2.263000000e+01 +2.263000000e+01 +2.7608e+00 -3.6380e+00 +3.4288e+00
4096 +2.984279490e-13 +2.984279490e-13 +2.263000000e+01 +2.263000000e+01 +2.7608e+00 -3.6380e+00 +3.4288e+00
4572 +2.309263891e-13 +2.309263891e-13 +2.263000000e+01 +2.263000000e+01 +2.7608e+00 -3.6380e+00 +3.4288e+00
4652 +6.750155990e-14 +6.750155990e-14 +2.263000000e+01 +2.263000000e+01 +2.7608e+00 -3.6380e+00 +3.4288e+00
4772 +5.329070518e-14 +5.329070518e-14 +2.263000000e+01 +2.263000000e+01 +2.7608e+00 -3.6380e+00 +3.4288e+00
% function evaluation | noise-free fitness - Fopt (1.554000000000e+01) | best noise-free fitness - Fopt | measured fitness | best measured fitness | x1 | x2...
1 +8.302027506e+02 +8.302027506e+02 +8.457427506e+02 +8.457427506e+02 -4.8542e+00 +4.3219e+00 -1.9476e+00
2 +5.722949856e+02 +5.722949856e+02 +5.878349856e+02 +5.878349856e+02 +2.0560e+00 +1.1296e+00 +1.4264e-01
3 +1.882871785e+02 +1.882871785e+02 +2.038271785e+02 +2.038271785e+02 -2.5689e+00 -4.4595e+00 -3.5212e+00
4 +9.754368370e+01 +9.754368370e+01 +1.130836837e+02 +1.130836837e+02 -4.6191e-01 +2.1711e+00 +4.5232e+00
6 +3.495303093e+01 +3.495303093e+01 +5.049303093e+01 +5.049303093e+01 -4.2498e-01 -4.5799e+00 +1.4975e-01
46 +2.136025436e+01 +2.136025436e+01 +3.690025436e+01 +3.690025436e+01 +3.9993e-02 -2.8104e+00 +1.7160e+00
53 +4.257909425e+00 +4.257909425e+00 +1.979790942e+01 +1.979790942e+01 +2.0777e+00 -1.3008e+00 +3.2701e+00
83 +8.836046515e-01 +8.836046515e-01 +1.642360465e+01 +1.642360465e+01 -2.3959e+00 -2.4750e+00 +0.0000e+00
989 +5.590894452e-02 +5.590894452e-02 +1.559590894e+01 +1.559590894e+01 -1.8902e+00 -2.1528e+00 +6.2390e-01
1370 +6.787946456e-03 +6.787946456e-03 +1.554678795e+01 +1.554678795e+01 -1.5215e+00 -1.9878e+00 +8.9663e-01
2304 +4.023049271e-07 +4.023049271e-07 +1.554000040e+01 +1.554000040e+01 -1.6099e+00 -2.0465e+00 +8.2532e-01
2475 +3.892316229e-07 +3.892316229e-07 +1.554000039e+01 +1.554000039e+01 -1.6190e+00 -2.0261e+00 +8.2943e-01
2544 +7.076875974e-08 +7.076875974e-08 +1.554000007e+01 +1.554000007e+01 -1.5799e+00 -2.0213e+00 +8.3926e-01
2813 +5.513399159e-08 +5.513399159e-08 +1.554000006e+01 +1.554000006e+01 -1.6075e+00 -2.0104e+00 +8.5991e-01
2893 +1.731948629e-08 +1.731948629e-08 +1.554000002e+01 +1.554000002e+01 -1.5905e+00 -2.0127e+00 +8.5668e-01
2973 +9.156678971e-09 +9.156678971e-09 +1.554000001e+01 +1.554000001e+01 -1.6001e+00 -2.0118e+00 +8.6041e-01
3133 +4.091450734e-09 +4.091450734e-09 +1.554000000e+01 +1.554000000e+01 -1.5964e+00 -2.0101e+00 +8.5890e-01
3173 +3.185956388e-09 +3.185956388e-09 +1.554000000e+01 +1.554000000e+01 -1.5963e+00 -2.0097e+00 +8.5865e-01
3203 +2.509356278e-09 +2.509356278e-09 +1.554000000e+01 +1.554000000e+01 -1.5962e+00 -2.0064e+00 +8.5715e-01
3344 +9.137650636e-10 +9.137650636e-10 +1.554000000e+01 +1.554000000e+01 -1.5916e+00 -2.0179e+00 +8.5662e-01
3403 +3.011422223e-10 +3.011422223e-10 +1.554000000e+01 +1.554000000e+01 -1.5924e+00 -2.0152e+00 +8.5642e-01
3763 +1.798170501e-10 +1.798170501e-10 +1.554000000e+01 +1.554000000e+01 -1.5924e+00 -2.0151e+00 +8.5642e-01
3803 +3.803712900e-11 +3.803712900e-11 +1.554000000e+01 +1.554000000e+01 -1.5923e+00 -2.0152e+00 +8.5642e-01
3843 +1.961097951e-12 +1.961097951e-12 +1.554000000e+01 +1.554000000e+01 -1.5923e+00 -2.0152e+00 +8.5642e-01
4163 +3.037570195e-13 +3.037570195e-13 +1.554000000e+01 +1.554000000e+01 -1.5923e+00 -2.0152e+00 +8.5642e-01
4243 +1.367794766e-13 +1.367794766e-13 +1.554000000e+01 +1.554000000e+01 -1.5923e+00 -2.0152e+00 +8.5642e-01
4283 +5.861977570e-14 +5.861977570e-14 +1.554000000e+01 +1.554000000e+01 -1.5923e+00 -2.0152e+00 +8.5642e-01
4403 +3.730349363e-14 +3.730349363e-14 +1.554000000e+01 +1.554000000e+01 -1.5923e+00 -2.0152e+00 +8.5642e-01
% function evaluation | noise-free fitness - Fopt (-3.765100000000e+02) | best noise-free fitness - Fopt | measured fitness | best measured fitness | x1 | x2...
1 +1.638553275e+01 +1.638553275e+01 -3.601244672e+02 -3.601244672e+02 -2.7238e+00 +4.4643e-01 +1.5607e+00
10 +6.158337834e+00 +6.158337834e+00 -3.703516622e+02 -3.703516622e+02 -1.9160e+00 +6.2704e-02 +3.5175e-01
143 +3.666842614e+00 +3.666842614e+00 -3.728431574e+02 -3.728431574e+02 -3.6255e+00 +1.3830e+00 -3.3519e-01
171 +5.667281763e-01 +5.667281763e-01 -3.759432718e+02 -3.759432718e+02 -3.1770e+00 +2.6553e+00 +2.0809e+00
726 +3.848961146e-01 +3.848961146e-01 -3.761251039e+02 -3.761251039e+02 -3.1578e+00 +2.1226e+00 +1.2576e+00
1274 +2.080168345e-01 +2.080168345e-01 -3.763019832e+02 -3.763019832e+02 -3.1010e+00 +2.2346e+00 +1.4632e+00
1577 +4.522840169e-02 +4.522840169e-02 -3.764647716e+02 -3.764647716e+02 -2.9532e+00 +1.8469e+00 +1.2935e+00
1618 +2.891614866e-02 +2.891614866e-02 -3.764810839e+02 -3.764810839e+02 -2.9331e+00 +1.8903e+00 +1.3189e+00
1777 +9.845747327e-03 +9.845747327e-03 -3.765001543e+02 -3.765001543e+02 -2.9460e+00 +1.8403e+00 +1.1645e+00
1913 +4.824755706e-08 +4.824755706e-08 -3.765100000e+02 -3.765100000e+02 -2.9307e+00 +1.7485e+00 +1.0899e+00
2211 +2.248123110e-08 +2.248123110e-08 -3.765100000e+02 -3.765100000e+02 -2.9355e+00 +1.7644e+00 +1.0829e+00
2247 +1.255500592e-09 +1.255500592e-09 -3.765100000e+02 -3.765100000e+02 -2.9468e+00 +1.7679e+00 +1.1064e+00
2753 +1.513171810e-10 +1.513171810e-10 -3.765100000e+02 -3.765100000e+02 -2.9394e+00 +1.7622e+00 +1.0943e+00
3010 +7.338485375e-11 +7.338485375e-11 -3.765100000e+02 -3.765100000e+02 -2.9410e+00 +1.7607e+00 +1.0972e+00
3758 +5.087485988e-11 +5.087485988e-11 -3.765100000e+02 -3.765100000e+02 -2.9408e+00 +1.7561e+00 +1.0971e+00
3915 +2.199840310e-11 +2.199840310e-11 -3.765100000e+02 -3.765100000e+02 -2.9408e+00 +1.7562e+00 +1.0971e+00
4080 +1.506350600e-11 +1.506350600e-11 -3.765100000e+02 -3.765100000e+02 -2.9408e+00 +1.7567e+00 +1.0971e+00
4172 +1.080024958e-12 +1.080024958e-12 -3.765100000e+02 -3.765100000e+02 -2.9408e+00 +1.7559e+00 +1.0971e+00
4794 +8.526512829e-13 +8.526512829e-13 -3.765100000e+02 -3.765100000e+02 -2.9408e+00 +1.7559e+00 +1.0971e+00
4874 +3.410605132e-13 +3.410605132e-13 -3.765100000e+02 -3.765100000e+02 -2.9408e+00 +1.7559e+00 +1.0971e+00
4914 +2.273736754e-13 +2.273736754e-13 -3.765100000e+02 -3.765100000e+02 -2.9408e+00 +1.7559e+00 +1.0971e+00
% function evaluation | noise-free fitness - Fopt (3.960400000000e+02) | best noise-free fitness - Fopt | measured fitness | best measured fitness | x1 | x2...
1 +2.836333791e+02 +2.836333791e+02 +6.796733791e+02 +6.796733791e+02 +4.0031e+00 +3.1650e-03 +3.5885e+00
2 +1.576881126e+02 +1.576881126e+02 +5.537281126e+02 +5.537281126e+02 -1.5959e+00 -1.5207e+00 +1.4698e+00
8 +8.761734157e+01 +8.761734157e+01 +4.836573416e+02 +4.836573416e+02 +2.6761e+00 -1.2659e+00 -9.5791e-01
13 +5.039072913e+01 +5.039072913e+01 +4.464307291e+02 +4.464307291e+02 -4.6644e+00 -4.0980e+00 -2.2979e+00
37 +3.245214439e+01 +3.245214439e+01 +4.284921444e+02 +4.284921444e+02 -3.7007e+00 +1.4244e+00 -3.7986e+00
40 +2.149851838e+01 +2.149851838e+01 +4.175385184e+02 +4.175385184e+02 +3.1517e-01 +3.1223e-01 -1.8701e+00
53 +3.979775141e+00 +3.979775141e+00 +4.000197751e+02 +4.000197751e+02 -2.3999e+00 -5.0000e+00 +9.1418e-01
141 +1.976587777e+00 +1.976587777e+00 +3.980165878e+02 +3.980165878e+02 -3.4749e+00 -5.0000e+00 +0.0000e+00
165 +1.233787595e+00 +1.233787595e+00 +3.972737876e+02 +3.972737876e+02 -1.7597e+00 -2.9331e+00 -4.3724e-01
718 +8.987608733e-01 +8.987608733e-01 +3.969387609e+02 +3.969387609e+02 -2.3864e+00 -2.0813e+00 -1.1210e+00
876 +3.952941200e-01 +3.952941200e-01 +3.964352941e+02 +3.964352941e+02 -3.0378e+00 -3.1866e+00 -6.9956e-01
959 +1.393203146e-01 +1.393203146e-01 +3.961793203e+02 +3.961793203e+02 -2.4958e+00 -3.3279e+00 -3.8329e-01
1144 +7.889253738e-03 +7.889253738e-03 +3.960478893e+02 +3.960478893e+02 -2.7663e+00 -3.4283e+00 -4.3588e-01
1904 +2.200391691e-07 +2.200391691e-07 +3.960400002e+02 +3.960400002e+02 -2.7572e+00 -3.5254e+00 -4.0914e-01
2181 +1.452092420e-07 +1.452092420e-07 +3.960400001e+02 +3.960400001e+02 -2.7725e+00 -3.5193e+00 -4.1094e-01
2502 +7.568075944e-08 +7.568075944e-08 +3.960400001e+02 +3.960400001e+02 -2.7722e+00 -3.4993e+00 -4.0157e-01
2541 +5.092567790e-08 +5.092567790e-08 +3.960400001e+02 +3.960400001e+02 -2.7718e+00 -3.4897e+00 -3.9598e-01
2621 +2.787601261e-09 +2.787601261e-09 +3.960400000e+02 +3.960400000e+02 -2.7716e+00 -3.4875e+00 -4.0062e-01
2901 +2.238721208e-09 +2.238721208e-09 +3.960400000e+02 +3.960400000e+02 -2.7716e+00 -3.4880e+00 -4.0180e-01
2981 +3.888089850e-11 +3.888089850e-11 +3.960400000e+02 +3.960400000e+02 -2.7717e+00 -3.4881e+00 -4.0159e-01
3301 +1.256239557e-11 +1.256239557e-11 +3.960400000e+02 +3.960400000e+02 -2.7717e+00 -3.4881e+00 -4.0157e-01
3741 +1.193711796e-12 +1.193711796e-12 +3.960400000e+02 +3.960400000e+02 -2.7717e+00 -3.4881e+00 -4.0157e-01
3901 +3.410605132e-13 +3.410605132e-13 +3.960400000e+02 +3.960400000e+02 -2.7717e+00 -3.4881e+00 -4.0157e-01
3941 +2.273736754e-13 +2.273736754e-13 +3.960400000e+02 +3.960400000e+02 -2.7717e+00 -3.4881e+00 -4.0157e-01
4061 +1.136868377e-13 +1.136868377e-13 +3.960400000e+02 +3.960400000e+02 -2.7717e+00 -3.4881e+00 -4.0157e-01
4101 +5.684341886e-14 +5.684341886e-14 +3.960400000e+02 +3.960400000e+02 -2.7717e+00 -3.4881e+00 -4.0157e-01
% function evaluation | noise-free fitness - Fopt (1.281100000000e+02) | best noise-free fitness - Fopt | measured fitness | best measured fitness | x1 | x2...
1 +2.819229874e+02 +2.819229874e+02 +4.100329874e+02 +4.100329874e+02 +1.7612e+00 -4.7618e+00 -3.1415e-01
3 +1.300126622e+02 +1.300126622e+02 +2.581226622e+02 +2.581226622e+02 +8.4420e-01 -3.0492e+00 -3.0947e+00
14 +7.354745518e+01 +7.354745518e+01 +2.016574552e+02 +2.016574552e+02 -2.3127e+00 +2.0147e-02 -3.2553e+00
20 +3.468213040e+01 +3.468213040e+01 +1.627921304e+02 +1.627921304e+02 +7.8758e-01 -2.0785e+00 -1.7342e-01
21 +1.645647917e+01 +1.645647917e+01 +1.445664792e+02 +1.445664792e+02 -2.4736e+00 -2.3507e-01 +3.4983e-01
28 +6.722947456e+00 +6.722947456e+00 +1.348329475e+02 +1.348329475e+02 -4.1649e+00 +3.2743e-01 -3.8391e+00
78 +3.160611189e+00 +3.160611189e+00 +1.312706112e+02 +1.312706112e+02 -4.0101e+00 +8.7009e-01 -1.8503e+00
126 +2.192673346e+00 +2.192673346e+00 +1.303026733e+02 +1.303026733e+02 -3.1545e+00 +4.8734e-01 -2.5674e-01
586 +7.863346046e-01 +7.863346046e-01 +1.288963346e+02 +1.288963346e+02 -5.0000e+00 +7.4778e-01 -3.3076e+00
661 +6.138625137e-01 +6.138625137e-01 +1.287238625e+02 +1.287238625e+02 -3.9297e+00 +6.8077e-01 -2.0836e+00
749 +2.662139145e-01 +2.662139145e-01 +1.283762139e+02 +1.283762139e+02 -3.7528e+00 +5.4333e-01 -1.9740e+00
909 +1.508167126e-01 +1.508167126e-01 +1.282608167e+02 +1.282608167e+02 -3.7577e+00 +5.4188e-01 -1.9117e+00
949 +4.946822105e-02 +4.946822105e-02 +1.281594682e+02 +1.281594682e+02 -3.7036e+00 +5.3958e-01 -1.7406e+00
1389 +2.515834041e-02 +2.515834041e-02 +1.281351583e+02 +1.281351583e+02 -3.7098e+00 +5.3680e-01 -1.7136e+00
1585 +2.192673346e-02 +2.192673346e-02 +1.281319267e+02 +1.281319267e+02 -3.4128e+00 +3.8735e-01 -1.5315e+00
2012 +5.129634406e-03 +5.129634406e-03 +1.281151296e+02 +1.281151296e+02 -3.4962e+00 +4.3209e-01 -1.5277e+00
2485 +3.569159617e-07 +3.569159617e-07 +1.281100004e+02 +1.281100004e+02 -3.4281e+00 +4.1032e-01 -1.4747e+00
2525 +9.843236626e-08 +9.843236626e-08 +1.281100001e+02 +1.281100001e+02 -3.3976e+00 +3.9815e-01 -1.4424e+00
2627 +1.014367967e-08 +1.014367967e-08 +1.281100000e+02 +1.281100000e+02 -3.4047e+00 +3.9903e-01 -1.4478e+00
3005 +3.422059081e-09 +3.422059081e-09 +1.281100000e+02 +1.281100000e+02 -3.4036e+00 +3.9893e-01 -1.4498e+00
3125 +1.362252533e-09 +1.362252533e-09 +1.281100000e+02 +1.281100000e+02 -3.4037e+00 +3.9877e-01 -1.4500e+00
3165 +8.827498732e-10 +8.827498732e-10 +1.281100000e+02 +1.281100000e+02 -3.4037e+00 +3.9874e-01 -1.4500e+00
3201 +5.571791917e-10 +5.571791917e-10 +1.281100000e+02 +1.281100000e+02 -3.3995e+00 +4.2651e-01 -1.4499e+00
3321 +2.807780675e-10 +2.807780675e-10 +1.281100000e+02 +1.281100000e+02 -3.3996e+00 +4.2534e-01 -1.4499e+00
3601 +6.957634469e-11 +6.957634469e-11 +1.281100000e+02 +1.281100000e+02 -3.3996e+00 +4.2532e-01 -1.4499e+00
3681 +4.786215868e-11 +4.786215868e-11 +1.281100000e+02 +1.281100000e+02 -3.3996e+00 +4.2532e-01 -1.4499e+00
3761 +2.791011866e-11 +2.791011866e-11 +1.281100000e+02 +1.281100000e+02 -3.3996e+00 +4.2531e-01 -1.4499e+00
3961 +2.012257028e-11 +2.012257028e-11 +1.281100000e+02 +1.281100000e+02 -3.3996e+00 +4.2530e-01 -1.4499e+00
4250 +1.520561455e-11 +1.520561455e-11 +1.281100000e+02 +1.281100000e+02 -3.3996e+00 +4.2529e-01 -1.4499e+00
4321 +1.591615728e-12 +1.591615728e-12 +1.281100000e+02 +1.281100000e+02 -3.3996e+00 +4.2529e-01 -1.4499e+00
4481 +7.958078641e-13 +7.958078641e-13 +1.281100000e+02 +1.281100000e+02 -3.3996e+00 +4.2529e-01 -1.4499e+00
4601 +4.547473509e-13 +4.547473509e-13 +1.281100000e+02 +1.281100000e+02 -3.3996e+00 +4.2529e-01 -1.4499e+00
4641 +3.979039320e-13 +3.979039320e-13 +1.281100000e+02 +1.281100000e+02 -3.3996e+00 +4.2529e-01 -1.4499e+00
% function evaluation | noise-free fitness - Fopt (-2.923500000000e+02) | best noise-free fitness - Fopt | measured fitness | best measured fitness | x1 | x2...
1 +1.548776055e+02 +1.548776055e+02 -1.374723945e+02 -1.374723945e+02 -8.1716e-01 -1.4684e+00 +8.3575e-01
21 +1.194368085e+01 +1.194368085e+01 -2.804063191e+02 -2.804063191e+02 +5.8554e-01 -3.7291e+00 -2.3714e+00
46 +8.298188093e+00 +8.298188093e+00 -2.840518119e+02 -2.840518119e+02 +2.0815e+00 -4.2050e+00 -3.5172e+00
137 +5.772806509e+00 +5.772806509e+00 -2.865771935e+02 -2.865771935e+02 +2.2185e+00 -4.0718e+00 -3.6767e+00
238 +3.101753812e+00 +3.101753812e+00 -2.892482462e+02 -2.892482462e+02 +9.9651e-01 -3.9214e+00 -2.0693e+00
245 +2.350735355e+00 +2.350735355e+00 -2.899992646e+02 -2.899992646e+02 -1.0069e+00 -3.5474e+00 -4.1709e-01
420 +1.015777138e+00 +1.015777138e+00 -2.913342229e+02 -2.913342229e+02 -2.7567e+00 -3.2711e+00 +2.4890e+00
496 +9.024477409e-01 +9.024477409e-01 -2.914475523e+02 -2.914475523e+02 -2.7525e+00 -3.4538e+00 +1.8710e+00
547 +1.074684073e-01 +1.074684073e-01 -2.922425316e+02 -2.922425316e+02 -2.2064e+00 -3.3840e+00 +1.4121e+00
1576 +3.101753812e-02 +3.101753812e-02 -2.923189825e+02 -2.923189825e+02 -2.2103e+00 -3.3399e+00 +1.5410e+00
1783 +3.719884489e-07 +3.719884489e-07 -2.923499996e+02 -2.923499996e+02 -1.9497e+00 -3.3569e+00 +1.2921e+00
1978 +3.777410029e-08 +3.777410029e-08 -2.923500000e+02 -2.923500000e+02 -1.9316e+00 -3.3752e+00 +1.2595e+00
2675 +3.278273653e-09 +3.278273653e-09 -2.923500000e+02 -2.923500000e+02 -1.9287e+00 -3.3603e+00 +1.2599e+00
2949 +7.719336281e-10 +7.719336281e-10 -2.923500000e+02 -2.923500000e+02 -1.9198e+00 -3.3653e+00 +1.2687e+00
3166 +1.923581294e-10 +1.923581294e-10 -2.923500000e+02 -2.923500000e+02 -1.9160e+00 -3.3652e+00 +1.2717e+00
3269 +9.265477274e-12 +9.265477274e-12 -2.923500000e+02 -2.923500000e+02 -1.9226e+00 -3.3652e+00 +1.2666e+00
4002 +3.808509064e-12 +3.808509064e-12 -2.923500000e+02 -2.923500000e+02 -1.9224e+00 -3.3649e+00 +1.2666e+00
4611 +1.989519660e-12 +1.989519660e-12 -2.923500000e+02 -2.923500000e+02 -1.9224e+00 -3.3649e+00 +1.2666e+00
4815 +1.534772309e-12 +1.534772309e-12 -2.923500000e+02 -2.923500000e+02 -1.9224e+00 -3.3649e+00 +1.2666e+00
4971 +2.842170943e-13 +2.842170943e-13 -2.923500000e+02 -2.923500000e+02 -1.9224e+00 -3.3649e+00 +1.2666e+00
% function evaluation | noise-free fitness - Fopt (3.110100000000e+02) | best noise-free fitness - Fopt | measured fitness | best measured fitness | x1 | x2...
1 +4.688710417e+02 +4.688710417e+02 +7.798810417e+02 +7.798810417e+02 -3.0978e+00 +8.7173e-01 -4.5479e-01
4 +3.331741991e+02 +3.331741991e+02 +6.441841991e+02 +6.441841991e+02 +2.1616e+00 -4.4705e+00 +1.9388e-01
6 +4.476575714e+00 +4.476575714e+00 +3.154865757e+02 +3.154865757e+02 -4.4792e-01 -2.3089e+00 -4.9255e+00
182 +6.934509099e-01 +6.934509099e-01 +3.117034509e+02 +3.117034509e+02 -1.4534e+00 -2.7935e+00 -3.5093e+00
461 +6.055319303e-01 +6.055319303e-01 +3.116155319e+02 +3.116155319e+02 -1.5119e+00 -3.0739e+00 -3.6164e+00
884 +2.940295590e-01 +2.940295590e-01 +3.113040296e+02 +3.113040296e+02 -1.7712e+00 -3.3031e+00 -3.0991e+00
1067 +1.971901897e-01 +1.971901897e-01 +3.112071902e+02 +3.112071902e+02 -1.8747e+00 -3.2338e+00 -2.8965e+00
1234 +1.222257168e-01 +1.222257168e-01 +3.111322257e+02 +3.111322257e+02 -1.9649e+00 -3.3444e+00 -2.9327e+00
1362 +4.749826720e-02 +4.749826720e-02 +3.110574983e+02 +3.110574983e+02 -1.9044e+00 -3.3373e+00 -2.8717e+00
1608 +2.176224060e-02 +2.176224060e-02 +3.110317622e+02 +3.110317622e+02 -1.9507e+00 -3.4693e+00 -2.6838e+00
1642 +1.412128854e-02 +1.412128854e-02 +3.110241213e+02 +3.110241213e+02 -1.9622e+00 -3.5176e+00 -2.6047e+00
2024 +3.696831641e-07 +3.696831641e-07 +3.110100004e+02 +3.110100004e+02 -1.9781e+00 -3.4788e+00 -2.6638e+00
2305 +2.467586455e-07 +2.467586455e-07 +3.110100002e+02 +3.110100002e+02 -1.9865e+00 -3.4868e+00 -2.6256e+00
2351 +1.268986125e-07 +1.268986125e-07 +3.110100001e+02 +3.110100001e+02 -1.9884e+00 -3.5232e+00 -2.6004e+00
2471 +1.407062200e-08 +1.407062200e-08 +3.110100000e+02 +3.110100000e+02 -1.9931e+00 -3.5119e+00 -2.6222e+00
2628 +3.954482963e-09 +3.954482963e-09 +3.110100000e+02 +3.110100000e+02 -1.9937e+00 -3.5112e+00 -2.6296e+00
2779 +9.209202290e-10 +9.209202290e-10 +3.110100000e+02 +3.110100000e+02 -1.9957e+00 -3.5103e+00 -2.6319e+00
3071 +5.305764716e-10 +5.305764716e-10 +3.110100000e+02 +3.110100000e+02 -1.9948e+00 -3.5107e+00 -2.6336e+00
3151 +3.478817234e-10 +3.478817234e-10 +3.110100000e+02 +3.110100000e+02 -1.9949e+00 -3.5107e+00 -2.6334e+00
3228 +2.331148607e-10 +2.331148607e-10 +3.110100000e+02 +3.110100000e+02 -1.9951e+00 -3.5106e+00 -2.6329e+00
3286 +3.439026841e-11 +3.439026841e-11 +3.110100000e+02 +3.110100000e+02 -1.9950e+00 -3.5107e+00 -2.6327e+00
3632 +2.324895831e-11 +2.324895831e-11 +3.110100000e+02 +3.110100000e+02 -1.9948e+00 -3.5107e+00 -2.6323e+00
3712 +1.500666258e-11 +1.500666258e-11 +3.110100000e+02 +3.110100000e+02 -1.9948e+00 -3.5107e+00 -2.6322e+00
3727 +4.718003765e-12 +4.718003765e-12 +3.110100000e+02 +3.110100000e+02 -1.9948e+00 -3.5107e+00 -2.6321e+00
4527 +1.421085472e-12 +1.421085472e-12 +3.110100000e+02 +3.110100000e+02 -1.9948e+00 -3.5107e+00 -2.6322e+00
4727 +9.094947018e-13 +9.094947018e-13 +3.110100000e+02 +3.110100000e+02 -1.9948e+00 -3.5107e+00 -2.6322e+00
4989 +3.410605132e-13 +3.410605132e-13 +3.110100000e+02 +3.110100000e+02 -1.9948e+00 -3.5107e+00 -2.6322e+00
% function evaluation | noise-free fitness - Fopt (-8.051800000000e+02) | best noise-free fitness - Fopt | measured fitness | best measured fitness | x1 | x2...
1 +1.211154233e+03 +1.211154233e+03 +4.059742326e+02 +4.059742326e+02 -3.1299e-01 +3.5351e+00 -2.8917e+00
2 +5.809206474e+02 +5.809206474e+02 -2.242593526e+02 -2.242593526e+02 -3.4460e+00 +4.4191e+00 -1.2461e+00
6 +9.847723033e+01 +9.847723033e+01 -7.067027697e+02 -7.067027697e+02 -4.6373e-01 -3.6079e+00 -5.0596e-01
10 +3.122202376e+01 +3.122202376e+01 -7.739579762e+02 -7.739579762e+02 -4.2715e+00 +2.5038e+00 +1.6259e+00
43 +1.803710819e+01 +1.803710819e+01 -7.871428918e+02 -7.871428918e+02 -3.3001e+00 +1.7917e-01 +1.0174e+00
123 +1.412313284e+01 +1.412313284e+01 -7.910568672e+02 -7.910568672e+02 -2.4725e+00 +2.0466e-01 +8.3116e-01
400 +7.979533298e+00 +7.979533298e+00 -7.972004667e+02 -7.972004667e+02 +9.1527e-01 -3.0325e-01 +9.8504e-01
451 +5.823149046e+00 +5.823149046e+00 -7.993568510e+02 -7.993568510e+02 -1.4620e+00 -1.6845e+00 +1.0257e+00
486 +3.276309598e+00 +3.276309598e+00 -8.019036904e+02 -8.019036904e+02 -1.0045e-01 -2.5038e+00 +7.3459e-01
647 +1.455787262e+00 +1.455787262e+00 -8.037242127e+02 -8.037242127e+02 +6.8280e-01 -2.3847e+00 +7.4636e-01
706 +3.993865090e-02 +3.993865090e-02 -8.051400613e+02 -8.051400613e+02 +2.5548e+00 -3.7207e+00 +3.2934e-01
1365 +2.839989195e-02 +2.839989195e-02 -8.051516001e+02 -8.051516001e+02 +2.3620e+00 -3.4102e+00 +3.7266e-01
1394 +1.455787262e-02 +1.455787262e-02 -8.051654421e+02 -8.051654421e+02 +2.3110e+00 -3.4660e+00 +3.9047e-01
1716 +2.533035968e-07 +2.533035968e-07 -8.051799997e+02 -8.051799997e+02 +2.5215e+00 -3.5033e+00 +3.5018e-01
2238 +1.913122105e-09 +1.913122105e-09 -8.051800000e+02 -8.051800000e+02 +2.5038e+00 -3.5363e+00 +3.6650e-01
2398 +8.330971468e-10 +8.330971468e-10 -8.051800000e+02 -8.051800000e+02 +2.5047e+00 -3.5359e+00 +3.6650e-01
2875 +5.051106200e-10 +5.051106200e-10 -8.051800000e+02 -8.051800000e+02 +2.5080e+00 -3.5367e+00 +3.7049e-01
2969 +2.212345862e-10 +2.212345862e-10 -8.051800000e+02 -8.051800000e+02 +2.5023e+00 -3.5391e+00 +3.7710e-01
3223 +8.969891496e-11 +8.969891496e-11 -8.051800000e+02 -8.051800000e+02 +2.5019e+00 -3.5377e+00 +3.7140e-01
3782 +4.433786671e-12 +4.433786671e-12 -8.051800000e+02 -8.051800000e+02 +2.5051e+00 -3.5371e+00 +3.7058e-01
4231 +3.524291969e-12 +3.524291969e-12 -8.051800000e+02 -8.051800000e+02 +2.5054e+00 -3.5371e+00 +3.7076e-01
4725 +4.547473509e-13 +4.547473509e-13 -8.051800000e+02 -8.051800000e+02 +2.5054e+00 -3.5371e+00 +3.7074e-01
4925 +3.410605132e-13 +3.410605132e-13 -8.051800000e+02 -8.051800000e+02 +2.5054e+00 -3.5371e+00 +3.7074e-01
