% function evaluation | noise-free fitness - Fopt (7.948000000000e+01) | best noise-free fitness - Fopt | measured fitness | best measured fitness | x1 | x2...
1 +1.220494221e+02 +1.220494221e+02 +2.015294221e+02 +2.015294221e+02 +4.4936e+00 +1.9054e+00 +2.1601e+00 -3.4056e+00 -2.7498e+00 -4.5700e+00 +4.8920e+00 +1.2748e+00 -4.0210e+00 -3.9119e+00
3 +5.954671099e+01 +5.954671099e+01 +1.390267110e+02 +1.390267110e+02 +3.4489e+00 -1.0952e+00 +1.6544e+00 +1.5177e+00 -1.2892e+00 -2.2313e+00 -2.5356e+00 +4.5922e+00 +1.2334e+00 -2.4665e+00
42 +2.679637078e+01 +2.679637078e+01 +1.062763708e+02 +1.062763708e+02 +3.7575e+00 -2.2391e+00 +1.2169e-01 +6.2656e-01 -2.7064e+00 -1.0516e+00 +2.5160e+00 +6.6625e-01 -4.6920e-01 -3.3960e+00
144 +1.807855808e+01 +1.807855808e+01 +9.755855808e+01 +9.755855808e+01 +2.4092e+00 -2.3057e+00 +3.3744e-01 -2.7209e-01 -4.1112e+00 +5.8214e-01 -2.8415e-01 +1.0930e+00 -2.9236e+00 -1.8457e+00
1820 +1.360010194e+01 +1.360010194e+01 +9.308010194e+01 +9.308010194e+01 -7.6335e-01 -5.4749e-01 -9.8586e-02 +2.1519e+00 -1.3106e+00 -6.7584e-01 +1.4129e+00 -1.5612e+00 +7.2655e-03 -2.1786e+00
% function evaluation | noise-free fitness - Fopt (3.944800000000e+02) | best noise-free fitness - Fopt | measured fitness | best measured fitness | x1 | x2...
1 +1.676468000e+02 +1.676468000e+02 +5.621268000e+02 +5.621268000e+02 +1.8568e+00 -3.6842e+00 +4.9532e+00 +2.1325e+00 +3.3349e+00 +2.5921e-01 +4.2343e+00 +3.4583e+00 -3.6115e+00 -7.3312e-02
6 +1.333256989e+02 +1.333256989e+02 +5.278056989e+02 +5.278056989e+02 +5.9130e-01 +5.9459e-01 +1.7340e+00 +2.2044e+00 -4.5196e+00 +1.6952e+00 +1.5088e+00 -7.3803e-01 -4.5253e+00 -4.3249e+00
7 +9.559015749e+01 +9.559015749e+01 +4.900701575e+02 +4.900701575e+02 +1.2433e+00 -1.5674e+00 -1.6947e+00 +3.6488e+00 -3.6534e+00 +1.5897e-01 +3.0533e+00 +1.0428e+00 +6.7365e-01 +1.5441e+00
82 +5.761987989e+01 +5.761987989e+01 +4.520998799e+02 +4.520998799e+02 +4.5727e-01 -2.5539e+00 +1.5096e+00 +3.9883e+00 +1.9427e+00 -3.2455e+00 +4.4570e+00 +8.7546e-01 -3.2921e+00 -3.6245e+00
325 +3.399043890e+01 +3.399043890e+01 +4.284704389e+02 +4.284704389e+02 -4.1984e+00 +9.3253e-01 -1.8416e+00 +1.5981e+00 -1.2755e+00 -9.4686e-01 +3.7602e+00 -1.7047e+00 -2.4683e-01 -3.6842e+00
4653 +1.931733704e+01 +1.931733704e+01 +4.137973370e+02 +4.137973370e+02 -3.4860e+00 -4.2854e+00 -3.2876e+00 +4.0682e+00 -2.2159e+00 -3.2358e+00 +3.9355e+00 +4.3971e-01 -3.3089e+00 -3.3684e+00
% function evaluation | noise-free fitness - Fopt (-2.471100000000e+02) | best noise-free fitness - Fopt | measured fitness | best measured fitness | x1 | x2...
1 +1.228910705e+02 +1.228910705e+02 -1.242189295e+02 -1.242189295e+02 -5.4060e-01 +4.8522e+00 +1.7448e+00 -3.9784e+00 -3.6924e-02 +1.3680e+00 +1.7499e+00 +3.7395e+00 +6.3229e-01 -7.9808e-01
11 +7.082556653e+01 +7.082556653e+01 -1.762844335e+02 -1.762844335e+02 -3.3909e+00 +3.0350e+00 -3.2944e-01 -4.9479e+00 -2.7704e+00 -2.4741e+00 +3.5895e+00 +1.4250e+00 +1.9224e+00 +5.3515e-01
38 +6.030823458e+01 +6.030823458e+01 -1.868017654e+02 -1.868017654e+02 -3.1033e+00 +4.0170e+00 +3.1373e+00 -4.9660e-01 -2.6307e+00 -1.1396e+00 +3.3901e+00 -1.8995e+00 +1.6926e+00 +1.8001e+00
73 +3.838821279e+01 +3.838821279e+01 -2.087217872e+02 -2.087217872e+02 -4.2220e+00 -1.9332e+00 +2.6440e-02 -6.5598e-01 -6.9562e-01 -8.6660e-01 +3.1003e+00 -2.9035e+00 -2.2623e+00 +1.3509e+00
796 +2.226559963e+01 +2.226559963e+01 -2.248444004e+02 -2.248444004e+02 -3.3978e+00 +1.6799e+00 -2.7761e+00 -2.5463e+00 -2.4863e+00 +3.8340e+00 +2.3432e+00 -6.8108e-01 +2.2890e-01 +2.3070e+00
% function evaluation | noise-free fitness - Fopt (-1.520400000000e+02) | best noise-free fitness - Fopt | measured fitness | best measured fitness | x1 | x2...
1 +1.547388826e+02 +1.547388826e+02 +2.698882624e+00 +2.698882624e+00 +2.4931e+00 -2.5306e+00 +4.0081e+00 -1.0596e+00 +4.4570e+00 -4.8386e+00 +1.2248e-01 -4.0578e+00 +3.3362e+00 +1.2703e+00
2 +6.064323863e+01 +6.064323863e+01 -9.139676137e+01 -9.139676137e+01 +1.7228e+00 -9.2179e-01 -3.1023e+00 +4.6293e+00 -2.6788e+00 -1.7889e+00 +5.0199e-01 -4.3774e+00 +2.7023e+00 +2.0283e+00
25 +3.386335873e+01 +3.386335873e+01 -1.181766413e+02 -1.181766413e+02 -1.8270e+00 -1.3478e+00 -2.2775e+00 +3.8713e-01 -4.1474e-01 +4.8568e-01 +1.8053e-01 +1.0818e+00 +1.2529e+00 +3.7341e+00
1699 +2.335539957e+01 +2.335539957e+01 -1.286846004e+02 -1.286846004e+02 +1.7398e+00 +2.2207e+00 -4.0243e+00 +3.8869e+00 +4.5773e+00 -7.5978e-01 -2.2314e+00 -3.4826e+00 +3.3091e+00 +3.3964e+00
% function evaluation | noise-free fitness - Fopt (-2.525000000000e+01) | best noise-free fitness - Fopt | measured fitness | best measured fitness | x1 | x2...
1 +9.897602083e+01 +9.897602083e+01 +7.372602083e+01 +7.372602083e+01 +2.6693e+00 +1.5654e+00 -1.2562e+00 -4.8367e+00 -2.3686e-01 -2.2163e+00 -3.1644e+00 +4.4007e+00 -4.3926e+00 -1.5051e+00
8 +4.741201750e+01 +4.741201750e+01 +2.216201750e+01 +2.216201750e+01 +3.6835e+00 +3.1803e+00 -2.9948e-01 +2.9031e-01 +4.2280e+00 +7.0076e-01 -4.5577e+00 +2.6303e+00 -9.7356e-01 -4.3650e+00
24 +3.454118475e+01 +3.454118475e+01 +9.291184752e+00 +9.291184752e+00 +1.6935e+00 +3.3239e-01 -4.4886e+00 -2.3627e+00 +4.9703e+00 +8.2239e-01 -4.2452e-01 -3.9207e+00 -1.5879e+00 -3.4490e+00
124 +2.326149200e+01 +2.326149200e+01 -1.988507999e+00 -1.988507999e+00 +2.3155e+00 -9.6715e-03 -7.1907e-01 -3.6180e+00 +3.5966e+00 -3.1340e+00 -4.2414e+00 +6.2392e-01 +9.0912e-01 -2.6363e+00
2152 +8.814409831e+00 +8.814409831e+00 -1.643559017e+01 -1.643559017e+01 +4.1414e+00 -1.4822e+00 -1.8178e+00 -1.8602e+00 +3.9506e+00 +1.5278e-01 -2.2977e+00 -2.6461e-01 +2.1917e+00 -3.0048e+00
% function evaluation | noise-free fitness - Fopt (-2.017200000000e+02) | best noise-free fitness - Fopt | measured fitness | best measured fitness | x1 | x2...
1 +6.865226425e+01 +6.865226425e+01 -1.330677358e+02 -1.330677358e+02 +2.5735e+00 -3.6016e-01 +1.0329e+00 -6.4506e-01 -1.2580e+00 -8.8162e-01 +8.0612e-01 +1.1365e+00 -2.1530e+00 -2.3010e+00
34 +6.103570646e+01 +6.103570646e+01 -1.406842935e+02 -1.406842935e+02 +2.0468e+00 -3.4677e+00 -1.0446e+00 -7.3510e-01 +4.6615e+00 +3.1755e-01 -1.2404e+00 -1.1689e-01 +1.5778e+00 +1.0091e+00
196 +3.336261508e+01 +3.336261508e+01 -1.683573849e+02 -1.683573849e+02 -2.5573e+00 -2.4188e+00 +1.1557e+00 -9.0376e-01 +3.5872e+00 -1.1444e+00 +5.7718e-01 +2.0942e+00 -9.0332e-01 -2.4781e+00
372 +2.481771464e+01 +2.481771464e+01 -1.769022854e+02 -1.769022854e+02 -3.6805e-01 -4.6997e+00 -2.1097e+00 +1.3815e+00 -2.1626e-01 +1.0299e+00 +6.6251e-04 +1.0511e+00 -1.0268e+00 -2.7813e+00
4338 +1.425876105e+01 +1.425876105e+01 -1.874612390e+02 -1.874612390e+02 -1.0438e+00 -3.0252e+00 -2.9295e+00 -1.0370e-01 +2.4397e+00 +1.6417e+00 -2.3268e+00 +2.8914e+00 +6.3998e-01 -4.3660e+00
% function evaluation | noise-free fitness - Fopt (-1.000000000000e+03) | best noise-free fitness - Fopt | measured fitness | best measured fitness | x1 | x2...
1 +2.297933618e+02 +2.297933618e+02 -7.702066382e+02 -7.702066382e+02 +4.6910e+00 -4.7128e+00 +2.5997e+00 -1.6907e+00 -5.8544e-01 -8.1600e-02 +1.8248e+00 -1.6050e-03 +4.9460e+00 -4.5827e+00
3 +6.332142950e+01 +6.332142950e+01 -9.366785705e+02 -9.366785705e+02 +2.2560e+00 -2.8806e+00 -6.5563e-02 +1.0710e-01 -9.6968e-01 -2.8650e+00 +7.4473e-01 -4.3437e+00 +1.0496e+00 +4.8896e+00
5 +5.998983272e+01 +5.998983272e+01 -9.400101673e+02 -9.400101673e+02 -4.5671e-01 +4.0151e-02 +4.3510e+00 -7.8839e-01 +6.9117e-01 +3.2973e+00 +4.1592e+00 -1.4348e+00 -3.8165e+00 +2.7920e+00
23 +2.645557001e+01 +2.645557001e+01 -9.735444300e+02 -9.735444300e+02 -2.1503e+00 +3.2712e-01 -3.5230e-02 +3.1249e-01 -2.4814e-01 -3.7937e-01 +1.5285e+00 -4.2283e+00 -2.2369e+00 +1.4275e+00
649 +1.687028800e+01 +1.687028800e+01 -9.831297120e+02 -9.831297120e+02 -1.3325e+00 -5.6017e-02 +1.3377e+00 -9.7272e-01 +3.3194e+00 -5.1760e-01 -1.4097e+00 -1.6083e+00 -3.0447e+00 +2.8316e+00
1358 +1.508295001e+01 +1.508295001e+01 -9.849170500e+02 -9.849170500e+02 -9.2735e-01 +1.8664e+00 +2.2804e+00 +4.4525e-01 +2.2941e+00 +5.8167e-01 +1.3414e+00 -2.3006e+00 -2.9445e+00 +4.2564e+00
% function evaluation | noise-free fitness - Fopt (-4.290000000000e+01) | best noise-free fitness - Fopt | measured fitness | best measured fitness | x1 | x2...
1 +1.914196749e+02 +1.914196749e+02 +1.485196749e+02 +1.485196749e+02 +2.6945e+00 +2.1421e-01 -3.4059e+00 +4.4402e+00 -2.0544e-01 +1.9994e+00 -4.9496e-01 -2.8388e+00 +7.7397e-01 +4.9651e+00
2 +1.117372049e+02 +1.117372049e+02 +6.883720488e+01 +6.883720488e+01 +4.0281e+00 +4.7001e+00 -2.6410e+00 -3.4886e-01 -2.7949e-01 +3.4643e+00 +9.9816e-01 -4.8687e+00 +2.8879e+00 -1.1856e+00
5 +9.339100311e+01 +9.339100311e+01 +5.049100311e+01 +5.049100311e+01 +1.6552e+00 -5.9388e-01 -4.2660e-02 -2.9564e+00 +2.2535e+00 -4.5040e+00 +1.1008e+00 +3.0008e+00 +3.4136e+00 +1.2074e+00
16 +5.173653962e+01 +5.173653962e+01 +8.836539616e+00 +8.836539616e+00 +3.7720e+00 +4.9413e+00 +1.6467e+00 +4.0071e+00 -8.1061e-01 +1.4279e+00 +8.7807e-01 +4.2522e-01 +3.5670e+00 -2.3255e+00
246 +3.953537867e+01 +3.953537867e+01 -3.364621328e+00 -3.364621328e+00 -1.6496e+00 -1.4984e-01 +3.2567e+00 -3.2275e+00 -2.8882e+00 +1.5949e-01 -1.4434e-01 +1.3210e+00 +1.4738e+00 -2.5042e+00
523 +2.288859873e+01 +2.288859873e+01 -2.001140127e+01 -2.001140127e+01 +2.3727e+00 +3.1137e+00 +2.2455e+00 +1.4374e-01 -2.6909e+00 -2.7084e-01 +6.8478e-01 +3.2146e+00 +5.7209e-01 -4.7574e+00
3483 +1.513322419e+01 +1.513322419e+01 -2.776677581e+01 -2.776677581e+01 +1.8610e+00 -6.8382e-01 +2.4848e+00 -1.2484e+00 -1.3843e+00 -2.2096e+00 +1.2277e+00 -4.7533e-01 +3.3775e+00 -3.4518e+00
% function evaluation | noise-free fitness - Fopt (-1.013200000000e+02) | best noise-free fitness - Fopt | measured fitness | best measured fitness | x1 | x2...
1 +2.067154770e+02 +2.067154770e+02 +1.053954770e+02 +1.053954770e+02 +1.1819e+00 +6.6801e-01 +3.6785e+00 +4.7047e+00 +1.9866e+00 -4.2432e+00 -2.8640e+00 -1.6363e+00 +1.5393e+00 -4.5360e+00
2 +4.755203848e+01 +4.755203848e+01 -5.376796152e+01 -5.376796152e+01 +3.7896e+00 +3.9338e+00 +3.5370e-01 -1.7708e-01 -2.5662e+00 -4.2713e+00 -6.6511e-01 -1.3803e+00 -4.8047e+00 +8.6370e-02
73 +3.414122859e+01 +3.414122859e+01 -6.717877141e+01 -6.717877141e+01 -1.9755e+00 +4.9148e+00 +4.1514e+00 -4.9862e+00 -4.4042e+00 -5.9661e-01 +1.4887e+00 -4.5305e+00 -2.5684e+00 +2.3906e+00
1557 +2.448933566e+01 +2.448933566e+01 -7.683066434e+01 -7.683066434e+01 +1.2045e+00 +4.4942e+00 +2.4340e+00 -4.5304e+00 -1.7685e+00 +1.9277e+00 +1.7913e+00 -2.9868e+00 -4.3372e+00 +4.2057e+00
2790 +1.129476237e+01 +1.129476237e+01 -9.002523763e+01 -9.002523763e+01 +2.7751e+00 +2.0107e+00 +2.3009e+00 -9.9467e-01 -2.6062e+00 -2.1764e+00 +2.4965e+00 -3.6790e+00 -3.2279e+00 +6.2084e-01
% function evaluation | noise-free fitness - Fopt (3.650000000000e+00) | best noise-free fitness - Fopt | measured fitness | best measured fitness | x1 | x2...
1 +1.694332603e+02 +1.694332603e+02 +1.730832603e+02 +1.730832603e+02 +2.8263e+00 +1.3079e+00 -3.2256e+00 -1.0221e+00 +4.1820e-01 +1.3274e+00 -2.5449e+00 -4.3040e+00 +1.8348e+00 +1.9198e+00
2 +1.286718068e+02 +1.286718068e+02 +1.323218068e+02 +1.323218068e+02 -1.4601e+00 -2.8582e+00 -1.2575e+00 -4.0032e+00 -2.8076e+00 -5.1587e-01 +4.8431e+00 +3.9191e+00 +1.9936e+00 -1.3548e+00
9 +9.143750962e+01 +9.143750962e+01 +9.508750962e+01 +9.508750962e+01 -4.1707e+00 -4.3629e+00 +6.0259e-02 +1.7888e+00 -3.7925e+00 -1.6597e+00 +1.8809e+00 -3.5000e+00 +2.4077e+00 -1.1172e+00
14 +5.929872752e+01 +5.929872752e+01 +6.294872752e+01 +6.294872752e+01 +1.8858e+00 -3.2605e+00 +1.2861e+00 +2.3880e+00 -4.8846e+00 -3.4076e+00 -2.2503e-01 -2.0996e+00 +1.9606e+00 -2.7946e+00
31 +3.953238762e+01 +3.953238762e+01 +4.318238762e+01 +4.318238762e+01 -3.0677e-01 -2.0074e+00 -4.3763e-01 +2.0730e+00 +1.7656e+00 -2.0123e+00 +2.0412e+00 -2.3367e+00 -2.3966e+00 +8.7412e-01
838 +1.742361239e+01 +1.742361239e+01 +2.107361239e+01 +2.107361239e+01 -2.3792e-01 -2.2454e+00 -1.2211e+00 +4.2420e+00 -1.7722e-01 -9.2161e-01 +3.6401e+00 -1.0697e+00 -4.2859e+00 -1.5273e+00
2662 +1.234022711e+01 +1.234022711e+01 +1.599022711e+01 +1.599022711e+01 +3.9802e-01 -9.1580e-01 +1.9040e-01 +1.9485e+00 -3.6645e+00 -3.0019e+00 +2.9795e+00 -8.2198e-01 -2.0145e+00 -2.1063e+00
% function evaluation | noise-free fitness - Fopt (2.205300000000e+02) | best noise-free fitness - Fopt | measured fitness | best measured fitness | x1 | x2...
1 +2.109750151e+02 +2.109750151e+02 +4.315050151e+02 +4.315050151e+02 -4.0162e+00 +3.9776e+00 +9.4480e-01 +2.4994e+00 +1.7562e+00 +4.2182e+00 -2.2608e+00 -1.5180e+00 -1.4286e+00 -5.3990e-01
2 +1.332002866e+02 +1.332002866e+02 +3.537302866e+02 +3.537302866e+02 -2.7897e+00 -3.6145e+00 +3.5043e+00 -2.5352e+00 +4.2912e-01 -4.4780e+00 +4.3772e+00 +3.0098e+00 +2.4288e+00 -3.4950e-01
9 +8.619340990e+01 +8.619340990e+01 +3.067234099e+02 +3.067234099e+02 -9.5450e-01 -5.1972e-01 +3.7859e+00 +4.4403e+00 +4.8617e+00 -4.4850e+00 -3.0709e+00 +4.9684e+00 +4.9743e+00 +1.1063e-01
126 +5.394411714e+01 +5.394411714e+01 +2.744741171e+02 +2.744741171e+02 +4.6687e+00 -5.5025e-02 +3.2064e+00 +2.3477e+00 +2.4236e+00 -1.8304e+00 -4.9176e+00 +6.2320e-01 +3.7886e+00 +5.7504e-01
622 +3.928488613e+01 +3.928488613e+01 +2.598148861e+02 +2.598148861e+02 +8.4286e-01 -1.5119e+00 +1.1869e+00 -9.9286e-02 -1.3593e+00 -1.9640e+00 -3.6230e+00 +1.9080e+00 +1.8391e+00 +4.3032e+00
1363 +2.151825162e+01 +2.151825162e+01 +2.420482516e+02 +2.420482516e+02 +2.5534e+00 -4.2609e+00 +1.2458e+00 -1.1786e+00 +1.8803e+00 -3.9631e+00 +2.7273e-01 +4.6467e+00 +7.1220e-01 +2.3892e+00
1540 +1.151606206e+01 +1.151606206e+01 +2.320460621e+02 +2.320460621e+02 +3.5649e+00 -3.1021e+00 +6.5528e-01 +5.0255e-01 +2.7031e+00 -4.7600e+00 -3.9316e+00 +2.1284e+00 +2.8660e+00 +2.8171e+00
% function evaluation | noise-free fitness - Fopt (4.212900000000e+02) | best noise-free fitness - Fopt | measured fitness | best measured fitness | x1 | x2...
1 +1.786572963e+02 +1.786572963e+02 +5.999472963e+02 +5.999472963e+02 -3.8334e+00 -1.1141e+00 +4.1885e-01 +4.0988e+00 -3.9276e+00 +3.4426e+00 -3.2072e+00 -3.3884e+00 +4.1227e+00 +4.4200e+00
2 +9.851269646e+01 +9.851269646e+01 +5.198026965e+02 +5.198026965e+02 +2.4979e+00 -1.6043e+00 +4.4711e+00 -3.5387e+00 -1.8716e+00 +1.8753e+00 +1.7378e+00 +1.8253e+00 +3.5484e+00 +9.3334e-01
10 +3.350723284e+01 +3.350723284e+01 +4.547972328e+02 +4.547972328e+02 +5.2193e-01 +1.0441e+00 +1.6805e+00 -2.4271e+00 -3.6347e-01 +3.2838e+00 +1.7340e+00 +2.7503e+00 +1.8180e+00 +7.5455e-02
1377 +2.282859213e+01 +2.282859213e+01 +4.441185921e+02 +4.441185921e+02 -2.3926e+00 +3.4298e+00 -9.7355e-01 -2.0031e+00 +2.2761e+00 +4.5962e+00 -1.4232e+00 +2.6240e+00 -1.1243e-01 -2.9601e+00
% function evaluation | noise-free fitness - Fopt (-7.900000000000e+01) | best noise-free fitness - Fopt | measured fitness | best measured fitness | x1 | x2...
1 +5.670164796e+01 +5.670164796e+01 -2.229835204e+01 -2.229835204e+01 -2.8066e+00 +2.9454e+00 -1.3982e+00 -7.1996e-01 -4.4708e+00 -4.9852e+00 +1.5073e+00 +1.6879e-01 +2.3894e+00 -3.7626e+00
58 +3.964592072e+01 +3.964592072e+01 -3.935407928e+01 -3.935407928e+01 -4.1850e-01 -1.7328e+00 -1.2329e+00 -5.9014e-01 -4.7625e+00 +3.4163e-01 +1.5167e+00 -7.5250e-01 +4.4300e-01 +2.9210e+00
83 +1.574589805e+01 +1.574589805e+01 -6.325410195e+01 -6.325410195e+01 -3.0707e+00 +1.2206e+00 +7.2677e-01 +1.4308e+00 -8.5153e-01 -2.1061e+00 -2.6755e+00 +2.1099e+00 -3.5267e-01 +6.1685e-01
% function evaluation | noise-free fitness - Fopt (-4.133000000000e+01) | best noise-free fitness - Fopt | measured fitness | best measured fitness | x1 | x2...
1 +1.217510995e+02 +1.217510995e+02 +8.042109950e+01 +8.042109950e+01 +4.0882e+00 -4.0586e+00 +1.4943e+00 -3.6690e+00 -3.1144e+00 +1.2332e+00 -1.6938e-01 -3.5467e+00 +5.5094e-01 -3.5558e+00
2 +9.617072376e+01 +9.617072376e+01 +5.484072376e+01 +5.484072376e+01 +4.1897e+00 -1.1015e+00 +1.5815e+00 -2.6531e+00 -2.3015e+00 -2.8198e+00 -2.5014e-01 +2.3570e-01 +2.7373e+00 -9.3286e-02
21 +5.287587842e+01 +5.287587842e+01 +1.154587842e+01 +1.154587842e+01 +4.1008e-01 +2.1578e+00 -3.5557e+00 -4.0234e+00 -7.5471e-01 +4.8649e-01 -3.2997e+00 -2.7323e+00 -3.3438e+00 +2.5119e+00
37 +3.330600986e+01 +3.330600986e+01 -8.023990136e+00 -8.023990136e+00 -1.1228e+00 +5.2272e-01 +1.7367e+00 +1.4659e+00 +3.6472e+00 -2.8514e+00 -2.3342e+00 -2.7562e+00 +6.5086e-01 +1.8798e+00
301 +1.524695821e+01 +1.524695821e+01 -2.608304179e+01 -2.608304179e+01 +4.8688e-02 +1.0287e-01 -2.1549e+00 -9.7082e-01 +2.3074e+00 -4.1351e+00 -1.1192e+00 -1.3988e+00 -2.0092e+00 +1.0694e+00
% function evaluation | noise-free fitness - Fopt (2.127500000000e+02) | best noise-free fitness - Fopt | measured fitness | best measured fitness | x1 | x2...
1 +1.248423208e+02 +1.248423208e+02 +3.375923208e+02 +3.375923208e+02 -8.3238e-01 +4.2075e+00 -7.8732e-02 -3.4284e+00 -2.0456e+00 -4.3956e+00 +1.0622e+00 +3.7403e+00 -1.3145e-01 -2.2716e+00
2 +9.967561280e+01 +9.967561280e+01 +3.124256128e+02 +3.124256128e+02 -1.9670e+00 -1.5561e+00 -4.2782e+00 -4.1868e+00 +4.0683e+00 +5.2126e-01 -3.4171e+00 -2.3087e+00 +2.6579e+00 +1.5348e-01
12 +2.764247455e+01 +2.764247455e+01 +2.403924745e+02 +2.403924745e+02 -3.2942e+00 -2.1591e+00 -2.6527e+00 -2.4674e+00 +2.0746e+00 -2.2100e+00 +1.6845e+00 +6.2920e-01 +7.5660e-01 +4.2035e+00
1675 +1.886868097e+01 +1.886868097e+01 +2.316186810e+02 +2.316186810e+02 -3.6007e+00 -8.6334e-01 -1.1268e+00 -2.8002e+00 -1.1848e+00 -3.8936e+00 -4.4759e-01 +7.2393e-01 -1.7796e+00 +2.3925e+00
