% function evaluation | noise-free fitness - Fopt (7.135000000000e+01) | best noise-free fitness - Fopt | measured fitness | best measured fitness | x1 | x2...
1 +4.538384789e+01 +4.538384789e+01 +1.167338479e+02 +1.167338479e+02 +3.2594e+00 -2.6541e+00 +2.6405e+00
2 +3.940208961e+01 +3.940208961e+01 +1.107520896e+02 +1.107520896e+02 +1.9581e+00 -3.0866e+00 +4.6287e-01
22 +1.861180625e+01 +1.861180625e+01 +8.996180625e+01 +8.996180625e+01 +3.9640e+00 -3.6730e+00 +2.7819e+00
28 +9.637121396e+00 +9.637121396e+00 +8.098712140e+01 +8.098712140e+01 +2.9263e+00 -2.8000e+00 +4.0092e+00
31 +4.310997083e+00 +4.310997083e+00 +7.566099708e+01 +7.566099708e+01 +2.9300e+00 -2.8427e+00 +4.1489e+00
78 +2.052524799e+00 +2.052524799e+00 +7.340252480e+01 +7.340252480e+01 +3.3176e+00 -3.2248e+00 +3.6264e+00
103 +1.020143179e+00 +1.020143179e+00 +7.237014318e+01 +7.237014318e+01 +3.3704e+00 -3.4315e+00 +3.5714e+00
119 +1.651266055e-01 +1.651266055e-01 +7.151512661e+01 +7.151512661e+01 +3.3304e+00 -3.4555e+00 +3.7129e+00
151 +1.006827498e-01 +1.006827498e-01 +7.145068275e+01 +7.145068275e+01 +3.1936e+00 -3.2598e+00 +3.8944e+00
170 +1.497053000e-02 +1.497053000e-02 +7.136497053e+01 +7.136497053e+01 +3.1766e+00 -3.2627e+00 +3.8657e+00
347 +7.132332270e-03 +7.132332270e-03 +7.135713233e+01 +7.135713233e+01 +3.2448e+00 -3.3341e+00 +3.8414e+00
351 +3.787858654e-03 +3.787858654e-03 +7.135378786e+01 +7.135378786e+01 +3.2505e+00 -3.3441e+00 +3.8378e+00
392 +1.573922216e-03 +1.573922216e-03 +7.135157392e+01 +7.135157392e+01 +3.2623e+00 -3.3606e+00 +3.8221e+00
398 +5.899600934e-04 +5.899600934e-04 +7.135058996e+01 +7.135058996e+01 +3.2570e+00 -3.3561e+00 +3.8237e+00
425 +2.778828455e-04 +2.778828455e-04 +7.135027788e+01 +7.135027788e+01 +3.2574e+00 -3.3563e+00 +3.8216e+00
430 +1.749494838e-04 +1.749494838e-04 +7.135017495e+01 +7.135017495e+01 +3.2589e+00 -3.3578e+00 +3.8219e+00
452 +1.458091941e-04 +1.458091941e-04 +7.135014581e+01 +7.135014581e+01 +3.2619e+00 -3.3611e+00 +3.8174e+00
470 +8.824511977e-05 +8.824511977e-05 +7.135008825e+01 +7.135008825e+01 +3.2612e+00 -3.3603e+00 +3.8175e+00
475 +6.282171688e-05 +6.282171688e-05 +7.135006282e+01 +7.135006282e+01 +3.2610e+00 -3.3604e+00 +3.8176e+00
492 +1.664003395e-05 +1.664003395e-05 +7.135001664e+01 +7.135001664e+01 +3.2616e+00 -3.3611e+00 +3.8174e+00
516 +1.481097712e-05 +1.481097712e-05 +7.135001481e+01 +7.135001481e+01 +3.2612e+00 -3.3607e+00 +3.8180e+00
522 +2.671213579e-06 +2.671213579e-06 +7.135000267e+01 +7.135000267e+01 +3.2613e+00 -3.3609e+00 +3.8179e+00
573 +2.104494129e-06 +2.104494129e-06 +7.135000210e+01 +7.135000210e+01 +3.2609e+00 -3.3604e+00 +3.8185e+00
576 +9.631482385e-07 +9.631482385e-07 +7.135000096e+01 +7.135000096e+01 +3.2613e+00 -3.3608e+00 +3.8182e+00
597 +2.590489601e-07 +2.590489601e-07 +7.135000026e+01 +7.135000026e+01 +3.2609e+00 -3.3604e+00 +3.8184e+00
598 +1.768058127e-07 +1.768058127e-07 +7.135000018e+01 +7.135000018e+01 +3.2612e+00 -3.3607e+00 +3.8182e+00
612 +8.059167556e-08 +8.059167556e-08 +7.135000008e+01 +7.135000008e+01 +3.2611e+00 -3.3607e+00 +3.8182e+00
628 +1.076733724e-08 +1.076733724e-08 +7.135000001e+01 +7.135000001e+01 +3.2611e+00 -3.3606e+00 +3.8183e+00
688 +6.009457820e-09 +6.009457820e-09 +7.135000001e+01 +7.135000001e+01 +3.2611e+00 -3.3606e+00 +3.8183e+00
693 +2.590738291e-09 +2.590738291e-09 +7.135000000e+01 +7.135000000e+01 +3.2611e+00 -3.3606e+00 +3.8183e+00
709 +1.187601129e-09 +1.187601129e-09 +7.135000000e+01 +7.135000000e+01 +3.2611e+00 -3.3606e+00 +3.8182e+00
720 +4.422844313e-10 +4.422844313e-10 +7.135000000e+01 +7.135000000e+01 +3.2611e+00 -3.3606e+00 +3.8182e+00
739 +9.084999419e-11 +9.084999419e-11 +7.135000000e+01 +7.135000000e+01 +3.2611e+00 -3.3606e+00 +3.8183e+00
775 +5.684341886e-14 +5.684341886e-14 +7.135000000e+01 +7.135000000e+01 +3.2611e+00 -3.3606e+00 +3.8183e+00
800 +2.842170943e-14 +2.842170943e-14 +7.135000000e+01 +7.135000000e+01 +3.2611e+00 -3.3606e+00 +3.8183e+00
805 +0.000000000e+00 +0.000000000e+00 +7.135000000e+01 +7.135000000e+01 +3.2611e+00 -3.3606e+00 +3.8183e+00
% function evaluation | noise-free fitness - Fopt (-3.552200000000e+02) | best noise-free fitness - Fopt | measured fitness | best measured fitness | x1 | x2...
1 +4.158648442e+01 +4.158648442e+01 -3.136335156e+02 -3.136335156e+02 +2.4680e+00 -2.1964e+00 +2.3143e+00
6 +1.638258086e+01 +1.638258086e+01 -3.388374191e+02 -3.388374191e+02 +2.5489e+00 -1.3789e+00 +3.6996e+00
39 +7.211744762e+00 +7.211744762e+00 -3.480082552e+02 -3.480082552e+02 +4.1056e-01 -3.9007e+00 +4.2060e+00
40 +5.983245761e+00 +5.983245761e+00 -3.492367542e+02 -3.492367542e+02 +2.8140e+00 -4.9585e+00 +4.7828e+00
452 +3.676747319e+00 +3.676747319e+00 -3.515432527e+02 -3.515432527e+02 -8.7038e-01 +2.4288e+00 +3.8263e+00
508 +1.469219500e+00 +1.469219500e+00 -3.537507805e+02 -3.537507805e+02 -8.0510e-01 +2.4481e+00 +3.6392e+00
571 +9.164972077e-01 +9.164972077e-01 -3.543035028e+02 -3.543035028e+02 -8.1882e-01 +2.2622e+00 +3.7274e+00
601 +5.540266079e-01 +5.540266079e-01 -3.546659734e+02 -3.546659734e+02 -8.1548e-01 +2.2785e+00 +3.7590e+00
2012 +3.084805236e-01 +3.084805236e-01 -3.549115195e+02 -3.549115195e+02 +1.7075e-01 -1.1494e+00 +1.3742e+00
2093 +1.737090142e-01 +1.737090142e-01 -3.550462910e+02 -3.550462910e+02 +1.8029e-01 -1.3346e+00 +1.2261e+00
2094 +6.176611291e-02 +6.176611291e-02 -3.551582339e+02 -3.551582339e+02 +1.8414e-01 -1.3425e+00 +1.3094e+00
2128 +2.917480927e-02 +2.917480927e-02 -3.551908252e+02 -3.551908252e+02 +1.8540e-01 -1.3702e+00 +1.2830e+00
2170 +1.408751036e-03 +1.408751036e-03 -3.552185912e+02 -3.552185912e+02 +1.8482e-01 -1.3169e+00 +1.3127e+00
2296 +4.045078739e-04 +4.045078739e-04 -3.552195955e+02 -3.552195955e+02 +1.8470e-01 -1.3100e+00 +1.3125e+00
2309 +1.884082909e-04 +1.884082909e-04 -3.552198116e+02 -3.552198116e+02 +1.8456e-01 -1.3184e+00 +1.3069e+00
2310 +1.513067334e-04 +1.513067334e-04 -3.552198487e+02 -3.552198487e+02 +1.8508e-01 -1.3172e+00 +1.3100e+00
2311 +5.584229660e-05 +5.584229660e-05 -3.552199442e+02 -3.552199442e+02 +1.8516e-01 -1.3160e+00 +1.3099e+00
2335 +1.121518233e-05 +1.121518233e-05 -3.552199888e+02 -3.552199888e+02 +1.8487e-01 -1.3174e+00 +1.3085e+00
2394 +9.161132766e-06 +9.161132766e-06 -3.552199908e+02 -3.552199908e+02 +1.8494e-01 -1.3173e+00 +1.3088e+00
2436 +5.210067059e-06 +5.210067059e-06 -3.552199948e+02 -3.552199948e+02 +1.8512e-01 -1.3169e+00 +1.3088e+00
2452 +2.885368758e-06 +2.885368758e-06 -3.552199971e+02 -3.552199971e+02 +1.8512e-01 -1.3171e+00 +1.3090e+00
2457 +1.990270903e-06 +1.990270903e-06 -3.552199980e+02 -3.552199980e+02 +1.8511e-01 -1.3173e+00 +1.3084e+00
2476 +7.650697853e-08 +7.650697853e-08 -3.552199999e+02 -3.552199999e+02 +1.8507e-01 -1.3171e+00 +1.3087e+00
2529 +1.947694273e-08 +1.947694273e-08 -3.552200000e+02 -3.552200000e+02 +1.8507e-01 -1.3172e+00 +1.3087e+00
2554 +7.592007023e-09 +7.592007023e-09 -3.552200000e+02 -3.552200000e+02 +1.8508e-01 -1.3172e+00 +1.3087e+00
2592 +5.828894700e-09 +5.828894700e-09 -3.552200000e+02 -3.552200000e+02 +1.8507e-01 -1.3172e+00 +1.3087e+00
2594 +5.570655048e-12 +5.570655048e-12 -3.552200000e+02 -3.552200000e+02 +1.8508e-01 -1.3172e+00 +1.3087e+00
2656 +6.252776075e-13 +6.252776075e-13 -3.552200000e+02 -3.552200000e+02 +1.8508e-01 -1.3172e+00 +1.3087e+00
2683 +1.136868377e-13 +1.136868377e-13 -3.552200000e+02 -3.552200000e+02 +1.8508e-01 -1.3172e+00 +1.3087e+00
2693 +5.684341886e-14 +5.684341886e-14 -3.552200000e+02 -3.552200000e+02 +1.8508e-01 -1.3172e+00 +1.3087e+00
2729 +0.000000000e+00 +0.000000000e+00 -3.552200000e+02 -3.552200000e+02 +1.8508e-01 -1.3172e+00 +1.3087e+00
% function evaluation | noise-free fitness - Fopt (9.917000000000e+01) | best noise-free fitness - Fopt | measured fitness | best measured fitness | x1 | x2...
1 +4.602373833e+01 +4.602373833e+01 +1.451937383e+02 +1.451937383e+02 -2.8207e+00 -2.2313e+00 -5.7020e-01
8 +3.219485896e+01 +3.219485896e+01 +1.313648590e+02 +1.313648590e+02 -2.6941e+00 -4.5365e+00 -2.0058e-01
10 +1.729820982e+01 +1.729820982e+01 +1.164682098e+02 +1.164682098e+02 -2.1239e+00 -1.5130e+00 +2.6977e+00
85 +5.165341779e+00 +5.165341779e+00 +1.043353418e+02 +1.043353418e+02 -1.3441e+00 +2.1559e+00 -5.3329e+00
590 +2.988026339e+00 +2.988026339e+00 +1.021580263e+02 +1.021580263e+02 -7.5775e-01 -3.2973e-01 -2.7106e+00
600 +2.236720862e+00 +2.236720862e+00 +1.014067209e+02 +1.014067209e+02 -8.1167e-01 -3.2387e-01 -2.5964e+00
645 +5.263086182e-01 +5.263086182e-01 +9.969630862e+01 +9.969630862e+01 -8.4580e-01 -8.2796e-02 -2.4682e+00
698 +3.712858824e-01 +3.712858824e-01 +9.954128588e+01 +9.954128588e+01 -7.6926e-01 -9.6517e-03 -2.5011e+00
766 +2.393335213e-01 +2.393335213e-01 +9.940933352e+01 +9.940933352e+01 -7.7606e-01 -3.7162e-02 -2.5300e+00
793 +1.087864216e-01 +1.087864216e-01 +9.927878642e+01 +9.927878642e+01 -7.2181e-01 -2.0363e-03 -2.5741e+00
815 +7.348177938e-02 +7.348177938e-02 +9.924348178e+01 +9.924348178e+01 -6.6657e-01 +2.9796e-03 -2.6553e+00
819 +3.898225239e-02 +3.898225239e-02 +9.920898225e+01 +9.920898225e+01 -6.7867e-01 +2.4642e-02 -2.6080e+00
849 +1.473234545e-02 +1.473234545e-02 +9.918473235e+01 +9.918473235e+01 -6.6169e-01 +5.2743e-02 -2.6337e+00
886 +2.923462360e-03 +2.923462360e-03 +9.917292346e+01 +9.917292346e+01 -6.5918e-01 +4.2157e-02 -2.6436e+00
926 +1.341096455e-03 +1.341096455e-03 +9.917134110e+01 +9.917134110e+01 -6.4651e-01 +5.5836e-02 -2.6537e+00
943 +1.863864057e-04 +1.863864057e-04 +9.917018639e+01 +9.917018639e+01 -6.4685e-01 +5.5969e-02 -2.6539e+00
995 +1.235746368e-04 +1.235746368e-04 +9.917012357e+01 +9.917012357e+01 -6.4813e-01 +5.5159e-02 -2.6533e+00
1013 +4.337686826e-05 +4.337686826e-05 +9.917004338e+01 +9.917004338e+01 -6.5104e-01 +5.2205e-02 -2.6499e+00
1062 +2.361117092e-05 +2.361117092e-05 +9.917002361e+01 +9.917002361e+01 -6.5061e-01 +5.2722e-02 -2.6501e+00
1064 +5.014280177e-06 +5.014280177e-06 +9.917000501e+01 +9.917000501e+01 -6.4974e-01 +5.3498e-02 -2.6508e+00
1103 +7.848463071e-07 +7.848463071e-07 +9.917000078e+01 +9.917000078e+01 -6.4947e-01 +5.3803e-02 -2.6512e+00
1115 +5.420996558e-07 +5.420996558e-07 +9.917000054e+01 +9.917000054e+01 -6.4952e-01 +5.3840e-02 -2.6511e+00
1163 +2.055869146e-07 +2.055869146e-07 +9.917000021e+01 +9.917000021e+01 -6.4951e-01 +5.3808e-02 -2.6511e+00
1164 +3.053244768e-08 +3.053244768e-08 +9.917000003e+01 +9.917000003e+01 -6.4958e-01 +5.3716e-02 -2.6511e+00
1247 +1.481724610e-08 +1.481724610e-08 +9.917000001e+01 +9.917000001e+01 -6.4957e-01 +5.3755e-02 -2.6511e+00
1255 +2.739497518e-09 +2.739497518e-09 +9.917000000e+01 +9.917000000e+01 -6.4958e-01 +5.3738e-02 -2.6510e+00
1262 +2.190589043e-09 +2.190589043e-09 +9.917000000e+01 +9.917000000e+01 -6.4958e-01 +5.3741e-02 -2.6510e+00
1277 +1.320785259e-09 +1.320785259e-09 +9.917000000e+01 +9.917000000e+01 -6.4958e-01 +5.3740e-02 -2.6510e+00
1286 +9.751630614e-10 +9.751630614e-10 +9.917000000e+01 +9.917000000e+01 -6.4959e-01 +5.3732e-02 -2.6510e+00
1287 +3.502123036e-10 +3.502123036e-10 +9.917000000e+01 +9.917000000e+01 -6.4957e-01 +5.3746e-02 -2.6511e+00
1288 +5.755396160e-11 +5.755396160e-11 +9.917000000e+01 +9.917000000e+01 -6.4958e-01 +5.3738e-02 -2.6510e+00
1296 +1.504929514e-11 +1.504929514e-11 +9.917000000e+01 +9.917000000e+01 -6.4958e-01 +5.3746e-02 -2.6511e+00
1307 +8.242295735e-13 +8.242295735e-13 +9.917000000e+01 +9.917000000e+01 -6.4958e-01 +5.3745e-02 -2.6511e+00
1312 +2.131628207e-13 +2.131628207e-13 +9.917000000e+01 +9.917000000e+01 -6.4958e-01 +5.3740e-02 -2.6511e+00
1345 +5.684341886e-14 +5.684341886e-14 +9.917000000e+01 +9.917000000e+01 -6.4958e-01 +5.3744e-02 -2.6511e+00
1352 +1.421085472e-14 +1.421085472e-14 +9.917000000e+01 +9.917000000e+01 -6.4958e-01 +5.3743e-02 -2.6511e+00
1363 +0.000000000e+00 +0.000000000e+00 +9.917000000e+01 +9.917000000e+01 -6.4958e-01 +5.3741e-02 -2.6511e+00
% function evaluation | noise-free fitness - Fopt (-5.179100000000e+02) | best noise-free fitness - Fopt | measured fitness | best measured fitness | x1 | x2...
1 +6.844210463e+01 +6.844210463e+01 -4.494678954e+02 -4.494678954e+02 +3.1401e+00 -3.6119e+00 -3.9413e+00
5 +4.593834704e+01 +4.593834704e+01 -4.719716530e+02 -4.719716530e+02 +5.4983e+00 -2.3765e+00 -5.9094e+00
6 +1.759498360e+01 +1.759498360e+01 -5.003150164e+02 -5.003150164e+02 +3.2211e+00 -2.7945e+00 -2.5560e+00
90 +1.183826432e+01 +1.183826432e+01 -5.060717357e+02 -5.060717357e+02 +3.1567e+00 -4.8510e+00 -4.3264e+00
262 +9.168957256e+00 +9.168957256e+00 -5.087410427e+02 -5.087410427e+02 +4.4175e+00 -6.4299e+00 -4.4808e+00
1728 +4.741140649e+00 +4.741140649e+00 -5.131688594e+02 -5.131688594e+02 +2.6883e+00 +4.6942e+00 -1.9876e+00
1768 +2.461976999e+00 +2.461976999e+00 -5.154480230e+02 -5.154480230e+02 +2.4337e+00 +5.2163e+00 -3.0499e+00
1926 +1.548450943e+00 +1.548450943e+00 -5.163615491e+02 -5.163615491e+02 +2.2609e+00 +5.5901e+00 -3.5577e+00
4233 +6.155155606e-01 +6.155155606e-01 -5.172944844e+02 -5.172944844e+02 -3.7121e+00 +4.5548e+00 +3.2168e+00
4266 +1.237725062e-01 +1.237725062e-01 -5.177862275e+02 -5.177862275e+02 -3.7244e+00 +4.7251e+00 +2.9624e+00
4439 +1.131943839e-02 +1.131943839e-02 -5.178986806e+02 -5.178986806e+02 -3.6992e+00 +4.7198e+00 +2.8973e+00
4478 +3.714540679e-03 +3.714540679e-03 -5.179062855e+02 -5.179062855e+02 -3.7013e+00 +4.7248e+00 +2.8955e+00
4685 +1.722078152e-03 +1.722078152e-03 -5.179082779e+02 -5.179082779e+02 -3.7073e+00 +4.7032e+00 +2.9266e+00
4698 +1.110452008e-03 +1.110452008e-03 -5.179088895e+02 -5.179088895e+02 -3.7055e+00 +4.7119e+00 +2.9169e+00
4739 +7.162787099e-04 +7.162787099e-04 -5.179092837e+02 -5.179092837e+02 -3.7030e+00 +4.7228e+00 +2.9008e+00
4788 +4.274125117e-04 +4.274125117e-04 -5.179095726e+02 -5.179095726e+02 -3.7027e+00 +4.7156e+00 +2.9083e+00
4819 +3.198878193e-04 +3.198878193e-04 -5.179096801e+02 -5.179096801e+02 -3.7055e+00 +4.7161e+00 +2.9102e+00
4826 +2.108004252e-04 +2.108004252e-04 -5.179097892e+02 -5.179097892e+02 -3.7033e+00 +4.7186e+00 +2.9053e+00
4828 +1.458706616e-04 +1.458706616e-04 -5.179098541e+02 -5.179098541e+02 -3.7029e+00 +4.7157e+00 +2.9084e+00
4834 +8.244654941e-05 +8.244654941e-05 -5.179099176e+02 -5.179099176e+02 -3.7040e+00 +4.7180e+00 +2.9066e+00
4867 +5.806831120e-05 +5.806831120e-05 -5.179099419e+02 -5.179099419e+02 -3.7045e+00 +4.7166e+00 +2.9084e+00
4877 +1.805394754e-05 +1.805394754e-05 -5.179099819e+02 -5.179099819e+02 -3.7039e+00 +4.7162e+00 +2.9094e+00
4938 +6.990295446e-06 +6.990295446e-06 -5.179099930e+02 -5.179099930e+02 -3.7042e+00 +4.7168e+00 +2.9084e+00
4956 +5.030430430e-06 +5.030430430e-06 -5.179099950e+02 -5.179099950e+02 -3.7042e+00 +4.7161e+00 +2.9092e+00
5000 +2.061602004e-06 +2.061602004e-06 -5.179099979e+02 -5.179099979e+02 -3.7042e+00 +4.7163e+00 +2.9090e+00
5025 +1.422437549e-06 +1.422437549e-06 -5.179099986e+02 -5.179099986e+02 -3.7041e+00 +4.7163e+00 +2.9089e+00
% function evaluation | noise-free fitness - Fopt (-5.721000000000e+01) | best noise-free fitness - Fopt | measured fitness | best measured fitness | x1 | x2...
1 +3.813473792e+01 +3.813473792e+01 -1.907526208e+01 -1.907526208e+01 +3.9762e-01 +1.0530e+00 +7.9174e-02
10 +1.851580232e+01 +1.851580232e+01 -3.869419768e+01 -3.869419768e+01 -1.5173e-01 +5.3221e+00 +8.4063e-01
136 +1.534616039e+01 +1.534616039e+01 -4.186383961e+01 -4.186383961e+01 -5.7440e+00 +4.3488e+00 -7.1477e-01
243 +9.374043988e+00 +9.374043988e+00 -4.783595601e+01 -4.783595601e+01 -6.5867e+00 +8.2924e-01 +7.2542e-01
1428 +3.898977611e+00 +3.898977611e+00 -5.331102239e+01 -5.331102239e+01 +4.5354e+00 -1.4685e+00 +2.8514e+00
1685 +2.002545162e-01 +2.002545162e-01 -5.700974548e+01 -5.700974548e+01 +3.0014e+00 -8.4013e-01 +4.9980e-01
1841 +2.859080347e-02 +2.859080347e-02 -5.718140920e+01 -5.718140920e+01 +3.1943e+00 -6.0967e-01 +1.3014e-01
1899 +2.456968316e-02 +2.456968316e-02 -5.718543032e+01 -5.718543032e+01 +3.1354e+00 -6.7472e-01 +2.6346e-01
1938 +6.379528450e-03 +6.379528450e-03 -5.720362047e+01 -5.720362047e+01 +3.1663e+00 -6.4459e-01 +2.0697e-01
1942 +1.981665447e-03 +1.981665447e-03 -5.720801833e+01 -5.720801833e+01 +3.1685e+00 -6.4471e-01 +1.9916e-01
1993 +1.069802532e-03 +1.069802532e-03 -5.720893020e+01 -5.720893020e+01 +3.1649e+00 -6.4453e-01 +1.9893e-01
2032 +4.707338873e-04 +4.707338873e-04 -5.720952927e+01 -5.720952927e+01 +3.1641e+00 -6.4720e-01 +2.0720e-01
2048 +2.100133092e-04 +2.100133092e-04 -5.720978999e+01 -5.720978999e+01 +3.1686e+00 -6.4248e-01 +1.9793e-01
2065 +6.590068683e-05 +6.590068683e-05 -5.720993410e+01 -5.720993410e+01 +3.1698e+00 -6.4070e-01 +1.9396e-01
2109 +2.344820953e-05 +2.344820953e-05 -5.720997655e+01 -5.720997655e+01 +3.1686e+00 -6.4243e-01 +1.9667e-01
2181 +1.436989190e-05 +1.436989190e-05 -5.720998563e+01 -5.720998563e+01 +3.1679e+00 -6.4310e-01 +1.9813e-01
2191 +1.435610990e-06 +1.435610990e-06 -5.720999856e+01 -5.720999856e+01 +3.1674e+00 -6.4362e-01 +1.9914e-01
2253 +5.900629176e-07 +5.900629176e-07 -5.720999941e+01 -5.720999941e+01 +3.1674e+00 -6.4377e-01 +1.9949e-01
2283 +2.314200458e-07 +2.314200458e-07 -5.720999977e+01 -5.720999977e+01 +3.1674e+00 -6.4367e-01 +1.9922e-01
2326 +1.567632708e-07 +1.567632708e-07 -5.720999984e+01 -5.720999984e+01 +3.1674e+00 -6.4371e-01 +1.9928e-01
2329 +5.708264439e-08 +5.708264439e-08 -5.720999994e+01 -5.720999994e+01 +3.1674e+00 -6.4372e-01 +1.9930e-01
2342 +3.344794663e-09 +3.344794663e-09 -5.721000000e+01 -5.721000000e+01 +3.1674e+00 -6.4371e-01 +1.9931e-01
2391 +1.339408584e-09 +1.339408584e-09 -5.721000000e+01 -5.721000000e+01 +3.1674e+00 -6.4371e-01 +1.9930e-01
2411 +9.018918945e-10 +9.018918945e-10 -5.721000000e+01 -5.721000000e+01 +3.1674e+00 -6.4371e-01 +1.9931e-01
2466 +3.716138508e-12 +3.716138508e-12 -5.721000000e+01 -5.721000000e+01 +3.1674e+00 -6.4372e-01 +1.9932e-01
2491 +4.973799150e-13 +4.973799150e-13 -5.721000000e+01 -5.721000000e+01 +3.1674e+00 -6.4372e-01 +1.9932e-01
2538 +9.947598301e-14 +9.947598301e-14 -5.721000000e+01 -5.721000000e+01 +3.1674e+00 -6.4372e-01 +1.9932e-01
2542 +7.105427358e-15 +7.105427358e-15 -5.721000000e+01 -5.721000000e+01 +3.1674e+00 -6.4371e-01 +1.9931e-01
2560 +0.000000000e+00 +0.000000000e+00 -5.721000000e+01 -5.721000000e+01 +3.1674e+00 -6.4371e-01 +1.9931e-01
% function evaluation | noise-free fitness - Fopt (-2.778000000000e+01) | best noise-free fitness - Fopt | measured fitness | best measured fitness | x1 | x2...
1 +1.324262509e+02 +1.324262509e+02 +1.046462509e+02 +1.046462509e+02 +5.2196e-02 -1.4748e+00 +8.7325e-01
2 +7.044435577e+01 +7.044435577e+01 +4.266435577e+01 +4.266435577e+01 -1.2492e+00 -1.9073e+00 -1.3043e+00
6 +6.031591111e+01 +6.031591111e+01 +3.253591111e+01 +3.253591111e+01 +1.3315e-01 -6.5741e-01 +2.2586e+00
10 +3.154266280e+01 +3.154266280e+01 +3.762662799e+00 +3.762662799e+00 -2.8387e+00 -1.2223e+00 +2.7709e+00
11 +7.329992000e+00 +7.329992000e+00 -2.045000800e+01 -2.045000800e+01 -1.4868e+00 +1.1226e+00 +9.9190e-01
71 +4.439287175e+00 +4.439287175e+00 -2.334071282e+01 -2.334071282e+01 -3.3805e+00 +1.6194e+00 +3.1000e+00
200 +2.975719464e+00 +2.975719464e+00 -2.480428054e+01 -2.480428054e+01 -3.5997e+00 +1.1800e+00 +2.8464e+00
233 +2.184016518e+00 +2.184016518e+00 -2.559598348e+01 -2.559598348e+01 -3.6049e+00 +1.2290e+00 +2.8268e+00
259 +7.343847524e-01 +7.343847524e-01 -2.704561525e+01 -2.704561525e+01 -3.4963e+00 +1.8381e+00 +3.1559e+00
273 +4.703192977e-01 +4.703192977e-01 -2.730968070e+01 -2.730968070e+01 -3.4131e+00 +2.1792e+00 +3.2670e+00
327 +2.867049434e-01 +2.867049434e-01 -2.749329506e+01 -2.749329506e+01 -3.3882e+00 +2.0221e+00 +3.3203e+00
345 +4.578553571e-02 +4.578553571e-02 -2.773421446e+01 -2.773421446e+01 -3.4162e+00 +2.0051e+00 +3.2385e+00
362 +3.392546121e-02 +3.392546121e-02 -2.774607454e+01 -2.774607454e+01 -3.4103e+00 +2.0014e+00 +3.2768e+00
379 +2.431741395e-02 +2.431741395e-02 -2.775568259e+01 -2.775568259e+01 -3.4040e+00 +2.0311e+00 +3.3044e+00
398 +6.147325409e-03 +6.147325409e-03 -2.777385267e+01 -2.777385267e+01 -3.4131e+00 +2.0189e+00 +3.2862e+00
458 +3.241169581e-03 +3.241169581e-03 -2.777675883e+01 -2.777675883e+01 -3.4056e+00 +2.0558e+00 +3.3046e+00
474 +1.927217336e-03 +1.927217336e-03 -2.777807278e+01 -2.777807278e+01 -3.4091e+00 +2.0442e+00 +3.2962e+00
487 +6.188018567e-04 +6.188018567e-04 -2.777938120e+01 -2.777938120e+01 -3.4089e+00 +2.0415e+00 +3.2940e+00
507 +2.461321549e-04 +2.461321549e-04 -2.777975387e+01 -2.777975387e+01 -3.4127e+00 +2.0291e+00 +3.2837e+00
529 +1.349973020e-04 +1.349973020e-04 -2.777986500e+01 -2.777986500e+01 -3.4119e+00 +2.0352e+00 +3.2879e+00
551 +2.461386205e-05 +2.461386205e-05 -2.777997539e+01 -2.777997539e+01 -3.4119e+00 +2.0322e+00 +3.2867e+00
571 +1.082539972e-05 +1.082539972e-05 -2.777998917e+01 -2.777998917e+01 -3.4120e+00 +2.0322e+00 +3.2861e+00
601 +6.752249124e-06 +6.752249124e-06 -2.777999325e+01 -2.777999325e+01 -3.4120e+00 +2.0324e+00 +3.2860e+00
616 +3.501653229e-06 +3.501653229e-06 -2.777999650e+01 -2.777999650e+01 -3.4118e+00 +2.0334e+00 +3.2868e+00
628 +9.695075960e-07 +9.695075960e-07 -2.777999903e+01 -2.777999903e+01 -3.4119e+00 +2.0330e+00 +3.2865e+00
639 +4.761295003e-08 +4.761295003e-08 -2.777999995e+01 -2.777999995e+01 -3.4120e+00 +2.0326e+00 +3.2862e+00
736 +2.497350948e-08 +2.497350948e-08 -2.777999998e+01 -2.777999998e+01 -3.4120e+00 +2.0327e+00 +3.2863e+00
769 +8.257252659e-09 +8.257252659e-09 -2.777999999e+01 -2.777999999e+01 -3.4120e+00 +2.0327e+00 +3.2862e+00
775 +3.308802121e-09 +3.308802121e-09 -2.778000000e+01 -2.778000000e+01 -3.4120e+00 +2.0327e+00 +3.2862e+00
780 +1.128402261e-09 +1.128402261e-09 -2.778000000e+01 -2.778000000e+01 -3.4120e+00 +2.0326e+00 +3.2862e+00
800 +1.568878361e-11 +1.568878361e-11 -2.778000000e+01 -2.778000000e+01 -3.4120e+00 +2.0327e+00 +3.2862e+00
824 +1.065814104e-14 +1.065814104e-14 -2.778000000e+01 -2.778000000e+01 -3.4120e+00 +2.0327e+00 +3.2863e+00
873 +3.552713679e-15 +3.552713679e-15 -2.778000000e+01 -2.778000000e+01 -3.4120e+00 +2.0327e+00 +3.2863e+00
886 +0.000000000e+00 +0.000000000e+00 -2.778000000e+01 -2.778000000e+01 -3.4120e+00 +2.0327e+00 +3.2863e+00
% function evaluation | noise-free fitness - Fopt (-4.871000000000e+01) | best noise-free fitness - Fopt | measured fitness | best measured fitness | x1 | x2...
1 +2.130768646e+01 +2.130768646e+01 -2.740231354e+01 -2.740231354e+01 +7.4008e-01 -1.6027e+00 +1.4378e+00
64 +1.516084801e+01 +1.516084801e+01 -3.354915199e+01 -3.354915199e+01 -5.0603e+00 -1.3944e+00 -2.6080e+00
175 +2.480171851e+00 +2.480171851e+00 -4.622982815e+01 -4.622982815e+01 +4.5686e-01 +1.9748e+00 +4.6841e+00
392 +1.476238655e+00 +1.476238655e+00 -4.723376134e+01 -4.723376134e+01 -4.8032e+00 +4.1734e+00 +1.2854e+00
425 +7.186998338e-01 +7.186998338e-01 -4.799130017e+01 -4.799130017e+01 -4.7333e+00 +4.1912e+00 +1.3111e+00
436 +5.261182462e-01 +5.261182462e-01 -4.818388175e+01 -4.818388175e+01 -4.8621e+00 +4.2400e+00 +1.3004e+00
457 +3.873927414e-01 +3.873927414e-01 -4.832260726e+01 -4.832260726e+01 -4.7630e+00 +4.2974e+00 +1.3906e+00
467 +1.331681015e-01 +1.331681015e-01 -4.857683190e+01 -4.857683190e+01 -4.7451e+00 +4.2091e+00 +1.3015e+00
555 +9.910829374e-02 +9.910829374e-02 -4.861089171e+01 -4.861089171e+01 -4.7921e+00 +4.2293e+00 +1.2966e+00
590 +5.822621085e-02 +5.822621085e-02 -4.865177379e+01 -4.865177379e+01 -4.7906e+00 +4.2315e+00 +1.2975e+00
719 +3.931509620e-02 +3.931509620e-02 -4.867068490e+01 -4.867068490e+01 -4.7955e+00 +4.2323e+00 +1.2958e+00
% function evaluation | noise-free fitness - Fopt (-1.667900000000e+02) | best noise-free fitness - Fopt | measured fitness | best measured fitness | x1 | x2...
1 +3.592796980e+01 +3.592796980e+01 -1.308620302e+02 -1.308620302e+02 +1.1018e+00 -5.2072e-01 +3.7855e+00
16 +2.465983889e+01 +2.465983889e+01 -1.421301611e+02 -1.421301611e+02 +3.5492e+00 -5.4871e-01 +4.1936e+00
20 +1.249637686e+01 +1.249637686e+01 -1.542936231e+02 -1.542936231e+02 +6.2469e-01 -1.3619e+00 +3.3635e+00
77 +9.661255068e+00 +9.661255068e+00 -1.571287449e+02 -1.571287449e+02 +2.8207e+00 -2.9439e+00 +3.8320e+00
146 +5.578077796e+00 +5.578077796e+00 -1.612119222e+02 -1.612119222e+02 +3.1422e+00 -2.0763e+00 +3.7097e+00
171 +3.968303629e+00 +3.968303629e+00 -1.628216964e+02 -1.628216964e+02 +3.0599e+00 -2.2699e+00 +3.5685e+00
198 +2.158215297e+00 +2.158215297e+00 -1.646317847e+02 -1.646317847e+02 +2.8990e+00 -2.7962e+00 +3.5275e+00
221 +1.375827580e+00 +1.375827580e+00 -1.654141724e+02 -1.654141724e+02 +2.8084e+00 -2.6758e+00 +3.8204e+00
246 +9.371487090e-01 +9.371487090e-01 -1.658528513e+02 -1.658528513e+02 +2.8312e+00 -2.6649e+00 +3.7728e+00
299 +5.591201630e-01 +5.591201630e-01 -1.662308798e+02 -1.662308798e+02 +2.7745e+00 -2.6720e+00 +3.9030e+00
320 +2.198926203e-01 +2.198926203e-01 -1.665701074e+02 -1.665701074e+02 +2.7214e+00 -2.6891e+00 +4.0005e+00
338 +2.358496198e-02 +2.358496198e-02 -1.667664150e+02 -1.667664150e+02 +2.7168e+00 -2.7067e+00 +4.0333e+00
508 +1.508849835e-02 +1.508849835e-02 -1.667749115e+02 -1.667749115e+02 +2.7146e+00 -2.7206e+00 +4.0328e+00
620 +9.729462175e-03 +9.729462175e-03 -1.667802705e+02 -1.667802705e+02 +2.7152e+00 -2.7131e+00 +4.0335e+00
2107 +3.994641476e-03 +3.994641476e-03 -1.667860054e+02 -1.667860054e+02 -2.6285e+00 -9.5246e-02 -3.5852e-01
2132 +1.828487732e-03 +1.828487732e-03 -1.667881715e+02 -1.667881715e+02 -2.6282e+00 -1.2199e-01 -3.7395e-01
2137 +1.510558536e-03 +1.510558536e-03 -1.667884894e+02 -1.667884894e+02 -2.6307e+00 -1.2598e-01 -3.7003e-01
2169 +4.509211616e-04 +4.509211616e-04 -1.667895491e+02 -1.667895491e+02 -2.6325e+00 -1.2040e-01 -3.6211e-01
2205 +3.820998360e-04 +3.820998360e-04 -1.667896179e+02 -1.667896179e+02 -2.6310e+00 -1.2337e-01 -3.6740e-01
2242 +8.773245244e-05 +8.773245244e-05 -1.667899123e+02 -1.667899123e+02 -2.6317e+00 -1.2311e-01 -3.6588e-01
2271 +8.140211037e-06 +8.140211037e-06 -1.667899919e+02 -1.667899919e+02 -2.6320e+00 -1.2255e-01 -3.6450e-01
2384 +5.544832220e-06 +5.544832220e-06 -1.667899945e+02 -1.667899945e+02 -2.6317e+00 -1.2132e-01 -3.6448e-01
2394 +2.772587521e-06 +2.772587521e-06 -1.667899972e+02 -1.667899972e+02 -2.6318e+00 -1.2147e-01 -3.6434e-01
2406 +1.966856161e-06 +1.966856161e-06 -1.667899980e+02 -1.667899980e+02 -2.6319e+00 -1.2213e-01 -3.6459e-01
2435 +4.444054298e-07 +4.444054298e-07 -1.667899996e+02 -1.667899996e+02 -2.6318e+00 -1.2176e-01 -3.6443e-01
2442 +2.716624579e-07 +2.716624579e-07 -1.667899997e+02 -1.667899997e+02 -2.6318e+00 -1.2175e-01 -3.6449e-01
2475 +1.512991901e-07 +1.512991901e-07 -1.667899998e+02 -1.667899998e+02 -2.6318e+00 -1.2179e-01 -3.6449e-01
2486 +7.003589531e-08 +7.003589531e-08 -1.667899999e+02 -1.667899999e+02 -2.6319e+00 -1.2190e-01 -3.6448e-01
2493 +2.730467941e-08 +2.730467941e-08 -1.667900000e+02 -1.667900000e+02 -2.6319e+00 -1.2189e-01 -3.6451e-01
2529 +1.035729724e-08 +1.035729724e-08 -1.667900000e+02 -1.667900000e+02 -2.6318e+00 -1.2180e-01 -3.6447e-01
2545 +4.093124062e-09 +4.093124062e-09 -1.667900000e+02 -1.667900000e+02 -2.6319e+00 -1.2186e-01 -3.6447e-01
2586 +1.482248990e-09 +1.482248990e-09 -1.667900000e+02 -1.667900000e+02 -2.6319e+00 -1.2184e-01 -3.6448e-01
2587 +2.878550731e-10 +2.878550731e-10 -1.667900000e+02 -1.667900000e+02 -2.6319e+00 -1.2187e-01 -3.6449e-01
2599 +5.573497219e-11 +5.573497219e-11 -1.667900000e+02 -1.667900000e+02 -2.6319e+00 -1.2185e-01 -3.6448e-01
2639 +9.379164112e-12 +9.379164112e-12 -1.667900000e+02 -1.667900000e+02 -2.6319e+00 -1.2186e-01 -3.6448e-01
2644 +2.074784788e-12 +2.074784788e-12 -1.667900000e+02 -1.667900000e+02 -2.6319e+00 -1.2186e-01 -3.6448e-01
2646 +1.222133506e-12 +1.222133506e-12 -1.667900000e+02 -1.667900000e+02 -2.6319e+00 -1.2186e-01 -3.6448e-01
2664 +7.958078641e-13 +7.958078641e-13 -1.667900000e+02 -1.667900000e+02 -2.6319e+00 -1.2186e-01 -3.6448e-01
2668 +5.115907697e-13 +5.115907697e-13 -1.667900000e+02 -1.667900000e+02 -2.6319e+00 -1.2185e-01 -3.6448e-01
2683 +5.684341886e-14 +5.684341886e-14 -1.667900000e+02 -1.667900000e+02 -2.6319e+00 -1.2186e-01 -3.6448e-01
2695 +0.000000000e+00 +0.000000000e+00 -1.667900000e+02 -1.667900000e+02 -2.6319e+00 -1.2185e-01 -3.6448e-01
% function evaluation | noise-free fitness - Fopt (1.000000000000e+03) | best noise-free fitness - Fopt | measured fitness | best measured fitness | x1 | x2...
1 +4.287735933e+01 +4.287735933e+01 +1.042877359e+03 +1.042877359e+03 +2.5694e+00 +3.2439e+00 -2.5723e+00
7 +3.058473963e+01 +3.058473963e+01 +1.030584740e+03 +1.030584740e+03 +4.1289e+00 +5.1477e+00 -5.3292e+00
13 +1.186638535e+01 +1.186638535e+01 +1.011866385e+03 +1.011866385e+03 +2.3701e+00 +3.9134e+00 -3.5041e+00
15 +9.091315590e+00 +9.091315590e+00 +1.009091316e+03 +1.009091316e+03 -3.0138e-01 +1.3166e+00 -3.5505e+00
24 +8.128258699e-01 +8.128258699e-01 +1.000812826e+03 +1.000812826e+03 +1.0778e+00 +3.1027e+00 -2.6453e+00
204 +2.056050312e-01 +2.056050312e-01 +1.000205605e+03 +1.000205605e+03 +7.1564e-01 +4.4177e+00 -3.8946e+00
263 +4.583447936e-02 +4.583447936e-02 +1.000045834e+03 +1.000045834e+03 +5.7900e-01 +4.4022e+00 -3.8737e+00
307 +5.665342261e-03 +5.665342261e-03 +1.000005665e+03 +1.000005665e+03 +6.1465e-01 +4.4118e+00 -3.8434e+00
417 +2.270279345e-03 +2.270279345e-03 +1.000002270e+03 +1.000002270e+03 +6.1781e-01 +4.4312e+00 -3.8209e+00
505 +1.532987631e-03 +1.532987631e-03 +1.000001533e+03 +1.000001533e+03 +6.2211e-01 +4.4330e+00 -3.8172e+00
1749 +7.449731957e-04 +7.449731957e-04 +1.000000745e+03 +1.000000745e+03 -3.1016e-01 -1.7547e+00 +1.5932e+00
1795 +1.591109896e-04 +1.591109896e-04 +1.000000159e+03 +1.000000159e+03 -3.0368e-01 -1.7513e+00 +1.5991e+00
1825 +9.118018716e-05 +9.118018716e-05 +1.000000091e+03 +1.000000091e+03 -3.0829e-01 -1.7536e+00 +1.5970e+00
1855 +3.204725431e-05 +3.204725431e-05 +1.000000032e+03 +1.000000032e+03 -3.0588e-01 -1.7525e+00 +1.5990e+00
1887 +2.263814622e-05 +2.263814622e-05 +1.000000023e+03 +1.000000023e+03 -3.0520e-01 -1.7525e+00 +1.5981e+00
1919 +1.135004754e-05 +1.135004754e-05 +1.000000011e+03 +1.000000011e+03 -3.0642e-01 -1.7527e+00 +1.5985e+00
1942 +1.969295681e-06 +1.969295681e-06 +1.000000002e+03 +1.000000002e+03 -3.0659e-01 -1.7528e+00 +1.5979e+00
1984 +1.086692237e-06 +1.086692237e-06 +1.000000001e+03 +1.000000001e+03 -3.0643e-01 -1.7528e+00 +1.5979e+00
1998 +7.022628097e-07 +7.022628097e-07 +1.000000001e+03 +1.000000001e+03 -3.0623e-01 -1.7527e+00 +1.5980e+00
2010 +4.704021421e-07 +4.704021421e-07 +1.000000000e+03 +1.000000000e+03 -3.0617e-01 -1.7527e+00 +1.5981e+00
2044 +1.089771331e-07 +1.089771331e-07 +1.000000000e+03 +1.000000000e+03 -3.0591e-01 -1.7526e+00 +1.5983e+00
2100 +9.039456472e-08 +9.039456472e-08 +1.000000000e+03 +1.000000000e+03 -3.0588e-01 -1.7526e+00 +1.5983e+00
2132 +4.093931238e-08 +4.093931238e-08 +1.000000000e+03 +1.000000000e+03 -3.0580e-01 -1.7525e+00 +1.5985e+00
2145 +2.979243163e-08 +2.979243163e-08 +1.000000000e+03 +1.000000000e+03 -3.0597e-01 -1.7526e+00 +1.5983e+00
2150 +7.544940672e-09 +7.544940672e-09 +1.000000000e+03 +1.000000000e+03 -3.0595e-01 -1.7526e+00 +1.5983e+00
2183 +3.156628736e-09 +3.156628736e-09 +1.000000000e+03 +1.000000000e+03 -3.0597e-01 -1.7526e+00 +1.5983e+00
2202 +1.115267878e-09 +1.115267878e-09 +1.000000000e+03 +1.000000000e+03 -3.0596e-01 -1.7526e+00 +1.5983e+00
2231 +7.028120308e-10 +7.028120308e-10 +1.000000000e+03 +1.000000000e+03 -3.0595e-01 -1.7526e+00 +1.5983e+00
2258 +5.461515684e-10 +5.461515684e-10 +1.000000000e+03 +1.000000000e+03 -3.0593e-01 -1.7526e+00 +1.5983e+00
2277 +2.753495210e-10 +2.753495210e-10 +1.000000000e+03 +1.000000000e+03 -3.0594e-01 -1.7526e+00 +1.5983e+00
2279 +7.946709957e-11 +7.946709957e-11 +1.000000000e+03 +1.000000000e+03 -3.0594e-01 -1.7526e+00 +1.5983e+00
2289 +1.341504685e-11 +1.341504685e-11 +1.000000000e+03 +1.000000000e+03 -3.0594e-01 -1.7526e+00 +1.5983e+00
2291 +3.637978807e-12 +3.637978807e-12 +1.000000000e+03 +1.000000000e+03 -3.0595e-01 -1.7526e+00 +1.5983e+00
2302 +1.477928890e-12 +1.477928890e-12 +1.000000000e+03 +1.000000000e+03 -3.0594e-01 -1.7526e+00 +1.5983e+00
2337 +3.410605132e-13 +3.410605132e-13 +1.000000000e+03 +1.000000000e+03 -3.0595e-01 -1.7526e+00 +1.5983e+00
2353 +2.273736754e-13 +2.273736754e-13 +1.000000000e+03 +1.000000000e+03 -3.0595e-01 -1.7526e+00 +1.5983e+00
2367 +1.136868377e-13 +1.136868377e-13 +1.000000000e+03 +1.000000000e+03 -3.0595e-01 -1.7526e+00 +1.5983e+00
2371 +0.000000000e+00 +0.000000000e+00 +1.000000000e+03 +1.000000000e+03 -3.0595e-01 -1.7526e+00 +1.5983e+00
% function evaluation | noise-free fitness - Fopt (-1.847000000000e+01) | best noise-free fitness - Fopt | measured fitness | best measured fitness | x1 | x2...
1 +1.646821359e+02 +1.646821359e+02 +1.462121359e+02 +1.462121359e+02 -3.4680e+00 -2.9690e+00 -1.7522e+00
3 +1.301726869e+02 +1.301726869e+02 +1.117026869e+02 +1.117026869e+02 -5.6098e+00 -2.4036e+00 -1.6872e+00
4 +9.923870033e+01 +9.923870033e+01 +8.076870033e+01 +8.076870033e+01 -2.5789e+00 -1.8305e+00 +1.1730e+00
6 +3.285536659e+01 +3.285536659e+01 +1.438536659e+01 +1.438536659e+01 -3.3870e+00 -2.1515e+00 -3.6684e-01
15 +1.997087868e+01 +1.997087868e+01 +1.500878682e+00 +1.500878682e+00 -5.7851e+00 -3.6832e+00 +2.7846e+00
23 +1.444481086e+01 +1.444481086e+01 -4.025189143e+00 -4.025189143e+00 -4.2120e+00 -3.1167e+00 -1.4805e+00
41 +5.004802565e+00 +5.004802565e+00 -1.346519743e+01 -1.346519743e+01 -2.9609e+00 -1.6978e+00 -5.4125e-01
190 +3.660178163e+00 +3.660178163e+00 -1.480982184e+01 -1.480982184e+01 -5.0906e+00 +2.1249e+00 +1.2031e+00
217 +9.836965657e-01 +9.836965657e-01 -1.748630343e+01 -1.748630343e+01 -4.9268e+00 +2.1456e+00 +1.2810e+00
269 +3.969339719e-01 +3.969339719e-01 -1.807306603e+01 -1.807306603e+01 -4.7716e+00 +2.1655e+00 +1.2004e+00
271 +2.252646877e-01 +2.252646877e-01 -1.824473531e+01 -1.824473531e+01 -4.7328e+00 +2.2049e+00 +1.2059e+00
276 +1.376342172e-01 +1.376342172e-01 -1.833236578e+01 -1.833236578e+01 -4.8550e+00 +2.1693e+00 +1.2870e+00
281 +8.293009248e-02 +8.293009248e-02 -1.838706991e+01 -1.838706991e+01 -4.8868e+00 +2.1842e+00 +1.2447e+00
284 +5.937445002e-02 +5.937445002e-02 -1.841062555e+01 -1.841062555e+01 -4.9128e+00 +2.1759e+00 +1.2986e+00
363 +3.497989037e-02 +3.497989037e-02 -1.843502011e+01 -1.843502011e+01 -4.9305e+00 +2.1769e+00 +1.2970e+00
380 +1.591017174e-02 +1.591017174e-02 -1.845408983e+01 -1.845408983e+01 -4.9197e+00 +2.1703e+00 +1.2823e+00
391 +6.396701071e-03 +6.396701071e-03 -1.846360330e+01 -1.846360330e+01 -4.9079e+00 +2.1759e+00 +1.2702e+00
421 +4.356296117e-03 +4.356296117e-03 -1.846564370e+01 -1.846564370e+01 -4.8709e+00 +2.1817e+00 +1.2666e+00
430 +2.687717456e-03 +2.687717456e-03 -1.846731228e+01 -1.846731228e+01 -4.8916e+00 +2.1783e+00 +1.2693e+00
457 +1.175231129e-03 +1.175231129e-03 -1.846882477e+01 -1.846882477e+01 -4.8842e+00 +2.1772e+00 +1.2785e+00
490 +5.714487005e-04 +5.714487005e-04 -1.846942855e+01 -1.846942855e+01 -4.8745e+00 +2.1789e+00 +1.2748e+00
493 +9.435712552e-05 +9.435712552e-05 -1.846990564e+01 -1.846990564e+01 -4.8826e+00 +2.1784e+00 +1.2737e+00
526 +2.382611325e-05 +2.382611325e-05 -1.846997617e+01 -1.846997617e+01 -4.8803e+00 +2.1786e+00 +1.2741e+00
561 +1.051715876e-05 +1.051715876e-05 -1.846998948e+01 -1.846998948e+01 -4.8800e+00 +2.1785e+00 +1.2742e+00
568 +6.642417578e-06 +6.642417578e-06 -1.846999336e+01 -1.846999336e+01 -4.8802e+00 +2.1787e+00 +1.2743e+00
616 +4.858347260e-06 +4.858347260e-06 -1.846999514e+01 -1.846999514e+01 -4.8789e+00 +2.1788e+00 +1.2736e+00
628 +1.772500248e-06 +1.772500248e-06 -1.846999823e+01 -1.846999823e+01 -4.8793e+00 +2.1788e+00 +1.2739e+00
680 +3.454068924e-07 +3.454068924e-07 -1.846999965e+01 -1.846999965e+01 -4.8794e+00 +2.1787e+00 +1.2739e+00
683 +8.023213027e-08 +8.023213027e-08 -1.846999992e+01 -1.846999992e+01 -4.8792e+00 +2.1787e+00 +1.2740e+00
692 +4.858362246e-08 +4.858362246e-08 -1.846999995e+01 -1.846999995e+01 -4.8793e+00 +2.1787e+00 +1.2740e+00
716 +2.697879964e-08 +2.697879964e-08 -1.846999997e+01 -1.846999997e+01 -4.8793e+00 +2.1787e+00 +1.2740e+00
766 +2.342196836e-08 +2.342196836e-08 -1.846999998e+01 -1.846999998e+01 -4.8793e+00 +2.1787e+00 +1.2740e+00
771 +7.712277039e-09 +7.712277039e-09 -1.846999999e+01 -1.846999999e+01 -4.8794e+00 +2.1787e+00 +1.2740e+00
783 +2.710812907e-09 +2.710812907e-09 -1.847000000e+01 -1.847000000e+01 -4.8793e+00 +2.1787e+00 +1.2740e+00
813 +4.018119171e-12 +4.018119171e-12 -1.847000000e+01 -1.847000000e+01 -4.8793e+00 +2.1787e+00 +1.2740e+00
846 +1.776356839e-14 +1.776356839e-14 -1.847000000e+01 -1.847000000e+01 -4.8793e+00 +2.1787e+00 +1.2740e+00
868 +0.000000000e+00 +0.000000000e+00 -1.847000000e+01 -1.847000000e+01 -4.8793e+00 +2.1787e+00 +1.2740e+00
% function evaluation | noise-free fitness - Fopt (-5.971000000000e+01) | best noise-free fitness - Fopt | measured fitness | best measured fitness | x1 | x2...
1 +1.385694662e+02 +1.385694662e+02 +7.885946625e+01 +7.885946625e+01 -2.0761e+00 +3.8662e+00 -2.7573e+00
2 +2.370301093e+01 +2.370301093e+01 -3.600698907e+01 -3.600698907e+01 -3.3775e+00 +3.4337e+00 -4.9349e+00
3 +9.497665795e+00 +9.497665795e+00 -5.021233420e+01 -5.021233420e+01 -4.2180e+00 +4.4316e+00 -2.6924e+00
12 +2.354072747e+00 +2.354072747e+00 -5.735592725e+01 -5.735592725e+01 -2.3845e+00 +5.2734e+00 -2.7980e+00
1630 +1.517010813e+00 +1.517010813e+00 -5.819298919e+01 -5.819298919e+01 -7.2379e-01 +2.0070e+00 +5.3782e+00
1765 +9.042296075e-01 +9.042296075e-01 -5.880577039e+01 -5.880577039e+01 -7.4980e-01 +2.0218e+00 +5.3582e+00
1855 +5.282021234e-01 +5.282021234e-01 -5.918179788e+01 -5.918179788e+01 -8.0932e-01 +1.9326e+00 +5.3501e+00
% function evaluation | noise-free fitness - Fopt (-9.684000000000e+01) | best noise-free fitness - Fopt | measured fitness | best measured fitness | x1 | x2...
1 +7.363092255e+01 +7.363092255e+01 -2.320907745e+01 -2.320907745e+01 +3.3947e+00 +1.3862e+00 -1.2461e-01
3 +5.250073903e+01 +5.250073903e+01 -4.433926097e+01 -4.433926097e+01 +1.2528e+00 +1.9516e+00 -5.9683e-02
4 +2.354422984e+01 +2.354422984e+01 -7.329577016e+01 -7.329577016e+01 +4.2837e+00 +2.5247e+00 +2.8006e+00
12 +8.872339217e+00 +8.872339217e+00 -8.796766078e+01 -8.796766078e+01 +5.0527e+00 +1.7869e+00 +2.2517e+00
186 +1.160928401e+00 +1.160928401e+00 -9.567907160e+01 -9.567907160e+01 +4.7859e+00 +1.0829e+00 -1.0196e+00
487 +7.101197302e-01 +7.101197302e-01 -9.612988027e+01 -9.612988027e+01 +5.0940e+00 +2.6078e+00 -1.5753e+00
580 +6.167753892e-01 +6.167753892e-01 -9.622322461e+01 -9.622322461e+01 +5.0381e+00 +2.6506e+00 -1.5355e+00
680 +3.980879057e-01 +3.980879057e-01 -9.644191209e+01 -9.644191209e+01 +5.0444e+00 +2.6438e+00 -1.5338e+00
1954 +1.024680228e-01 +1.024680228e-01 -9.673753198e+01 -9.673753198e+01 -1.8360e+00 -1.1454e+00 +8.3909e-01
2000 +5.794417122e-02 +5.794417122e-02 -9.678205583e+01 -9.678205583e+01 -1.8011e+00 -1.1821e+00 +8.0776e-01
2044 +2.900453599e-02 +2.900453599e-02 -9.681099546e+01 -9.681099546e+01 -1.7947e+00 -1.1741e+00 +8.2777e-01
2079 +1.982284054e-02 +1.982284054e-02 -9.682017716e+01 -9.682017716e+01 -1.7655e+00 -1.2116e+00 +7.8378e-01
2092 +7.190764096e-03 +7.190764096e-03 -9.683280924e+01 -9.683280924e+01 -1.7610e+00 -1.2089e+00 +7.8804e-01
2138 +3.225073183e-03 +3.225073183e-03 -9.683677493e+01 -9.683677493e+01 -1.7523e+00 -1.2161e+00 +7.8387e-01
2153 +7.583630827e-04 +7.583630827e-04 -9.683924164e+01 -9.683924164e+01 -1.7563e+00 -1.2110e+00 +7.9414e-01
2203 +6.304033142e-04 +6.304033142e-04 -9.683936960e+01 -9.683936960e+01 -1.7540e+00 -1.2134e+00 +7.9202e-01
2219 +1.319362373e-04 +1.319362373e-04 -9.683986806e+01 -9.683986806e+01 -1.7529e+00 -1.2154e+00 +7.8854e-01
2262 +1.230724757e-05 +1.230724757e-05 -9.683998769e+01 -9.683998769e+01 -1.7539e+00 -1.2141e+00 +7.9005e-01
2329 +7.949476355e-06 +7.949476355e-06 -9.683999205e+01 -9.683999205e+01 -1.7540e+00 -1.2141e+00 +7.8974e-01
2345 +9.356163986e-07 +9.356163986e-07 -9.683999906e+01 -9.683999906e+01 -1.7534e+00 -1.2145e+00 +7.8964e-01
2407 +1.450725904e-07 +1.450725904e-07 -9.683999985e+01 -9.683999985e+01 -1.7533e+00 -1.2145e+00 +7.8953e-01
2437 +2.579328395e-08 +2.579328395e-08 -9.683999997e+01 -9.683999997e+01 -1.7533e+00 -1.2145e+00 +7.8950e-01
2480 +1.998935772e-08 +1.998935772e-08 -9.683999998e+01 -9.683999998e+01 -1.7533e+00 -1.2146e+00 +7.8946e-01
2496 +1.106738523e-08 +1.106738523e-08 -9.683999999e+01 -9.683999999e+01 -1.7533e+00 -1.2145e+00 +7.8946e-01
2505 +7.120419809e-09 +7.120419809e-09 -9.683999999e+01 -9.683999999e+01 -1.7533e+00 -1.2146e+00 +7.8946e-01
2518 +1.679154593e-10 +1.679154593e-10 -9.684000000e+01 -9.684000000e+01 -1.7533e+00 -1.2146e+00 +7.8945e-01
2533 +3.592504072e-11 +3.592504072e-11 -9.684000000e+01 -9.684000000e+01 -1.7533e+00 -1.2146e+00 +7.8946e-01
2601 +4.263256415e-13 +4.263256415e-13 -9.684000000e+01 -9.684000000e+01 -1.7533e+00 -1.2146e+00 +7.8946e-01
2644 +2.557953849e-13 +2.557953849e-13 -9.684000000e+01 -9.684000000e+01 -1.7533e+00 -1.2146e+00 +7.8946e-01
2645 +0.000000000e+00 +0.000000000e+00 -9.684000000e+01 -9.684000000e+01 -1.7533e+00 -1.2146e+00 +7.8946e-01
% function evaluation | noise-free fitness - Fopt (3.207000000000e+01) | best noise-free fitness - Fopt | measured fitness | best measured fitness | x1 | x2...
1 +9.657939560e+01 +9.657939560e+01 +1.286493956e+02 +1.286493956e+02 -9.6898e-01 +9.3787e-01 -1.8504e+00
4 +2.402681414e+01 +2.402681414e+01 +5.609681414e+01 +5.609681414e+01 -7.9953e-02 +2.0764e+00 +1.0747e+00
10 +1.452817292e+01 +1.452817292e+01 +4.659817292e+01 +4.659817292e+01 +1.6499e+00 -1.3197e+00 -8.5588e-01
315 +7.294288923e+00 +7.294288923e+00 +3.936428892e+01 +3.936428892e+01 +3.3792e+00 -3.5034e+00 +5.1236e+00
323 +4.737902797e+00 +4.737902797e+00 +3.680790280e+01 +3.680790280e+01 +3.3284e+00 -3.2272e+00 +5.2229e+00
349 +2.858943014e+00 +2.858943014e+00 +3.492894301e+01 +3.492894301e+01 +3.1528e+00 -3.1044e+00 +5.5922e+00
372 +2.304707282e+00 +2.304707282e+00 +3.437470728e+01 +3.437470728e+01 +3.1081e+00 -3.1332e+00 +5.5437e+00
390 +1.570343284e+00 +1.570343284e+00 +3.364034328e+01 +3.364034328e+01 +3.2060e+00 -3.2513e+00 +5.3666e+00
1705 +6.327689352e-01 +6.327689352e-01 +3.270276894e+01 +3.270276894e+01 -2.1416e+00 +1.6080e+00 -5.2110e-01
1738 +2.458781724e-01 +2.458781724e-01 +3.231587817e+01 +3.231587817e+01 -2.2105e+00 +1.7184e+00 -4.0708e-01
1784 +2.082722999e-02 +2.082722999e-02 +3.209082723e+01 +3.209082723e+01 -2.1502e+00 +1.6891e+00 -5.1185e-01
1884 +9.919056016e-03 +9.919056016e-03 +3.207991906e+01 +3.207991906e+01 -2.1518e+00 +1.6830e+00 -5.2023e-01
1975 +4.357955577e-05 +4.357955577e-05 +3.207004358e+01 +3.207004358e+01 -2.1312e+00 +1.6835e+00 -5.4072e-01
2101 +2.658825559e-05 +2.658825559e-05 +3.207002659e+01 +3.207002659e+01 -2.1328e+00 +1.6842e+00 -5.3757e-01
2133 +2.361346385e-05 +2.361346385e-05 +3.207002361e+01 +3.207002361e+01 -2.1324e+00 +1.6841e+00 -5.3872e-01
2149 +1.072791464e-05 +1.072791464e-05 +3.207001073e+01 +3.207001073e+01 -2.1315e+00 +1.6838e+00 -5.3990e-01
2194 +8.409184716e-06 +8.409184716e-06 +3.207000841e+01 +3.207000841e+01 -2.1315e+00 +1.6840e+00 -5.3953e-01
2197 +3.655793641e-06 +3.655793641e-06 +3.207000366e+01 +3.207000366e+01 -2.1315e+00 +1.6840e+00 -5.3970e-01
2201 +9.729376131e-07 +9.729376131e-07 +3.207000097e+01 +3.207000097e+01 -2.1318e+00 +1.6840e+00 -5.3916e-01
2265 +2.165878215e-07 +2.165878215e-07 +3.207000022e+01 +3.207000022e+01 -2.1318e+00 +1.6840e+00 -5.3928e-01
2275 +9.747765972e-08 +9.747765972e-08 +3.207000010e+01 +3.207000010e+01 -2.1319e+00 +1.6840e+00 -5.3912e-01
2346 +3.916274949e-08 +3.916274949e-08 +3.207000004e+01 +3.207000004e+01 -2.1319e+00 +1.6840e+00 -5.3911e-01
2410 +2.331688620e-09 +2.331688620e-09 +3.207000000e+01 +3.207000000e+01 -2.1319e+00 +1.6840e+00 -5.3911e-01
2435 +1.810676054e-10 +1.810676054e-10 +3.207000000e+01 +3.207000000e+01 -2.1319e+00 +1.6840e+00 -5.3912e-01
2442 +1.459881105e-10 +1.459881105e-10 +3.207000000e+01 +3.207000000e+01 -2.1319e+00 +1.6840e+00 -5.3911e-01
2456 +4.210676252e-11 +4.210676252e-11 +3.207000000e+01 +3.207000000e+01 -2.1319e+00 +1.6840e+00 -5.3912e-01
2475 +5.684341886e-14 +5.684341886e-14 +3.207000000e+01 +3.207000000e+01 -2.1319e+00 +1.6840e+00 -5.3911e-01
2537 +0.000000000e+00 +0.000000000e+00 +3.207000000e+01 +3.207000000e+01 -2.1319e+00 +1.6840e+00 -5.3911e-01
% function evaluation | noise-free fitness - Fopt (2.624000000000e+01) | best noise-free fitness - Fopt | measured fitness | best measured fitness | x1 | x2...
1 +1.544367805e+01 +1.544367805e+01 +4.168367805e+01 +4.168367805e+01 +2.0117e+00 +1.4838e+00 -1.0768e+00
20 +6.943860560e+00 +6.943860560e+00 +3.318386056e+01 +3.318386056e+01 +2.3369e+00 +1.5281e+00 -7.1272e-01
25 +4.783400474e+00 +4.783400474e+00 +3.102340047e+01 +3.102340047e+01 +1.5151e+00 +1.8795e+00 -4.1912e-01
72 +1.102301820e+00 +1.102301820e+00 +2.734230182e+01 +2.734230182e+01 +2.2237e+00 +1.1501e+00 -1.3422e+00
134 +3.705687207e-01 +3.705687207e-01 +2.661056872e+01 +2.661056872e+01 +2.2428e+00 +1.1751e+00 -1.2789e+00
284 +1.966966814e-01 +1.966966814e-01 +2.643669668e+01 +2.643669668e+01 +2.2184e+00 +1.1737e+00 -1.2686e+00
315 +1.208808917e-01 +1.208808917e-01 +2.636088089e+01 +2.636088089e+01 +2.2482e+00 +1.1975e+00 -1.2368e+00
329 +9.886038684e-02 +9.886038684e-02 +2.633886039e+01 +2.633886039e+01 +2.2467e+00 +1.1918e+00 -1.2340e+00
444 +5.440153385e-02 +5.440153385e-02 +2.629440153e+01 +2.629440153e+01 +2.2559e+00 +1.1997e+00 -1.2357e+00
543 +3.864583128e-02 +3.864583128e-02 +2.627864583e+01 +2.627864583e+01 +2.2557e+00 +1.1999e+00 -1.2348e+00
3670 +1.958531450e-02 +1.958531450e-02 +2.625958531e+01 +2.625958531e+01 +1.2108e+00 +4.6019e+00 -1.5054e+00
4009 +1.222081156e-02 +1.222081156e-02 +2.625222081e+01 +2.625222081e+01 +1.2280e+00 +4.7018e+00 -1.3306e+00
4024 +2.983120972e-03 +2.983120972e-03 +2.624298312e+01 +2.624298312e+01 +1.2424e+00 +4.7071e+00 -1.3301e+00
4076 +1.042199674e-03 +1.042199674e-03 +2.624104220e+01 +2.624104220e+01 +1.2585e+00 +4.7289e+00 -1.3104e+00
4110 +9.519175459e-04 +9.519175459e-04 +2.624095192e+01 +2.624095192e+01 +1.2503e+00 +4.7178e+00 -1.3207e+00
4199 +6.670440528e-05 +6.670440528e-05 +2.624006670e+01 +2.624006670e+01 +1.2449e+00 +4.7154e+00 -1.3216e+00
4212 +4.894515215e-05 +4.894515215e-05 +2.624004895e+01 +2.624004895e+01 +1.2494e+00 +4.7200e+00 -1.3175e+00
4348 +2.990038066e-05 +2.990038066e-05 +2.624002990e+01 +2.624002990e+01 +1.2493e+00 +4.7200e+00 -1.3172e+00
4374 +1.865288183e-05 +1.865288183e-05 +2.624001865e+01 +2.624001865e+01 +1.2491e+00 +4.7204e+00 -1.3158e+00
4406 +1.409530688e-05 +1.409530688e-05 +2.624001410e+01 +2.624001410e+01 +1.2492e+00 +4.7199e+00 -1.3175e+00
4413 +6.011052367e-06 +6.011052367e-06 +2.624000601e+01 +2.624000601e+01 +1.2491e+00 +4.7201e+00 -1.3168e+00
4454 +2.701329031e-06 +2.701329031e-06 +2.624000270e+01 +2.624000270e+01 +1.2483e+00 +4.7194e+00 -1.3172e+00
4481 +2.424966173e-06 +2.424966173e-06 +2.624000242e+01 +2.624000242e+01 +1.2482e+00 +4.7192e+00 -1.3175e+00
4520 +7.741776251e-07 +7.741776251e-07 +2.624000077e+01 +2.624000077e+01 +1.2480e+00 +4.7189e+00 -1.3181e+00
4552 +3.253765684e-07 +3.253765684e-07 +2.624000033e+01 +2.624000033e+01 +1.2484e+00 +4.7194e+00 -1.3175e+00
4624 +1.389768123e-07 +1.389768123e-07 +2.624000014e+01 +2.624000014e+01 +1.2481e+00 +4.7191e+00 -1.3177e+00
4636 +8.784423500e-08 +8.784423500e-08 +2.624000009e+01 +2.624000009e+01 +1.2482e+00 +4.7192e+00 -1.3176e+00
4638 +3.239226842e-08 +3.239226842e-08 +2.624000003e+01 +2.624000003e+01 +1.2482e+00 +4.7191e+00 -1.3177e+00
4720 +2.074408201e-09 +2.074408201e-09 +2.624000000e+01 +2.624000000e+01 +1.2482e+00 +4.7191e+00 -1.3177e+00
4762 +6.540261666e-10 +6.540261666e-10 +2.624000000e+01 +2.624000000e+01 +1.2482e+00 +4.7192e+00 -1.3176e+00
4819 +3.789288883e-10 +3.789288883e-10 +2.624000000e+01 +2.624000000e+01 +1.2482e+00 +4.7192e+00 -1.3176e+00
4864 +8.970602039e-12 +8.970602039e-12 +2.624000000e+01 +2.624000000e+01 +1.2482e+00 +4.7191e+00 -1.3177e+00
4927 +1.243449788e-13 +1.243449788e-13 +2.624000000e+01 +2.624000000e+01 +1.2482e+00 +4.7192e+00 -1.3177e+00
4952 +7.105427358e-15 +7.105427358e-15 +2.624000000e+01 +2.624000000e+01 +1.2482e+00 +4.7192e+00 -1.3177e+00
5011 +0.000000000e+00 +0.000000000e+00 +2.624000000e+01 +2.624000000e+01 +1.2482e+00 +4.7192e+00 -1.3177e+00
% function evaluation | noise-free fitness - Fopt (-1.610000000000e+01) | best noise-free fitness - Fopt | measured fitness | best measured fitness | x1 | x2...
1 +5.730239145e+01 +5.730239145e+01 +4.120239145e+01 +4.120239145e+01 -2.0048e+00 +1.0691e+00 -1.5442e+00
4 +4.706796119e+00 +4.706796119e+00 -1.139320388e+01 -1.139320388e+01 -1.1158e+00 +2.2076e+00 +1.3809e+00
163 +3.673452308e+00 +3.673452308e+00 -1.242654769e+01 -1.242654769e+01 +1.2431e+00 +5.3596e-02 -3.3816e+00
323 +1.351711660e+00 +1.351711660e+00 -1.474828834e+01 -1.474828834e+01 +3.2885e+00 +2.4966e-01 +2.6494e+00
480 +8.456860071e-01 +8.456860071e-01 -1.525431399e+01 -1.525431399e+01 +1.3884e+00 -1.1880e-01 -3.4754e+00
511 +5.108977168e-01 +5.108977168e-01 -1.558910228e+01 -1.558910228e+01 +1.1600e+00 -1.3335e-01 -3.7150e+00
529 +1.449086050e-01 +1.449086050e-01 -1.595509140e+01 -1.595509140e+01 +1.3760e+00 -8.4176e-02 -3.4822e+00
535 +6.779875429e-02 +6.779875429e-02 -1.603220125e+01 -1.603220125e+01 +1.2736e+00 -1.0699e-01 -3.5682e+00
565 +3.789751233e-02 +3.789751233e-02 -1.606210249e+01 -1.606210249e+01 +1.2493e+00 -8.4703e-02 -3.5509e+00
622 +2.103322232e-02 +2.103322232e-02 -1.607896678e+01 -1.607896678e+01 +1.3120e+00 -6.8131e-02 -3.4922e+00
632 +1.561086962e-02 +1.561086962e-02 -1.608438913e+01 -1.608438913e+01 +1.3088e+00 -6.8749e-02 -3.5211e+00
651 +4.281647380e-03 +4.281647380e-03 -1.609571835e+01 -1.609571835e+01 +1.3021e+00 -6.6171e-02 -3.5107e+00
689 +2.473899141e-03 +2.473899141e-03 -1.609752610e+01 -1.609752610e+01 +1.3233e+00 -6.6610e-02 -3.4932e+00
744 +1.466669683e-03 +1.466669683e-03 -1.609853333e+01 -1.609853333e+01 +1.3177e+00 -6.6070e-02 -3.4973e+00
846 +9.936539391e-04 +9.936539391e-04 -1.609900635e+01 -1.609900635e+01 +1.3195e+00 -6.6243e-02 -3.4961e+00
948 +6.290682958e-04 +6.290682958e-04 -1.609937093e+01 -1.609937093e+01 +1.3196e+00 -6.6296e-02 -3.4958e+00
2630 +2.049367711e-04 +2.049367711e-04 -1.609979506e+01 -1.609979506e+01 +3.3233e+00 +6.5510e-01 -1.0554e+00
2650 +1.323007606e-04 +1.323007606e-04 -1.609986770e+01 -1.609986770e+01 +3.3253e+00 +6.5204e-01 -1.0457e+00
2667 +3.670575303e-05 +3.670575303e-05 -1.609996329e+01 -1.609996329e+01 +3.3246e+00 +6.5303e-01 -1.0496e+00
2712 +2.317765195e-05 +2.317765195e-05 -1.609997682e+01 -1.609997682e+01 +3.3235e+00 +6.5415e-01 -1.0530e+00
2741 +3.093316987e-06 +3.093316987e-06 -1.609999691e+01 -1.609999691e+01 +3.3244e+00 +6.5313e-01 -1.0507e+00
2753 +2.397806988e-06 +2.397806988e-06 -1.609999760e+01 -1.609999760e+01 +3.3245e+00 +6.5306e-01 -1.0511e+00
2782 +5.390906388e-07 +5.390906388e-07 -1.609999946e+01 -1.609999946e+01 +3.3245e+00 +6.5309e-01 -1.0509e+00
2818 +2.975924822e-07 +2.975924822e-07 -1.609999970e+01 -1.609999970e+01 +3.3244e+00 +6.5320e-01 -1.0510e+00
2837 +1.082223129e-07 +1.082223129e-07 -1.609999989e+01 -1.609999989e+01 +3.3243e+00 +6.5325e-01 -1.0511e+00
2857 +2.787012932e-08 +2.787012932e-08 -1.609999997e+01 -1.609999997e+01 +3.3243e+00 +6.5328e-01 -1.0511e+00
2919 +2.375866615e-09 +2.375866615e-09 -1.610000000e+01 -1.610000000e+01 +3.3243e+00 +6.5333e-01 -1.0512e+00
3019 +1.189086163e-09 +1.189086163e-09 -1.610000000e+01 -1.610000000e+01 +3.3243e+00 +6.5333e-01 -1.0512e+00
3032 +6.383373830e-10 +6.383373830e-10 -1.610000000e+01 -1.610000000e+01 +3.3243e+00 +6.5333e-01 -1.0512e+00
3046 +1.037427921e-10 +1.037427921e-10 -1.610000000e+01 -1.610000000e+01 +3.3243e+00 +6.5334e-01 -1.0512e+00
3047 +8.679990060e-11 +8.679990060e-11 -1.610000000e+01 -1.610000000e+01 +3.3243e+00 +6.5334e-01 -1.0512e+00
3052 +4.288125410e-11 +4.288125410e-11 -1.610000000e+01 -1.610000000e+01 +3.3243e+00 +6.5333e-01 -1.0512e+00
3071 +2.094679985e-11 +2.094679985e-11 -1.610000000e+01 -1.610000000e+01 +3.3243e+00 +6.5333e-01 -1.0512e+00
3090 +2.660982545e-12 +2.660982545e-12 -1.610000000e+01 -1.610000000e+01 +3.3243e+00 +6.5333e-01 -1.0512e+00
3109 +2.252420472e-12 +2.252420472e-12 -1.610000000e+01 -1.610000000e+01 +3.3243e+00 +6.5333e-01 -1.0512e+00
3110 +5.684341886e-14 +5.684341886e-14 -1.610000000e+01 -1.610000000e+01 +3.3243e+00 +6.5333e-01 -1.0512e+00
3117 +3.552713679e-14 +3.552713679e-14 -1.610000000e+01 -1.610000000e+01 +3.3243e+00 +6.5333e-01 -1.0512e+00
3129 +2.131628207e-14 +2.131628207e-14 -1.610000000e+01 -1.610000000e+01 +3.3243e+00 +6.5333e-01 -1.0512e+00
3131 +0.000000000e+00 +0.000000000e+00 -1.610000000e+01 -1.610000000e+01 +3.3243e+00 +6.5333e-01 -1.0512e+00
