% function evaluation | noise-free fitness - Fopt (1.000000000000e+03) | best noise-free fitness - Fopt | measured fitness | best measured fitness | x1 | x2...
1 +1.287832004e+03 +1.287832004e+03 +2.287832004e+03 +2.287832004e+03 +1.1314e+00 -2.6726e+00 -2.6300e+00 +3.6409e+00 +1.8584e+00 -9.2180e-01 +2.1507e+00 -2.0793e+00 +2.1263e+00 +3.4964e+00 -9.4145e-01 -1.0038e+00 -7.2610e-01 -1.7633e+00 -2.1656e+00 -3.8734e+00 -1.3457e+00 +2.3633e+00 -5.1051e-02 -2.5006e+00
20 +9.393883998e+02 +9.393883998e+02 +1.939388400e+03 +1.939388400e+03 -8.5858e-01 -1.1739e+00 +3.7342e-01 +2.4708e+00 +3.7834e+00 +1.9622e+00 +1.0089e+00 -1.1752e+00 +3.0934e+00 +3.1909e+00 +1.1390e+00 -3.6675e+00 -1.3249e+00 +2.8435e+00 -2.2281e+00 +2.5950e+00 -1.9984e+00 +2.3372e-01 -2.4262e-01 -1.4258e+00
67 +5.451050228e+02 +5.451050228e+02 +1.545105023e+03 +1.545105023e+03 -1.1881e+00 -3.1171e+00 +2.5150e+00 +5.8354e+00 +3.9251e+00 -1.2560e+00 +1.8009e+00 -1.3441e+00 -1.5044e+00 +2.2483e+00 +9.2396e-01 -3.3488e+00 +8.4427e-01 -4.4111e+00 +4.7074e+00 +1.5383e+00 +3.0476e+00 -1.1151e+00 -9.0236e-02 +3.8730e-01
114 +3.526305216e+02 +3.526305216e+02 +1.352630522e+03 +1.352630522e+03 -1.0616e+00 +1.3622e+00 +3.1063e+00 +5.5911e+00 +5.5114e+00 -3.0484e+00 -5.8101e-02 -5.8341e-01 +5.1293e-01 +1.8956e+00 -1.7656e+00 -3.5039e+00 -1.4455e+00 -4.5037e+00 +1.6970e-01 +3.1358e+00 +2.8352e+00 -2.1452e-01 +8.8926e-01 +7.1982e-02
309 +2.434759920e+02 +2.434759920e+02 +1.243475992e+03 +1.243475992e+03 -3.6603e+00 +3.7509e+00 +5.8573e+00 +5.0530e+00 +1.5461e+00 -4.4002e-01 -3.9796e+00 +2.7574e-01 +1.5270e-02 +3.0632e-01 -2.9833e+00 -1.3906e+00 -1.3483e+00 -3.3035e+00 +3.0133e+00 +2.7098e+00 +3.6603e+00 -2.2678e+00 -2.3292e+00 -7.1787e-01
664 +1.575356054e+02 +1.575356054e+02 +1.157535605e+03 +1.157535605e+03 -2.9232e+00 +3.8421e+00 +3.4400e+00 +4.0383e+00 +2.5065e+00 -2.9562e+00 -3.0173e+00 -2.4807e-01 -1.5299e+00 -7.0189e-01 -2.7122e+00 -7.9408e-01 -1.4439e+00 -3.9668e+00 +1.2554e+00 +2.6829e+00 +2.9763e+00 -7.8274e-01 -1.6785e+00 -7.7061e-01
2125 +9.607100098e+01 +9.607100098e+01 +1.096071001e+03 +1.096071001e+03 -3.2883e+00 +4.1437e+00 +3.9733e+00 +2.4638e+00 +2.4140e+00 -2.3328e+00 -2.0795e+00 -1.9541e-01 -3.1344e+00 -4.0772e-01 -9.1465e-01 -2.0479e+00 -8.8574e-01 -2.4741e+00 +2.4419e+00 +3.1665e+00 +3.6581e+00 -9.1869e-02 -1.9303e-01 -2.8279e+00
2255 +6.008205267e+01 +6.008205267e+01 +1.060082053e+03 +1.060082053e+03 -3.1746e+00 +4.1324e+00 +3.8767e+00 +2.5715e+00 +2.3960e+00 -2.1414e+00 -2.1590e+00 -2.1062e-01 -3.0918e+00 -4.2784e-01 -8.9278e-01 -2.0963e+00 -8.7335e-01 -2.5238e+00 +2.5195e+00 +3.0810e+00 +3.7240e+00 -1.4094e-01 -3.3022e-01 -2.7580e+00
2623 +3.980678080e+01 +3.980678080e+01 +1.039806781e+03 +1.039806781e+03 -3.1525e+00 +4.0787e+00 +3.9444e+00 +2.5619e+00 +2.3813e+00 -2.1918e+00 -2.1987e+00 -1.8234e-01 -3.0540e+00 -4.8307e-01 -1.0204e+00 -2.1091e+00 -8.1632e-01 -2.4491e+00 +2.5113e+00 +3.0434e+00 +3.7031e+00 -1.1033e-01 -4.1364e-01 -2.7771e+00
% function evaluation | noise-free fitness - Fopt (7.003000000000e+01) | best noise-free fitness - Fopt | measured fitness | best measured fitness | x1 | x2...
1 +1.618455065e+03 +1.618455065e+03 +1.688485065e+03 +1.688485065e+03 -2.7329e+00 -1.0454e-01 -1.2586e+00 +2.1912e+00 -5.9979e-02 +3.9425e+00 +3.4995e+00 +2.4052e+00 -3.4727e-01 +2.3286e+00 -3.7458e+00 +3.1852e+00 +1.9998e+00 +5.1967e-01 -2.2557e+00 -2.4085e+00 +1.5773e+00 +4.8100e-01 +2.1895e+00 +1.0835e+00
13 +1.199168314e+03 +1.199168314e+03 +1.269198314e+03 +1.269198314e+03 -2.4604e+00 +2.5140e-01 +1.4040e+00 +4.6241e-01 -4.2823e+00 +3.1638e+00 +2.2117e+00 +7.2463e-01 -5.0801e-01 +1.7163e+00 -2.7342e+00 +3.4789e+00 +3.3513e+00 +3.2434e-01 -8.1454e-01 -1.9847e+00 +2.5520e+00 +2.1781e+00 +6.3010e-01 +1.1682e+00
32 +7.195664699e+02 +7.195664699e+02 +7.895964699e+02 +7.895964699e+02 -3.3226e-01 -3.4052e+00 +2.1663e-01 +9.9087e-01 +2.8643e+00 +1.1473e+00 +1.9814e+00 +8.2320e-01 -2.1792e+00 +1.6013e+00 +3.5497e-01 +2.0696e+00 +2.7529e+00 -2.1828e+00 -1.9329e+00 -1.9648e+00 +2.0760e+00 +4.4608e+00 -5.3001e-01 +1.1786e+00
38 +5.660476727e+02 +5.660476727e+02 +6.360776727e+02 +6.360776727e+02 -1.9289e+00 -2.3314e+00 +3.7662e-01 -9.3349e-02 -6.7647e-02 -3.5271e+00 +1.8680e+00 -1.2765e+00 -3.4888e+00 -1.1010e+00 -1.8703e-01 -2.2124e+00 +7.0643e-01 -4.6821e-01 -2.9982e+00 -1.8646e+00 +2.4843e+00 +1.1710e+00 +1.3733e+00 -3.1060e-01
134 +3.576184415e+02 +3.576184415e+02 +4.276484415e+02 +4.276484415e+02 -7.3448e-01 -2.1073e+00 -1.5575e+00 -3.0337e+00 +2.2394e-01 -4.6363e+00 -9.1429e-01 -1.2406e+00 -1.8468e+00 -5.3425e-01 +1.2265e+00 -2.0948e+00 +3.6058e+00 -2.8741e+00 -2.6001e+00 -3.7596e+00 -1.6306e-01 +5.7203e+00 -8.2207e-01 +2.9215e+00
162 +2.490563987e+02 +2.490563987e+02 +3.190863987e+02 +3.190863987e+02 -7.6431e-01 -1.0498e+00 -3.4023e+00 +4.8242e-01 +8.9418e-01 -5.6960e+00 +2.2176e-01 +1.9623e+00 -3.7063e+00 -1.6515e+00 -8.9124e-01 -2.1523e-01 +3.1319e+00 -2.5709e+00 +1.7923e-01 -3.4788e+00 +1.1270e+00 +4.8456e+00 -1.8063e+00 -8.8941e-01
675 +1.369942988e+02 +1.369942988e+02 +2.070242988e+02 +2.070242988e+02 -6.8485e-01 -1.6596e+00 -2.2059e+00 -2.5332e+00 -6.6100e-01 -3.9854e+00 -3.3479e-01 +1.3499e+00 -3.5504e+00 -1.5056e-01 -1.0593e+00 -1.5926e+00 +3.3810e+00 -1.9978e+00 -2.3995e+00 -2.4715e+00 +1.2904e+00 +5.1354e+00 -1.7542e+00 +5.0299e-01
2172 +9.652472054e+01 +9.652472054e+01 +1.665547205e+02 +1.665547205e+02 -1.3242e+00 -2.1725e+00 -3.7757e+00 -1.6537e+00 -1.4722e+00 -4.1142e+00 -1.1113e+00 +2.3806e+00 -2.2722e+00 +1.2810e-02 -1.1287e+00 -5.8023e-01 +4.6782e+00 -1.4831e+00 -2.1359e+00 -2.5457e+00 +1.6967e+00 +4.2366e+00 -2.6350e+00 +1.0178e+00
2274 +6.166199779e+01 +6.166199779e+01 +1.316919978e+02 +1.316919978e+02 -1.3435e+00 -2.3284e+00 -3.7670e+00 -1.6702e+00 -1.4547e+00 -4.1504e+00 -1.1475e+00 +2.3045e+00 -2.1969e+00 -4.8583e-02 -1.0448e+00 -5.0329e-01 +4.6362e+00 -1.5183e+00 -2.1202e+00 -2.5498e+00 +1.7189e+00 +4.1707e+00 -2.7182e+00 +1.0188e+00
2839 +3.946793393e+01 +3.946793393e+01 +1.094979339e+02 +1.094979339e+02 -1.3040e+00 -2.2724e+00 -3.7991e+00 -1.6087e+00 -1.4475e+00 -4.1724e+00 -1.1824e+00 +2.3830e+00 -2.1979e+00 -1.0491e-01 -9.8773e-01 -4.5214e-01 +4.5470e+00 -1.5106e+00 -2.0555e+00 -2.6139e+00 +1.7536e+00 +4.1069e+00 -2.6692e+00 +1.0702e+00
% function evaluation | noise-free fitness - Fopt (-4.822000000000e+01) | best noise-free fitness - Fopt | measured fitness | best measured fitness | x1 | x2...
1 +9.326813809e+02 +9.326813809e+02 +8.844613809e+02 +8.844613809e+02 -3.9496e+00 -1.8738e+00 -2.1810e+00 -3.3033e+00 -3.9430e+00 -8.2754e-01 +5.0368e-01 +1.9314e+00 -1.8769e+00 +1.2253e+00 +1.1422e+00 -2.8362e+00 +1.3540e+00 +3.5778e-01 +3.5483e-03 -1.4225e+00 +7.9592e-01 +1.1752e-03 -6.5406e-02 -3.7611e+00
50 +4.371246763e+02 +4.371246763e+02 +3.889046763e+02 +3.889046763e+02 -3.9256e+00 +3.8361e-01 +3.6814e-01 -2.1127e+00 -5.8120e+00 +1.6832e+00 -1.6572e+00 +2.4380e+00 -2.6863e+00 +3.8957e+00 -1.5868e+00 -2.3659e+00 +5.3362e-02 +9.9643e-01 -1.3707e+00 -1.5920e+00 -5.4133e-01 -1.0184e+00 +2.3252e+00 +3.3229e+00
101 +3.746655402e+02 +3.746655402e+02 +3.264455402e+02 +3.264455402e+02 -2.6413e-01 -1.6682e+00 -2.2271e+00 -4.6956e-01 -7.0038e+00 +1.6146e+00 -5.2283e+00 +4.0073e+00 -3.0941e+00 +3.2065e+00 -1.6777e+00 -2.7495e+00 -1.4810e+00 -1.2768e+00 -3.7593e+00 -4.2389e+00 -2.1201e+00 +7.4290e-01 +1.1936e+00 +3.1228e+00
369 +2.320530589e+02 +2.320530589e+02 +1.838330589e+02 +1.838330589e+02 -1.0702e+00 -2.2229e+00 -3.1328e+00 -1.6570e+00 -3.9729e+00 +1.9069e+00 -3.5295e+00 +2.4361e+00 -1.9669e+00 +3.9273e+00 -2.5973e+00 -8.3997e-01 -1.1418e+00 +2.5970e+00 -2.8796e+00 +1.8134e+00 -2.6830e+00 -6.6943e-01 +2.7960e+00 +3.0036e+00
702 +1.506497706e+02 +1.506497706e+02 +1.024297706e+02 +1.024297706e+02 -2.2015e+00 -2.2492e+00 -3.4003e+00 -1.2909e+00 -4.3952e+00 +2.4213e+00 -3.1989e+00 +1.7615e+00 -3.5547e+00 +4.1558e+00 -9.1282e-01 -3.6056e-01 -1.8047e+00 +3.5959e+00 -2.8253e+00 -6.5753e-01 -2.6568e+00 -1.5565e+00 +3.3334e+00 +1.8807e+00
% function evaluation | noise-free fitness - Fopt (2.547000000000e+01) | best noise-free fitness - Fopt | measured fitness | best measured fitness | x1 | x2...
1 +1.280962350e+03 +1.280962350e+03 +1.306432350e+03 +1.306432350e+03 +1.2326e+00 -3.0507e-01 +2.8373e+00 -3.8434e+00 +4.3080e-01 -2.6797e+00 -2.2344e+00 -1.7572e-01 +2.8013e+00 -3.9463e-01 +2.8075e+00 -4.6766e-01 -3.0935e+00 -3.0636e+00 +3.2940e+00 +2.1416e+00 +3.3212e+00 +3.5362e+00 -3.2225e+00 -2.8617e+00
33 +9.559049492e+02 +9.559049492e+02 +9.813749492e+02 +9.813749492e+02 +1.0341e+00 +5.5891e-01 +7.1398e+00 -2.3241e+00 -2.3952e+00 -3.2299e+00 -1.1576e+00 +1.2557e+00 +5.4277e-01 -1.5833e+00 +2.1200e+00 +3.0139e-01 +6.2230e-01 -3.7147e-01 +5.4393e+00 +1.1329e+00 +4.3359e+00 +3.4616e+00 -9.1911e-01 -2.3516e+00
99 +5.736390767e+02 +5.736390767e+02 +5.991090767e+02 +5.991090767e+02 -1.6502e+00 +6.0114e-01 +9.0305e-01 -4.0603e+00 -1.2353e+00 +1.2364e+00 -2.4497e+00 +2.0539e+00 +2.2750e+00 -4.4040e+00 +4.3558e+00 -3.6168e+00 +4.1335e+00 -1.8965e+00 +4.0262e+00 -3.5136e+00 +6.9833e-01 +4.7149e+00 -1.9056e+00 -4.8647e+00
141 +3.794650032e+02 +3.794650032e+02 +4.049350032e+02 +4.049350032e+02 -1.8541e+00 -1.5824e+00 +1.2327e+00 -2.3554e+00 -1.3250e+00 -1.3408e+00 +1.6491e+00 +1.0303e+00 +1.9421e+00 +4.0925e-02 -1.0198e+00 -1.2815e+00 +1.2927e+00 +4.1994e-01 +4.6205e+00 -2.2529e+00 +2.3179e-01 +5.6577e+00 +1.6324e+00 -2.9271e+00
353 +2.417548874e+02 +2.417548874e+02 +2.672248874e+02 +2.672248874e+02 -4.4970e+00 -1.7838e+00 +7.6935e-01 -2.8181e+00 -1.3808e+00 +1.0827e+00 -2.3857e+00 +8.8671e-01 +1.3438e+00 +1.9969e-01 -2.0363e+00 -2.1926e+00 +9.3469e-01 +5.8011e-01 +3.3804e+00 -4.3636e+00 +5.8229e-01 +3.6861e+00 -3.8661e-01 -2.7615e+00
1181 +1.484498019e+02 +1.484498019e+02 +1.739198019e+02 +1.739198019e+02 -3.3208e+00 -2.5222e+00 -7.7011e-01 -1.0226e+00 -1.7644e+00 +7.5047e-01 -2.2494e+00 +7.8840e-01 +2.3098e+00 -1.3019e-01 -2.9640e+00 -9.5863e-01 +9.2414e-01 -1.0328e+00 +3.4405e+00 -3.5989e+00 +1.0698e+00 +3.5718e+00 +1.3148e+00 -4.4143e+00
2467 +9.243413463e+01 +9.243413463e+01 +1.179041346e+02 +1.179041346e+02 -4.7537e+00 -1.6616e+00 -2.1270e+00 -2.7717e+00 -1.2574e+00 +9.4609e-01 -1.5737e+00 -2.5835e-01 +1.9907e+00 -4.4990e-01 -2.0253e+00 -5.5225e-01 +7.6065e-01 -4.4000e-01 +3.0245e+00 -2.6795e+00 +8.4911e-01 +4.6615e+00 +2.3889e+00 -3.1876e+00
2686 +5.815498471e+01 +5.815498471e+01 +8.362498471e+01 +8.362498471e+01 -4.7872e+00 -1.4925e+00 -2.1132e+00 -2.9239e+00 -1.2667e+00 +1.0754e+00 -1.6278e+00 -2.1653e-01 +1.7222e+00 -5.1770e-01 -2.1356e+00 -5.2007e-01 +6.9767e-01 -4.9546e-01 +3.0950e+00 -2.8291e+00 +8.5875e-01 +4.6506e+00 +2.2157e+00 -3.1547e+00
3111 +3.803775975e+01 +3.803775975e+01 +6.350775975e+01 +6.350775975e+01 -4.7626e+00 -1.4304e+00 -2.1254e+00 -2.7880e+00 -1.2805e+00 +9.8538e-01 -1.6136e+00 -2.1665e-01 +1.7567e+00 -4.1914e-01 -2.1919e+00 -5.5496e-01 +7.2217e-01 -4.6455e-01 +3.0687e+00 -2.8495e+00 +8.4112e-01 +4.6333e+00 +2.2341e+00 -3.2260e+00
% function evaluation | noise-free fitness - Fopt (-1.008100000000e+02) | best noise-free fitness - Fopt | measured fitness | best measured fitness | x1 | x2...
1 +8.133938054e+02 +8.133938054e+02 +7.125838054e+02 +7.125838054e+02 +5.0940e-01 +3.2318e+00 +3.4702e+00 -3.2966e+00 -3.5406e+00 +1.2510e+00 +1.3476e+00 +2.2494e+00 -2.1011e+00 -9.8792e-01 -2.7437e+00 -2.5099e+00 -4.3307e-01 -3.7070e+00 -2.5514e+00 +9.1309e-01 -3.7277e+00 +1.1647e+00 +9.2592e-01 -1.7527e+00
73 +5.633301906e+02 +5.633301906e+02 +4.625201906e+02 +4.625201906e+02 -6.8515e-01 +1.5100e+00 +3.8340e+00 -3.0852e+00 -5.9499e-01 +2.9768e+00 +3.8972e+00 +9.4509e-01 -1.3149e+00 -1.2819e+00 -3.7845e+00 -5.0007e+00 -5.5566e+00 -2.0468e+00 -4.5592e+00 +4.4111e-01 +3.0439e+00 -4.9532e-01 +1.5298e+00 +1.2106e+00
182 +3.893858198e+02 +3.893858198e+02 +2.885758198e+02 +2.885758198e+02 -5.2828e-01 -1.8482e+00 +1.9840e+00 -3.3689e+00 +3.7636e-01 +3.9076e+00 +2.6954e+00 +1.1606e-01 -1.5138e+00 -1.6033e+00 -3.2302e+00 -5.5568e+00 +1.2080e+00 -1.9236e+00 -2.6872e+00 +2.7352e+00 +3.0165e+00 -8.2002e-01 -1.6137e+00 +4.3406e-02
336 +2.469259809e+02 +2.469259809e+02 +1.461159809e+02 +1.461159809e+02 +6.8944e-01 +6.9815e-01 +8.8258e-03 -2.4091e+00 +2.6880e+00 +2.1950e+00 +9.2947e-01 +1.6429e+00 -2.0841e+00 -3.7224e+00 +2.1756e+00 -2.2924e+00 -1.4515e+00 -3.3967e+00 -1.4598e+00 +3.8919e+00 +2.7356e+00 -1.4298e+00 +3.4617e+00 +2.5449e+00
1103 +1.504601210e+02 +1.504601210e+02 +4.965012100e+01 +4.965012100e+01 +4.2859e-01 +4.9919e-01 +1.5664e+00 +7.9452e-01 +3.1039e+00 +2.0833e+00 +1.7571e+00 +4.7542e-01 -4.3691e+00 -2.1254e+00 +1.7149e+00 -1.0028e+00 -2.9655e-01 -3.6526e+00 +5.8923e-01 +3.3129e+00 +4.1142e+00 -1.1794e+00 +1.0513e+00 +3.8927e+00
2438 +8.503987083e+01 +8.503987083e+01 -1.577012917e+01 -1.577012917e+01 +6.4862e-01 +1.1802e+00 +2.8792e+00 +7.2999e-01 +2.4423e+00 +2.0073e+00 +1.4197e+00 +1.4227e+00 -3.9677e+00 -9.1416e-01 -1.6805e-01 -2.7022e+00 -7.8022e-01 -2.6690e+00 +4.7636e-01 +2.8168e+00 +3.5569e+00 +3.7429e-01 +1.4747e+00 +3.7722e+00
2559 +6.207611802e+01 +6.207611802e+01 -3.873388198e+01 -3.873388198e+01 +7.1540e-01 +1.1817e+00 +2.8136e+00 +7.6683e-01 +2.4157e+00 +2.0547e+00 +1.3834e+00 +1.5462e+00 -4.0060e+00 -1.0489e+00 -2.9555e-01 -2.7042e+00 -8.0469e-01 -2.7905e+00 +3.5390e-01 +2.7388e+00 +3.4861e+00 +2.9613e-01 +1.3034e+00 +3.8868e+00
2736 +3.546211545e+01 +3.546211545e+01 -6.534788455e+01 -6.534788455e+01 +7.4468e-01 +1.2060e+00 +2.9072e+00 +7.8500e-01 +2.4625e+00 +1.9712e+00 +1.3688e+00 +1.4957e+00 -3.8947e+00 -9.9308e-01 -2.4453e-01 -2.8037e+00 -7.0918e-01 -2.6960e+00 +4.2817e-01 +2.7251e+00 +3.4557e+00 +2.7536e-01 +1.2898e+00 +3.8138e+00
3242 +2.487165361e+01 +2.487165361e+01 -7.593834639e+01 -7.593834639e+01 +8.1105e-01 +1.2003e+00 +2.9370e+00 +7.1298e-01 +2.4079e+00 +2.0289e+00 +1.3652e+00 +1.4892e+00 -3.8802e+00 -9.4989e-01 -2.3561e-01 -2.8054e+00 -6.2414e-01 -2.7026e+00 +5.3819e-01 +2.7596e+00 +3.4443e+00 +2.2996e-01 +1.2782e+00 +3.8598e+00
% function evaluation | noise-free fitness - Fopt (8.333000000000e+01) | best noise-free fitness - Fopt | measured fitness | best measured fitness | x1 | x2...
1 +1.764311524e+03 +1.764311524e+03 +1.847641524e+03 +1.847641524e+03 -1.3645e+00 +3.5026e+00 +6.6434e-01 +1.8614e+00 +3.3436e+00 -2.9012e+00 +2.7621e+00 -3.8763e+00 -3.1512e+00 -7.8838e-01 +6.0962e-01 +1.3976e+00 -3.7670e+00 -2.3773e+00 +2.1748e+00 +6.4305e-01 +1.0121e+00 +1.0753e+00 -2.9444e+00 -2.1055e+00
32 +1.380671251e+03 +1.380671251e+03 +1.464001251e+03 +1.464001251e+03 +4.3567e-01 +4.7692e+00 +2.2628e+00 +1.1349e+00 +4.2688e+00 -7.3573e+00 +2.3226e+00 -1.3368e+00 -2.7049e+00 +1.7954e+00 +4.3372e-02 +2.5153e-01 -2.3189e+00 -2.3271e-01 +5.7007e+00 +3.1353e+00 -1.6942e+00 +3.2667e+00 -1.6070e+00 -5.7278e-01
81 +9.633508624e+02 +9.633508624e+02 +1.046680862e+03 +1.046680862e+03 +2.3748e+00 -1.2425e+00 +2.9792e+00 +4.9585e+00 +1.9463e+00 -5.0539e+00 +1.4299e+00 -4.1346e+00 -4.1083e+00 +1.0117e+00 +4.0009e+00 +2.3069e+00 -4.2072e+00 -4.3464e+00 +8.5006e+00 -1.5773e-01 +6.8090e-01 +3.8417e+00 -2.2148e-01 -9.1186e-01
118 +6.173218017e+02 +6.173218017e+02 +7.006518017e+02 +7.006518017e+02 +1.3311e+00 -4.0929e+00 +7.3140e+00 +3.3405e+00 +3.5483e+00 -3.3347e+00 -1.8185e+00 -3.4919e+00 -1.2693e+00 +2.1038e+00 +1.6046e+00 +8.2017e-01 -8.6625e-01 -4.0958e+00 +7.2819e+00 -1.2108e+00 -1.0948e+00 +3.1434e+00 -4.6623e+00 +1.6309e-01
245 +3.903957470e+02 +3.903957470e+02 +4.737257470e+02 +4.737257470e+02 +1.0497e+00 -1.8414e+00 +3.7119e+00 +6.6302e+00 +1.6922e+00 -1.1307e+00 -9.2746e-02 -4.5274e+00 -2.7097e+00 +3.5119e+00 +2.9324e+00 -9.7340e-01 -6.2882e-01 -3.7826e+00 +3.8404e+00 -4.8938e-01 -2.6237e+00 +2.1729e+00 -1.1601e+00 +3.1792e-01
363 +2.212122999e+02 +2.212122999e+02 +3.045422999e+02 +3.045422999e+02 +1.5111e+00 -2.7279e+00 +4.1416e+00 +3.6228e+00 +9.7868e-01 -8.2559e-01 -1.9754e+00 -4.5540e+00 -4.8052e-01 +3.1533e+00 +1.9896e+00 -1.0625e+00 +8.8309e-01 -3.9470e+00 +2.5443e+00 -2.5644e+00 -4.6019e+00 +3.9697e+00 +2.0537e+00 +3.9141e+00
987 +1.579985478e+02 +1.579985478e+02 +2.413285478e+02 +2.413285478e+02 +5.1272e-01 -1.5197e+00 +4.5780e+00 +4.2764e+00 +8.8901e-01 -3.5194e-02 -1.1941e+00 -3.7237e+00 -1.8133e+00 +3.5226e+00 +1.7795e+00 +5.3505e-01 +2.4922e+00 -5.8798e+00 +3.0902e+00 -3.5577e+00 -2.3669e+00 +2.4748e+00 +3.0387e+00 +3.0474e+00
3278 +9.990364920e+01 +9.990364920e+01 +1.832336492e+02 +1.832336492e+02 -1.8347e-01 -2.9771e+00 +4.2321e+00 +3.6783e+00 +6.4627e-01 +1.4704e-01 -1.2054e+00 -2.7347e+00 -1.4266e+00 +3.8209e+00 +2.0517e+00 -8.4266e-01 +2.4543e+00 -4.4654e+00 +1.2831e+00 -3.7459e+00 -2.6662e+00 +2.5384e+00 +3.2222e+00 +2.6696e+00
3487 +5.758810330e+01 +5.758810330e+01 +1.409181033e+02 +1.409181033e+02 -9.9289e-02 -2.9945e+00 +4.3501e+00 +3.7875e+00 +5.4675e-01 +1.1822e-01 -1.2363e+00 -2.7110e+00 -1.1867e+00 +3.9645e+00 +2.0697e+00 -7.7398e-01 +2.6013e+00 -4.4905e+00 +1.3081e+00 -3.8472e+00 -2.6564e+00 +2.3525e+00 +3.0966e+00 +2.6973e+00
3634 +3.642176926e+01 +3.642176926e+01 +1.197517693e+02 +1.197517693e+02 -2.0435e-01 -2.9894e+00 +4.3294e+00 +3.8043e+00 +5.5104e-01 +1.8505e-01 -1.1444e+00 -2.7387e+00 -1.1763e+00 +3.9954e+00 +2.0404e+00 -7.6753e-01 +2.5827e+00 -4.5543e+00 +1.2391e+00 -3.8707e+00 -2.7106e+00 +2.2835e+00 +3.1346e+00 +2.6623e+00
4270 +2.510115793e+01 +2.510115793e+01 +1.084311579e+02 +1.084311579e+02 -1.6624e-01 -3.0259e+00 +4.3124e+00 +3.7542e+00 +5.4086e-01 +2.1592e-01 -1.1973e+00 -2.7920e+00 -1.1732e+00 +3.8902e+00 +2.0546e+00 -7.3861e-01 +2.6271e+00 -4.6079e+00 +1.3255e+00 -3.9331e+00 -2.7374e+00 +2.3099e+00 +3.2393e+00 +2.7130e+00
% function evaluation | noise-free fitness - Fopt (2.085600000000e+02) | best noise-free fitness - Fopt | measured fitness | best measured fitness | x1 | x2...
1 +1.457585624e+03 +1.457585624e+03 +1.666145624e+03 +1.666145624e+03 +1.1365e+00 +2.7711e+00 -3.8466e-01 +2.3003e+00 +5.1731e-01 +2.9702e+00 +3.0452e+00 +2.1578e+00 +2.1369e+00 +1.4937e+00 +2.5609e+00 +1.6804e+00 +2.5436e+00 +2.8321e+00 +5.0370e-02 +3.0152e+00 -1.1756e+00 +2.1819e+00 +1.6564e-01 -2.1029e+00
33 +7.420269296e+02 +7.420269296e+02 +9.505869296e+02 +9.505869296e+02 +2.3456e+00 +5.9947e+00 +4.5188e+00 +2.4160e+00 -1.5617e-01 -6.3247e-01 +3.7252e+00 +7.3257e-01 -1.4023e+00 -7.9211e-01 -5.9657e-02 +2.4138e-02 +2.6631e+00 +1.6300e-01 +2.4570e+00 +2.9581e+00 -1.0665e+00 -2.2710e+00 -9.6012e-01 -3.4978e-01
77 +5.203492575e+02 +5.203492575e+02 +7.289092575e+02 +7.289092575e+02 +3.0888e+00 +4.7585e-01 +1.8822e+00 +9.2182e-02 +1.6447e+00 -1.1853e+00 -2.3584e+00 +2.5995e+00 -3.0878e+00 -1.7851e+00 +7.5039e-02 +1.4104e-02 -2.0856e+00 -2.3907e+00 -1.1374e+00 -4.8612e-01 -1.2948e+00 +3.8759e+00 -3.9915e-01 -1.2753e+00
220 +3.953691792e+02 +3.953691792e+02 +6.039291792e+02 +6.039291792e+02 +1.2761e+00 +3.2019e+00 +1.5057e+00 +7.9017e-01 -6.4628e-01 -2.1222e+00 +3.1948e+00 +3.6893e+00 -5.1040e+00 -3.6909e+00 -2.2949e+00 -2.5007e+00 -2.1787e+00 -2.5419e+00 +1.6147e-01 -2.2244e+00 -1.7894e+00 -7.0342e+00 +1.3863e-02 -5.6147e-01
390 +1.842973984e+02 +1.842973984e+02 +3.928573984e+02 +3.928573984e+02 -6.9482e-01 +6.0293e+00 +6.3361e-02 -1.6787e+00 -2.2354e+00 -1.4086e+00 +2.1657e+00 +3.7117e+00 -2.1817e+00 -3.0579e+00 -9.5782e-01 -1.5164e+00 -5.3008e+00 -3.2075e+00 +2.7318e+00 -2.2399e+00 -2.0184e+00 -3.0642e+00 +1.0468e-01 -2.7790e+00
995 +1.530055296e+02 +1.530055296e+02 +3.615655296e+02 +3.615655296e+02 +2.0939e+00 +4.3243e+00 +3.9234e-01 -9.0591e-01 -2.4991e+00 -1.8852e+00 +1.1947e+00 +3.9085e+00 -4.2421e+00 -3.6023e+00 -2.1368e+00 -1.7953e+00 -3.6458e+00 -1.4681e+00 +2.0342e+00 -1.1312e+00 -2.3266e+00 -1.8521e+00 +4.0901e-01 -1.5679e+00
1982 +8.693799818e+01 +8.693799818e+01 +2.954979982e+02 +2.954979982e+02 +1.3164e+00 +5.2590e+00 +9.9239e-01 -1.3473e+00 -2.7187e+00 -2.4439e+00 +7.3076e-01 +2.6311e+00 -3.8937e+00 -3.7038e+00 -1.3945e+00 -1.6448e+00 -3.5066e+00 -1.7204e+00 +5.7263e-01 -7.5984e-02 -8.6115e-01 -2.4634e+00 +4.9456e-01 -1.4117e+00
2103 +5.947804617e+01 +5.947804617e+01 +2.680380462e+02 +2.680380462e+02 +1.3224e+00 +5.2860e+00 +1.0695e+00 -1.3575e+00 -2.6964e+00 -2.4644e+00 +6.4126e-01 +2.5272e+00 -3.8951e+00 -3.6590e+00 -1.2735e+00 -1.8532e+00 -3.3755e+00 -1.7035e+00 +5.8526e-01 +1.2586e-02 -9.4084e-01 -2.5435e+00 +4.7704e-01 -1.3694e+00
2535 +3.927775579e+01 +3.927775579e+01 +2.478377558e+02 +2.478377558e+02 +1.3789e+00 +5.3507e+00 +1.1106e+00 -1.4322e+00 -2.7318e+00 -2.3848e+00 +6.6076e-01 +2.5411e+00 -3.9280e+00 -3.6353e+00 -1.2992e+00 -1.8512e+00 -3.4279e+00 -1.7079e+00 +6.3164e-01 -4.9875e-02 -9.3605e-01 -2.5493e+00 +4.3780e-01 -1.3447e+00
% function evaluation | noise-free fitness - Fopt (-1.345800000000e+02) | best noise-free fitness - Fopt | measured fitness | best measured fitness | x1 | x2...
1 +1.020395933e+03 +1.020395933e+03 +8.858159331e+02 +8.858159331e+02 +1.3790e+00 +2.1105e+00 -1.1785e+00 -2.0218e+00 -1.8724e+00 -2.7043e+00 -5.0761e-01 -6.5977e-01 -1.3985e+00 +3.7259e+00 +3.0526e+00 +4.0129e-01 +1.0709e+00 -3.9419e+00 -7.7022e-01 +4.1112e-01 +1.5870e-01 -1.5330e+00 +3.3368e+00 -3.0621e+00
13 +9.562279540e+02 +9.562279540e+02 +8.216479540e+02 +8.216479540e+02 +1.6515e+00 +2.4664e+00 +1.4841e+00 -3.7506e+00 -6.0947e+00 -3.4830e+00 -1.7954e+00 -2.3404e+00 -1.5592e+00 +3.1135e+00 +4.0642e+00 +6.9497e-01 +2.4224e+00 -4.1372e+00 +6.7097e-01 +8.3496e-01 +1.1334e+00 +1.6411e-01 +1.7775e+00 -2.9774e+00
31 +6.228723984e+02 +6.228723984e+02 +4.882923984e+02 +4.882923984e+02 -1.8548e+00 +1.9692e+00 +4.6039e+00 +1.7827e+00 -2.4503e+00 +2.8897e-01 -1.8082e+00 -2.3782e+00 +1.7743e+00 +4.7585e+00 +2.9537e+00 -1.7934e-01 +8.0473e-01 -3.1434e+00 +1.9485e+00 -2.4639e+00 +2.4267e-01 -1.5620e-01 +2.2510e+00 -2.7785e+00
105 +3.778081054e+02 +3.778081054e+02 +2.432281054e+02 +2.432281054e+02 -1.2107e+00 +2.5423e+00 +5.1675e-01 -3.4325e+00 -4.7385e+00 +2.1067e+00 +3.0149e+00 +7.4629e-01 -2.4803e+00 +1.3591e+00 +1.7986e+00 +1.2056e+00 +2.6130e+00 -3.7899e+00 +3.3285e+00 -9.7169e-01 -2.2085e+00 +2.9360e+00 +1.5843e+00 -2.5243e-01
299 +2.474305430e+02 +2.474305430e+02 +1.128505430e+02 +1.128505430e+02 -2.4174e+00 -1.4718e+00 +9.3612e-01 -3.2175e+00 -1.4558e+00 +1.4501e+00 +2.5362e+00 -2.9337e-02 -7.5397e-01 +2.5122e+00 +1.0639e+00 +1.0887e+00 +4.5215e+00 -2.8451e+00 -4.5480e-01 -2.9585e+00 -8.6730e-01 -3.6544e-01 +1.5145e+00 -1.9291e+00
794 +1.537718814e+02 +1.537718814e+02 +1.919188143e+01 +1.919188143e+01 -3.3275e+00 +3.6228e-01 +2.2668e+00 -2.1550e+00 -2.3846e+00 +1.2608e+00 +5.2014e+00 +7.9788e-01 -1.6195e+00 +3.9952e+00 +1.1681e+00 +2.9356e+00 +2.7046e+00 -2.3467e+00 +1.0602e+00 -1.8038e+00 -1.3234e+00 +1.5058e+00 +2.5602e+00 -2.4689e+00
2814 +8.018696551e+01 +8.018696551e+01 -5.439303449e+01 -5.439303449e+01 -4.0701e+00 +9.3184e-01 +1.7169e+00 -1.5951e+00 -1.1601e+00 +2.0333e+00 +4.6361e+00 -5.7237e-01 -3.8222e+00 +2.2816e+00 +7.0630e-01 +3.7936e+00 +4.0962e+00 -3.5002e+00 +2.3580e+00 -2.2295e+00 -6.3677e-01 +2.4916e+00 +1.6319e+00 -2.5087e+00
2899 +6.005447576e+01 +6.005447576e+01 -7.452552424e+01 -7.452552424e+01 -4.0263e+00 +9.1772e-01 +1.7173e+00 -1.6808e+00 -1.1200e+00 +1.9440e+00 +4.6654e+00 -4.5079e-01 -3.8574e+00 +2.2451e+00 +8.1544e-01 +3.8101e+00 +4.1851e+00 -3.5592e+00 +2.2176e+00 -2.2544e+00 -6.9221e-01 +2.4487e+00 +1.7029e+00 -2.4289e+00
3053 +3.912422134e+01 +3.912422134e+01 -9.545577866e+01 -9.545577866e+01 -3.9774e+00 +8.8690e-01 +1.7651e+00 -1.6687e+00 -1.1309e+00 +1.9430e+00 +4.6898e+00 -4.5352e-01 -3.8523e+00 +2.2465e+00 +7.4235e-01 +3.8271e+00 +4.2708e+00 -3.4856e+00 +2.3639e+00 -2.3051e+00 -5.9193e-01 +2.4382e+00 +1.7895e+00 -2.3952e+00
3304 +2.508729267e+01 +2.508729267e+01 -1.094927073e+02 -1.094927073e+02 -4.0259e+00 +8.2847e-01 +1.7750e+00 -1.6618e+00 -1.2074e+00 +1.9396e+00 +4.6687e+00 -4.8411e-01 -3.7710e+00 +2.2602e+00 +8.1063e-01 +3.7618e+00 +4.3070e+00 -3.4586e+00 +2.3507e+00 -2.2663e+00 -6.0418e-01 +2.5568e+00 +1.8402e+00 -2.4452e+00
% function evaluation | noise-free fitness - Fopt (1.205900000000e+02) | best noise-free fitness - Fopt | measured fitness | best measured fitness | x1 | x2...
1 +1.584586766e+03 +1.584586766e+03 +1.705176766e+03 +1.705176766e+03 -3.7528e+00 +1.8006e+00 +3.1973e+00 +2.0834e+00 +1.1917e-01 +3.1792e+00 +2.5310e+00 -3.9235e+00 +1.5858e+00 +3.6996e+00 -4.6437e-01 +2.1078e-01 -3.5924e+00 -1.3565e+00 -1.6628e+00 -1.4918e+00 -6.3910e-01 +3.3358e+00 -2.9051e+00 -2.6891e+00
28 +9.085838229e+02 +9.085838229e+02 +1.029173823e+03 +1.029173823e+03 -1.9550e+00 +5.7026e-02 +1.2550e+00 +3.7850e+00 +5.5589e+00 -2.7366e+00 +5.0825e+00 -3.5035e+00 +2.3317e+00 +1.3662e-02 -2.3058e+00 +3.1389e+00 -3.3563e+00 -1.1907e+00 +1.6462e-01 -1.6111e+00 +7.5261e-01 +1.3094e+00 +4.5328e-01 -4.5669e+00
68 +5.940109425e+02 +5.940109425e+02 +7.146009425e+02 +7.146009425e+02 -2.3215e+00 -7.1450e-01 +1.2724e+00 +2.0016e+00 +3.3482e+00 -4.0166e+00 +2.8291e+00 -3.6619e+00 +3.1664e-01 -4.4530e-01 +1.1732e+00 +2.6365e+00 -8.8200e-01 -3.2457e+00 -3.7899e+00 -1.8036e+00 +3.1113e+00 -4.4806e+00 +1.7355e+00 -2.1250e+00
105 +3.857822977e+02 +3.857822977e+02 +5.063722977e+02 +5.063722977e+02 -4.6952e+00 +4.3374e-01 +1.2070e+00 +2.2840e+00 +2.3084e+00 -9.3807e-01 +1.4673e+00 -2.3427e+00 -1.4986e+00 +2.4747e+00 +2.5775e+00 -2.3464e+00 -3.1462e+00 +1.6136e-01 -2.1510e+00 -1.7832e+00 +3.6871e-01 -2.9711e-01 -2.1189e+00 -1.8064e-01
336 +2.479094920e+02 +2.479094920e+02 +3.684994920e+02 +3.684994920e+02 -1.6296e-01 +3.2279e-01 -1.1601e+00 +5.9619e-01 +4.2152e+00 -1.1228e+00 -5.7162e-01 -3.4127e+00 -1.9723e+00 +2.2717e+00 +1.8407e+00 -1.3441e+00 -2.8420e+00 -2.9397e+00 -2.8269e+00 -2.0099e+00 +1.3198e+00 -2.8221e+00 +1.7226e+00 +1.7603e+00
742 +1.362966672e+02 +1.362966672e+02 +2.568866672e+02 +2.568866672e+02 -8.7519e-01 -3.2383e-02 -3.1417e+00 +2.1119e+00 +4.9900e+00 -3.0049e+00 -5.1804e-01 -2.3437e+00 -2.1403e+00 +3.4133e+00 +2.5033e+00 -7.8535e-01 -3.5044e+00 -2.1866e+00 -1.9718e+00 -2.3693e+00 +1.4226e+00 -2.6571e+00 +1.3978e+00 +7.1567e-01
2053 +9.076913659e+01 +9.076913659e+01 +2.113591366e+02 +2.113591366e+02 -1.0281e+00 +8.7055e-02 -2.7224e+00 +1.0499e+00 +5.0776e+00 -2.3853e+00 +1.4110e-01 -2.1847e+00 -6.8405e-01 +4.5185e+00 +3.1734e+00 -1.5701e+00 -2.6269e+00 -4.7734e-01 -2.0597e+00 -2.0797e+00 +1.0299e+00 -1.4791e+00 +8.9972e-01 +1.1265e+00
2223 +6.218318831e+01 +6.218318831e+01 +1.827731883e+02 +1.827731883e+02 -1.0025e+00 +3.7426e-02 -2.7715e+00 +1.0916e+00 +5.2285e+00 -2.5044e+00 +1.4167e-01 -2.1826e+00 -7.2042e-01 +4.5671e+00 +3.2211e+00 -1.5238e+00 -2.6662e+00 -4.4203e-01 -1.9675e+00 -2.0614e+00 +1.1188e+00 -1.4391e+00 +9.5928e-01 +1.1851e+00
2596 +3.980470327e+01 +3.980470327e+01 +1.603947033e+02 +1.603947033e+02 -9.7880e-01 +9.7870e-03 -2.8314e+00 +1.1080e+00 +5.2680e+00 -2.4605e+00 +1.6851e-01 -2.1831e+00 -6.4445e-01 +4.6553e+00 +3.2433e+00 -1.5234e+00 -2.7010e+00 -5.2328e-01 -1.9592e+00 -2.1261e+00 +1.2184e+00 -1.4044e+00 +9.4821e-01 +1.1500e+00
% function evaluation | noise-free fitness - Fopt (1.000000000000e+03) | best noise-free fitness - Fopt | measured fitness | best measured fitness | x1 | x2...
1 +1.850178611e+03 +1.850178611e+03 +2.850178611e+03 +2.850178611e+03 -3.6872e+00 +2.2219e+00 -1.8001e+00 -3.6380e+00 -3.4138e+00 -1.0913e+00 -2.2784e+00 +8.6205e-01 -3.4892e+00 -3.2212e+00 -2.4270e+00 -2.0857e+00 +2.9372e+00 +8.7496e-01 +2.8683e+00 +2.7887e+00 +6.3620e-01 -1.4989e+00 -3.4139e+00 +3.5737e+00
6 +1.097925853e+03 +1.097925853e+03 +2.097925853e+03 +2.097925853e+03 -4.6025e+00 -1.5497e+00 -1.5160e+00 -3.5833e+00 +1.7380e-02 -3.9451e+00 -2.6831e+00 +1.1625e+00 -3.1853e+00 -3.0735e+00 -1.6936e+00 +8.2103e-01 +3.3359e+00 +2.3341e+00 -1.5519e+00 +3.9153e+00 +1.3274e+00 -2.9941e+00 -3.2711e-01 +1.7054e+00
26 +7.352788802e+02 +7.352788802e+02 +1.735278880e+03 +1.735278880e+03 -4.3250e+00 +3.2910e-01 -4.9700e-01 -1.6081e+00 -6.4587e-01 -3.0600e-03 -1.9623e-01 +6.1439e+00 -2.1620e+00 -2.3590e+00 -4.4385e+00 +1.9428e+00 +5.4667e+00 +8.7037e-01 -1.6830e+00 +5.4100e+00 +4.2048e+00 -3.3192e+00 -2.8729e+00 +2.0840e-01
60 +5.856153596e+02 +5.856153596e+02 +1.585615360e+03 +1.585615360e+03 -4.7368e+00 +3.8583e-01 -2.1505e+00 -2.4316e+00 -1.0118e+00 +6.8730e-01 +3.4870e+00 +7.1699e+00 -3.2220e+00 -2.2655e+00 -2.0012e+00 +1.5875e+00 +6.6492e+00 +2.5306e+00 -1.4014e+00 +2.7795e+00 +1.7092e+00 -3.0042e+00 -1.5428e+00 +1.6450e-01
218 +3.771663258e+02 +3.771663258e+02 +1.377166326e+03 +1.377166326e+03 -3.5263e+00 +1.0323e+00 -5.6416e+00 +2.4442e+00 -1.5444e+00 +1.8948e+00 +4.6389e+00 +7.6390e+00 +1.5656e+00 -2.1941e+00 -3.7019e+00 +1.3353e-01 +5.6941e+00 +3.8862e+00 -1.9145e+00 +1.1938e+00 +5.8012e-01 -1.5853e+00 +6.1608e-01 +6.0547e-01
344 +2.505733576e+02 +2.505733576e+02 +1.250573358e+03 +1.250573358e+03 -1.4332e+00 -8.4683e-01 -3.5932e+00 +2.8033e+00 -3.2815e+00 +2.5636e+00 +6.3382e+00 +4.5796e+00 +7.1395e-01 -2.9517e+00 -9.2977e-03 -8.6534e-01 +3.7009e+00 +5.1619e+00 -2.4395e+00 +3.0032e+00 +2.0685e+00 -3.0275e-01 +1.7848e+00 +1.7452e+00
969 +1.294018908e+02 +1.294018908e+02 +1.129401891e+03 +1.129401891e+03 -3.5793e+00 -1.5511e+00 -1.6591e+00 +3.1806e+00 -1.8536e+00 +3.3607e+00 +4.6301e+00 +2.4069e+00 +1.8418e-01 -3.6347e+00 -2.2673e+00 +4.0786e-01 +3.5674e+00 +3.7411e+00 -2.3815e+00 +3.2132e+00 +1.2513e+00 -1.2255e+00 +1.1544e+00 +1.5797e+00
1934 +9.975466954e+01 +9.975466954e+01 +1.099754670e+03 +1.099754670e+03 -3.7334e+00 -3.2001e+00 -1.2450e+00 +2.4607e+00 -1.6652e+00 +2.8976e+00 +2.8402e+00 +1.1841e+00 +1.0505e+00 -3.0066e+00 -1.3374e+00 +3.1270e-02 +4.1202e+00 +4.0286e+00 -2.1550e+00 +2.3857e+00 +2.4647e+00 -1.7172e+00 +7.0568e-01 +1.8610e+00
2191 +6.286281994e+01 +6.286281994e+01 +1.062862820e+03 +1.062862820e+03 -3.6229e+00 -3.2842e+00 -1.4738e+00 +2.5060e+00 -1.4400e+00 +2.9424e+00 +2.7499e+00 +1.2335e+00 +1.0883e+00 -3.1722e+00 -1.2425e+00 +1.0042e-02 +4.1668e+00 +4.0918e+00 -2.2819e+00 +2.2767e+00 +2.2515e+00 -1.8477e+00 +8.7370e-01 +1.6977e+00
2646 +3.926880787e+01 +3.926880787e+01 +1.039268808e+03 +1.039268808e+03 -3.6931e+00 -3.2741e+00 -1.4354e+00 +2.5123e+00 -1.4381e+00 +2.8387e+00 +2.6929e+00 +1.2078e+00 +1.1192e+00 -2.9917e+00 -1.3483e+00 -3.1518e-02 +4.1908e+00 +4.1907e+00 -2.2086e+00 +2.3554e+00 +2.3541e+00 -1.7604e+00 +7.2917e-01 +1.8343e+00
% function evaluation | noise-free fitness - Fopt (-9.166000000000e+01) | best noise-free fitness - Fopt | measured fitness | best measured fitness | x1 | x2...
1 +1.456105835e+03 +1.456105835e+03 +1.364445835e+03 +1.364445835e+03 -1.5077e+00 +2.8387e+00 -1.3881e+00 -1.5958e+00 -3.7378e-01 +2.7245e+00 -2.2826e+00 -3.4427e+00 -9.0250e-01 +9.8227e-01 +1.8626e+00 -4.4107e-01 +3.8885e+00 +3.3072e-01 +3.7644e+00 -7.8290e-01 -1.2350e-02 +2.2075e+00 +3.5791e-01 +1.5128e+00
15 +7.767586087e+02 +7.767586087e+02 +6.850986087e+02 +6.850986087e+02 -1.2439e+00 +3.0525e+00 +3.3346e-02 +1.0428e+00 +1.1162e+00 -1.5040e-01 +2.9203e+00 -3.1715e+00 +7.0810e-01 -7.4637e-01 +2.1677e+00 -3.5914e+00 +2.0542e+00 -7.8872e-01 +4.6057e+00 -1.5607e+00 +2.3801e+00 -1.8280e+00 +3.6141e-01 +3.2451e+00
30 +6.064763854e+02 +6.064763854e+02 +5.148163854e+02 +5.148163854e+02 +1.1909e+00 +3.2190e+00 +3.4261e+00 +1.9986e-01 +1.8957e-01 -1.1583e+00 +1.3415e+00 +1.0780e+00 +9.6274e-01 +3.4560e+00 -2.0136e-01 -1.8840e+00 +2.7254e+00 -2.3200e+00 +1.9405e+00 -1.7122e-01 -5.9750e-01 -7.7457e-01 -1.0983e+00 +4.9024e+00
124 +3.933140202e+02 +3.933140202e+02 +3.016540202e+02 +3.016540202e+02 +1.0710e+00 -4.4563e+00 +2.9353e+00 +2.9645e+00 +2.1492e+00 -7.1633e-01 +3.0279e+00 -2.3796e+00 +1.1652e+00 +2.7280e+00 -1.5093e+00 -1.5656e+00 -3.3262e+00 -1.1496e+00 +3.5928e+00 +1.9726e+00 +1.0385e+00 -3.9221e+00 -1.5277e+00 +6.1005e+00
243 +2.142642350e+02 +2.142642350e+02 +1.226042350e+02 +1.226042350e+02 -6.6424e-01 -4.6157e+00 +2.1841e+00 +2.2491e+00 +1.3250e+00 +5.9623e-01 +2.1554e+00 -1.4961e+00 +2.0534e+00 +1.3483e+00 -1.5251e+00 -6.7023e-01 -1.5682e+00 -1.7155e+00 +1.6417e+00 +1.9599e+00 -9.5458e-01 -3.3438e+00 +1.8658e+00 +4.3333e+00
990 +1.561641891e+02 +1.561641891e+02 +6.450418914e+01 +6.450418914e+01 -1.2133e-01 -4.2758e+00 +3.7332e+00 +1.7153e+00 -3.0216e-01 -1.6641e-01 +2.9647e+00 -1.8088e+00 +2.4615e+00 +2.5386e+00 -3.8533e+00 -1.6876e-01 -1.4496e+00 -3.1944e+00 +1.2468e+00 +2.6881e+00 +4.4822e-01 -3.2618e+00 +2.7439e+00 +2.1321e+00
2122 +9.915892943e+01 +9.915892943e+01 +7.498929428e+00 +7.498929428e+00 +9.5748e-01 -5.2633e+00 +3.9092e+00 +2.7477e+00 +1.1447e+00 +6.2658e-01 +2.4805e+00 -1.8401e+00 +1.9649e+00 +3.5189e+00 -3.1969e+00 +3.4346e-01 -1.7671e+00 -2.7866e+00 +2.1182e+00 +3.5221e+00 +1.5371e+00 -3.5718e+00 +1.2452e+00 +1.3894e+00
2399 +6.119113504e+01 +6.119113504e+01 -3.046886496e+01 -3.046886496e+01 +9.8486e-01 -5.1327e+00 +3.8785e+00 +2.8216e+00 +1.0459e+00 +6.7182e-01 +2.3662e+00 -1.8831e+00 +2.0277e+00 +3.3426e+00 -3.1936e+00 +5.1164e-01 -1.7566e+00 -2.7986e+00 +2.1006e+00 +3.5301e+00 +1.5534e+00 -3.4896e+00 +1.2847e+00 +1.4368e+00
% function evaluation | noise-free fitness - Fopt (5.961500000000e+02) | best noise-free fitness - Fopt | measured fitness | best measured fitness | x1 | x2...
1 +9.853318799e+02 +9.853318799e+02 +1.581481880e+03 +1.581481880e+03 +1.2334e+00 -2.4037e+00 +1.0980e+00 +3.9383e+00 -3.7251e+00 -4.6597e-01 -3.8087e+00 -3.5926e+00 -2.5486e+00 +3.2695e+00 -1.7786e+00 -1.9095e+00 -8.8560e-01 +3.5119e+00 +3.0675e+00 +3.0483e+00 +3.1777e-01 +5.8791e-01 -1.5622e+00 +2.0063e+00
26 +6.004137015e+02 +6.004137015e+02 +1.196563702e+03 +1.196563702e+03 +1.2319e+00 -7.7144e-01 -3.1865e-01 +2.4903e+00 -3.0594e-01 -1.9481e+00 -8.4768e-01 -2.5363e+00 -1.6999e+00 +6.8588e+00 -1.2435e+00 -2.8653e+00 -3.5338e+00 +3.5219e+00 +1.1876e-01 +5.3761e+00 +2.1018e+00 -5.5575e+00 -1.5979e+00 +1.4926e+00
83 +3.840667366e+02 +3.840667366e+02 +9.802167366e+02 +9.802167366e+02 -2.4684e-01 +6.5012e-01 +9.1265e-01 +4.7728e+00 -9.1703e-01 -2.5992e+00 -2.0970e+00 -2.2809e+00 +4.8475e-01 +5.5523e+00 -1.1381e+00 -3.9781e+00 -4.5772e+00 +1.9117e+00 -1.2219e+00 +2.1523e+00 +1.0400e+00 -3.5412e+00 -2.5201e-01 -7.3666e-01
256 +2.417127975e+02 +2.417127975e+02 +8.378627975e+02 +8.378627975e+02 -1.3396e+00 -3.0740e-01 -2.0535e+00 +3.4027e+00 -2.4074e+00 -4.3927e+00 -3.0985e+00 -2.7244e+00 +1.9165e+00 +7.8272e+00 -2.8555e+00 -3.0332e+00 -3.6507e+00 +2.4158e+00 -2.2242e+00 +1.7799e+00 -4.9233e-01 -5.9019e+00 -1.6208e-01 +1.7449e+00
569 +1.584541134e+02 +1.584541134e+02 +7.546041134e+02 +7.546041134e+02 -5.0982e+00 -7.7763e-01 -4.2005e+00 +2.4526e+00 -2.1020e+00 -3.6872e+00 -3.5529e+00 -2.5377e+00 +2.4633e+00 +3.2098e+00 -3.1556e+00 -1.5236e+00 -2.9765e+00 +9.4693e-01 -1.9859e+00 +2.5208e+00 +1.2943e+00 -4.8954e+00 +1.5658e+00 +2.4034e+00
1898 +7.543503563e+01 +7.543503563e+01 +6.715850356e+02 +6.715850356e+02 -4.8013e+00 -1.0495e+00 -2.3794e+00 +2.5078e+00 -2.2311e+00 -3.0742e+00 -4.2870e+00 -3.4629e+00 +1.9600e+00 +2.7954e+00 -3.6620e+00 -3.0375e+00 -2.3017e+00 +1.3103e+00 -2.5465e+00 +2.1897e+00 +9.7490e-01 -3.7660e+00 -3.0178e-01 +2.3699e+00
2033 +6.259647912e+01 +6.259647912e+01 +6.587464791e+02 +6.587464791e+02 -4.6111e+00 -1.0622e+00 -2.4711e+00 +2.5018e+00 -2.1746e+00 -3.1153e+00 -4.1641e+00 -3.4841e+00 +2.0319e+00 +2.7828e+00 -3.7760e+00 -2.9770e+00 -2.3559e+00 +1.5056e+00 -2.5492e+00 +2.2716e+00 +8.6313e-01 -3.7560e+00 -2.0077e-01 +2.2486e+00
2337 +3.891910086e+01 +3.891910086e+01 +6.350691009e+02 +6.350691009e+02 -4.6409e+00 -1.0125e+00 -2.4716e+00 +2.4261e+00 -2.1119e+00 -3.0364e+00 -4.0428e+00 -3.5228e+00 +1.9953e+00 +2.8633e+00 -3.7339e+00 -3.0231e+00 -2.3149e+00 +1.4379e+00 -2.5082e+00 +2.3664e+00 +9.5100e-01 -3.7765e+00 -1.6182e-01 +2.2280e+00
3195 +2.509500774e+01 +2.509500774e+01 +6.212450077e+02 +6.212450077e+02 -4.5313e+00 -1.0071e+00 -2.4657e+00 +2.4953e+00 -2.1378e+00 -3.0461e+00 -3.9647e+00 -3.5652e+00 +2.0122e+00 +2.9026e+00 -3.6489e+00 -3.0386e+00 -2.3451e+00 +1.4966e+00 -2.5573e+00 +2.3456e+00 +9.4234e-01 -3.7866e+00 -1.8801e-01 +2.2601e+00
% function evaluation | noise-free fitness - Fopt (1.325100000000e+02) | best noise-free fitness - Fopt | measured fitness | best measured fitness | x1 | x2...
1 +1.934981660e+03 +1.934981660e+03 +2.067491660e+03 +2.067491660e+03 +3.5721e+00 +3.3116e+00 -1.0175e+00 -1.0337e+00 +1.3447e+00 +1.9752e+00 -1.8486e+00 -1.2764e+00 +2.5196e+00 +3.1440e+00 -3.1526e+00 -7.7427e-01 +1.2665e+00 -2.8548e+00 +3.1861e+00 +3.9452e+00 -3.2331e+00 -2.2266e+00 -2.9921e+00 +2.7862e+00
2 +1.530333307e+03 +1.530333307e+03 +1.662843307e+03 +1.662843307e+03 +2.2707e+00 +2.8791e+00 -3.1951e+00 -3.1756e+00 +1.9101e+00 +2.0402e+00 -9.5953e-01 -1.3793e-01 +5.4448e+00 +5.5022e+00 -1.9172e+00 -2.7423e+00 +1.3474e+00 -2.0374e+00 +4.5714e+00 +5.5047e+00 -1.3293e+00 -4.9835e+00 -2.8654e+00 +4.8094e-01
28 +6.398264824e+02 +6.398264824e+02 +7.723364824e+02 +7.723364824e+02 +1.7839e+00 +3.3818e+00 -1.1065e+00 -1.2500e+00 +1.9877e-01 +3.0949e+00 +7.9372e-02 -5.4928e-01 +4.9096e+00 +1.5016e+00 -3.1017e+00 -2.7425e+00 +3.2712e+00 -3.2617e-02 +3.7503e+00 +5.3083e+00 +1.6380e+00 -1.8214e+00 +1.4644e+00 +5.3337e-01
49 +4.232892021e+02 +4.232892021e+02 +5.557992021e+02 +5.557992021e+02 -1.4401e-01 +2.4255e+00 -1.0835e-01 -1.7365e+00 +1.9068e+00 +1.7438e+00 +2.7367e+00 -1.4347e+00 +4.8756e+00 +1.9448e+00 -2.9318e+00 -4.1370e+00 +3.3746e+00 -9.3554e-01 -1.4076e+00 +2.9270e+00 +1.2307e+00 -3.9174e+00 +1.1393e+00 +1.5712e-02
143 +3.732277875e+02 +3.732277875e+02 +5.057377875e+02 +5.057377875e+02 +2.6937e+00 +3.8462e+00 -9.4686e-01 -1.1812e+00 -1.7915e+00 +2.7705e+00 +2.7374e+00 +2.7586e+00 +1.3597e+00 -1.3261e-01 -2.2132e-01 -3.3813e+00 +3.1923e+00 +3.2485e+00 +2.0458e+00 +5.4434e-01 +1.7722e+00 -3.1770e+00 -1.6228e+00 -1.5548e+00
339 +2.324479026e+02 +2.324479026e+02 +3.649579026e+02 +3.649579026e+02 +1.4648e+00 +2.9357e+00 +2.4045e+00 -4.6333e+00 -1.5392e+00 +4.4214e+00 +4.1998e+00 +1.8381e+00 -8.7500e-01 -9.3444e-01 -1.2397e+00 -4.1199e+00 +2.5345e+00 +9.1124e-01 +2.6476e+00 +2.4713e+00 +1.9421e+00 -1.2846e+00 -3.3164e+00 -3.4967e+00
1554 +1.528229972e+02 +1.528229972e+02 +2.853329972e+02 +2.853329972e+02 +2.7571e+00 +4.3994e+00 +3.3570e+00 -3.6369e+00 -4.0072e-01 +4.4286e+00 +1.4948e+00 +2.7684e+00 -4.1478e-01 +5.0729e-01 -3.1957e+00 -3.0301e+00 +1.1248e+00 +2.1430e+00 +2.5828e+00 +2.5845e+00 +3.2935e+00 -2.5624e+00 -2.4752e+00 -2.0233e+00
1822 +9.664523421e+01 +9.664523421e+01 +2.291552342e+02 +2.291552342e+02 +2.6988e+00 +4.6012e+00 +3.3169e+00 -3.5378e+00 -5.4856e-01 +4.4496e+00 +1.5237e+00 +2.8570e+00 -4.6407e-01 +6.6778e-01 -3.2372e+00 -3.0100e+00 +1.0223e+00 +2.1783e+00 +2.5844e+00 +2.6737e+00 +3.5021e+00 -2.6068e+00 -2.3753e+00 -2.0235e+00
% function evaluation | noise-free fitness - Fopt (-2.401800000000e+02) | best noise-free fitness - Fopt | measured fitness | best measured fitness | x1 | x2...
1 +9.211010359e+02 +9.211010359e+02 +6.809210359e+02 +6.809210359e+02 +2.8801e+00 +2.4596e+00 +1.8638e+00 -1.4998e-01 -5.6475e-01 -1.1793e+00 +1.6197e+00 -7.2901e-01 -1.9238e-01 +1.8682e+00 +3.6642e+00 -1.9151e+00 +3.5270e+00 +2.8344e+00 +2.2810e+00 -2.5937e+00 -3.2361e+00 +3.2450e+00 +2.9844e+00 +2.5094e-01
37 +5.237092672e+02 +5.237092672e+02 +2.835292672e+02 +2.835292672e+02 -2.0076e+00 -1.4156e+00 -1.1681e+00 -1.5878e+00 -1.5225e+00 -3.6972e+00 -1.8412e+00 -2.6939e+00 +3.8678e+00 +1.4813e+00 +4.8231e+00 -9.5889e-01 +2.5784e+00 +2.2237e+00 +9.5538e-02 -1.3164e+00 -1.1536e+00 +3.5996e+00 +7.1616e+00 -1.1225e+00
148 +3.802660944e+02 +3.802660944e+02 +1.400860944e+02 +1.400860944e+02 -3.1522e+00 -3.2538e-01 +8.1994e-01 -4.6161e+00 +2.5556e+00 -4.6238e+00 -3.6472e+00 -3.1522e+00 +4.4978e+00 +6.7827e-01 +2.5508e+00 -4.9005e-01 +1.5085e+00 +1.2469e+00 -1.5746e+00 -1.1332e+00 +1.1149e-01 +1.6984e+00 +5.3627e+00 +4.0834e-01
334 +2.458261962e+02 +2.458261962e+02 +5.646196205e+00 +5.646196205e+00 -4.5471e+00 +2.3527e+00 -1.9821e-01 -4.0380e-01 +2.6629e+00 +5.5910e-01 -2.6567e+00 -2.8999e+00 +5.1651e+00 -1.9369e+00 +3.4371e+00 +1.7126e+00 +2.5302e+00 -1.6354e+00 +1.2869e+00 +7.7258e-01 -2.2726e+00 +1.8413e+00 +6.0414e+00 +2.8356e+00
1360 +1.566279910e+02 +1.566279910e+02 -8.355200898e+01 -8.355200898e+01 -3.5943e+00 +3.7722e+00 +1.0547e+00 +2.7842e-01 +1.0710e+00 -3.9485e-01 -1.6447e+00 -2.9826e+00 +2.7281e+00 -3.0779e+00 +1.9360e+00 +1.8889e+00 +8.5621e-01 -3.4153e+00 +5.9742e-01 -2.3696e-01 -2.8067e+00 +1.2889e+00 +3.9896e+00 +3.5638e-01
2172 +9.991057053e+01 +9.991057053e+01 -1.402694295e+02 -1.402694295e+02 -3.1594e+00 +2.7844e+00 +6.4756e-01 -9.4213e-01 +2.0071e+00 +9.8630e-01 -2.5679e+00 -2.7189e+00 +3.0622e+00 -2.5961e+00 +1.2868e+00 +1.3228e+00 +6.5864e-01 -2.6046e+00 +2.3859e-01 -3.1100e-02 -3.2289e+00 +1.3612e+00 +4.8482e+00 +1.2398e+00
2396 +5.550107330e+01 +5.550107330e+01 -1.846789267e+02 -1.846789267e+02 -2.9998e+00 +2.6042e+00 +8.4910e-01 -1.2791e+00 +2.1141e+00 +9.6566e-01 -2.4796e+00 -2.9696e+00 +3.1041e+00 -2.4277e+00 +1.1974e+00 +1.2595e+00 +5.6675e-01 -2.4657e+00 +1.0758e-01 -1.0127e-01 -3.0234e+00 +1.1795e+00 +4.6332e+00 +1.2241e+00
2764 +3.907833089e+01 +3.907833089e+01 -2.011016691e+02 -2.011016691e+02 -2.9642e+00 +2.5376e+00 +8.1683e-01 -1.2498e+00 +2.0756e+00 +9.4678e-01 -2.4539e+00 -2.9220e+00 +3.0956e+00 -2.3851e+00 +1.2739e+00 +1.2924e+00 +5.8741e-01 -2.4721e+00 +1.7648e-01 -1.5231e-02 -3.0265e+00 +1.3054e+00 +4.6543e+00 +1.1497e+00
% function evaluation | noise-free fitness - Fopt (-3.941600000000e+02) | best noise-free fitness - Fopt | measured fitness | best measured fitness | x1 | x2...
1 +1.116701129e+04 +1.116701129e+04 +1.077285129e+04 +1.077285129e+04 +3.4149e+00 +1.6213e-01 +1.9995e+00 -1.9039e+00 +3.1628e+00 +7.5133e-01 +3.4402e+00 +3.6471e+00 -1.1874e+00 +3.8095e+00 +2.9745e+00 -2.4658e+00 -1.5074e+00 -3.9789e+00 +3.7018e+00 -1.3949e+00 +1.1836e+00 -1.4025e+00 -2.4188e+00 -1.5891e+00
6 +3.497375585e+03 +3.497375585e+03 +3.103215585e+03 +3.103215585e+03 +2.4995e+00 -3.6095e+00 +2.2835e+00 -1.8492e+00 +6.5940e+00 -2.1024e+00 +3.0356e+00 +3.9476e+00 -8.8353e-01 +3.9572e+00 +3.7079e+00 +4.4097e-01 -1.1087e+00 -2.5197e+00 -7.1839e-01 -2.6830e-01 +1.8749e+00 -2.8977e+00 +6.6798e-01 -3.4575e+00
20 +2.490634500e+03 +2.490634500e+03 +2.096474500e+03 +2.096474500e+03 +2.3399e+00 -2.5910e+00 +2.1560e+00 -4.2094e-02 +4.0694e+00 -3.7584e+00 -1.7588e+00 +7.5816e-01 -1.6726e+00 +2.1156e+00 +2.7936e+00 -6.6698e-01 +1.0874e+00 -3.6725e+00 +2.6173e+00 +1.2048e+00 +5.3716e-01 -1.7856e+00 -2.2717e+00 -6.2477e+00
39 +1.540635133e+03 +1.540635133e+03 +1.146475133e+03 +1.146475133e+03 +1.0409e+00 -2.3814e+00 +1.0761e+00 +2.4120e+00 +2.7768e+00 -1.1743e+00 -2.4574e+00 +1.3654e+00 -6.2663e+00 +2.0278e+00 -3.4873e-01 -3.9671e+00 +1.8711e+00 -4.2522e+00 +6.1718e+00 +4.7707e-01 +4.0229e+00 -1.9916e-01 +1.6994e+00 -1.8281e+00
65 +9.027602311e+02 +9.027602311e+02 +5.086002311e+02 +5.086002311e+02 +7.2783e-01 -6.6955e+00 +1.6223e+00 -3.0695e-01 +3.9857e+00 -2.5930e+00 -3.2398e-02 +1.8501e+00 -6.4375e-01 +3.3313e+00 +1.1455e+00 -2.8155e+00 +2.9552e+00 -1.5324e+00 +2.5121e+00 +2.4066e+00 +1.0835e+00 +6.4265e-01 +7.6366e-01 -5.4519e+00
96 +5.302879917e+02 +5.302879917e+02 +1.361279917e+02 +1.361279917e+02 +1.3312e+00 -3.1362e+00 +2.5849e+00 -2.5544e+00 +1.4498e+00 -1.2672e+00 -2.2325e+00 +1.6129e+00 -1.5026e+00 -2.1641e+00 +2.0293e+00 -9.9206e-01 +4.7901e+00 +2.4352e+00 +4.2615e+00 +6.0418e-01 +3.8329e+00 +3.9055e-01 +6.5910e-01 -3.4516e+00
280 +3.709524121e+02 +3.709524121e+02 -2.320758788e+01 -2.320758788e+01 -1.1548e+00 -1.8003e+00 +6.1160e-01 -1.6355e+00 +6.4488e-01 +1.6182e+00 -2.7608e+00 +6.3481e-01 -3.8014e-01 +2.9146e+00 -1.9351e+00 +8.1629e-01 +1.8339e+00 +3.6190e+00 +3.0104e-01 +1.7978e+00 +5.6911e+00 -1.2827e+00 +1.2001e+00 -3.5402e+00
381 +2.138383201e+02 +2.138383201e+02 -1.803216799e+02 -1.803216799e+02 -1.0649e+00 -3.8453e+00 -1.5280e+00 +2.4904e+00 +1.9355e+00 -2.0405e-01 -5.8832e+00 +3.5056e-01 +2.6018e-03 -4.3073e-01 -2.0447e+00 +8.9999e-01 +1.1281e+00 +3.4517e+00 -1.7734e+00 +5.0006e-01 +2.7733e+00 -2.8137e+00 +2.2921e-01 -2.8813e+00
1130 +1.546852511e+02 +1.546852511e+02 -2.394747489e+02 -2.394747489e+02 -1.7437e+00 -3.2988e+00 +1.3787e-01 +7.6769e-01 -1.1301e-02 +6.0116e-02 -4.7692e+00 -2.4472e+00 -1.1025e+00 -7.7350e-01 -1.7207e+00 -6.0658e-01 +1.7609e+00 +2.7202e+00 -9.3319e-01 +2.0405e+00 +9.7809e-01 -3.0467e+00 -3.4450e-01 -3.0021e+00
4475 +8.856295798e+01 +8.856295798e+01 -3.055970420e+02 -3.055970420e+02 -1.3420e+00 -3.6723e+00 -9.2496e-01 +1.1164e+00 +7.9904e-01 -6.0200e-02 -3.3710e+00 -2.4742e+00 +1.8059e-01 -1.5588e+00 -2.2383e+00 -1.1053e+00 +2.6414e+00 +2.7446e+00 -7.0096e-01 +2.8632e+00 +1.7808e+00 -4.0367e+00 -3.3589e-01 -2.9469e+00
4804 +6.131991374e+01 +6.131991374e+01 -3.328400863e+02 -3.328400863e+02 -1.4184e+00 -3.6828e+00 -8.5936e-01 +1.0489e+00 +9.2319e-01 -1.0211e-01 -3.3180e+00 -2.5715e+00 +1.1915e-01 -1.5925e+00 -2.2548e+00 -1.2072e+00 +2.6663e+00 +2.6843e+00 -6.8245e-01 +2.8585e+00 +1.7518e+00 -4.0951e+00 -2.1172e-01 -2.9292e+00
